0	2.364400371557662
1	2.364400371557662
2	2.425503752224132
3	2.425503752224132
4	3.1044416382252606
5	3.1044416382252606
6	2.6419872001368976
7	2.6419872001368976
8	2.347991684192626
9	2.347991684192626
10	2.7688499770375268
11	2.7688499770375268
12	2.574846624545355
13	2.574846624545355
14	2.7458148281029766
15	2.7458148281029766
16	2.246486585763762
17	0.6266660010074605
18	0.6266660010074605
19	0.7629229394519628
20	0.7629229394519628
21	0.5804818530541339
22	0.5804818530541339
23	0.6451026388441988
24	0.6451026388441988
25	0.5505704670028551
26	0.5505704670028551
27	0.6252436564799896
28	0.6252436564799896
29	0.5791065971843203
30	0.5791065971843203
31	0.598016222716806
32	0.598016222716806
33	0.6419302652525591
34	0.6419302652525591
35	0.6527605263447024
36	0.6527605263447024
37	0.6179257353859231
38	0.6179257353859231
39	0.6255601667534288
40	0.6255601667534288
41	0.5971652346301353
42	0.5971652346301353
43	0.7307040977821464
44	0.7307040977821464
45	0.7378571685556532
46	0.7378571685556532
47	0.6171926873630946
48	0.6171926873630946
49	0.65354239285301
50	0.65354239285301
51	0.684282736799773
52	0.684282736799773
53	0.6088303984058394
54	0.6088303984058394
55	0.5584396860508164
56	0.5584396860508164
57	0.5482427282105682
58	0.5482427282105682
59	0.7129953124387212
60	0.7129953124387212
61	0.6120442899219101
62	0.6120442899219101
63	0.7078694215657091
64	0.7078694215657091
65	0.6915800151267614
66	0.6915800151267614
67	0.6531217471447024
68	0.6531217471447024
69	0.6865699387325246
70	0.6865699387325246
71	0.7213782728305314
72	0.7213782728305314
73	0.6920822040647947
74	0.6920822040647947
75	0.7156151116425215
76	0.7156151116425215
77	0.7056616178237755
78	0.7056616178237755
79	0.7336203265802248
80	0.7336203265802248
81	0.4712860295321476
82	0.4712860295321476
83	0.6092034116201934
84	0.6092034116201934
85	0.5850344414918954
86	0.5850344414918954
87	0.6613868589836155
88	0.6613868589836155
89	0.6788162652360655
90	0.6788162652360655
91	0.6840248070118089
92	0.6840248070118089
93	0.6322558020412776
94	0.6322558020412776
95	0.5411483922507235
96	0.5411483922507235
97	0.7183636985211351
98	0.7183636985211351
99	0.622241526753316
100	0.622241526753316
101	0.6689704116922011
102	0.6689704116922011
103	0.6506038219332912
104	0.6506038219332912
105	0.679034200337569
106	0.679034200337569
107	0.696970824750648
108	0.696970824750648
109	0.6484618071589174
110	0.6484618071589174
111	0.6478859868405739
112	0.6478859868405739
113	0.6327027655518814
114	0.6327027655518814
115	0.7199462995266781
116	0.7199462995266781
117	0.6549197454350167
118	0.6549197454350167
119	0.6025313855093319
120	0.6025313855093319
121	0.7148492502098545
122	0.7148492502098545
123	0.6516396060157809
124	0.6516396060157809
125	0.6880355404865797
126	0.6880355404865797
127	0.6788671481497327
128	0.6788671481497327
129	0.6629627911317792
130	0.6629627911317792
131	0.6750833055552404
132	0.6750833055552404
133	0.6544831382579789
134	0.6544831382579789
135	0.6551481621523839
136	0.6551481621523839
137	0.7850502380231459
138	0.7850502380231459
139	0.7751331645514867
140	0.7751331645514867
141	0.6727484965202579
142	0.6727484965202579
143	0.5891930973724467
144	0.5891930973724467
145	0.6970123227886585
146	0.6970123227886585
147	0.6155950326438765
148	0.6155950326438765
149	0.5924947358990754
150	0.5924947358990754
151	0.6774076475889785
152	0.6774076475889785
153	0.6668656752013514
154	0.6668656752013514
155	0.6881350698268313
156	0.6881350698268313
157	0.781858867177259
158	0.781858867177259
159	0.7153643471692364
160	0.7153643471692364
161	0.7005195362305413
162	0.7005195362305413
163	0.5801051019500025
164	0.5801051019500025
165	0.5895554917858662
166	0.5895554917858662
167	0.6379320618929814
168	0.6379320618929814
169	0.7075079924776756
170	0.7075079924776756
171	0.6102421862120196
172	0.6102421862120196
173	0.6960219294758676
174	0.6960219294758676
175	0.5846141206811217
176	0.5846141206811217
177	0.637530314433685
178	0.637530314433685
179	0.6850986157535525
180	0.6850986157535525
181	0.6469009411718
182	0.6469009411718
183	0.6614129562055785
184	0.6614129562055785
185	0.49658585284609785
186	0.49658585284609785
187	0.8179527392978572
188	0.8179527392978572
189	0.6648231952467836
190	0.6648231952467836
191	0.6502105842374069
192	0.6502105842374069
193	0.636202770574284
194	0.636202770574284
195	0.9845192482135261
196	0.9845192482135261
197	1.1170266373762294
198	1.1170266373762294
199	1.222470113550291
200	1.222470113550291
201	1.0768011202300132
202	1.0768011202300132
203	1.106039309463633
204	1.106039309463633
205	1.2581730698056588
206	1.2581730698056588
207	1.1535035036956731
208	1.1535035036956731
209	1.1072279259025528
210	1.1072279259025528
211	0.9900811929504413
212	0.9900811929504413
213	1.2072916051769933
214	1.2072916051769933
215	1.1735541373419032
216	1.1735541373419032
217	1.1788680358357269
218	1.1788680358357269
219	1.1321105493958352
220	1.1321105493958352
221	1.2206289831199233
222	1.2206289831199233
223	0.9564214150909554
224	0.9564214150909554
225	1.244975975851421
226	1.244975975851421
227	1.0762652909923498
228	1.0762652909923498
229	1.1645646537232563
230	1.1645646537232563
231	1.2438071992793513
232	1.2438071992793513
233	1.2652361081522323
234	1.2652361081522323
235	1.104360396690933
236	1.104360396690933
237	0.8892436211874212
238	0.8892436211874212
239	3.685165079212403
240	3.685165079212403
241	3.7061898393634207
242	3.7061898393634207
243	4.064335834443019
244	4.064335834443019
245	3.6385821521055624
246	3.6385821521055624
247	4.279080022681767
248	4.279080022681767
249	4.2688704829421775
250	4.2688704829421775
251	3.7642984018486056
252	3.7642984018486056
253	3.6707753426954017
254	3.6707753426954017
255	3.4570849074457954
256	3.4570849074457954
257	3.4681129932389863
258	3.4681129932389863
259	3.738763654267743
260	3.738763654267743
261	3.8316191372033606
262	3.8316191372033606
263	3.8654095194120304
264	3.8654095194120304
265	3.2229885699514815
266	3.2229885699514815
267	3.900317867458084
268	3.900317867458084
269	3.874406986357831
270	3.874406986357831
271	3.2825334946229305
272	3.2825334946229305
273	4.113999197207201
274	4.113999197207201
275	4.200463340162218
276	4.200463340162218
277	3.780703404998585
278	3.780703404998585
279	3.25868048612097
280	3.25868048612097
281	3.359288986585557
282	3.359288986585557
283	3.7346497480453476
284	3.7346497480453476
285	4.785335764571117
286	4.785335764571117
287	3.758096803441253
288	3.758096803441253
289	4.159967388015342
290	4.159967388015342
291	3.8070082697703227
292	3.8070082697703227
293	3.718908554424382
294	3.718908554424382
295	3.6712849634293914
296	3.6712849634293914
297	4.147792701820128
298	4.147792701820128
299	3.7431632392767606
300	3.7431632392767606
301	3.6047071635850405
302	3.6047071635850405
303	3.5349338422788272
304	3.5349338422788272
305	4.263398676081181
306	4.263398676081181
307	4.54236082560068
308	4.54236082560068
309	3.5193457939024424
310	3.5193457939024424
311	3.6384367068411616
312	3.6384367068411616
313	3.7246184430669955
314	3.7246184430669955
315	3.7158710863047975
316	3.7158710863047975
317	3.4809465045906864
318	3.4809465045906864
319	3.411937695398987
320	3.411937695398987
321	3.480797548160879
322	3.480797548160879
323	3.359240215167558
324	3.359240215167558
325	4.3360294764805225
326	4.3360294764805225
327	3.3973888196112503
328	3.3973888196112503
329	3.8823870172378707
330	3.8823870172378707
331	4.4649953565308635
332	4.4649953565308635
333	3.9317543623385878
334	3.9317543623385878
335	3.4837544222866494
336	3.4837544222866494
337	4.562351517978215
338	4.562351517978215
339	4.113456865856107
340	4.113456865856107
341	3.7149122446449816
342	3.7149122446449816
343	3.710051090426074
344	3.710051090426074
345	3.7727138163490075
346	3.7727138163490075
347	3.6252088165581005
348	3.6252088165581005
349	4.228874456472242
350	4.228874456472242
351	3.8868624335337847
352	3.8868624335337847
353	4.197124704941848
354	4.197124704941848
355	3.249277187263468
356	3.249277187263468
357	3.5937407868032736
358	3.5937407868032736
359	3.238750370708717
360	3.238750370708717
361	3.8410671151154308
362	3.8410671151154308
363	4.116673158093599
364	4.116673158093599
365	3.6600842854809175
366	3.6600842854809175
367	3.416183391042635
368	3.416183391042635
369	3.4094411930797066
370	3.4094411930797066
371	3.6996794221912404
372	3.6996794221912404
373	3.5432291981776634
374	3.5432291981776634
375	4.412363636924914
376	4.412363636924914
377	4.0540686159296895
378	4.0540686159296895
379	4.056116874803171
380	4.056116874803171
381	3.6972869780669537
382	3.6972869780669537
383	4.0635662260302805
384	4.0635662260302805
385	3.479657724719266
386	3.479657724719266
387	4.684979601953512
388	4.684979601953512
389	3.1879568374462766
390	3.1879568374462766
391	3.3573759627651834
392	3.3573759627651834
393	4.4120821183296615
394	4.4120821183296615
395	3.390879886796006
396	3.390879886796006
397	3.403758957617684
398	3.403758957617684
399	4.300701327258263
400	4.300701327258263
401	3.0216837964069527
402	3.0216837964069527
403	3.9456456416203043
404	0.6670921275763617
405	0.6670921275763617
406	0.6887268308898891
407	0.6887268308898891
408	0.7228149951716626
409	0.7228149951716626
410	0.6997845125651145
411	0.6997845125651145
412	0.6977872944343141
413	0.6977872944343141
414	0.5635806101640924
415	0.5635806101640924
416	0.6530211424590758
417	0.6530211424590758
418	2.8740070726417004
419	2.8740070726417004
420	3.232072601628449
421	3.232072601628449
422	2.8321375899487484
423	2.8321375899487484
424	2.774713445669196
425	2.774713445669196
426	2.832058023019329
427	2.832058023019329
428	2.9397070959868485
429	2.9397070959868485
430	2.6309233612951197
431	2.6309233612951197
432	2.2868235730661253
433	2.2868235730661253
434	3.3368168995228777
435	3.3368168995228777
436	2.6695112980860474
437	2.6695112980860474
438	3.019840794586727
439	3.019840794586727
440	2.3399124438346575
441	2.3399124438346575
442	2.763677176597138
443	2.763677176597138
444	2.919476164933112
445	2.919476164933112
446	2.9695333156919403
447	2.9695333156919403
448	3.136492109924299
449	3.136492109924299
450	3.1717153396847126
451	3.1717153396847126
452	3.0221633671149357
453	3.0221633671149357
454	3.2004227788905792
455	3.2004227788905792
456	3.536496123084065
457	3.536496123084065
458	2.619513673691684
459	2.619513673691684
460	2.980637671965872
461	2.980637671965872
462	3.2430335659641845
463	3.2430335659641845
464	3.0573108130405
465	3.0573108130405
466	3.066543131993236
467	3.066543131993236
468	2.4459206650287904
469	2.4459206650287904
470	2.573229571131639
471	2.573229571131639
472	2.8179961476883144
473	2.8179961476883144
474	2.7044211105082394
475	2.7044211105082394
476	2.466985023669954
477	2.466985023669954
478	3.1940875523122942
479	3.1940875523122942
480	2.838108900354292
481	3.461458779858793
482	3.461458779858793
483	3.64574454453627
484	3.64574454453627
485	2.691035347709853
486	2.691035347709853
487	3.863445974135766
488	3.863445974135766
489	2.890072895944339
490	2.890072895944339
491	3.6117779851525147
492	3.6117779851525147
493	3.1579183779749718
494	3.1579183779749718
495	3.7749720545293544
496	3.7749720545293544
497	3.286711995298074
498	3.286711995298074
499	3.452354957205941
500	3.452354957205941
501	3.3232517346417723
502	3.3232517346417723
503	3.0472760643790924
504	3.0472760643790924
505	3.4819658908949043
506	3.4819658908949043
507	3.5449992400229506
508	3.5449992400229506
509	3.6535550361502573
510	3.6535550361502573
511	2.7548111583770574
512	2.7548111583770574
513	3.484009700437079
514	3.484009700437079
515	3.8020860218118036
516	3.8020860218118036
517	3.35650341588764
518	3.35650341588764
519	3.0412511083736926
520	3.0412511083736926
521	3.3675116036173973
522	3.3675116036173973
523	3.8048379532451175
524	3.8048379532451175
525	4.016282589244921
526	4.016282589244921
527	3.470190206032559
528	2.3561082829263027
529	2.3561082829263027
530	2.34479350562008
531	2.34479350562008
532	2.174049432020801
533	2.174049432020801
534	1.963746808608163
535	1.963746808608163
536	2.0938493841751202
537	2.0938493841751202
538	1.9344910924862604
539	1.9344910924862604
540	1.9119008895661946
541	1.9119008895661946
542	1.957121833537034
543	1.957121833537034
544	1.906497883592426
545	1.906497883592426
546	1.993668409938496
547	1.993668409938496
548	2.1698196267179037
549	2.1698196267179037
550	1.7168567468161229
551	1.7168567468161229
552	2.030957229089839
553	2.030957229089839
554	1.8991910360752984
555	1.8991910360752984
556	1.7627128973248292
557	1.7627128973248292
558	2.226781418292807
559	2.226781418292807
560	2.2989467265752492
561	2.2989467265752492
562	1.7999909967895567
563	1.7999909967895567
564	1.9424599253227792
565	1.9424599253227792
566	1.9584244787936897
567	1.9584244787936897
568	2.277137695374921
569	2.277137695374921
570	2.1248811197035833
571	2.1248811197035833
572	2.070241416520739
573	2.070241416520739
574	1.952554540153521
575	1.952554540153521
576	2.051912468891709
577	2.051912468891709
578	2.055235914377788
579	2.055235914377788
580	2.1042653234563753
581	2.1042653234563753
582	2.3351928775415898
583	2.3351928775415898
584	2.0029979940640814
585	2.0029979940640814
586	2.4216242442332896
587	2.4216242442332896
588	2.048854944116325
589	2.048854944116325
590	2.098385965480005
591	2.098385965480005
592	1.697436689367746
593	1.697436689367746
594	2.2567764083042383
595	2.2567764083042383
596	1.8439440711028507
597	1.8439440711028507
598	2.069525643960158
599	2.069525643960158
600	1.9969421503141815
601	1.9969421503141815
602	2.145039608976197
603	2.145039608976197
604	1.9030369433146714
605	1.9030369433146714
606	2.0779037097247492
607	2.0779037097247492
608	1.9719060343541794
609	1.9719060343541794
610	1.9590524872131927
611	1.9590524872131927
612	1.949916509170244
613	1.949916509170244
614	2.1141857410991696
615	2.1141857410991696
616	2.2417460088988714
617	2.2417460088988714
618	1.9382021988863085
619	1.9382021988863085
620	2.1025570357510084
621	2.1025570357510084
622	2.1050280003406554
623	2.1050280003406554
624	2.0212993990017525
625	0.1866643599601081
626	0.1866643599601081
627	0.1831825722691213
628	0.1831825722691213
629	0.22685719484115002
630	0.22685719484115002
631	0.20709758181093135
632	0.20709758181093135
633	0.19343217667414636
634	0.19343217667414636
635	0.18911472382023622
636	0.18911472382023622
637	0.235144290788198
638	0.235144290788198
639	0.22166254929405782
640	0.22166254929405782
641	0.19290325121779422
642	0.19290325121779422
643	0.2085139714109365
644	0.2085139714109365
645	0.1946564817367832
646	0.1946564817367832
647	0.1885260743601483
648	0.1885260743601483
649	0.17696613729696012
650	0.17696613729696012
651	0.18205105922813603
652	0.18205105922813603
653	0.20115332855180393
654	0.20115332855180393
655	0.20220251359148608
656	0.20220251359148608
657	0.17930886204391797
658	0.17930886204391797
659	0.20416615392359308
660	0.20416615392359308
661	0.21757970190667375
662	0.21757970190667375
663	0.20156349368652188
664	0.20156349368652188
665	0.20491302926520974
666	0.20491302926520974
667	0.1962512027898355
668	0.1962512027898355
669	0.18728976995714333
670	0.18728976995714333
671	0.19609452147986028
672	0.19609452147986028
673	0.18239779053312163
674	0.18239779053312163
675	0.18676881783012048
676	0.18676881783012048
677	0.1973599472843735
678	0.1973599472843735
679	0.22896155341695046
680	0.22896155341695046
681	0.21279735078653966
682	0.21279735078653966
683	0.2370092132088365
684	0.2370092132088365
685	0.19263453845929204
686	0.19263453845929204
687	0.17734446609278667
688	0.17734446609278667
689	0.1925381187909227
690	0.1925381187909227
691	0.1738260190364018
692	0.1738260190364018
693	0.2112262921543786
694	0.2112262921543786
695	0.24270791163881317
696	0.24270791163881317
697	0.20675023121911998
698	0.20675023121911998
699	0.17436628736613993
700	0.17436628736613993
701	0.21221505097790017
702	0.21221505097790017
703	0.2112868933701693
704	0.2112868933701693
705	0.20369285267713463
706	0.20369285267713463
707	0.21763820074875734
708	0.21763820074875734
709	0.17156731126253863
710	0.17156731126253863
711	0.20801407082451495
712	0.20801407082451495
713	0.19944541449041184
714	0.19944541449041184
715	0.20804518612372536
716	0.20804518612372536
717	0.2201354131824292
718	0.2201354131824292
719	0.18487514779553116
720	0.18487514779553116
721	0.20850867341348503
722	0.20850867341348503
723	0.20363131297606996
724	0.20363131297606996
725	0.21171456815767148
726	0.21171456815767148
727	0.2226043213293158
728	0.2226043213293158
729	0.17951690430114853
730	0.17951690430114853
731	0.20808655521018948
732	0.20808655521018948
733	0.21290313666451913
734	0.21290313666451913
735	0.18282460516034202
736	0.18282460516034202
737	0.161963073386677
738	0.161963073386677
739	0.19515581206595173
740	0.19515581206595173
741	0.18036766315877
742	0.18036766315877
743	0.19323554659644002
744	0.19323554659644002
745	0.19775240493316948
746	0.19775240493316948
747	0.2284437827873473
748	0.2284437827873473
749	0.19442267645167105
750	0.19442267645167105
751	0.21257612070766851
752	0.21257612070766851
753	0.17867072172783413
754	0.17867072172783413
755	0.2269994709919833
756	0.2269994709919833
757	0.1951716615909031
758	0.1951716615909031
759	0.20306065246797886
760	0.20306065246797886
761	0.15717616882969224
762	0.15717616882969224
763	0.17862133199720154
764	0.17862133199720154
765	0.201188621572886
766	0.201188621572886
767	0.1978626884229036
768	0.1978626884229036
769	0.18251070844797634
770	0.18251070844797634
771	0.20995741325613518
772	0.20995741325613518
773	0.19279278818284176
774	0.19279278818284176
775	0.2115094258026159
776	0.2115094258026159
777	0.2060709976481586
778	0.2060709976481586
779	0.1776396689953746
780	0.1776396689953746
781	0.17071193998991327
782	0.17071193998991327
783	0.21128882616815342
784	0.21128882616815342
785	1.0656633594339209
786	1.0656633594339209
787	1.0573265096435247
788	1.0573265096435247
789	0.9082290307859546
790	0.9082290307859546
791	1.1100653514790042
792	1.1100653514790042
793	1.071252356790417
794	1.071252356790417
795	3.361929764322845
796	3.361929764322845
797	3.1314968431811354
798	3.1314968431811354
799	3.2614892929717683
800	3.2614892929717683
801	2.853666009538281
802	2.853666009538281
803	2.9380158657553683
804	2.9380158657553683
805	2.724176641294098
806	2.724176641294098
807	3.3135894492931266
808	3.3135894492931266
809	3.263429009643038
810	3.263429009643038
811	3.2343669593944817
812	3.2343669593944817
813	3.7262968004270975
814	3.7262968004270975
815	3.2025708690462724
816	3.2025708690462724
817	3.769333922273225
818	3.769333922273225
819	3.8089533775443503
820	3.8089533775443503
821	3.1682854564925282
822	3.1682854564925282
823	3.323391369141538
824	3.323391369141538
825	3.7460504266651893
826	3.7460504266651893
827	3.313343349201107
828	3.313343349201107
829	2.6684967001441953
830	2.6684967001441953
831	3.168736552326301
832	3.168736552326301
833	3.1704036693779423
834	3.1704036693779423
835	3.25418372914662
836	3.25418372914662
837	2.9482481224937356
838	2.9482481224937356
839	3.037398571006383
840	3.037398571006383
841	2.8822056705080907
842	2.8822056705080907
843	3.7388938123489464
844	3.7388938123489464
845	3.8422455668197077
846	3.8422455668197077
847	3.1864774185823883
848	3.1864774185823883
849	3.996551862005699
850	3.996551862005699
851	3.0308885521001665
852	3.0308885521001665
853	3.7677041459702814
854	3.7677041459702814
855	3.1160101434561946
856	3.1160101434561946
857	3.6195765820109216
858	3.6195765820109216
859	1.957124026218776
860	1.957124026218776
861	2.2732182794744844
862	2.2732182794744844
863	2.374865826344115
864	4.029091191211809
865	4.029091191211809
866	3.959498711654685
867	3.959498711654685
868	3.520270749182933
869	3.520270749182933
870	3.6315781521398423
871	3.6315781521398423
872	3.3807079855315165
873	3.3807079855315165
874	3.1811900512632514
875	3.1811900512632514
876	3.1149290369508638
877	3.1149290369508638
878	3.9439845304292986
879	3.9439845304292986
880	3.7452333500804875
881	3.7452333500804875
882	4.380766965122036
883	4.380766965122036
884	3.972457819076356
885	3.972457819076356
886	1.0354854325920166
887	3.5507874544787974
888	3.5507874544787974
889	3.3811836787277914
890	3.3811836787277914
891	3.544198999480786
892	3.544198999480786
893	2.761692709944069
894	2.761692709944069
895	3.6012315158363215
896	3.6012315158363215
897	3.864694288050222
898	3.864694288050222
899	3.5013807497461356
900	3.5013807497461356
901	3.220265071689503
902	3.220265071689503
903	3.3270266573913396
904	3.3270266573913396
905	3.3706979438497164
906	3.3706979438497164
907	3.4067844063189394
908	3.4067844063189394
909	3.699232511100172
910	3.699232511100172
911	3.103394175073283
912	3.103394175073283
913	3.4824002483833003
914	3.4824002483833003
915	3.424399033882599
916	3.424399033882599
917	3.207024308655007
918	3.207024308655007
919	3.4132219362626186
920	3.4132219362626186
921	3.329860820249438
922	3.329860820249438
923	3.4233396337993143
924	3.4233396337993143
925	3.0084243000772175
926	3.0084243000772175
927	3.4151522198726125
928	3.4151522198726125
929	3.206528395931969
930	3.206528395931969
931	3.0877912580356397
932	3.0877912580356397
933	3.6110425221794857
934	3.6110425221794857
935	3.9003290173585485
936	3.9003290173585485
937	3.9832596848129094
938	3.9832596848129094
939	4.062413063521336
940	4.062413063521336
941	3.6277520469874047
942	3.6277520469874047
943	3.0739455077974247
944	3.0739455077974247
945	3.6772876311090124
946	3.6772876311090124
947	3.329418720361893
948	3.329418720361893
949	3.2171904200286536
950	3.2171904200286536
951	3.8279637966781817
952	3.8279637966781817
953	2.323267054212862
954	2.323267054212862
955	1.943479843047967
956	1.943479843047967
957	2.0105159068301344
958	2.0105159068301344
959	2.103248574046639
960	2.103248574046639
961	2.112502522628169
962	2.112502522628169
963	2.1768393617943698
964	2.1768393617943698
965	1.8755725498387066
966	1.8755725498387066
967	2.119229856134466
968	2.119229856134466
969	1.7669618091152057
970	1.7669618091152057
971	2.2481228703857163
972	2.2481228703857163
973	2.017743628059131
974	2.017743628059131
975	2.0321241069284244
976	2.0321241069284244
977	1.9049061588731138
978	1.9049061588731138
979	1.5637851132079237
980	1.5637851132079237
981	1.7853715596611355
982	1.7853715596611355
983	1.85177000267145
984	1.85177000267145
985	2.2074837372963616
986	2.2074837372963616
987	1.8953457656412906
988	1.8953457656412906
989	2.116654094938688
990	2.116654094938688
991	1.802782868435336
992	1.802782868435336
993	3.5616152968158286
994	3.5616152968158286
995	2.622025008983887
996	2.622025008983887
997	3.2460523233403036
998	3.2460523233403036
999	2.609979007329514
1000	2.609979007329514
1001	2.47993994500236
1002	2.47993994500236
1003	2.905404057809754
1004	2.905404057809754
1005	2.9125597125972913
1006	2.9125597125972913
1007	2.7667078248988197
1008	2.7667078248988197
1009	3.2116258152625514
1010	3.2116258152625514
1011	2.504020002245479
1012	2.504020002245479
1013	2.93463668731491
1014	2.93463668731491
1015	2.4816634103894066
1016	2.4816634103894066
1017	2.583974995482954
1018	2.583974995482954
1019	2.888508399966979
1020	2.888508399966979
1021	2.8355070813714747
1022	2.8355070813714747
1023	2.863538190587782
1024	2.863538190587782
1025	3.244733739943113
1026	3.244733739943113
1027	3.1100567670045245
1028	3.1100567670045245
1029	3.2205404337891244
1030	3.2205404337891244
1031	2.3522091822631808
1032	2.3522091822631808
1033	2.8873255643558853
1034	2.8873255643558853
1035	3.0106532544570186
1036	3.0106532544570186
1037	2.5219701030796666
1038	2.5219701030796666
1039	2.822695703371668
1040	2.822695703371668
1041	2.569554609415254
1042	2.569554609415254
1043	2.9845214675676526
1044	2.9845214675676526
1045	3.1671270019098334
1046	3.1671270019098334
1047	2.367627402243188
1048	2.367627402243188
1049	3.378602773061678
1050	3.378602773061678
1051	2.707929667121549
1052	2.707929667121549
1053	2.8418310239397933
1054	2.8418310239397933
1055	2.9470621826587773
1056	2.9470621826587773
1057	2.9375942383941993
1058	2.9375942383941993
1059	3.0528634396792214
1060	3.0528634396792214
1061	2.9471166242488676
1062	2.9471166242488676
1063	3.130347915373771
1064	3.130347915373771
1065	3.023369324978436
1066	2.8108258080271256
1067	2.8108258080271256
1068	3.5085721199841733
1069	3.5085721199841733
1070	3.4761236490851073
1071	3.4761236490851073
1072	3.3465339250371344
1073	3.3465339250371344
1074	3.385107586298337
1075	3.385107586298337
1076	3.518150290477901
1077	3.518150290477901
1078	3.1235671235063855
1079	3.1235671235063855
1080	3.7011906867998006
1081	3.7011906867998006
1082	3.301246100544349
1083	3.301246100544349
1084	3.4166628938069494
1085	3.4166628938069494
1086	3.2685254146159197
1087	3.2685254146159197
1088	3.846190061423461
1089	0.7072045913593112
1090	0.7072045913593112
1091	0.6564880110470183
1092	0.6564880110470183
1093	0.6021912956661679
1094	0.6021912956661679
1095	0.7031106475172931
1096	0.7031106475172931
1097	0.8085260235243157
1098	0.8085260235243157
1099	0.7579116915231711
1100	0.7579116915231711
1101	0.6509365328359497
1102	0.6509365328359497
1103	0.5808593420775302
1104	0.5808593420775302
1105	0.5382441766529347
1106	0.5382441766529347
1107	0.6128285965608896
1108	0.6128285965608896
1109	0.6982281388137853
1110	0.6982281388137853
1111	0.6908479010685625
1112	0.6908479010685625
1113	0.6124327232130502
1114	0.6124327232130502
1115	0.6480753026197331
1116	0.6480753026197331
1117	0.6337975690921485
1118	0.6337975690921485
1119	0.7511119058361704
1120	0.7511119058361704
1121	0.6625314524476499
1122	0.6625314524476499
1123	0.6534829601300703
1124	0.6534829601300703
1125	0.6255364521361141
1126	0.6255364521361141
1127	0.6915040000391984
1128	0.6915040000391984
1129	0.6848734861977751
1130	0.6848734861977751
1131	0.5911336484585364
1132	0.5911336484585364
1133	0.6875306290593587
1134	0.6875306290593587
1135	0.7474660456976119
1136	0.7474660456976119
1137	0.6552548217321551
1138	0.6552548217321551
1139	0.7162082246223707
1140	0.7162082246223707
1141	0.5868433820481171
1142	0.5868433820481171
1143	0.7880031009865536
1144	0.7880031009865536
1145	0.624998151604648
1146	0.624998151604648
1147	0.6692709091045438
1148	0.6692709091045438
1149	0.6702106519046729
1150	0.6702106519046729
1151	0.6983074592282347
1152	0.6983074592282347
1153	0.6660892424647519
1154	0.6660892424647519
1155	0.7441656908707238
1156	0.7441656908707238
1157	0.6997659223869352
1158	0.6997659223869352
1159	0.5846944539219877
1160	0.5846944539219877
1161	0.6411468897845596
1162	0.6411468897845596
1163	0.5700357371553274
1164	0.5700357371553274
1165	0.6490208214236104
1166	0.6490208214236104
1167	0.5760350950131665
1168	0.5760350950131665
1169	0.6668322593914091
1170	0.6668322593914091
1171	0.7405996399683136
1172	0.7405996399683136
1173	0.6378086521246902
1174	0.6378086521246902
1175	0.6965871114692834
1176	0.6965871114692834
1177	1.8764466060124085
1178	1.8764466060124085
1179	1.78826736625133
1180	1.78826736625133
1181	1.8653885331432367
1182	1.8653885331432367
1183	1.9435539883569528
1184	3.6357968135510497
1185	3.6357968135510497
1186	3.183713422297887
1187	3.183713422297887
1188	3.717446634649291
1189	2.410941391618049
1190	2.410941391618049
1191	2.236737096128763
1192	2.236737096128763
1193	1.8356989040109497
1194	1.8356989040109497
1195	2.067460271149187
1196	2.067460271149187
1197	1.965947197416492
1198	1.965947197416492
1199	2.221582642190953
1200	2.221582642190953
1201	1.9823344784813808
1202	1.9823344784813808
1203	1.8758721155888383
1204	1.8758721155888383
1205	2.1253554802358896
1206	2.1253554802358896
1207	2.0569264372261062
1208	2.0569264372261062
1209	2.06561250910104
1210	2.06561250910104
1211	1.9658246223848697
1212	1.9658246223848697
1213	2.1947605500738554
1214	2.1947605500738554
1215	2.2939790342284425
1216	2.2939790342284425
1217	1.8653653883623458
1218	1.8653653883623458
1219	2.1050464991475177
1220	2.1050464991475177
1221	1.7975506894321427
1222	1.7975506894321427
1223	2.2985214737915283
1224	2.2985214737915283
1225	2.3477964390960504
1226	2.3477964390960504
1227	2.062130208233354
1228	2.062130208233354
1229	2.0512169980234276
1230	2.0512169980234276
1231	2.0052437725367285
1232	2.0052437725367285
1233	1.6477754883932327
1234	1.6477754883932327
1235	2.3824518430670616
1236	2.3824518430670616
1237	2.1257741297939523
1238	2.1257741297939523
1239	2.0037095113389363
1240	2.0037095113389363
1241	2.096176770257739
1242	2.096176770257739
1243	1.7557447516568652
1244	1.7557447516568652
1245	1.9915413242800466
1246	1.9915413242800466
1247	2.0918959493068376
1248	2.0918959493068376
1249	2.0442573776473814
1250	2.0442573776473814
1251	1.8494230334534405
1252	1.8494230334534405
1253	1.7763373062519936
1254	1.7763373062519936
1255	1.729180347887217
1256	1.729180347887217
1257	1.7468923866805235
1258	1.7468923866805235
1259	1.8469578806616773
1260	1.8469578806616773
1261	1.7944069212078995
1262	1.7944069212078995
1263	2.3084427545621833
1264	2.3084427545621833
1265	2.0921311194320626
1266	2.0921311194320626
1267	2.313605262696237
1268	2.313605262696237
1269	2.233885154218554
1270	2.233885154218554
1271	1.841284814331701
1272	1.841284814331701
1273	2.1137236252435008
1274	2.1137236252435008
1275	0.7087771265235987
1276	0.7087771265235987
1277	0.5411139423179562
1278	0.5411139423179562
1279	0.5866172782754501
1280	0.5866172782754501
1281	0.5737480351472599
1282	0.5737480351472599
1283	0.6495818732226422
1284	0.6495818732226422
1285	0.6248755612465434
1286	0.6248755612465434
1287	0.6512332396681779
1288	1.8234964189236422
1289	1.8234964189236422
1290	1.9840853617020373
1291	1.0493188501869333
1292	1.0493188501869333
1293	1.0452077403830982
1294	1.0452077403830982
1295	1.0727980682335103
1296	2.4640158218904253
1297	2.4640158218904253
1298	2.381819920590671
1299	2.381819920590671
1300	2.3655591756267245
1301	2.3655591756267245
1302	2.4316712158041707
1303	2.4316712158041707
1304	2.506731451548836
1305	2.506731451548836
1306	2.4342199330902585
1307	2.4342199330902585
1308	2.600772292217703
1309	2.600772292217703
1310	2.4768660198703363
1311	2.4768660198703363
1312	2.6076704208106083
1313	2.6076704208106083
1314	2.142382433057635
1315	2.142382433057635
1316	2.6015905733310123
1317	2.6015905733310123
1318	2.624905312034766
1319	2.624905312034766
1320	2.724910626236201
1321	2.724910626236201
1322	2.6522558414850477
1323	2.6522558414850477
1324	2.307679828970353
1325	2.307679828970353
1326	2.1514042320400075
1327	2.1514042320400075
1328	2.3506924033021037
1329	2.3506924033021037
1330	2.4082578251535476
1331	2.4082578251535476
1332	2.2831194265551735
1333	2.2831194265551735
1334	2.611125388997272
1335	2.611125388997272
1336	2.382796605544351
1337	2.382796605544351
1338	2.4835655596648345
1339	2.4835655596648345
1340	2.9710279000696422
1341	2.9710279000696422
1342	2.197486053343137
1343	2.197486053343137
1344	2.74027201441443
1345	2.74027201441443
1346	2.2746657312628944
1347	2.2746657312628944
1348	2.4901205181063535
1349	2.4901205181063535
1350	2.6144329621939217
1351	2.6144329621939217
1352	2.5291905942968858
1353	2.5291905942968858
1354	2.7983618800855714
1355	2.7983618800855714
1356	2.652734976809344
1357	2.652734976809344
1358	2.4042419065140286
1359	2.4042419065140286
1360	2.5772906576375734
1361	2.5772906576375734
1362	2.937429627126315
1363	2.937429627126315
1364	2.284249150087893
1365	2.284249150087893
1366	2.7180397382142427
1367	2.7180397382142427
1368	2.3898230762426347
1369	2.3898230762426347
1370	2.395967726853553
1371	2.395967726853553
1372	2.0438423256735607
1373	2.0438423256735607
1374	2.3942228672801207
1375	2.3942228672801207
1376	2.334458528326519
1377	2.334458528326519
1378	2.4480019180029506
1379	2.4480019180029506
1380	2.577268237777474
1381	2.577268237777474
1382	2.2189000191333745
1383	2.2189000191333745
1384	2.9354162654015865
1385	2.9354162654015865
1386	2.4210883064374746
1387	2.4210883064374746
1388	2.1119838941883784
1389	2.1119838941883784
1390	2.3706026024218296
1391	2.3706026024218296
1392	2.7236579738250777
1393	2.7236579738250777
1394	2.6045484421472125
1395	2.6045484421472125
1396	2.5036075154586297
1397	2.5036075154586297
1398	2.5299893916065685
1399	2.5299893916065685
1400	2.194019853813042
1401	2.194019853813042
1402	2.5611781178064157
1403	2.5611781178064157
1404	2.4762173859682775
1405	2.4762173859682775
1406	2.0708125259772316
1407	2.0708125259772316
1408	2.298175487219902
1409	2.298175487219902
1410	2.438253050989946
1411	2.438253050989946
1412	1.868017348189524
1413	1.868017348189524
1414	2.6614512851101653
1415	2.6614512851101653
1416	2.1274464189670574
1417	2.1274464189670574
1418	2.6127598975525608
1419	2.6127598975525608
1420	2.454109616500269
1421	2.454109616500269
1422	2.578411093711026
1423	2.578411093711026
1424	2.5455630506340254
1425	2.5455630506340254
1426	2.566390827804533
1427	2.566390827804533
1428	2.2681086514000715
1429	2.2681086514000715
1430	2.7190895003245164
1431	2.7190895003245164
1432	2.491998845247305
1433	2.491998845247305
1434	2.46396881219862
1435	2.46396881219862
1436	2.472467351346323
1437	2.472467351346323
1438	2.508907060713885
1439	2.508907060713885
1440	2.456572342443583
1441	2.456572342443583
1442	2.4594898053419776
1443	2.4594898053419776
1444	2.2472684682429502
1445	2.2472684682429502
1446	2.3782463087083565
1447	2.3782463087083565
1448	2.6834229871801774
1449	2.6834229871801774
1450	2.5007631455522508
1451	2.5007631455522508
1452	2.3190125674519173
1453	2.3190125674519173
1454	2.4352422130898836
1455	2.4352422130898836
1456	2.9381822275242735
1457	2.9381822275242735
1458	2.5763128074379145
1459	2.5763128074379145
1460	2.519305508604315
1461	2.519305508604315
1462	2.0834741601886795
1463	2.0834741601886795
1464	2.304670529468174
1465	2.304670529468174
1466	2.1336375470362086
1467	2.1336375470362086
1468	2.8252656026135954
1469	2.8252656026135954
1470	2.713031084009315
1471	2.713031084009315
1472	2.775585040498085
1473	2.775585040498085
1474	2.5596095303374913
1475	2.5596095303374913
1476	2.3562066065221265
1477	2.3562066065221265
1478	2.788040445850896
1479	2.788040445850896
1480	2.3821163723000938
1481	2.3821163723000938
1482	2.342222965481461
1483	2.342222965481461
1484	2.4563725598513986
1485	2.4563725598513986
1486	2.408071352131883
1487	2.408071352131883
1488	2.626997794070435
1489	2.626997794070435
1490	2.789940517141727
1491	2.789940517141727
1492	2.3049402148551414
1493	2.3049402148551414
1494	0.8660341289762836
1495	0.8660341289762836
1496	1.2666335595845617
1497	1.2666335595845617
1498	0.9654966286558728
1499	0.9654966286558728
1500	1.0528641336315407
1501	1.0528641336315407
1502	1.1504636075672343
1503	1.1504636075672343
1504	1.0638656939561526
1505	1.0638656939561526
1506	1.14288928600782
1507	1.14288928600782
1508	0.9774370932276177
1509	0.9774370932276177
1510	1.2266839928389848
1511	1.2266839928389848
1512	1.0405105914746937
1513	1.0405105914746937
1514	1.1256562379523563
1515	1.1256562379523563
1516	1.2060914421078384
1517	1.2060914421078384
1518	0.992620707975817
1519	0.992620707975817
1520	1.1908736096706785
1521	1.1908736096706785
1522	0.9325885369342413
1523	0.9325885369342413
1524	1.294445986977979
1525	1.294445986977979
1526	0.876056945097622
1527	0.876056945097622
1528	1.147821371572754
1529	1.147821371572754
1530	0.9605020068039067
1531	0.9605020068039067
1532	1.0006025479333944
1533	1.0006025479333944
1534	1.1803424184091995
1535	1.1803424184091995
1536	0.9344356514311134
1537	0.9344356514311134
1538	1.1514349060342972
1539	1.1514349060342972
1540	1.0845643512260725
1541	1.0845643512260725
1542	0.9147208894196597
1543	0.9147208894196597
1544	1.2730972422299365
1545	1.2730972422299365
1546	1.071257640823941
1547	1.071257640823941
1548	0.9663856789497105
1549	0.9663856789497105
1550	1.1869188071866763
1551	1.1869188071866763
1552	0.9772536670296083
1553	0.9772536670296083
1554	1.1988763676940175
1555	1.1988763676940175
1556	1.1243280015314696
1557	1.1243280015314696
1558	1.152726695729474
1559	1.152726695729474
1560	1.0320754902771097
1561	1.0320754902771097
1562	0.9851272486762178
1563	0.9851272486762178
1564	1.1799183941672398
1565	1.1799183941672398
1566	1.0447627111978313
1567	1.0447627111978313
1568	1.0255916931123459
1569	1.0255916931123459
1570	1.1571689880503029
1571	1.1571689880503029
1572	0.9929047293830374
1573	0.9929047293830374
1574	1.0367650252434402
1575	1.0367650252434402
1576	1.1036849808817937
1577	1.1036849808817937
1578	1.0216569585541395
1579	1.0216569585541395
1580	1.032657961088356
1581	1.032657961088356
1582	0.9019779387139705
1583	0.9019779387139705
1584	1.23662079148689
1585	1.23662079148689
1586	0.9909459207023412
1587	0.9909459207023412
1588	0.9527306121279109
1589	0.9527306121279109
1590	1.096548391349147
1591	1.096548391349147
1592	1.0460923919713128
1593	1.0460923919713128
1594	1.3105626273610786
1595	1.3105626273610786
1596	1.144602147003965
1597	1.144602147003965
1598	1.2179384197945897
1599	1.2179384197945897
1600	1.1169547760525338
1601	1.1169547760525338
1602	1.108157281048984
1603	1.108157281048984
1604	1.3491488998016585
1605	1.3491488998016585
1606	0.9455306743702988
1607	0.9455306743702988
1608	0.9884931633908826
1609	0.9884931633908826
1610	0.9802621152743828
1611	0.9802621152743828
1612	1.183217859648822
1613	1.183217859648822
1614	1.2507052603670683
1615	1.2507052603670683
1616	1.0770934229807367
1617	1.0770934229807367
1618	1.0408413331995483
1619	1.0408413331995483
1620	1.187628204767248
1621	1.187628204767248
1622	1.111185460975354
1623	1.111185460975354
1624	1.0964203795879253
1625	1.0964203795879253
1626	1.2644651602929349
1627	1.2644651602929349
1628	1.0678609688757739
1629	1.0678609688757739
1630	1.2681997861473695
1631	1.2681997861473695
1632	1.0028274865189555
1633	1.0028274865189555
1634	1.2654256148517724
1635	1.2654256148517724
1636	0.7869703430564423
1637	0.7869703430564423
1638	1.1280398608662527
1639	1.1280398608662527
1640	1.0797644084811975
1641	1.0797644084811975
1642	1.2396609357207884
1643	1.2396609357207884
1644	1.143156372244622
1645	1.143156372244622
1646	0.9880200058217525
1647	0.9880200058217525
1648	0.9934706853670441
1649	0.9934706853670441
1650	1.0152872950374645
1651	1.0152872950374645
1652	1.270288487274805
1653	1.270288487274805
1654	1.1026421733139178
1655	1.1026421733139178
1656	1.2858662679258173
1657	1.2858662679258173
1658	1.1785065746778347
1659	1.1785065746778347
1660	0.9815970976257825
1661	0.9815970976257825
1662	1.2359697334384965
1663	1.2359697334384965
1664	1.2255144673013922
1665	1.2255144673013922
1666	0.8850684421653616
1667	0.8850684421653616
1668	1.1289502368910478
1669	1.1289502368910478
1670	1.103611046301472
1671	1.103611046301472
1672	1.1571088909355907
1673	1.1571088909355907
1674	1.0438568990882664
1675	1.0438568990882664
1676	0.9735497854541284
1677	0.9735497854541284
1678	0.9100342831894315
1679	0.9100342831894315
1680	1.1647111073232888
1681	1.1647111073232888
1682	1.2375437859889844
1683	1.2375437859889844
1684	1.1324888043522188
1685	1.1324888043522188
1686	0.8472968956449602
1687	0.8472968956449602
1688	0.9930232676926637
1689	0.9930232676926637
1690	1.245075189251512
1691	1.245075189251512
1692	1.2809345266891485
1693	1.2809345266891485
1694	1.0687482849553953
1695	1.0687482849553953
1696	1.187099374527071
1697	1.187099374527071
1698	1.1991735067431288
1699	1.1991735067431288
1700	1.2314782725722582
1701	1.2314782725722582
1702	1.28735850019553
1703	1.28735850019553
1704	1.2277130323060825
1705	1.2277130323060825
1706	0.9610618025209379
1707	0.9610618025209379
1708	1.055847265171777
1709	1.055847265171777
1710	1.2003257488313013
1711	1.2003257488313013
1712	1.1958382594915875
1713	1.1958382594915875
1714	1.0157343370512772
1715	1.0157343370512772
1716	1.011552972637219
1717	1.011552972637219
1718	1.2844911363173679
1719	1.2844911363173679
1720	1.2225592929100406
1721	1.2225592929100406
1722	1.1566419538618684
1723	1.1566419538618684
1724	1.1728033384763565
1725	1.1728033384763565
1726	1.271239537216059
1727	1.271239537216059
1728	0.9443468336066531
1729	0.9443468336066531
1730	1.1784674280770246
1731	1.1784674280770246
1732	1.1229273036508647
1733	1.1229273036508647
1734	1.3909131780369035
1735	1.3909131780369035
1736	1.1894917412106083
1737	1.1894917412106083
1738	1.1753210699994663
1739	1.1753210699994663
1740	1.1332945828722294
1741	1.1332945828722294
1742	1.1248940188598626
1743	1.1248940188598626
1744	1.1751503912681651
1745	1.1751503912681651
1746	1.0769850155988283
1747	1.0769850155988283
1748	1.0584909809018375
1749	1.0584909809018375
1750	1.1452606711476778
1751	1.1452606711476778
1752	1.0722243018001023
1753	1.0722243018001023
1754	1.2018131250720425
1755	1.2018131250720425
1756	1.0515073521021248
1757	1.0515073521021248
1758	1.1171874526807204
1759	1.1171874526807204
1760	0.9621904404091166
1761	0.9621904404091166
1762	1.1044875834001797
1763	1.1044875834001797
1764	1.0689028222217893
1765	1.0689028222217893
1766	0.9856903169505878
1767	0.9856903169505878
1768	0.8066496968645509
1769	0.8066496968645509
1770	0.9647644357191756
1771	0.9647644357191756
1772	1.0471234496284134
1773	1.0471234496284134
1774	1.0836897336960587
1775	1.0836897336960587
1776	1.247598878453643
1777	1.247598878453643
1778	1.167992760470723
1779	1.167992760470723
1780	1.1598338104031605
1781	1.1598338104031605
1782	1.0738604625408315
1783	1.0738604625408315
1784	1.3087267082779068
1785	1.3087267082779068
1786	1.157846966992446
1787	1.157846966992446
1788	1.0576140045418132
1789	1.0576140045418132
1790	1.1503639404846777
1791	1.1503639404846777
1792	2.9782880300155155
1793	2.9782880300155155
1794	2.759741738648554
1795	2.759741738648554
1796	3.4475621737202835
1797	3.4475621737202835
1798	3.1875027099433964
1799	3.1875027099433964
1800	2.8006718999932243
1801	2.8006718999932243
1802	2.938078639779883
1803	2.938078639779883
1804	2.768084226858295
1805	2.768084226858295
1806	2.9804920271960076
1807	2.9804920271960076
1808	2.9596459618836692
1809	2.9596459618836692
1810	3.094367961019733
1811	3.094367961019733
1812	2.8957350581323604
1813	2.8957350581323604
1814	2.9041876211498643
1815	2.9041876211498643
1816	2.649760320980836
1817	2.649760320980836
1818	2.8506568010582045
1819	2.8506568010582045
1820	3.0424618216840025
1821	3.0424618216840025
1822	2.6473884193410084
1823	2.6473884193410084
1824	3.278375975583981
1825	3.278375975583981
1826	2.798684256676535
1827	2.798684256676535
1828	3.380691480891528
1829	3.380691480891528
1830	2.4386561607661865
1831	2.4386561607661865
1832	3.159808348614486
1833	3.159808348614486
1834	2.843567884223241
1835	2.843567884223241
1836	3.2746957645963843
1837	3.554986815565436
1838	3.554986815565436
1839	3.4142560077367063
1840	3.4142560077367063
1841	3.384908219861894
1842	3.384908219861894
1843	3.5903375564250353
1844	3.5903375564250353
1845	3.168899933959407
1846	3.168899933959407
1847	2.995615135517678
1848	2.995615135517678
1849	3.5238119126425254
1850	3.5238119126425254
1851	3.312345335419115
1852	3.312345335419115
1853	2.956771503511941
1854	2.956771503511941
1855	3.279655723778066
1856	3.279655723778066
1857	3.8402061378187358
1858	3.8402061378187358
1859	1.1350791404876805
1860	1.1350791404876805
1861	1.1661554232487892
1862	1.1661554232487892
1863	0.9006395423429745
1864	0.9006395423429745
1865	1.209585520323298
1866	1.209585520323298
1867	1.2138605706031962
1868	1.2138605706031962
1869	0.990805492409916
1870	0.990805492409916
1871	0.9860666994345743
1872	0.9860666994345743
1873	1.100686986278973
1874	1.100686986278973
1875	1.0190420201393904
1876	1.0190420201393904
1877	1.0336044748025572
1878	1.0336044748025572
1879	1.0547932497642707
1880	1.0547932497642707
1881	1.0312289163583954
1882	1.0312289163583954
1883	1.205497382778158
1884	1.205497382778158
1885	1.128706218741575
1886	1.128706218741575
1887	1.0436638951399808
1888	1.0436638951399808
1889	1.1952047111329287
1890	1.1952047111329287
1891	1.0803412614447683
1892	1.0803412614447683
1893	1.098974361581997
1894	1.098974361581997
1895	1.2426698127367037
1896	1.2426698127367037
1897	1.209522196733962
1898	1.209522196733962
1899	1.1428318011095022
1900	1.1428318011095022
1901	1.1276372016747664
1902	1.1276372016747664
1903	1.1900075744844334
1904	1.1900075744844334
1905	1.0811566116821316
1906	1.0811566116821316
1907	0.95961190688641
1908	0.95961190688641
1909	1.1094780719913926
1910	1.1094780719913926
1911	1.135311707151046
1912	1.135311707151046
1913	1.0695778746382676
1914	1.0695778746382676
1915	1.0574842035724619
1916	1.0574842035724619
1917	1.3072883932540937
1918	1.3072883932540937
1919	1.9328586975950641
1920	1.9328586975950641
1921	1.8025041187995614
1922	1.8025041187995614
1923	1.7330313521974499
1924	1.7330313521974499
1925	1.4355526923182593
1926	1.4355526923182593
1927	1.9137006923399487
1928	1.9137006923399487
1929	2.1314877985752276
1930	2.1314877985752276
1931	1.8959464606341427
1932	1.8959464606341427
1933	1.7918140747032085
1934	1.7918140747032085
1935	1.5352245824011246
1936	1.5352245824011246
1937	2.259163790591594
1938	2.259163790591594
1939	2.6265781084180206
1940	2.6265781084180206
1941	2.04803881813126
1942	2.04803881813126
1943	2.326331145580519
1944	2.326331145580519
1945	2.0139111343096854
1946	2.0139111343096854
1947	2.177439221288362
1948	2.177439221288362
1949	2.167037403177413
1950	2.167037403177413
1951	2.126664673422253
1952	2.126664673422253
1953	1.8456661458262786
1954	1.8456661458262786
1955	2.091000736086206
1956	2.091000736086206
1957	2.102943691283399
1958	2.102943691283399
1959	2.0350339031277453
1960	2.0350339031277453
1961	1.6763290719493626
1962	1.6763290719493626
1963	2.2374636032876296
1964	2.2374636032876296
1965	2.0861479170100914
1966	2.0861479170100914
1967	1.9282382104905733
1968	1.9282382104905733
1969	2.2406920716695318
1970	2.2406920716695318
1971	1.8300125860556882
1972	1.8300125860556882
1973	2.0683257185999677
1974	2.0683257185999677
1975	2.157696569727532
1976	2.157696569727532
1977	2.0358795443962032
1978	2.0358795443962032
1979	1.7325849937850806
1980	1.7325849937850806
1981	2.048038078850664
1982	2.048038078850664
1983	2.4524844560055445
1984	2.4524844560055445
1985	1.6691743899122018
1986	1.6691743899122018
1987	1.9977307791927292
1988	1.9977307791927292
1989	2.057926993985191
1990	2.057926993985191
1991	1.896919256786574
1992	1.896919256786574
1993	2.043936586288983
1994	2.043936586288983
1995	2.185948543359484
1996	2.185948543359484
1997	1.7840588237131987
1998	1.7840588237131987
1999	1.7777425731463916
