0	1.38877762649654
1	1.38877762649654
2	1.38877762649654
3	1.38877762649654
4	2.2233497137396965
5	2.2233497137396965
6	2.2233497137396965
7	2.2233497137396965
8	1.164772922394625
9	1.164772922394625
10	1.164772922394625
11	1.164772922394625
12	2.1757929330826524
13	2.1757929330826524
14	2.1757929330826524
15	2.1757929330826524
16	2.2156420459408865
17	2.2156420459408865
18	2.2156420459408865
19	2.2156420459408865
20	1.0004003866550137
21	1.0004003866550137
22	1.0004003866550137
23	1.0004003866550137
24	0.9444583933514146
25	1.2789596287212999
26	1.2789596287212999
27	1.2789596287212999
28	1.2789596287212999
29	2.802442853276819
30	2.802442853276819
31	2.802442853276819
32	2.802442853276819
33	2.4083472540985236
34	2.4083472540985236
35	2.4083472540985236
36	2.4083472540985236
37	3.7735587220967686
38	3.7735587220967686
39	3.7735587220967686
40	3.7735587220967686
41	2.2489515685119668
42	2.2489515685119668
43	2.2489515685119668
44	2.2489515685119668
45	3.504503233173394
46	3.504503233173394
47	3.504503233173394
48	3.504503233173394
49	4.789331620144603
50	4.789331620144603
51	4.789331620144603
52	4.641759113518568
53	4.641759113518568
54	4.641759113518568
55	4.641759113518568
56	4.315628478321426
57	4.315628478321426
58	4.315628478321426
59	4.315628478321426
60	6.733429533733838
61	6.733429533733838
62	6.733429533733838
63	6.733429533733838
64	4.108491096571872
65	4.108491096571872
66	4.108491096571872
67	4.108491096571872
68	1.8529293522503902
69	1.8529293522503902
70	1.8529293522503902
71	1.8529293522503902
72	0.8572577277891891
73	0.8572577277891891
74	0.8572577277891891
75	0.8572577277891891
76	2.5618388841610695
77	2.5618388841610695
78	2.5618388841610695
79	2.5618388841610695
80	4.515036285634552
81	4.515036285634552
82	4.515036285634552
83	4.515036285634552
84	4.659330854110473
85	4.659330854110473
86	4.659330854110473
87	4.659330854110473
88	4.434596939413785
89	4.434596939413785
90	4.434596939413785
91	4.434596939413785
92	3.493233705154004
93	3.493233705154004
94	3.493233705154004
95	3.493233705154004
96	3.8884705048434918
97	3.8884705048434918
98	3.8884705048434918
99	3.8884705048434918
100	3.36284386877694
101	3.36284386877694
102	3.36284386877694
103	3.36284386877694
104	3.290765960738282
105	3.290765960738282
106	3.290765960738282
107	3.290765960738282
108	3.5066569265622567
109	3.5066569265622567
110	3.5066569265622567
111	3.5066569265622567
112	4.2036707491054175
113	4.2036707491054175
114	4.2036707491054175
115	4.2036707491054175
116	3.9659334955948298
117	3.9659334955948298
118	3.9659334955948298
119	3.9659334955948298
120	6.163534700592033
121	6.163534700592033
122	6.163534700592033
123	6.163534700592033
124	6.192909144836754
125	6.192909144836754
126	6.192909144836754
127	6.192909144836754
128	5.887794099603335
129	5.887794099603335
130	5.887794099603335
131	5.887794099603335
132	2.6213613340900075
133	2.6213613340900075
134	2.6213613340900075
135	2.6213613340900075
136	2.7734792663172483
137	2.7734792663172483
138	2.7734792663172483
139	2.7734792663172483
140	3.9828218126279364
141	3.9828218126279364
142	3.9828218126279364
143	3.9828218126279364
144	2.128236093454862
145	2.128236093454862
146	2.128236093454862
147	2.128236093454862
148	0.1
149	0.1
150	0.1
151	0.1
152	3.216388175223155
153	3.216388175223155
154	3.216388175223155
155	3.216388175223155
156	4.501846804401119
157	4.501846804401119
158	4.501846804401119
159	4.501846804401119
160	5.496859322130574
161	5.496859322130574
162	5.496859322130574
163	5.496859322130574
164	3.5361600132862376
165	3.5361600132862376
166	3.5361600132862376
167	3.5361600132862376
168	9.6376241210167
169	9.6376241210167
170	9.6376241210167
171	9.6376241210167
172	4.255059781356583
173	4.255059781356583
174	4.255059781356583
175	4.255059781356583
176	2.6836419345824347
177	2.6836419345824347
178	2.6836419345824347
179	2.6836419345824347
180	3.962349685410431
181	3.962349685410431
182	4.409018506628753
183	4.409018506628753
184	4.409018506628753
185	4.409018506628753
186	2.7968006100155343
187	2.7968006100155343
188	2.7968006100155343
189	2.7968006100155343
190	1.7709477765677182
191	1.7709477765677182
192	1.7709477765677182
193	1.7709477765677182
194	2.569533705675
195	2.569533705675
196	2.569533705675
197	2.569533705675
198	0.7514847501333657
199	0.7514847501333657
200	0.7514847501333657
201	0.7514847501333657
202	3.182259199281293
203	3.182259199281293
204	3.182259199281293
205	3.182259199281293
206	2.417953634214181
207	2.417953634214181
208	2.417953634214181
209	2.417953634214181
210	0.9874830547797326
211	0.9874830547797326
212	0.9874830547797326
213	0.9874830547797326
214	2.766325224625489
215	2.766325224625489
216	2.766325224625489
217	2.766325224625489
218	2.8409453991287292
219	2.8409453991287292
220	2.8409453991287292
221	2.8409453991287292
222	2.953784448872909
223	2.953784448872909
224	2.953784448872909
225	2.953784448872909
226	2.3289200554272154
227	2.3289200554272154
228	2.3289200554272154
229	2.3289200554272154
230	2.4816427136891965
231	2.4816427136891965
232	2.4816427136891965
233	2.4816427136891965
234	2.6005369169939767
235	2.6005369169939767
236	2.6005369169939767
237	2.6005369169939767
238	0.1
239	0.1
240	0.1
241	0.1
242	2.223304429905134
243	2.223304429905134
244	2.223304429905134
245	2.223304429905134
246	1.2507612766831318
247	1.2507612766831318
248	1.2507612766831318
249	1.2507612766831318
250	1.2820421301231741
251	1.2820421301231741
252	1.2820421301231741
253	1.2820421301231741
254	2.7806528562838206
255	2.7806528562838206
256	2.7806528562838206
257	2.7806528562838206
258	0.18256348505585374
259	0.18256348505585374
260	0.18256348505585374
261	0.18256348505585374
262	3.560834444255373
263	3.560834444255373
264	3.560834444255373
265	3.560834444255373
266	2.5331251133970842
267	2.5331251133970842
268	2.5331251133970842
269	0.6448794704339741
270	0.6448794704339741
271	0.6448794704339741
272	0.6448794704339741
273	0.9470484616768431
274	0.9470484616768431
275	0.9470484616768431
276	0.9470484616768431
277	0.3061595730146902
278	0.3061595730146902
279	0.3061595730146902
280	0.3061595730146902
281	0.9315179009613253
282	0.9315179009613253
283	0.9315179009613253
284	0.9315179009613253
285	0.3975745719054025
286	0.3975745719054025
287	3.0930850269401993
288	3.0930850269401993
289	3.0930850269401993
290	3.0930850269401993
291	3.3966224565374947
292	3.3966224565374947
293	3.3966224565374947
294	3.3966224565374947
295	2.9361136343264462
296	2.9361136343264462
297	2.9361136343264462
298	2.9361136343264462
299	3.191441702457152
300	3.191441702457152
301	3.191441702457152
302	3.191441702457152
303	3.5028127024747233
304	3.5028127024747233
305	3.5028127024747233
306	3.5028127024747233
307	1.8337944706830875
308	1.8337944706830875
309	1.8337944706830875
310	1.8337944706830875
311	2.743524615358918
312	2.743524615358918
313	2.743524615358918
314	2.743524615358918
315	2.228907712837068
316	2.228907712837068
317	2.228907712837068
318	2.228907712837068
319	2.4524371403239003
320	2.4524371403239003
321	2.4524371403239003
322	2.4524371403239003
323	4.640450606594486
324	4.640450606594486
325	4.640450606594486
326	4.640450606594486
327	3.620302689423316
328	3.620302689423316
329	3.620302689423316
330	3.620302689423316
331	2.366980476963778
332	2.366980476963778
333	2.366980476963778
334	2.366980476963778
335	2.3765360396516595
336	2.3765360396516595
337	2.3765360396516595
338	2.3765360396516595
339	0.7680195652286206
340	0.7680195652286206
341	0.7680195652286206
342	0.7680195652286206
343	3.786072577936715
344	3.786072577936715
345	3.786072577936715
346	3.786072577936715
347	2.1560924378719424
348	2.1560924378719424
349	2.1560924378719424
350	2.1560924378719424
351	2.5985799676873365
352	2.5985799676873365
353	2.5985799676873365
354	2.5985799676873365
355	2.192992589713272
356	2.192992589713272
357	2.192992589713272
358	2.192992589713272
359	2.8868545244547272
360	2.8868545244547272
361	2.8868545244547272
362	2.8868545244547272
363	2.652101662361802
364	2.652101662361802
365	2.652101662361802
366	2.652101662361802
367	2.4782384455285786
368	2.4782384455285786
369	2.4782384455285786
370	2.4782384455285786
371	2.143900126562313
372	2.143900126562313
373	2.143900126562313
374	2.143900126562313
375	3.1142627138904295
376	3.1142627138904295
377	3.1142627138904295
378	3.1142627138904295
379	2.6523714954501028
380	2.6523714954501028
381	2.6523714954501028
382	2.6523714954501028
383	4.493498659028706
384	4.493498659028706
385	4.493498659028706
386	4.493498659028706
387	3.2501213671496405
388	3.2501213671496405
389	3.2501213671496405
390	3.2501213671496405
391	6.295473363020461
392	6.295473363020461
393	6.295473363020461
394	6.295473363020461
395	1.641697283579645
396	1.641697283579645
397	1.641697283579645
398	1.641697283579645
399	3.6666307781871432
400	3.6666307781871432
401	3.6666307781871432
402	3.6666307781871432
403	5.92275782327169
404	5.92275782327169
405	5.92275782327169
406	5.92275782327169
407	3.01810581437738
408	3.01810581437738
409	3.01810581437738
410	3.01810581437738
411	3.2419403046803756
412	3.2419403046803756
413	3.2419403046803756
414	3.2419403046803756
415	2.3329686009117037
416	2.3329686009117037
417	2.3329686009117037
418	2.3329686009117037
419	1.8290443056015335
420	1.8290443056015335
421	4.856049163725698
422	4.856049163725698
423	4.856049163725698
424	4.856049163725698
425	3.817266501263609
426	3.817266501263609
427	3.817266501263609
428	3.817266501263609
429	3.0627750047940303
430	3.0627750047940303
431	3.0627750047940303
432	3.0627750047940303
433	4.8276640848566945
434	4.8276640848566945
435	4.8276640848566945
436	4.8276640848566945
437	2.764386211917717
438	2.764386211917717
439	2.764386211917717
440	2.764386211917717
441	3.461792236346955
442	3.461792236346955
443	3.461792236346955
444	3.461792236346955
445	3.796930901679702
446	3.796930901679702
447	3.796930901679702
448	3.796930901679702
449	3.60577851090314
450	3.60577851090314
451	3.60577851090314
452	3.60577851090314
453	5.7480088353974885
454	5.7480088353974885
455	5.7480088353974885
456	5.7480088353974885
457	1.2958125385039878
458	3.0896052969585712
459	3.0896052969585712
460	3.0896052969585712
461	3.0896052969585712
462	2.1176560018331028
463	2.1176560018331028
464	2.1176560018331028
465	2.1176560018331028
466	2.457535401458308
467	2.457535401458308
468	2.457535401458308
469	2.457535401458308
470	3.9686929871291348
471	3.9686929871291348
472	3.9686929871291348
473	3.9686929871291348
474	1.8561650392265274
475	1.8561650392265274
476	1.8561650392265274
477	1.8561650392265274
478	1.1003553026012063
479	1.1003553026012063
480	1.1003553026012063
481	1.1003553026012063
482	1.7177847639217436
483	1.7177847639217436
484	1.7177847639217436
485	1.7177847639217436
486	1.4153427584414893
487	1.4153427584414893
488	1.4153427584414893
489	1.4153427584414893
490	0.6000443691364723
491	0.6000443691364723
492	0.6000443691364723
493	0.6000443691364723
494	2.077607357127516
495	2.077607357127516
496	2.077607357127516
497	2.077607357127516
498	2.44460466044111
499	2.44460466044111
500	2.44460466044111
501	2.44460466044111
502	2.094125830786782
503	2.094125830786782
504	2.094125830786782
505	2.094125830786782
506	2.1474219290304397
507	2.1474219290304397
508	2.1474219290304397
509	2.1474219290304397
510	4.432815604679208
511	4.432815604679208
512	4.432815604679208
513	4.432815604679208
514	2.060956101468312
515	2.060956101468312
516	2.060956101468312
517	2.060956101468312
518	3.239907514240712
519	3.239907514240712
520	3.239907514240712
521	3.239907514240712
522	3.9287524213059526
523	3.9287524213059526
524	3.9287524213059526
525	3.9287524213059526
526	2.779533804219778
527	2.779533804219778
528	2.779533804219778
529	2.779533804219778
530	3.4954480925761535
531	3.4954480925761535
532	3.4954480925761535
533	3.4954480925761535
534	3.462169207347577
535	3.462169207347577
536	3.462169207347577
537	3.462169207347577
538	3.162065268361043
539	3.162065268361043
540	3.162065268361043
541	3.162065268361043
542	5.256264688559669
543	5.256264688559669
544	5.256264688559669
545	5.256264688559669
546	5.5066443039358
547	5.5066443039358
548	5.5066443039358
549	5.5066443039358
550	4.490496258816499
551	4.490496258816499
552	4.490496258816499
553	4.490496258816499
554	4.935639440888487
555	4.935639440888487
556	4.935639440888487
557	4.935639440888487
558	5.325403117743232
559	5.325403117743232
560	5.325403117743232
561	5.325403117743232
562	2.959031778049776
563	2.959031778049776
564	2.959031778049776
565	2.959031778049776
566	5.114514106679981
567	5.114514106679981
568	5.114514106679981
569	5.114514106679981
570	3.1091418635910113
571	3.1091418635910113
572	3.1091418635910113
573	3.1091418635910113
574	3.5760218779263218
575	3.5760218779263218
576	3.5760218779263218
577	3.5760218779263218
578	4.39445602801842
579	4.39445602801842
580	4.39445602801842
581	4.39445602801842
582	2.265339415412914
583	2.265339415412914
584	2.265339415412914
585	2.265339415412914
586	4.8953890309285875
587	4.8953890309285875
588	4.8953890309285875
589	4.8953890309285875
590	1.9260641486249988
591	1.9260641486249988
592	1.9260641486249988
593	1.9260641486249988
594	6.774078561103574
595	6.774078561103574
596	6.774078561103574
597	6.774078561103574
598	3.76401569251395
599	3.76401569251395
600	3.76401569251395
601	3.76401569251395
602	2.8568032546119193
603	2.8568032546119193
604	2.8568032546119193
605	2.8568032546119193
606	5.260826316764906
607	5.260826316764906
608	5.260826316764906
609	5.260826316764906
610	1.1484869957547614
611	1.1484869957547614
612	1.1484869957547614
613	3.24225416958417
614	3.24225416958417
615	3.24225416958417
616	3.24225416958417
617	2.023023372205201
618	2.023023372205201
619	2.023023372205201
620	2.023023372205201
621	3.5166237079086065
622	3.5166237079086065
623	3.5166237079086065
624	3.5166237079086065
625	1.828330998091729
626	1.828330998091729
627	1.828330998091729
628	1.828330998091729
629	1.0925788715672922
630	1.0925788715672922
631	1.0925788715672922
632	1.0925788715672922
633	2.449466655078987
634	2.449466655078987
635	2.449466655078987
636	2.449466655078987
637	1.7042256568917984
638	1.7042256568917984
639	1.7042256568917984
640	1.7042256568917984
641	2.9123450437787075
642	2.9123450437787075
643	2.9123450437787075
644	2.9123450437787075
645	2.8701069503590326
646	2.8701069503590326
647	2.8701069503590326
648	2.8701069503590326
649	3.3899059840857655
650	3.3899059840857655
651	3.3899059840857655
652	3.3899059840857655
653	3.705406874405867
654	3.705406874405867
655	3.705406874405867
656	3.705406874405867
657	3.639810491051963
658	3.639810491051963
659	3.639810491051963
660	3.639810491051963
661	2.2785183528231228
662	2.2785183528231228
663	2.2785183528231228
664	2.2785183528231228
665	3.26897457820818
666	3.26897457820818
667	3.26897457820818
668	3.26897457820818
669	3.921808872567976
670	3.921808872567976
671	3.921808872567976
672	3.921808872567976
673	2.2297216908205115
674	2.2297216908205115
675	2.2297216908205115
676	2.2297216908205115
677	2.996636946172632
678	2.996636946172632
679	2.996636946172632
680	2.996636946172632
681	2.918356722949761
682	2.918356722949761
683	2.918356722949761
684	2.918356722949761
685	2.2975057944900215
686	2.2975057944900215
687	2.2975057944900215
688	2.2975057944900215
689	2.692420852246804
690	2.692420852246804
691	2.692420852246804
692	2.692420852246804
693	3.4851800670477235
694	3.4851800670477235
695	3.4851800670477235
696	3.4851800670477235
697	0.1
698	0.1
699	0.1
700	0.1
701	2.354552917120335
702	2.354552917120335
703	2.354552917120335
704	2.354552917120335
705	4.012456729719728
706	4.012456729719728
707	4.012456729719728
708	4.012456729719728
709	0.945397888232576
710	0.945397888232576
711	0.945397888232576
712	0.945397888232576
713	3.125537108267794
714	3.125537108267794
715	3.125537108267794
716	3.125537108267794
717	2.8236361192239565
718	2.8236361192239565
719	2.8236361192239565
720	1.4565693955544536
721	1.4565693955544536
722	1.4565693955544536
723	1.4565693955544536
724	3.007190835060144
725	3.007190835060144
726	3.007190835060144
727	3.007190835060144
728	4.562432292868519
729	4.562432292868519
730	4.562432292868519
731	4.562432292868519
732	2.2152262758616335
733	2.2152262758616335
734	2.2152262758616335
735	2.2152262758616335
736	6.709903098836515
737	6.709903098836515
738	6.709903098836515
739	6.709903098836515
740	4.380186960854575
741	4.380186960854575
742	4.380186960854575
743	4.380186960854575
744	2.383739831953994
745	2.383739831953994
746	2.383739831953994
747	2.383739831953994
748	5.528432149169891
749	5.528432149169891
750	5.528432149169891
751	5.528432149169891
752	6.070443402895962
753	6.070443402895962
754	6.070443402895962
755	6.070443402895962
756	4.3472185642370444
757	4.3472185642370444
758	4.3472185642370444
759	4.3472185642370444
760	4.429366085106085
761	4.429366085106085
762	4.429366085106085
763	4.429366085106085
764	3.7832105136833394
765	3.7832105136833394
766	3.7832105136833394
767	3.7832105136833394
768	6.070138496765454
769	6.070138496765454
770	6.070138496765454
771	6.070138496765454
772	4.463485832042004
773	4.463485832042004
774	4.463485832042004
775	4.463485832042004
776	5.04402567995372
777	5.04402567995372
778	5.04402567995372
779	5.04402567995372
780	4.326494309938124
781	4.326494309938124
782	4.326494309938124
783	4.326494309938124
784	4.426631929831639
785	4.426631929831639
786	4.426631929831639
787	4.426631929831639
788	2.3268408390113398
789	2.3268408390113398
790	2.3268408390113398
791	2.3268408390113398
792	3.571576282523105
793	3.571576282523105
794	3.571576282523105
795	3.571576282523105
796	2.6970953351600246
797	2.6970953351600246
798	2.6970953351600246
799	2.6970953351600246
800	5.600680292606279
801	5.600680292606279
802	5.600680292606279
803	5.600680292606279
804	4.223116193413799
805	4.223116193413799
806	4.223116193413799
807	4.223116193413799
808	3.129947569436508
809	3.129947569436508
810	3.129947569436508
811	3.129947569436508
812	1.372705810164109
813	1.372705810164109
814	1.372705810164109
815	1.372705810164109
816	6.698772734995838
817	6.698772734995838
818	6.698772734995838
819	6.698772734995838
820	4.396337893868836
821	4.396337893868836
822	4.396337893868836
823	4.396337893868836
824	2.765509686243724
825	2.765509686243724
826	2.765509686243724
827	2.765509686243724
828	4.75159499216627
829	4.75159499216627
830	4.75159499216627
831	0.7975741866552284
832	0.7975741866552284
833	0.7975741866552284
834	0.7975741866552284
835	2.1283951917223605
836	2.1283951917223605
837	2.1283951917223605
838	2.1283951917223605
839	1.21358587714725
840	1.21358587714725
841	1.21358587714725
842	1.21358587714725
843	0.19802927498291822
844	0.19802927498291822
845	0.19802927498291822
846	0.19802927498291822
847	2.3630007101152533
848	2.3630007101152533
849	2.3630007101152533
850	2.3630007101152533
851	2.9554366057343904
852	2.9554366057343904
853	2.9554366057343904
854	2.9554366057343904
855	1.8696772345706003
856	1.8696772345706003
857	1.8696772345706003
858	1.8696772345706003
859	2.138823469666585
860	2.138823469666585
861	2.138823469666585
862	2.138823469666585
863	2.017818295682517
864	2.017818295682517
865	2.017818295682517
866	2.017818295682517
867	1.6443383265289278
868	1.6443383265289278
869	1.6443383265289278
870	1.6443383265289278
871	0.7904324612395378
872	0.7904324612395378
873	0.7904324612395378
874	0.7904324612395378
875	1.1995627001362614
876	1.1995627001362614
877	1.1995627001362614
878	1.1995627001362614
879	0.6453695817623029
880	0.6453695817623029
881	0.6453695817623029
882	0.6453695817623029
883	1.5901180201092424
884	1.5901180201092424
885	1.5901180201092424
886	1.5901180201092424
887	0.6368725136157918
888	0.6368725136157918
889	0.6368725136157918
890	0.6368725136157918
891	0.9813130284987247
892	0.9813130284987247
893	0.9813130284987247
894	0.9813130284987247
895	1.070526003276525
896	1.070526003276525
897	1.070526003276525
898	1.070526003276525
899	0.6745929938421925
900	0.6745929938421925
901	0.6745929938421925
902	0.6745929938421925
903	1.5594589209943377
904	1.5594589209943377
905	1.5594589209943377
906	1.5594589209943377
907	1.1888410800020124
908	1.1888410800020124
909	1.1888410800020124
910	1.1888410800020124
911	1.8385787111011516
912	1.8385787111011516
913	1.8385787111011516
914	1.8385787111011516
915	0.44760787194097773
916	0.44760787194097773
917	0.44760787194097773
918	0.44760787194097773
919	0.8749411925571856
920	0.8749411925571856
921	0.8749411925571856
922	0.8749411925571856
923	2.073423306465496
924	2.073423306465496
925	2.073423306465496
926	2.073423306465496
927	1.2663491531628943
928	1.2663491531628943
929	1.2663491531628943
930	1.2663491531628943
931	2.5966692469145
932	2.5966692469145
933	2.5966692469145
934	2.5966692469145
935	0.9209641556958625
936	0.9209641556958625
937	0.9209641556958625
938	0.9209641556958625
939	0.8148377665066657
940	0.8148377665066657
941	0.8148377665066657
942	0.8148377665066657
943	2.447855023232209
944	2.447855023232209
945	2.447855023232209
946	2.447855023232209
947	2.8201725128331905
948	2.8201725128331905
949	2.8201725128331905
950	2.8201725128331905
951	0.45243812448303977
952	0.45243812448303977
953	0.45243812448303977
954	0.45243812448303977
955	0.7147316991693288
956	0.7147316991693288
957	0.7147316991693288
958	0.7147316991693288
959	1.6894488561042866
960	1.6894488561042866
961	1.6894488561042866
962	1.6894488561042866
963	0.7004567035064334
964	0.7004567035064334
965	0.7004567035064334
966	0.7004567035064334
967	1.2838150139393254
968	1.2838150139393254
969	1.2838150139393254
970	1.2838150139393254
971	0.16861599253517578
972	0.16861599253517578
973	0.16861599253517578
974	0.16861599253517578
975	1.2161933305091863
976	1.2161933305091863
977	1.2161933305091863
978	1.2161933305091863
979	1.4817780358103112
980	1.4817780358103112
981	1.4817780358103112
982	1.4817780358103112
983	2.206505641777941
984	2.206505641777941
985	2.206505641777941
986	2.206505641777941
987	1.0517721768789363
988	1.0517721768789363
989	1.0517721768789363
990	1.0517721768789363
991	1.7764332752168355
992	1.7764332752168355
993	1.7764332752168355
994	1.7764332752168355
995	2.0441811001075427
996	2.0441811001075427
997	2.0441811001075427
998	2.0441811001075427
999	1.718296475197255
1000	1.718296475197255
1001	1.718296475197255
1002	1.718296475197255
1003	0.821837845768642
1004	0.821837845768642
1005	0.821837845768642
1006	0.821837845768642
1007	1.280844764142109
1008	1.280844764142109
1009	1.280844764142109
1010	1.280844764142109
1011	2.165339738830619
1012	2.165339738830619
1013	2.165339738830619
1014	2.165339738830619
1015	2.192302217783862
1016	2.192302217783862
1017	2.192302217783862
1018	2.192302217783862
1019	1.10906555668893
1020	1.10906555668893
1021	1.10906555668893
1022	1.10906555668893
1023	1.5823140440117707
1024	1.5823140440117707
1025	1.5823140440117707
1026	1.5823140440117707
1027	0.8191629986010127
1028	0.8191629986010127
1029	0.8191629986010127
1030	0.8191629986010127
1031	1.690182234367262
1032	1.690182234367262
1033	1.690182234367262
1034	1.690182234367262
1035	1.2223917589863715
1036	1.2223917589863715
1037	1.2223917589863715
1038	1.2223917589863715
1039	1.4589647452884078
1040	1.4589647452884078
1041	1.4589647452884078
1042	1.4589647452884078
1043	1.6386519556788222
1044	1.6386519556788222
1045	1.6386519556788222
1046	1.6386519556788222
1047	2.3424452656767984
1048	2.3424452656767984
1049	2.3424452656767984
1050	2.3424452656767984
1051	1.1818263205850403
1052	1.1818263205850403
1053	1.1818263205850403
1054	1.1818263205850403
1055	1.330303322197873
1056	1.330303322197873
1057	1.330303322197873
1058	1.330303322197873
1059	1.5380089099689962
1060	1.5380089099689962
1061	1.5380089099689962
1062	1.5380089099689962
1063	2.482419211278486
1064	2.482419211278486
1065	2.482419211278486
1066	2.482419211278486
1067	2.020856669289565
1068	2.020856669289565
1069	2.020856669289565
1070	2.020856669289565
1071	1.9820718601284133
1072	1.9820718601284133
1073	1.9820718601284133
1074	1.9820718601284133
1075	1.428130484382094
1076	1.428130484382094
1077	1.428130484382094
1078	1.428130484382094
1079	1.9857893247367895
1080	1.9857893247367895
1081	1.9857893247367895
1082	1.9857893247367895
1083	0.8926910862979354
1084	0.8926910862979354
1085	0.8926910862979354
1086	0.8926910862979354
1087	1.0670901643789539
1088	1.0670901643789539
1089	1.0670901643789539
1090	1.0670901643789539
1091	1.2146196411544365
1092	1.2146196411544365
1093	1.2146196411544365
1094	1.2146196411544365
1095	0.7691836648036727
1096	0.7691836648036727
1097	0.7691836648036727
1098	0.7691836648036727
1099	2.1930273401604885
1100	2.1930273401604885
1101	2.1930273401604885
1102	2.1930273401604885
1103	0.7328759790142618
1104	0.7328759790142618
1105	0.7328759790142618
1106	0.7328759790142618
1107	2.7570417309450397
1108	2.7570417309450397
1109	2.7570417309450397
1110	2.7570417309450397
1111	0.4724998058771859
1112	0.4724998058771859
1113	0.4724998058771859
1114	0.4724998058771859
1115	0.5209230157195419
1116	0.5209230157195419
1117	0.5209230157195419
1118	0.5209230157195419
1119	1.927085243481868
1120	1.927085243481868
1121	1.927085243481868
1122	1.927085243481868
1123	3.044135225666552
1124	3.044135225666552
1125	3.044135225666552
1126	3.044135225666552
1127	2.3935829696353905
1128	2.3935829696353905
1129	2.3935829696353905
1130	2.3935829696353905
1131	0.1
1132	0.1
1133	0.1
1134	0.1
1135	1.0872746443948034
1136	1.0872746443948034
1137	1.0872746443948034
1138	1.0872746443948034
1139	0.9865578706741994
1140	0.9865578706741994
1141	0.9865578706741994
1142	0.9865578706741994
1143	1.0783579506727456
1144	1.0783579506727456
1145	1.0783579506727456
1146	1.0783579506727456
1147	2.0138979589543915
1148	2.0138979589543915
1149	2.0138979589543915
1150	2.0138979589543915
1151	2.8430692440622396
1152	2.8430692440622396
1153	2.8430692440622396
1154	2.8430692440622396
1155	1.4761474089768634
1156	1.4761474089768634
1157	1.4761474089768634
1158	1.4761474089768634
1159	1.6237785187096885
1160	1.6237785187096885
1161	1.6237785187096885
1162	1.6237785187096885
1163	1.5433183068214815
1164	1.5433183068214815
1165	1.5433183068214815
1166	1.5433183068214815
1167	2.06069420487752
1168	2.06069420487752
1169	2.06069420487752
1170	2.06069420487752
1171	1.3646903839201057
1172	1.3646903839201057
1173	1.3646903839201057
1174	1.3646903839201057
1175	2.4066201539580763
1176	2.4066201539580763
1177	2.4066201539580763
1178	2.4066201539580763
1179	2.247361408144312
1180	2.247361408144312
1181	2.247361408144312
1182	2.247361408144312
1183	1.7409696406549038
1184	1.7409696406549038
1185	1.7409696406549038
1186	1.7409696406549038
1187	1.4636764314001018
1188	1.4636764314001018
1189	1.4636764314001018
1190	1.4636764314001018
1191	0.9562707145797682
1192	0.9562707145797682
1193	0.9562707145797682
1194	0.9562707145797682
1195	1.5329356236556742
1196	1.5329356236556742
1197	1.5329356236556742
1198	1.5329356236556742
1199	1.4433242500384609
1200	1.4433242500384609
1201	1.4433242500384609
1202	1.4433242500384609
1203	1.8358964389510928
1204	1.8358964389510928
1205	1.8358964389510928
1206	1.8358964389510928
1207	2.693612340855792
1208	2.693612340855792
1209	2.693612340855792
1210	2.693612340855792
1211	1.1957252045171383
1212	1.1957252045171383
1213	1.1957252045171383
1214	1.1957252045171383
1215	2.925120186597986
1216	2.925120186597986
1217	2.925120186597986
1218	2.925120186597986
1219	1.9390844053860938
1220	1.9390844053860938
1221	1.9390844053860938
1222	1.9390844053860938
1223	1.4533271544242805
1224	1.4533271544242805
1225	1.4533271544242805
1226	1.4533271544242805
1227	1.8857982476150794
1228	1.8857982476150794
1229	1.8857982476150794
1230	1.8857982476150794
1231	1.5827580201716294
1232	1.5827580201716294
1233	1.5827580201716294
1234	1.5827580201716294
1235	1.611088168243538
1236	1.611088168243538
1237	1.611088168243538
1238	1.611088168243538
1239	1.8852617938312304
1240	1.8852617938312304
1241	1.8852617938312304
1242	1.8852617938312304
1243	2.4549148907671814
1244	2.4549148907671814
1245	2.4549148907671814
1246	2.4549148907671814
1247	1.6708498045677638
1248	1.6708498045677638
1249	1.6708498045677638
1250	1.6708498045677638
1251	1.499030422230648
1252	1.499030422230648
1253	1.499030422230648
1254	1.499030422230648
1255	1.3308096846991238
1256	1.3308096846991238
1257	1.3308096846991238
1258	1.3308096846991238
1259	2.7960777019701046
1260	2.7960777019701046
1261	2.7960777019701046
1262	2.7960777019701046
1263	2.1150104639007163
1264	2.1150104639007163
1265	2.1150104639007163
1266	2.1150104639007163
1267	2.746987303611595
1268	2.746987303611595
1269	2.746987303611595
1270	2.746987303611595
1271	1.461698777316396
1272	1.461698777316396
1273	1.461698777316396
1274	1.461698777316396
1275	1.2774361612288847
1276	1.2774361612288847
1277	1.2774361612288847
1278	1.2774361612288847
1279	2.5555113040188218
1280	2.5555113040188218
1281	2.5555113040188218
1282	2.5555113040188218
1283	1.8508110314386865
1284	1.8508110314386865
1285	1.8508110314386865
1286	1.8508110314386865
1287	1.4169473637981331
1288	1.4169473637981331
1289	1.4169473637981331
1290	1.4169473637981331
1291	2.0882515101319132
1292	2.0882515101319132
1293	2.0882515101319132
1294	2.0882515101319132
1295	1.9370244296292114
1296	1.9370244296292114
1297	1.9370244296292114
1298	1.9370244296292114
1299	0.6359577807984848
1300	0.6359577807984848
1301	0.6359577807984848
1302	0.6359577807984848
1303	0.42613192335679373
1304	0.42613192335679373
1305	0.42613192335679373
1306	0.42613192335679373
1307	0.8431861397607338
1308	0.8431861397607338
1309	0.8431861397607338
1310	0.8431861397607338
1311	1.7439594327644898
1312	1.7439594327644898
1313	1.7439594327644898
1314	1.7439594327644898
1315	0.39162925627985357
1316	0.39162925627985357
1317	0.39162925627985357
1318	0.39162925627985357
1319	0.3978858655516946
1320	0.3978858655516946
1321	0.3978858655516946
1322	0.3978858655516946
1323	0.5264798464630576
1324	0.5264798464630576
1325	0.5264798464630576
1326	0.5264798464630576
1327	1.5384940343747362
1328	1.5384940343747362
1329	1.5384940343747362
1330	1.5384940343747362
1331	2.0961240563026915
1332	2.0961240563026915
1333	2.0961240563026915
1334	2.0961240563026915
1335	1.4159184799487836
1336	1.4159184799487836
1337	1.4159184799487836
1338	1.4159184799487836
1339	2.3271249544284025
1340	2.3271249544284025
1341	2.3271249544284025
1342	2.3271249544284025
1343	0.4188501599007113
1344	0.4188501599007113
1345	0.4188501599007113
1346	0.4188501599007113
1347	2.1319450676252583
1348	2.1319450676252583
1349	2.1319450676252583
1350	2.1319450676252583
1351	1.6862179107654809
1352	1.6862179107654809
1353	1.6862179107654809
1354	1.6862179107654809
1355	1.4808993921156954
1356	1.4808993921156954
1357	1.4808993921156954
1358	1.4808993921156954
1359	1.765684149022174
1360	1.765684149022174
1361	1.765684149022174
1362	1.765684149022174
1363	0.8319253037846263
1364	0.8319253037846263
1365	0.8319253037846263
1366	0.8319253037846263
1367	1.9506171606499418
1368	1.9506171606499418
1369	1.9506171606499418
1370	1.9506171606499418
1371	1.6529297808820145
1372	1.6529297808820145
1373	1.6529297808820145
1374	1.6529297808820145
1375	0.19622464452910982
1376	0.19622464452910982
1377	0.19622464452910982
1378	0.19622464452910982
1379	2.1016669083804014
1380	2.1016669083804014
1381	2.1016669083804014
1382	1.376224548527892
1383	1.376224548527892
1384	1.376224548527892
1385	1.376224548527892
1386	1.3727959388819855
1387	1.3727959388819855
1388	1.3727959388819855
1389	1.3727959388819855
1390	2.8690151854136623
1391	2.8690151854136623
1392	2.8690151854136623
1393	2.8690151854136623
1394	2.0271204038461343
1395	2.0271204038461343
1396	2.0271204038461343
1397	2.0271204038461343
1398	3.351016475005025
1399	3.351016475005025
1400	3.351016475005025
1401	3.351016475005025
1402	2.267448623549028
1403	2.267448623549028
1404	2.267448623549028
1405	2.267448623549028
1406	1.815658708240196
1407	1.815658708240196
1408	1.815658708240196
1409	1.815658708240196
1410	1.7365999303918978
1411	1.7365999303918978
1412	1.7365999303918978
1413	1.7365999303918978
1414	2.1265796347208004
1415	2.1265796347208004
1416	2.1265796347208004
1417	2.1265796347208004
1418	2.8035774365348636
1419	2.8035774365348636
1420	2.8035774365348636
1421	2.8035774365348636
1422	2.400580030525459
1423	2.400580030525459
1424	2.400580030525459
1425	2.400580030525459
1426	2.8304008436769257
1427	2.8304008436769257
1428	2.8304008436769257
1429	2.8304008436769257
1430	2.773527777066509
1431	2.773527777066509
1432	2.773527777066509
1433	2.773527777066509
1434	3.011688650344012
1435	3.011688650344012
1436	3.011688650344012
1437	3.011688650344012
1438	2.480191617227516
1439	2.480191617227516
1440	2.480191617227516
1441	2.480191617227516
1442	1.9410740218244653
1443	1.9410740218244653
1444	1.9410740218244653
1445	1.9410740218244653
1446	1.5533037728525045
1447	1.5533037728525045
1448	1.5533037728525045
1449	1.5533037728525045
1450	1.7903900996937598
1451	1.7903900996937598
1452	1.7903900996937598
1453	1.7903900996937598
1454	2.1965726528730474
1455	2.1965726528730474
1456	2.1965726528730474
1457	2.1965726528730474
1458	1.9604241100977347
1459	1.9604241100977347
1460	1.9604241100977347
1461	1.9604241100977347
1462	1.2793473478463482
1463	1.2793473478463482
1464	1.2793473478463482
1465	1.2793473478463482
1466	3.019745572789221
1467	3.019745572789221
1468	3.019745572789221
1469	3.019745572789221
1470	1.7476691593415514
1471	1.7476691593415514
1472	1.7476691593415514
1473	1.7476691593415514
1474	1.9444636881968116
1475	1.9444636881968116
1476	1.9444636881968116
1477	1.9444636881968116
1478	2.203557973970641
1479	2.203557973970641
1480	2.203557973970641
1481	2.203557973970641
1482	2.142499088411485
1483	0.9742971786542629
1484	0.9742971786542629
1485	0.9742971786542629
1486	0.9742971786542629
1487	0.9381223082825703
1488	0.9381223082825703
1489	0.9381223082825703
1490	0.9381223082825703
1491	1.5956707011470164
1492	1.5956707011470164
1493	1.5956707011470164
1494	1.5956707011470164
1495	0.9438517582933774
1496	0.9438517582933774
1497	0.9438517582933774
1498	0.9438517582933774
1499	1.8032123278711398
1500	1.8032123278711398
1501	1.8032123278711398
1502	1.8032123278711398
1503	0.49433722630403876
1504	0.49433722630403876
1505	0.49433722630403876
1506	0.49433722630403876
1507	0.7468596161396456
1508	0.7468596161396456
1509	0.7468596161396456
1510	0.7468596161396456
1511	1.4399151161196924
1512	1.4399151161196924
1513	1.4399151161196924
1514	1.4399151161196924
1515	0.8159797868510223
1516	0.8159797868510223
1517	0.8159797868510223
1518	0.8159797868510223
1519	0.1
1520	0.1862723736963905
1521	0.1862723736963905
1522	0.1862723736963905
1523	0.1862723736963905
1524	0.11904433715047004
1525	0.11904433715047004
1526	0.11904433715047004
1527	0.11904433715047004
1528	0.19738229659630557
1529	0.19738229659630557
1530	0.19738229659630557
1531	0.19738229659630557
1532	0.12734508239607406
1533	0.12734508239607406
1534	0.12734508239607406
1535	0.12734508239607406
1536	0.20395322513194084
1537	0.20395322513194084
1538	0.20395322513194084
1539	0.20395322513194084
1540	0.2536654487960985
1541	0.2536654487960985
1542	0.2536654487960985
1543	0.2536654487960985
1544	0.22257002595783285
1545	0.22257002595783285
1546	0.22257002595783285
1547	0.22257002595783285
1548	0.2908493440692342
1549	0.2908493440692342
1550	0.2908493440692342
1551	0.2908493440692342
1552	0.19626496184090422
1553	0.19626496184090422
1554	0.19626496184090422
1555	0.19626496184090422
1556	0.1653692161279502
1557	0.1653692161279502
1558	0.1653692161279502
1559	0.1653692161279502
1560	0.361845979555304
1561	0.361845979555304
1562	0.361845979555304
1563	0.361845979555304
1564	0.2659271323906174
1565	0.2659271323906174
1566	0.2659271323906174
1567	0.2659271323906174
1568	0.1
1569	0.1
1570	0.1
1571	0.1
1572	0.2399085252954598
1573	0.2399085252954598
1574	0.2399085252954598
1575	0.2399085252954598
1576	0.236476234677634
1577	0.236476234677634
1578	0.236476234677634
1579	0.236476234677634
1580	0.148137876697365
1581	0.148137876697365
1582	0.148137876697365
1583	0.148137876697365
1584	0.2039575967345808
1585	0.2039575967345808
1586	0.2039575967345808
1587	0.2039575967345808
1588	0.13555438302129974
1589	0.13555438302129974
1590	0.13555438302129974
1591	0.13555438302129974
1592	0.2001450711716418
1593	0.2001450711716418
1594	0.2001450711716418
1595	0.2001450711716418
1596	0.25384046975037394
1597	0.25384046975037394
1598	0.25384046975037394
1599	0.25384046975037394
1600	0.18281155700656698
1601	0.18281155700656698
1602	0.18281155700656698
1603	0.18281155700656698
1604	0.21379798502807643
1605	0.21379798502807643
1606	0.21379798502807643
1607	0.21379798502807643
1608	0.21528977158279222
1609	0.21528977158279222
1610	0.21528977158279222
1611	0.21528977158279222
1612	0.15730910646310886
1613	0.15730910646310886
1614	0.15730910646310886
1615	0.15730910646310886
1616	0.14395629594742312
1617	0.14395629594742312
1618	0.14395629594742312
1619	0.14395629594742312
1620	0.25258653398590425
1621	0.25258653398590425
1622	0.25258653398590425
1623	0.25258653398590425
1624	0.19547986305004572
1625	0.19547986305004572
1626	0.19547986305004572
1627	0.19547986305004572
1628	0.2709872010638931
1629	0.2709872010638931
1630	0.2709872010638931
1631	0.2709872010638931
1632	0.20926902659792193
1633	0.20926902659792193
1634	0.20926902659792193
1635	0.20926902659792193
1636	0.1843049715781486
1637	0.1843049715781486
1638	0.1843049715781486
1639	0.1843049715781486
1640	0.27249357163710075
1641	0.27249357163710075
1642	0.27249357163710075
1643	0.27249357163710075
1644	0.3708718271235625
1645	0.3708718271235625
1646	0.3708718271235625
1647	0.3708718271235625
1648	0.15282410238139768
1649	0.15282410238139768
1650	0.15282410238139768
1651	0.15282410238139768
1652	0.20111547834984933
1653	0.20111547834984933
1654	0.20111547834984933
1655	0.20111547834984933
1656	0.2397318140376959
1657	0.2397318140376959
1658	0.2397318140376959
1659	0.2397318140376959
1660	0.29244743282451835
1661	0.29244743282451835
1662	0.29244743282451835
1663	0.29244743282451835
1664	0.2648162778831922
1665	0.2648162778831922
1666	0.2648162778831922
1667	0.2648162778831922
1668	0.13324758336673587
1669	0.13324758336673587
1670	0.13324758336673587
1671	0.13324758336673587
1672	0.1727210079792154
1673	0.1727210079792154
1674	0.1727210079792154
1675	0.1727210079792154
1676	0.17477605887489903
1677	0.17477605887489903
1678	0.17477605887489903
1679	0.17477605887489903
1680	0.23251821619537003
1681	0.23251821619537003
1682	0.23251821619537003
1683	0.23251821619537003
1684	0.10267692413976616
1685	0.10267692413976616
1686	0.10267692413976616
1687	0.10267692413976616
1688	0.1
1689	0.1
1690	0.1
1691	0.1
1692	0.14993568383580097
1693	0.14993568383580097
1694	0.14993568383580097
1695	0.14993568383580097
1696	0.34340064417561494
1697	0.34340064417561494
1698	0.34340064417561494
1699	0.34340064417561494
1700	0.3430198982637369
1701	0.3430198982637369
1702	0.3430198982637369
1703	0.3430198982637369
1704	0.1598653543150913
1705	0.1598653543150913
1706	0.1598653543150913
1707	0.1598653543150913
1708	0.1518641811523385
1709	0.1518641811523385
1710	0.1518641811523385
1711	0.1518641811523385
1712	0.21040321204445286
1713	0.21040321204445286
1714	0.21040321204445286
1715	0.21040321204445286
1716	0.11160881268923303
1717	0.11160881268923303
1718	0.11160881268923303
1719	0.11160881268923303
1720	0.31891837348707963
1721	0.31891837348707963
1722	0.31891837348707963
1723	0.31891837348707963
1724	0.2356188742851667
1725	0.2356188742851667
1726	0.2356188742851667
1727	0.2356188742851667
1728	0.1689210264657657
1729	0.1689210264657657
1730	0.1689210264657657
1731	0.1689210264657657
1732	0.21490702557553612
1733	0.21490702557553612
1734	0.21490702557553612
1735	0.21490702557553612
1736	0.10870832573018856
1737	0.10870832573018856
1738	0.10870832573018856
1739	0.10870832573018856
1740	0.2393268086689476
1741	0.2393268086689476
1742	0.2393268086689476
1743	0.2393268086689476
1744	0.31127720493732774
1745	0.31127720493732774
1746	0.31127720493732774
1747	0.31127720493732774
1748	0.17552403151971407
1749	0.17552403151971407
1750	0.5201084853679041
1751	0.5201084853679041
1752	0.5201084853679041
1753	0.5201084853679041
1754	2.1004725183393
1755	2.5341218846835734
1756	2.5341218846835734
1757	2.5341218846835734
1758	2.5341218846835734
1759	3.703442281545274
1760	3.703442281545274
1761	3.703442281545274
1762	3.703442281545274
1763	4.280614043914854
1764	4.280614043914854
1765	4.280614043914854
1766	4.280614043914854
1767	3.252345811428555
1768	3.252345811428555
1769	3.252345811428555
1770	3.252345811428555
1771	1.830676765908243
1772	1.830676765908243
1773	1.830676765908243
1774	1.830676765908243
1775	1.1923808901076778
1776	1.1923808901076778
1777	1.1923808901076778
1778	1.1923808901076778
1779	4.812681540546085
1780	4.812681540546085
1781	4.812681540546085
1782	4.812681540546085
1783	5.238334131252984
1784	5.238334131252984
1785	5.238334131252984
1786	5.238334131252984
1787	3.5313089205558286
1788	3.5313089205558286
1789	3.5313089205558286
1790	3.5313089205558286
1791	4.683671547107405
1792	4.683671547107405
1793	4.683671547107405
1794	4.683671547107405
1795	2.34805013675431
1796	2.34805013675431
1797	2.34805013675431
1798	2.34805013675431
1799	5.21240129675294
1800	5.21240129675294
1801	5.21240129675294
1802	5.21240129675294
1803	2.7090303297704743
1804	2.7090303297704743
1805	2.7090303297704743
1806	2.7090303297704743
1807	1.3328516048986745
1808	1.3328516048986745
1809	1.3328516048986745
1810	1.3328516048986745
1811	4.33976619448497
1812	4.33976619448497
1813	4.33976619448497
1814	4.33976619448497
1815	3.70003297252637
1816	3.70003297252637
1817	3.70003297252637
1818	3.70003297252637
1819	4.031443193818373
1820	4.031443193818373
1821	4.031443193818373
1822	4.031443193818373
1823	2.334393056699808
1824	2.334393056699808
1825	2.334393056699808
1826	2.334393056699808
1827	2.515465147806559
1828	2.515465147806559
1829	2.515465147806559
1830	2.515465147806559
1831	4.074601717156969
1832	4.074601717156969
1833	4.074601717156969
1834	4.074601717156969
1835	1.7392935820223014
1836	1.7392935820223014
1837	1.7392935820223014
1838	1.7392935820223014
1839	0.7838750499835907
1840	0.7838750499835907
1841	0.7838750499835907
1842	0.7838750499835907
1843	2.164667825122136
1844	2.164667825122136
1845	2.164667825122136
1846	2.164667825122136
1847	4.8478581036440005
1848	4.8478581036440005
1849	4.8478581036440005
1850	4.119176343099333
1851	4.119176343099333
1852	4.119176343099333
1853	4.119176343099333
1854	4.196750275349276
1855	4.196750275349276
1856	4.196750275349276
1857	1.0837732581928754
1858	1.0837732581928754
1859	1.0837732581928754
1860	1.0837732581928754
1861	0.8553257781763053
1862	0.8553257781763053
1863	0.8553257781763053
1864	0.8553257781763053
1865	0.3802633611821901
1866	0.3802633611821901
1867	0.3802633611821901
1868	0.3802633611821901
1869	0.7269809352516515
1870	0.7269809352516515
1871	0.7269809352516515
1872	0.7269809352516515
1873	0.18105818377204125
1874	0.18105818377204125
1875	0.18105818377204125
1876	0.18105818377204125
1877	1.0246139952619857
1878	1.0246139952619857
1879	1.0246139952619857
1880	1.0246139952619857
1881	0.5111751969488683
1882	0.5111751969488683
1883	0.5111751969488683
1884	0.5111751969488683
1885	0.5521334442686011
1886	0.5521334442686011
1887	0.5521334442686011
1888	0.5521334442686011
1889	0.46174591164539686
1890	0.46174591164539686
1891	0.46174591164539686
1892	0.46174591164539686
1893	0.1
1894	0.1
1895	0.1
1896	0.1
1897	0.48943732165924725
1898	0.48943732165924725
1899	0.48943732165924725
1900	0.48943732165924725
1901	1.1832701598508586
1902	1.1832701598508586
1903	1.1832701598508586
1904	1.1832701598508586
1905	0.6298098719253005
1906	0.6298098719253005
1907	0.6298098719253005
1908	0.6298098719253005
1909	0.681392083438261
1910	0.681392083438261
1911	0.681392083438261
1912	0.681392083438261
1913	0.1076617476545122
1914	0.1076617476545122
1915	0.1076617476545122
1916	0.1076617476545122
1917	0.6475834454409927
1918	0.6475834454409927
1919	0.6475834454409927
1920	0.6475834454409927
1921	0.7058433709979998
1922	0.7058433709979998
1923	0.7058433709979998
1924	0.7058433709979998
1925	0.8035540594266575
1926	0.8035540594266575
1927	0.8035540594266575
1928	0.8035540594266575
1929	0.7677762431923133
1930	0.7677762431923133
1931	0.7677762431923133
1932	0.7677762431923133
1933	0.6761972107218269
1934	0.6761972107218269
1935	0.6761972107218269
1936	0.6761972107218269
1937	0.38683388558434695
1938	0.38683388558434695
1939	0.38683388558434695
1940	0.38683388558434695
1941	0.4802009497817677
1942	0.4802009497817677
1943	0.4802009497817677
1944	0.4802009497817677
1945	0.8544041543045906
1946	0.8544041543045906
1947	0.8544041543045906
1948	0.8544041543045906
1949	0.3197787950024482
1950	0.3197787950024482
1951	0.3197787950024482
1952	0.3197787950024482
1953	0.5429614048155829
1954	0.5429614048155829
1955	0.5429614048155829
1956	0.5429614048155829
1957	0.6008483822723789
1958	0.6008483822723789
1959	0.6008483822723789
1960	0.6008483822723789
1961	0.7749161134752257
1962	0.7749161134752257
1963	0.7749161134752257
1964	0.7749161134752257
1965	0.6756231464074012
1966	0.6756231464074012
1967	0.6756231464074012
1968	0.6756231464074012
1969	0.7471922600194472
1970	0.7471922600194472
1971	0.7471922600194472
1972	0.7471922600194472
1973	0.7673450419572521
1974	0.7673450419572521
1975	0.7673450419572521
1976	0.7673450419572521
1977	0.49695534649676654
1978	0.49695534649676654
1979	0.49695534649676654
1980	0.49695534649676654
1981	0.5966278355721248
1982	0.5966278355721248
1983	0.5966278355721248
1984	0.5966278355721248
1985	1.0319485606039183
1986	1.0319485606039183
1987	1.0319485606039183
1988	1.0319485606039183
1989	0.7632733854382706
1990	0.7632733854382706
1991	0.7632733854382706
1992	0.7632733854382706
1993	0.7816598776635826
1994	0.7816598776635826
1995	0.7816598776635826
1996	0.7816598776635826
1997	0.7209480386829409
1998	0.7209480386829409
1999	0.7209480386829409
