0	3.3248166304682143
1	3.3248166304682143
2	3.6457299849837512
3	3.6457299849837512
4	3.514084857970517
5	3.514084857970517
6	3.318036100636088
7	3.318036100636088
8	3.814166579005987
9	3.814166579005987
10	3.146313337333141
11	3.146313337333141
12	4.0645941489543205
13	4.0645941489543205
14	3.1382369676883544
15	3.1382369676883544
16	3.645196263367314
17	3.645196263367314
18	2.832306458861393
19	2.832306458861393
20	3.213695740222886
21	3.213695740222886
22	3.3158795749460253
23	3.3158795749460253
24	3.405116757497699
25	3.405116757497699
26	3.4523005324550966
27	3.4523005324550966
28	3.6627985456376058
29	3.6627985456376058
30	3.9327581586236677
31	3.9327581586236677
32	4.0338046671352705
33	4.0338046671352705
34	3.667116513624527
35	3.667116513624527
36	3.1238372036109143
37	3.1238372036109143
38	3.314411128974372
39	3.314411128974372
40	3.758851869524829
41	3.758851869524829
42	3.3918304340394236
43	3.3918304340394236
44	3.7834149774725594
45	3.7834149774725594
46	3.508759146192366
47	3.508759146192366
48	3.6689149458546306
49	3.6689149458546306
50	3.5310393136579186
51	3.5310393136579186
52	3.2999908855498292
53	3.2999908855498292
54	3.280257927139711
55	2.42585201334655
56	2.42585201334655
57	2.010102470394214
58	2.010102470394214
59	1.8144099927725983
60	1.8144099927725983
61	1.8886460113693255
62	1.8886460113693255
63	1.8958912422024736
64	1.8958912422024736
65	1.9124449557433345
66	1.9124449557433345
67	1.947594792935977
68	1.947594792935977
69	1.8851976398682202
70	1.8851976398682202
71	2.0502599143542
72	2.0502599143542
73	2.3290833331122665
74	2.3290833331122665
75	2.0916681717916825
76	2.0916681717916825
77	2.1168323899711003
78	2.1168323899711003
79	1.912646600516901
80	1.912646600516901
81	1.8638746222840537
82	1.8638746222840537
83	1.6644860660809102
84	1.6644860660809102
85	2.274507863429416
86	2.274507863429416
87	1.8457664441772317
88	1.8457664441772317
89	2.00489018297893
90	2.00489018297893
91	1.7071810730816874
92	1.7071810730816874
93	2.1217687320552088
94	2.1217687320552088
95	1.9293770570493733
96	1.9293770570493733
97	2.043258071901179
98	2.043258071901179
99	1.7941644972247661
100	1.7941644972247661
101	2.257986141538158
102	2.257986141538158
103	2.2171800358348595
104	2.2171800358348595
105	2.1038847776956926
106	2.1038847776956926
107	2.2631466412756005
108	2.2631466412756005
109	2.0428049388105975
110	2.0428049388105975
111	2.367971398135818
112	2.367971398135818
113	2.1758772343766015
114	2.1758772343766015
115	2.1058030485660644
116	2.1058030485660644
117	2.2191495462025768
118	2.2191495462025768
119	2.3991295113218
120	2.3991295113218
121	1.7696907501586292
122	1.7696907501586292
123	1.4376131981410303
124	1.4376131981410303
125	2.328320725332033
126	2.328320725332033
127	1.9180717466014086
128	1.9180717466014086
129	2.1823247768598963
130	2.1823247768598963
131	1.9617044150071243
132	1.9617044150071243
133	2.078037368495011
134	2.078037368495011
135	1.8315137849994252
136	1.8315137849994252
137	2.0855906100508017
138	2.0855906100508017
139	1.9083960225089476
140	1.9083960225089476
141	2.1684883758065916
142	2.1684883758065916
143	2.1283890547825535
144	2.1283890547825535
145	2.2531482343888314
146	2.2531482343888314
147	1.977491421974606
148	1.977491421974606
149	2.071072399330692
150	2.071072399330692
151	2.0487980334189038
152	2.0487980334189038
153	2.1030327321516644
154	2.1030327321516644
155	1.8588795189856453
156	1.8588795189856453
157	1.7374206717598595
158	1.7374206717598595
159	1.998674289466725
160	1.998674289466725
161	2.0031911572892227
162	2.0031911572892227
163	1.9548053358421644
164	1.9548053358421644
165	2.010758274036103
166	2.010758274036103
167	2.114434313227842
168	2.114434313227842
169	2.410618165845298
170	2.410618165845298
171	1.6346505912575533
172	1.6346505912575533
173	2.0791438207976647
174	2.0791438207976647
175	2.2508518083591462
176	2.2508518083591462
177	1.6317646333187712
178	1.6317646333187712
179	1.672286775564624
180	1.672286775564624
181	1.9735535245929752
182	1.9735535245929752
183	2.1338946694076126
184	2.1338946694076126
185	2.0346839502776306
186	2.0346839502776306
187	2.348015630910828
188	2.348015630910828
189	1.9411373421863678
190	1.9411373421863678
191	2.207443846670243
192	2.207443846670243
193	1.9772845678779318
194	1.9772845678779318
195	2.160593045188728
196	2.160593045188728
197	2.229591225873956
198	2.229591225873956
199	2.1802799561398754
200	2.1802799561398754
201	2.0370443921344
202	2.0370443921344
203	1.9838219718967258
204	1.9838219718967258
205	2.093229249482512
206	2.093229249482512
207	2.1194054258123214
208	2.1194054258123214
209	2.1326698750496913
210	2.1326698750496913
211	2.023253403996304
212	2.023253403996304
213	1.869148280754442
214	1.869148280754442
215	2.202398513551483
216	2.202398513551483
217	2.326311396078967
218	2.326311396078967
219	2.2200312927639203
220	2.2200312927639203
221	2.003083843333375
222	2.003083843333375
223	2.0439346984454825
224	2.0439346984454825
225	1.841602814906065
226	1.841602814906065
227	2.0971624290497526
228	2.0971624290497526
229	2.143702098418221
230	2.143702098418221
231	2.0503484693114817
232	2.0503484693114817
233	2.1057141908197843
234	2.1057141908197843
235	2.094618845462516
236	2.094618845462516
237	2.290645609150536
238	2.290645609150536
239	1.6878265290032717
240	1.6878265290032717
241	1.7822184864844037
242	1.7822184864844037
243	1.8060954608519857
244	1.8060954608519857
245	2.0538053715085036
246	2.0538053715085036
247	1.9250208572301863
248	1.9250208572301863
249	2.0320104474245593
250	2.0320104474245593
251	1.7991650204875391
252	1.7991650204875391
253	1.907362441997414
254	1.907362441997414
255	2.2581795065120733
256	2.2581795065120733
257	1.8919891534489846
258	1.8919891534489846
259	1.698028016100741
260	1.698028016100741
261	2.278140142571665
262	2.278140142571665
263	2.301133984326857
264	2.301133984326857
265	1.914487590563176
266	1.914487590563176
267	1.8738037660727012
268	1.8738037660727012
269	1.9390941609294559
270	1.9390941609294559
271	2.2169724563797515
272	2.2169724563797515
273	2.226487759423808
274	2.226487759423808
275	2.051732154822219
276	2.051732154822219
277	1.9344977752965007
278	1.9344977752965007
279	1.8138368636117603
280	1.8138368636117603
281	2.2076723044275792
282	2.2076723044275792
283	2.299265772808023
284	2.299265772808023
285	2.0378724287872125
286	2.0378724287872125
287	2.3083614394540746
288	2.3083614394540746
289	1.994285905922767
290	1.994285905922767
291	1.944337027714723
292	1.944337027714723
293	1.8352934041109328
294	1.8352934041109328
295	1.9710052933479294
296	1.9710052933479294
297	2.100386889802547
298	2.100386889802547
299	1.9973848951578062
300	1.9973848951578062
301	1.9523833963777324
302	1.9523833963777324
303	2.080404020142473
304	2.080404020142473
305	1.5465456118170366
306	1.5465456118170366
307	1.899309720504916
308	1.899309720504916
309	2.0637087400499325
310	2.0637087400499325
311	2.244987562417944
312	2.244987562417944
313	1.636353959064697
314	1.636353959064697
315	2.353393714566912
316	2.353393714566912
317	1.9421612176827365
318	1.9421612176827365
319	2.159436069237724
320	2.159436069237724
321	2.3998278168350975
322	2.3998278168350975
323	2.006203173434894
324	2.006203173434894
325	1.8552507452410483
326	1.8552507452410483
327	2.119607015893436
328	2.119607015893436
329	2.122985850110229
330	2.122985850110229
331	1.7335097819741658
332	1.7335097819741658
333	1.9981754009393797
334	1.9981754009393797
335	2.171714101505485
336	2.171714101505485
337	2.225364140570394
338	2.225364140570394
339	2.3261539187944407
340	2.3261539187944407
341	1.8669597323888738
342	1.8669597323888738
343	1.7851817646226893
344	1.7851817646226893
345	1.74182614146619
346	1.74182614146619
347	2.565901304391011
348	2.565901304391011
349	1.935442239518396
350	1.935442239518396
351	1.762610997852375
352	1.762610997852375
353	2.1042039748827146
354	2.1042039748827146
355	1.870671378155529
356	1.870671378155529
357	2.200167220329881
358	2.200167220329881
359	1.7626224720697121
360	1.7626224720697121
361	1.9077930886522125
362	1.9077930886522125
363	1.6647002544626577
364	1.6647002544626577
365	1.9201760009184663
366	1.9201760009184663
367	2.3327113244383395
368	2.3327113244383395
369	2.283992949159203
370	2.283992949159203
371	2.197892896980764
372	2.197892896980764
373	1.5933448220640498
374	1.5933448220640498
375	2.3634140801731567
376	2.3634140801731567
377	2.026324464558385
378	2.026324464558385
379	2.0650509607597636
380	2.0650509607597636
381	2.1192335179147186
382	2.1192335179147186
383	1.9959310353139317
384	1.9959310353139317
385	2.0588846380078367
386	2.0588846380078367
387	2.051831578057318
388	2.051831578057318
389	1.8234273298264003
390	1.8234273298264003
391	2.01294376767744
392	2.01294376767744
393	1.648984735947458
394	1.648984735947458
395	1.6150049635206605
396	1.6150049635206605
397	2.0297924252003585
398	2.0297924252003585
399	2.224703044527243
400	2.224703044527243
401	2.0161502951077357
402	2.0161502951077357
403	1.8281190315411702
404	1.8281190315411702
405	1.9910686113549327
406	1.9910686113549327
407	2.385846474431699
408	2.385846474431699
409	2.1203576719077426
410	2.1203576719077426
411	2.209435176568702
412	2.209435176568702
413	2.390101568887091
414	2.390101568887091
415	2.3610577773472743
416	2.3610577773472743
417	2.229820809832106
418	2.229820809832106
419	2.543693892957889
420	2.543693892957889
421	2.2587526850860025
422	2.2587526850860025
423	2.4807711708490605
424	2.4807711708490605
425	1.9884818801152369
426	1.9884818801152369
427	1.9041106814141981
428	1.9041106814141981
429	2.091789569369879
430	2.091789569369879
431	2.857102261567475
432	2.857102261567475
433	2.609188439791456
434	2.609188439791456
435	2.1342439887084352
436	1.2213204646290416
437	1.2213204646290416
438	1.5159166693560822
439	1.5159166693560822
440	1.3345674235995117
441	1.3345674235995117
442	1.5030343000137047
443	1.5030343000137047
444	1.3402370199754148
445	1.3402370199754148
446	1.6437036806020393
447	1.6437036806020393
448	1.5219310290532886
449	1.5219310290532886
450	1.6373507950273085
451	1.6373507950273085
452	1.576058185281718
453	1.1611509859460452
454	1.1611509859460452
455	1.3002975039068096
456	1.3002975039068096
457	0.7032461639485406
458	0.7032461639485406
459	1.1901621120580796
460	1.1901621120580796
461	0.9747051737079577
462	0.9747051737079577
463	1.129298634687691
464	1.129298634687691
465	1.173700033947127
466	1.173700033947127
467	1.1634594894358385
468	1.1634594894358385
469	1.1398039441032133
470	1.1398039441032133
471	1.1401831383390042
472	1.1401831383390042
473	1.144536531629844
474	1.144536531629844
475	1.0582788808670773
476	1.0582788808670773
477	1.0350321123840092
478	1.0350321123840092
479	1.1902222941473501
480	1.1902222941473501
481	1.1232662146405914
482	1.1232662146405914
483	1.1760109385551178
484	1.1760109385551178
485	0.93627575187011
486	0.93627575187011
487	0.9186555010159235
488	0.9186555010159235
489	1.0155997189263646
490	1.0155997189263646
491	1.2201585874052627
492	1.2201585874052627
493	1.1753471983352546
494	1.1753471983352546
495	0.9615726276602092
496	0.9615726276602092
497	0.9778671349511482
498	0.9778671349511482
499	0.9281180234678341
500	0.9281180234678341
501	1.0858036784929008
502	1.0858036784929008
503	1.1756799437766796
504	1.1756799437766796
505	1.0307508027242587
506	1.0307508027242587
507	1.2672146736408394
508	1.2672146736408394
509	1.0335605274260395
510	1.0335605274260395
511	1.0589118622836757
512	1.0589118622836757
513	1.2027636959275771
514	1.2027636959275771
515	1.2107777020710087
516	1.2107777020710087
517	1.0699511317565866
518	1.0699511317565866
519	1.1561050961202333
520	1.1561050961202333
521	1.0946971321407597
522	1.0946971321407597
523	0.9283851988663645
524	0.9283851988663645
525	1.1593838763954074
526	1.1593838763954074
527	0.8678050738001492
528	0.8678050738001492
529	1.2367669673839088
530	1.2367669673839088
531	1.13340520750943
532	1.13340520750943
533	1.2870498858557051
534	1.2870498858557051
535	1.0871772854491775
536	1.0871772854491775
537	1.171988462582122
538	1.171988462582122
539	1.0645919609821588
540	1.0645919609821588
541	1.0166224317181922
542	1.0166224317181922
543	1.267604123783077
544	1.267604123783077
545	1.0410552031036566
546	1.0410552031036566
547	0.977078048575795
548	0.977078048575795
549	0.9926508830092674
550	0.9926508830092674
551	0.8418407653048203
552	0.8418407653048203
553	1.142824481280518
554	1.142824481280518
555	1.1593828792253014
556	1.1593828792253014
557	0.9319280265118342
558	0.9319280265118342
559	0.8142949302142742
560	0.8142949302142742
561	1.0307038437201812
562	1.0307038437201812
563	1.0378655859453216
564	1.0378655859453216
565	1.171164262416535
566	1.171164262416535
567	1.2608341393837945
568	1.2608341393837945
569	1.1235448860467565
570	1.1235448860467565
571	1.0729401610849971
572	1.0729401610849971
573	1.339235447749597
574	1.339235447749597
575	1.331733398346027
576	1.331733398346027
577	1.1595709887702366
578	1.1595709887702366
579	1.2683163211699289
580	1.2683163211699289
581	1.283990639453108
582	1.283990639453108
583	1.130332574358662
584	1.130332574358662
585	1.066934114184844
586	1.066934114184844
587	1.095236515231225
588	1.095236515231225
589	1.0689320395254005
590	1.0689320395254005
591	0.8765875174752478
592	0.8765875174752478
593	1.239339560186333
594	1.239339560186333
595	1.2427153846700183
596	1.2427153846700183
597	1.2189598190120232
598	1.2189598190120232
599	1.0520618858287647
600	1.0520618858287647
601	1.244756969586171
602	1.244756969586171
603	0.9180276531201635
604	0.9180276531201635
605	0.9643622993386203
606	0.9643622993386203
607	1.104322582329765
608	1.104322582329765
609	1.1503080638309109
610	1.1503080638309109
611	0.8060584323419049
612	0.8060584323419049
613	1.2030199639426602
614	1.2030199639426602
615	1.0202581252002954
616	1.0202581252002954
617	1.072874039278256
618	1.072874039278256
619	1.1120007878933529
620	1.1120007878933529
621	1.0433960650512588
622	1.0433960650512588
623	1.2442435697269254
624	1.2442435697269254
625	1.0806902096474964
626	1.0806902096474964
627	1.1217025541928962
628	1.1217025541928962
629	1.1812599317695873
630	1.1812599317695873
631	0.9262033683435253
632	0.9262033683435253
633	1.2291999352250251
634	1.2291999352250251
635	1.2292371756033031
636	1.2292371756033031
637	1.073496145562656
638	1.073496145562656
639	1.0448302717035622
640	2.242408840896017
641	2.242408840896017
642	2.4857535942967997
643	2.4857535942967997
644	2.895190798741908
645	2.895190798741908
646	2.822776076536052
647	2.822776076536052
648	2.2924755939800354
649	2.2924755939800354
650	2.684376884485604
651	2.684376884485604
652	3.1873725084914466
653	3.1873725084914466
654	2.824643056547068
655	2.824643056547068
656	3.0999975500078323
657	3.0999975500078323
658	3.28012280391201
659	3.28012280391201
660	2.1404933994224
661	2.1404933994224
662	3.528293053561356
663	3.528293053561356
664	3.036789685175454
665	3.036789685175454
666	2.7713253585297544
667	2.7713253585297544
668	2.883095686462232
669	2.883095686462232
670	2.6048408345919807
671	2.6048408345919807
672	3.0327751170498383
673	3.0327751170498383
674	2.694320746181726
675	2.694320746181726
676	2.938352944791421
677	2.938352944791421
678	2.870192992908864
679	2.870192992908864
680	2.7517278791512987
681	2.7517278791512987
682	2.8676442563285747
683	2.8676442563285747
684	3.024805012721254
685	3.024805012721254
686	3.2471538228489107
687	3.2471538228489107
688	3.231471779916894
689	3.231471779916894
690	2.617249163672025
691	2.617249163672025
692	3.2182876644915126
693	3.2182876644915126
694	3.29262792557409
695	3.29262792557409
696	2.6786334603185393
697	2.6786334603185393
698	2.7607083765156775
699	2.7607083765156775
700	2.90601612488699
701	2.90601612488699
702	3.2084155777577856
703	3.2084155777577856
704	2.9600315412023535
705	2.9600315412023535
706	3.385380997452065
707	3.385380997452065
708	3.571939947417697
709	3.571939947417697
710	2.696494110040597
711	2.696494110040597
712	2.963382017115776
713	2.963382017115776
714	3.474821248357501
715	3.474821248357501
716	2.766146251974039
717	2.766146251974039
718	2.696286655666436
719	2.696286655666436
720	3.2074069259879763
721	3.2074069259879763
722	3.231231265003404
723	3.231231265003404
724	2.790427566176156
725	2.790427566176156
726	2.3435459617484975
727	2.3435459617484975
728	2.5276480416714984
729	2.5276480416714984
730	0.6473465344259237
731	3.268765536760226
732	3.268765536760226
733	3.163941360797018
734	3.163941360797018
735	3.099946129308538
736	3.099946129308538
737	2.5757862204889745
738	2.5757862204889745
739	2.5683285440350154
740	2.5683285440350154
741	2.7872946141342343
742	2.7872946141342343
743	2.6926712664761623
744	2.6926712664761623
745	3.3575659469257952
746	3.3575659469257952
747	2.7567655633880173
748	2.7567655633880173
749	2.8822736108836886
750	2.8822736108836886
751	1.6229073553365378
752	1.6229073553365378
753	1.7979276001514752
754	1.7979276001514752
755	1.941803943840362
756	1.941803943840362
757	1.8217003703668877
758	1.8217003703668877
759	2.127600510128165
760	2.127600510128165
761	2.4505803879229435
762	2.4505803879229435
763	1.8606913638819467
764	1.8606913638819467
765	1.8811381506235756
766	1.8811381506235756
767	1.8408435255891828
768	1.8408435255891828
769	1.8389051901384332
770	1.8389051901384332
771	2.049692508636048
772	2.049692508636048
773	1.9204778760021672
774	1.9204778760021672
775	1.85008138287363
776	1.85008138287363
777	1.631988793116157
778	1.631988793116157
779	2.0069095283071303
780	2.0069095283071303
781	1.8562987328654028
782	1.8562987328654028
783	1.9743476969521294
784	1.9743476969521294
785	2.0687366324405656
786	2.0687366324405656
787	1.8794013824050984
788	1.8794013824050984
789	2.1140935499015665
790	2.1140935499015665
791	1.8928856972706276
792	1.8928856972706276
793	2.213830528095161
794	2.213830528095161
795	2.1592359328217476
796	2.1592359328217476
797	2.183960432937681
798	2.183960432937681
799	2.0370754289072543
800	2.0370754289072543
801	1.8784222318370345
802	1.8784222318370345
803	2.144847550181935
804	2.144847550181935
805	2.058799024552447
806	2.058799024552447
807	2.058183967194936
808	2.058183967194936
809	2.0605470334751264
810	2.0605470334751264
811	2.544858239370791
812	2.544858239370791
813	1.827009615669623
814	1.827009615669623
815	2.2314168494556355
816	2.2314168494556355
817	2.35718878343704
818	2.35718878343704
819	1.7845023278947127
820	1.7845023278947127
821	2.1646488868886995
822	2.1646488868886995
823	1.9152333082014188
824	1.9152333082014188
825	2.09617287673571
826	2.09617287673571
827	1.9839366946947148
828	1.9839366946947148
829	2.245607016713195
830	2.245607016713195
831	1.9338471740859278
832	1.9338471740859278
833	1.6859593454469937
834	1.6859593454469937
835	2.0990510801128455
836	2.0990510801128455
837	2.257065903058446
838	2.257065903058446
839	2.225095583139525
840	2.225095583139525
841	2.3192958148101877
842	2.3192958148101877
843	1.7812370535211453
844	1.7812370535211453
845	2.0831647061360856
846	2.0831647061360856
847	1.6705543829860101
848	1.6705543829860101
849	2.483106026471518
850	2.483106026471518
851	2.0404199218361754
852	2.0404199218361754
853	2.1762167214111554
854	2.1762167214111554
855	1.6077991700554892
856	1.6077991700554892
857	2.5463536286388155
858	2.5463536286388155
859	2.005685272924537
860	2.005685272924537
861	2.1378429401166974
862	2.1378429401166974
863	2.1195860367683177
864	2.1195860367683177
865	1.9809734962809662
866	1.9809734962809662
867	1.7389344584007869
868	1.7389344584007869
869	1.9849034822136464
870	1.9849034822136464
871	2.0229936764857226
872	2.0229936764857226
873	2.0238224485359617
874	2.0238224485359617
875	2.1293031982221318
876	2.1293031982221318
877	2.1813315603243497
878	2.1813315603243497
879	1.85470237616166
880	1.85470237616166
881	2.126669438106107
882	2.126669438106107
883	2.0535003260183493
884	2.0535003260183493
885	2.341839991072917
886	2.341839991072917
887	1.8630088901105835
888	1.8630088901105835
889	1.9459630843675226
890	1.9459630843675226
891	2.1833426001311858
892	2.1833426001311858
893	1.943732805566885
894	1.943732805566885
895	1.9912746346041814
896	1.9912746346041814
897	2.2445758252411814
898	2.2445758252411814
899	2.2582480047667812
900	2.2582480047667812
901	1.749834925303271
902	1.749834925303271
903	1.4955346203408801
904	1.4955346203408801
905	2.1023049465328936
906	2.1023049465328936
907	2.1640340704447385
908	2.1640340704447385
909	1.8492586209007118
910	1.8492586209007118
911	2.034247851013271
912	2.034247851013271
913	2.0536856040501155
914	2.0536856040501155
915	2.012907583639324
916	2.012907583639324
917	1.7306672002174248
918	1.7306672002174248
919	2.1535662374004034
920	2.1535662374004034
921	2.0695728922153407
922	2.0695728922153407
923	2.226195142536664
924	2.226195142536664
925	1.8155352788742405
926	1.8155352788742405
927	2.384034454877037
928	2.384034454877037
929	2.061500622154879
930	2.061500622154879
931	1.883491028240488
932	1.883491028240488
933	2.4198986730519967
934	2.4198986730519967
935	1.940961481320049
936	1.940961481320049
937	1.8799152925660756
938	1.8799152925660756
939	1.907377434479521
940	1.907377434479521
941	2.160604995691928
942	2.160604995691928
943	1.7774389144480212
944	1.7774389144480212
945	1.8366584145669391
946	1.8366584145669391
947	2.1100067901212216
948	2.1100067901212216
949	2.099798959827934
950	2.099798959827934
951	1.8100368659128245
952	1.8100368659128245
953	2.1132793896218063
954	2.1132793896218063
955	2.2367823143910783
956	2.2367823143910783
957	1.9651609334156435
958	1.9651609334156435
959	2.08714408702995
960	2.08714408702995
961	2.0511180480941635
962	2.0511180480941635
963	2.135705573339908
964	2.135705573339908
965	1.7364320171934693
966	1.7364320171934693
967	2.102584319406136
968	2.102584319406136
969	1.9002906471187544
970	1.9002906471187544
971	2.0910176754993626
972	2.0910176754993626
973	1.9856789940178856
974	1.9856789940178856
975	2.0263784219629537
976	2.0263784219629537
977	2.1547268735263887
978	2.1547268735263887
979	1.9910080914428416
980	1.9910080914428416
981	2.1742653602145756
982	2.1742653602145756
983	1.9763163806661646
984	1.9763163806661646
985	2.377727964336203
986	2.377727964336203
987	2.0501111397281577
988	2.0501111397281577
989	1.5953957630868794
990	1.5953957630868794
991	1.9228112514240088
992	1.9228112514240088
993	2.3831994516969863
994	2.3831994516969863
995	1.7973388785375701
996	1.7973388785375701
997	1.9634779427201035
998	1.9634779427201035
999	2.3892289460183482
1000	2.3892289460183482
1001	1.900178740547336
1002	1.900178740547336
1003	1.9900085236245744
1004	1.9900085236245744
1005	1.990794589948427
1006	1.990794589948427
1007	1.9015055972049426
1008	1.9015055972049426
1009	1.9798032860062744
1010	1.9798032860062744
1011	1.8345877544709714
1012	1.8345877544709714
1013	1.9313534290808339
1014	1.9313534290808339
1015	1.9893096560174868
1016	1.9893096560174868
1017	2.1514665557928283
1018	2.1514665557928283
1019	2.1149877426340535
1020	2.1149877426340535
1021	2.2372382660494727
1022	2.2372382660494727
1023	1.7345249080621736
1024	1.7345249080621736
1025	1.7182035776072
1026	1.7182035776072
1027	2.1774172206217925
1028	2.1774172206217925
1029	2.4151433155086055
1030	2.4151433155086055
1031	1.8189528894453408
1032	1.8189528894453408
1033	1.8100703830107407
1034	1.8100703830107407
1035	2.072811558971159
1036	2.072811558971159
1037	2.251550807563753
1038	2.251550807563753
1039	2.258231047299716
1040	2.258231047299716
1041	2.1141709927076198
1042	2.1141709927076198
1043	2.076817089101218
1044	2.076817089101218
1045	1.783300945745585
1046	1.783300945745585
1047	2.0433788926996836
1048	2.0433788926996836
1049	2.022907306289483
1050	2.022907306289483
1051	2.1971495788273434
1052	2.350299104502046
1053	2.350299104502046
1054	2.891251523452104
1055	2.891251523452104
1056	2.714957850499416
1057	2.714957850499416
1058	2.9331628479328797
1059	2.9331628479328797
1060	3.0990615381018967
1061	3.0990615381018967
1062	3.083476560022628
1063	3.083476560022628
1064	3.062593981865792
1065	3.062593981865792
1066	3.201379678364329
1067	3.201379678364329
1068	3.15530738792414
1069	3.15530738792414
1070	3.129078806689707
1071	3.129078806689707
1072	2.3468032462837307
1073	2.3468032462837307
1074	2.684385540787832
1075	2.684385540787832
1076	3.0231250586248093
1077	3.0231250586248093
1078	2.791195276378301
1079	2.791195276378301
1080	2.971342927145959
1081	2.971342927145959
1082	2.834231238999616
1083	2.834231238999616
1084	2.9072799850477997
1085	2.9072799850477997
1086	2.376594559671293
1087	2.376594559671293
1088	3.076058232942715
1089	3.076058232942715
1090	2.876645946450695
1091	2.876645946450695
1092	2.8211412593414735
1093	2.8211412593414735
1094	3.131412538392168
1095	3.131412538392168
1096	2.826071475814258
1097	2.826071475814258
1098	2.1723621590266737
1099	2.1723621590266737
1100	3.404653081307152
1101	3.404653081307152
1102	2.7891371834880903
1103	2.7891371834880903
1104	2.454265806077035
1105	2.454265806077035
1106	2.804108443721014
1107	2.804108443721014
1108	3.0105023893705307
1109	3.0105023893705307
1110	3.3174383249140833
1111	3.3174383249140833
1112	2.9375262928916186
1113	2.9375262928916186
1114	3.008570799022741
1115	3.008570799022741
1116	2.2761597548271464
1117	2.2761597548271464
1118	2.461445837318532
1119	2.461445837318532
1120	2.95644264894497
1121	2.95644264894497
1122	2.5169059722998237
1123	2.5169059722998237
1124	2.725525809242747
1125	2.725525809242747
1126	3.221078967918859
1127	3.221078967918859
1128	2.8360719333524127
1129	2.8360719333524127
1130	2.9888735660558368
1131	2.9888735660558368
1132	3.3043687635654195
1133	3.3043687635654195
1134	2.6918306403368133
1135	2.6918306403368133
1136	3.4103035241645414
1137	3.4103035241645414
1138	3.096007776425165
1139	3.096007776425165
1140	2.999514563854138
1141	2.999514563854138
1142	2.682042174517225
1143	2.682042174517225
1144	2.9235699999522535
1145	2.9235699999522535
1146	2.5036502751066387
1147	2.5036502751066387
1148	2.6637787740085495
1149	2.6637787740085495
1150	2.5899481528327395
1151	2.5899481528327395
1152	3.0751353747709027
1153	3.0751353747709027
1154	3.013185655737189
1155	3.013185655737189
1156	2.8917810070137717
1157	2.8917810070137717
1158	2.927476587067347
1159	2.927476587067347
1160	2.669625138282817
1161	2.669625138282817
1162	3.1366343216274704
1163	3.1366343216274704
1164	2.7693067032761745
1165	2.7693067032761745
1166	2.846553189272424
1167	2.846553189272424
1168	2.5483912993211977
1169	2.5483912993211977
1170	2.778000381012904
1171	2.778000381012904
1172	3.3361809159811897
1173	3.3361809159811897
1174	3.042742587887386
1175	3.042742587887386
1176	3.1473492712438667
1177	3.1473492712438667
1178	2.3125752581708414
1179	2.3125752581708414
1180	2.4625497213414484
1181	2.4625497213414484
1182	3.236712980516015
1183	3.236712980516015
1184	2.5262583886715007
1185	2.5262583886715007
1186	3.280178377134257
1187	3.280178377134257
1188	3.417146218972941
1189	3.417146218972941
1190	3.1890220358879975
1191	3.1890220358879975
1192	2.9787364256200095
1193	2.9787364256200095
1194	2.76222482889342
1195	2.76222482889342
1196	3.0172628688098797
1197	3.0172628688098797
1198	3.4251902880391114
1199	3.4251902880391114
1200	2.8352054303688448
1201	2.8352054303688448
1202	3.031277100098942
1203	3.031277100098942
1204	2.7012429641828355
1205	2.7012429641828355
1206	2.7187951976420677
1207	2.7187951976420677
1208	3.516218829123803
1209	3.516218829123803
1210	3.3616751146436945
1211	3.3616751146436945
1212	2.651401782338819
1213	2.651401782338819
1214	3.235114535910509
1215	3.235114535910509
1216	2.7310067663585564
1217	2.7310067663585564
1218	2.9908951396982504
1219	2.9908951396982504
1220	2.7523640935596787
1221	2.7523640935596787
1222	2.7443108454814396
1223	2.7443108454814396
1224	3.05014540763519
1225	3.05014540763519
1226	2.6936858061175855
1227	2.6936858061175855
1228	2.9517277460853646
1229	2.9517277460853646
1230	3.1560418855220393
1231	3.1560418855220393
1232	3.1811739969966433
1233	3.1811739969966433
1234	3.246226634872607
1235	3.246226634872607
1236	2.5941077021141385
1237	2.5941077021141385
1238	2.6372956698290286
1239	2.6372956698290286
1240	2.9043852714115173
1241	2.9043852714115173
1242	2.834219727329652
1243	2.834219727329652
1244	3.2926118548349
1245	3.2926118548349
1246	3.2873410830205994
1247	3.2873410830205994
1248	2.827818184759378
1249	2.827818184759378
1250	2.827396619347403
1251	2.827396619347403
1252	3.0720290640832846
1253	3.0720290640832846
1254	3.4348717006772613
1255	3.4348717006772613
1256	2.53317351717581
1257	2.53317351717581
1258	3.2351219242506346
1259	3.2351219242506346
1260	2.784592976551496
1261	2.784592976551496
1262	2.7944797655149225
1263	2.7944797655149225
1264	2.997142982983193
1265	2.997142982983193
1266	3.386015278352766
1267	3.386015278352766
1268	2.603832570721125
1269	2.603832570721125
1270	2.9430347545403266
1271	2.9430347545403266
1272	2.9301529653570597
1273	2.9301529653570597
1274	3.1116680647468233
1275	3.1116680647468233
1276	2.7155888654080655
1277	2.7155888654080655
1278	2.7483673139343763
1279	2.7483673139343763
1280	2.6109130485800796
1281	2.6109130485800796
1282	3.0623674782632855
1283	3.0623674782632855
1284	2.947507887481522
1285	2.947507887481522
1286	3.0043655460698586
1287	3.0043655460698586
1288	3.5688016878926305
1289	3.5688016878926305
1290	3.5846303390708067
1291	3.5846303390708067
1292	3.190586289878879
1293	3.190586289878879
1294	3.27290559526545
1295	3.27290559526545
1296	2.6686236491474014
1297	2.6686236491474014
1298	3.072545792035389
1299	3.072545792035389
1300	3.280535912620507
1301	4.728465390413931
1302	4.728465390413931
1303	3.7769892138398857
1304	3.7769892138398857
1305	3.6085605900032736
1306	3.6085605900032736
1307	3.7393261594280487
1308	3.7393261594280487
1309	3.9654019752727527
1310	3.9654019752727527
1311	3.570882284586071
1312	3.570882284586071
1313	4.200195048222006
1314	4.200195048222006
1315	4.2561391735189735
1316	4.2561391735189735
1317	4.189127649692921
1318	2.057671739907544
1319	2.057671739907544
1320	2.9379638700740967
1321	2.9379638700740967
1322	3.0343654327512537
1323	3.0343654327512537
1324	3.446087818411535
1325	3.446087818411535
1326	3.3057097663257005
1327	3.3057097663257005
1328	3.2156696737446047
1329	3.2156696737446047
1330	2.7799069207587515
1331	2.7799069207587515
1332	2.852749727508098
1333	2.852749727508098
1334	2.8565993197610076
1335	2.8565993197610076
1336	1.0920755674605231
1337	1.0920755674605231
1338	1.289340412816237
1339	1.289340412816237
1340	1.0105634154734582
1341	1.0105634154734582
1342	1.1152752243164548
1343	1.1152752243164548
1344	0.9760277486515017
1345	0.9760277486515017
1346	1.0684927553340398
1347	1.0684927553340398
1348	1.0554942669508804
1349	1.0554942669508804
1350	1.113724883782245
1351	1.113724883782245
1352	1.208108682783785
1353	1.208108682783785
1354	1.2343102091862779
1355	1.2343102091862779
1356	0.959227758338256
1357	0.959227758338256
1358	1.2143701674884875
1359	1.2143701674884875
1360	1.2328563843020184
1361	1.2328563843020184
1362	0.8388905456911776
1363	0.8388905456911776
1364	1.2573069305029252
1365	1.2573069305029252
1366	1.0382944263250373
1367	1.0382944263250373
1368	0.981659964326741
1369	0.981659964326741
1370	1.0816509537949965
1371	1.0816509537949965
1372	1.1855946424459864
1373	1.1855946424459864
1374	1.1424835315678235
1375	1.1424835315678235
1376	1.0535020906732246
1377	1.0535020906732246
1378	1.100660407694225
1379	1.100660407694225
1380	1.2514214747515298
1381	1.2514214747515298
1382	0.9011220039419401
1383	0.9011220039419401
1384	1.0098294688637517
1385	1.0098294688637517
1386	0.9899672741749335
1387	0.9899672741749335
1388	1.1336588903316989
1389	1.1336588903316989
1390	1.0913669910744799
1391	1.0913669910744799
1392	1.0504119391338544
1393	1.0504119391338544
1394	1.1773202276006054
1395	1.1773202276006054
1396	1.0357860014846811
1397	1.0357860014846811
1398	0.9464067754362512
1399	0.9464067754362512
1400	1.1798672529911232
1401	1.1798672529911232
1402	1.0198298103084744
1403	1.0198298103084744
1404	1.0868651964812042
1405	1.0868651964812042
1406	1.1164262154852918
1407	1.1164262154852918
1408	1.1995599809457902
1409	1.1995599809457902
1410	1.3475840013783416
1411	1.3475840013783416
1412	1.0339035381510868
1413	1.0339035381510868
1414	1.0452394534007472
1415	1.0452394534007472
1416	1.2460858642313246
1417	1.2460858642313246
1418	1.1172937377371255
1419	1.1172937377371255
1420	1.0778863033728425
1421	1.0778863033728425
1422	0.9886726325229862
1423	0.9886726325229862
1424	1.065229817779918
1425	1.065229817779918
1426	1.0211273808217445
1427	1.0211273808217445
1428	1.0633409381505294
1429	1.0633409381505294
1430	0.9848039046373123
1431	0.9848039046373123
1432	1.1703654605520317
1433	1.1703654605520317
1434	1.1174186659247383
1435	1.1174186659247383
1436	1.1058213784590432
1437	1.1058213784590432
1438	1.1526281619889187
1439	1.1526281619889187
1440	1.11845003237947
1441	1.11845003237947
1442	1.1188924114279855
1443	1.1188924114279855
1444	1.0399509345724065
1445	1.0399509345724065
1446	1.1442288494369468
1447	1.1442288494369468
1448	1.221721032876015
1449	1.221721032876015
1450	1.1983507106113
1451	1.1983507106113
1452	1.1981542171916033
1453	1.1981542171916033
1454	0.994796168471977
1455	0.994796168471977
1456	1.0700596189889486
1457	1.0700596189889486
1458	1.0065703611520243
1459	1.0065703611520243
1460	1.1153476137384228
1461	1.1153476137384228
1462	1.1862918590089595
1463	1.1862918590089595
1464	1.0620612998676895
1465	1.0620612998676895
1466	1.0616850924630858
1467	1.0616850924630858
1468	1.0038820385097427
1469	1.0038820385097427
1470	0.9855680675389167
1471	0.9855680675389167
1472	1.2009493764924828
1473	1.2009493764924828
1474	1.1790115261718404
1475	1.1790115261718404
1476	1.2551253911763733
1477	1.2551253911763733
1478	3.7406997172619683
1479	3.7406997172619683
1480	3.6416086049217817
1481	3.6416086049217817
1482	3.6677947047045785
1483	3.6677947047045785
1484	4.403501014717108
1485	4.403501014717108
1486	3.874878047319177
1487	3.874878047319177
1488	3.9920128908760906
1489	3.9920128908760906
1490	3.7333223617620646
1491	3.7333223617620646
1492	4.003460686956283
1493	4.003460686956283
1494	3.3373046883044784
1495	3.3373046883044784
1496	3.9499319407240585
1497	3.9499319407240585
1498	3.9923034424194035
1499	3.9923034424194035
1500	3.3799736590485883
1501	3.3799736590485883
1502	3.850150723083712
1503	3.850150723083712
1504	4.571297306072342
1505	4.571297306072342
1506	4.397796744487161
1507	4.397796744487161
1508	4.044586470758522
1509	4.044586470758522
1510	3.8893145540324032
1511	3.8893145540324032
1512	3.7035086894073497
1513	3.7035086894073497
1514	3.878932127719764
1515	3.878932127719764
1516	3.152912080354206
1517	3.152912080354206
1518	4.423771663105472
1519	4.423771663105472
1520	3.5435359298538525
1521	3.5435359298538525
1522	4.06044077521554
1523	4.06044077521554
1524	3.78321043782393
1525	3.78321043782393
1526	3.687419721484909
1527	3.687419721484909
1528	3.574483988798356
1529	3.574483988798356
1530	4.340546091332881
1531	4.340546091332881
1532	3.7602849464190706
1533	3.7602849464190706
1534	4.276389778818731
1535	4.276389778818731
1536	3.9851639657493028
1537	3.9851639657493028
1538	4.60291908154982
1539	4.60291908154982
1540	3.8521569446185837
1541	3.8521569446185837
1542	3.7721746550448247
1543	3.7721746550448247
1544	3.690022841237667
1545	3.690022841237667
1546	3.059712998463078
1547	3.059712998463078
1548	3.705485977521174
1549	3.705485977521174
1550	3.617362226486509
1551	3.617362226486509
1552	3.812243222177725
1553	3.812243222177725
1554	4.31125281422164
1555	4.31125281422164
1556	3.6800336742339352
1557	3.6800336742339352
1558	3.18720165171931
1559	3.18720165171931
1560	4.551838009895605
1561	4.551838009895605
1562	3.9161718689856966
1563	3.9161718689856966
1564	3.730512777735777
1565	3.730512777735777
1566	3.5046269294553745
1567	3.5046269294553745
1568	3.8628503189117533
1569	3.8628503189117533
1570	3.413944848702388
1571	3.413944848702388
1572	4.155669814394548
1573	4.155669814394548
1574	3.319462796672953
1575	3.319462796672953
1576	3.3936993364949863
1577	3.3936993364949863
1578	3.517747390931153
1579	3.517747390931153
1580	3.916840394097437
1581	3.916840394097437
1582	3.410088935532437
1583	3.410088935532437
1584	2.9129329578170435
1585	2.9129329578170435
1586	3.422406960439559
1587	3.422406960439559
1588	3.4406595158359927
1589	3.4406595158359927
1590	4.0424649381038815
1591	4.0424649381038815
1592	3.924163503860233
1593	3.924163503860233
1594	3.877041301923344
1595	3.877041301923344
1596	4.05225383832067
1597	4.05225383832067
1598	3.8087997733989405
1599	3.8087997733989405
1600	4.083853531994488
1601	4.083853531994488
1602	3.9650749619401786
1603	3.9650749619401786
1604	3.8935434671747475
1605	3.8935434671747475
1606	4.046042579512771
1607	4.046042579512771
1608	4.026322615198
1609	2.389180494005978
1610	2.389180494005978
1611	2.2937232890119232
1612	2.2937232890119232
1613	2.3057205522183484
1614	2.3057205522183484
1615	2.18502486681149
1616	2.18502486681149
1617	1.813331423923781
1618	1.813331423923781
1619	2.0542445260394713
1620	2.0542445260394713
1621	1.7798949569008369
1622	1.7798949569008369
1623	1.9248110487532206
1624	1.9248110487532206
1625	2.283579494586243
1626	2.283579494586243
1627	2.1435169426119947
1628	2.1435169426119947
1629	1.7376030490728616
1630	1.7376030490728616
1631	2.110298824564316
1632	2.110298824564316
1633	1.9332240643528908
1634	1.9332240643528908
1635	2.328918230724388
1636	2.328918230724388
1637	1.6540958062951665
1638	1.6540958062951665
1639	1.9655549464531992
1640	1.9655549464531992
1641	1.8288712416190411
1642	1.8288712416190411
1643	1.9875979694417376
1644	1.9875979694417376
1645	2.406923896410292
1646	2.406923896410292
1647	1.8181293018810116
1648	1.8181293018810116
1649	3.2444865695141223
1650	3.2444865695141223
1651	3.048335398488357
1652	3.048335398488357
1653	3.4210716727552772
1654	3.4210716727552772
1655	2.611070372024277
1656	2.611070372024277
1657	3.385302486081967
1658	3.385302486081967
1659	2.934327571508953
1660	2.934327571508953
1661	2.737045926659106
1662	2.737045926659106
1663	2.526448839948049
1664	2.526448839948049
1665	3.157149222886855
1666	3.157149222886855
1667	3.2699405066236507
1668	3.2699405066236507
1669	2.6271550627146727
1670	2.6271550627146727
1671	3.037598345455882
1672	3.037598345455882
1673	2.951977965128537
1674	2.951977965128537
1675	2.8886152462262116
1676	1.5640005370795556
1677	1.5640005370795556
1678	1.4908655608848307
1679	1.4908655608848307
1680	1.916279711787357
1681	1.916279711787357
1682	1.824333180783052
1683	1.824333180783052
1684	1.9557613771371651
1685	1.9557613771371651
1686	1.778469243799971
1687	1.778469243799971
1688	1.480364027256066
1689	1.480364027256066
1690	1.4651590224118856
1691	1.4651590224118856
1692	1.4110581039193284
1693	1.4110581039193284
1694	1.6867274420462588
1695	1.6867274420462588
1696	1.7732121042586626
1697	1.7732121042586626
1698	1.8501868930608136
1699	1.8501868930608136
1700	1.7795346121411295
1701	1.7795346121411295
1702	1.2452094888841914
1703	1.2452094888841914
1704	1.5966023579504025
1705	1.5966023579504025
1706	1.5350963173151724
1707	1.5350963173151724
1708	1.782174834437346
1709	1.782174834437346
1710	1.6777081505187872
1711	1.6777081505187872
1712	1.6540031297053888
1713	1.9831957415283694
1714	1.9831957415283694
1715	1.9307638636514706
1716	1.9307638636514706
1717	2.048258574535198
1718	2.048258574535198
1719	1.9553630067565888
1720	1.9553630067565888
1721	2.163331489173755
1722	2.163331489173755
1723	2.2012318854526853
1724	2.2012318854526853
1725	1.8539777256327374
1726	1.8539777256327374
1727	1.41864280653478
1728	1.41864280653478
1729	2.1930929042955833
1730	2.1930929042955833
1731	2.1738835767445215
1732	2.1738835767445215
1733	1.8482485321421596
1734	1.8482485321421596
1735	2.3089948597911993
1736	2.3089948597911993
1737	2.4014986550167245
1738	2.4014986550167245
1739	2.2718121862504863
1740	2.2718121862504863
1741	2.212228494187555
1742	2.212228494187555
1743	1.7538865320064037
1744	1.7538865320064037
1745	2.265691270303684
1746	2.265691270303684
1747	1.5969499785919885
1748	1.5969499785919885
1749	1.8319134543916817
1750	1.8319134543916817
1751	2.0312480720393373
1752	2.0312480720393373
1753	2.0936241133188407
1754	2.0936241133188407
1755	1.7519842614970378
1756	1.7519842614970378
1757	2.0650365817101077
1758	2.0650365817101077
1759	1.790259793386606
1760	1.790259793386606
1761	1.7822677958645434
1762	1.7822677958645434
1763	2.2436897225867276
1764	2.2436897225867276
1765	2.2576347628919273
1766	2.2576347628919273
1767	2.086386976057762
1768	2.086386976057762
1769	2.120659975775426
1770	2.120659975775426
1771	2.014167286969413
1772	2.014167286969413
1773	1.937409209171375
1774	1.937409209171375
1775	1.9341900767152784
1776	1.9341900767152784
1777	1.9029929956935165
1778	1.9029929956935165
1779	2.0186743892895254
1780	2.0186743892895254
1781	1.9734403983118567
1782	1.9734403983118567
1783	2.0255022766981505
1784	2.0255022766981505
1785	2.0967890771518336
1786	2.0967890771518336
1787	2.170078329289323
1788	2.170078329289323
1789	2.0199961700619595
1790	2.0199961700619595
1791	1.8800850312560773
1792	1.8800850312560773
1793	2.0553638339227356
1794	2.0553638339227356
1795	2.2687354823426245
1796	2.2687354823426245
1797	1.8878870547164666
1798	1.8878870547164666
1799	1.9383234855118316
1800	1.9383234855118316
1801	2.3181728456961954
1802	2.3181728456961954
1803	1.7915643046225127
1804	1.7915643046225127
1805	2.0637651388311458
1806	2.0637651388311458
1807	1.9813118324503187
1808	1.9813118324503187
1809	2.2730190379683157
1810	2.2730190379683157
1811	2.197183659275188
1812	2.197183659275188
1813	1.9054510568821255
1814	1.9054510568821255
1815	1.8722412464422438
1816	1.8722412464422438
1817	2.0625587693217486
1818	2.0625587693217486
1819	2.1030430246484277
1820	2.1030430246484277
1821	1.918275360878659
1822	1.918275360878659
1823	2.072987007770187
1824	2.072987007770187
1825	1.7596272181491368
1826	1.7596272181491368
1827	2.138009319822263
1828	2.138009319822263
1829	1.9386347710685514
1830	1.9386347710685514
1831	1.9628151286595312
1832	1.9628151286595312
1833	1.7134367908421666
1834	1.7134367908421666
1835	2.3517559188593467
1836	2.3517559188593467
1837	2.264697314512694
1838	2.264697314512694
1839	1.894737303734152
1840	1.894737303734152
1841	1.8295145822103756
1842	1.8295145822103756
1843	2.4134304545395593
1844	2.4134304545395593
1845	1.9956296411864995
1846	1.9956296411864995
1847	1.8387702012776148
1848	1.8387702012776148
1849	1.8769590036304564
1850	1.8769590036304564
1851	1.9897567793781976
1852	1.9897567793781976
1853	1.973072013553157
1854	1.973072013553157
1855	2.0851473558206637
1856	2.0851473558206637
1857	2.0886126633329836
1858	2.0886126633329836
1859	2.214774698579757
1860	2.214774698579757
1861	1.7609247411220372
1862	1.7609247411220372
1863	1.951699993735837
1864	1.951699993735837
1865	2.050390247096463
1866	2.050390247096463
1867	2.0834060153594183
1868	2.0834060153594183
1869	1.8999274029011857
1870	1.8999274029011857
1871	2.396292559622371
1872	2.396292559622371
1873	2.1686250234884734
1874	2.1686250234884734
1875	2.2707870892464923
1876	2.2707870892464923
1877	1.5798998595238154
1878	1.5798998595238154
1879	1.7579341945908284
1880	1.7579341945908284
1881	2.182719889101542
1882	2.182719889101542
1883	2.2218165107032153
1884	2.2218165107032153
1885	2.1682500003188014
1886	2.1682500003188014
1887	2.0013295637356094
1888	2.0013295637356094
1889	1.7098012237784628
1890	1.7098012237784628
1891	1.691735412389511
1892	1.691735412389511
1893	2.4808604491542487
1894	2.4808604491542487
1895	2.264563961716659
1896	2.264563961716659
1897	1.9715820540396993
1898	1.9715820540396993
1899	1.8932826828630787
1900	1.8932826828630787
1901	2.0547202693035516
1902	2.0547202693035516
1903	2.6167886862464074
1904	2.6167886862464074
1905	2.065882322616881
1906	2.065882322616881
1907	2.8543337846976167
1908	2.8543337846976167
1909	2.928818470878376
1910	2.928818470878376
1911	2.260539135728619
1912	2.260539135728619
1913	2.7957325373748696
1914	2.7957325373748696
1915	2.74499952965676
1916	2.74499952965676
1917	2.5060516410000413
1918	2.5060516410000413
1919	2.2508663738789796
1920	2.2508663738789796
1921	2.463344871886396
1922	2.463344871886396
1923	2.206743629799086
1924	2.206743629799086
1925	2.8020718424672055
1926	2.8020718424672055
1927	2.227847905373787
1928	2.227847905373787
1929	2.2149850437395084
1930	2.2149850437395084
1931	1.9382251389999543
1932	1.9382251389999543
1933	1.8315885451166198
1934	1.8315885451166198
1935	2.1634409979329248
1936	2.1634409979329248
1937	1.907457042837099
1938	1.907457042837099
1939	1.813067384717114
1940	1.813067384717114
1941	1.9365669864733048
1942	1.9365669864733048
1943	1.8789303790681235
1944	1.8789303790681235
1945	1.9638638901933274
1946	1.9638638901933274
1947	2.204453313789222
1948	2.204453313789222
1949	2.260367278180624
1950	2.260367278180624
1951	2.04553979919552
1952	0.5254074082171323
1953	0.5254074082171323
1954	0.735481655761692
1955	0.735481655761692
1956	0.687451425921791
1957	0.687451425921791
1958	0.6187812137555404
1959	0.6187812137555404
1960	0.781286015562954
1961	0.781286015562954
1962	0.7238576166813195
1963	0.7238576166813195
1964	0.5988624961386285
1965	0.5988624961386285
1966	0.6898875912429782
1967	0.6898875912429782
1968	0.6209334151271896
1969	0.6209334151271896
1970	0.679290046085181
1971	0.679290046085181
1972	0.7236935766768883
1973	0.7236935766768883
1974	0.6307695999805065
1975	0.6307695999805065
1976	0.6167189100822293
1977	2.4592836009438384
1978	2.4592836009438384
1979	2.4073636020422495
1980	2.4073636020422495
1981	2.313937253275229
1982	2.313937253275229
1983	1.8447991401203847
1984	1.8447991401203847
1985	2.0038349480503
1986	2.0038349480503
1987	1.7308668293423939
1988	1.7308668293423939
1989	2.1144945771165253
1990	2.1144945771165253
1991	2.129238779836857
1992	2.129238779836857
1993	2.178522654381856
1994	2.178522654381856
1995	2.3339334489941113
1996	2.3339334489941113
1997	1.843041105840224
1998	1.843041105840224
1999	2.039074288063661
