0	2.6653589823382466
1	2.6653589823382466
2	2.6653589823382466
3	2.6653589823382466
4	2.6653589823382466
5	3.00997495620199
6	3.00997495620199
7	3.00997495620199
8	3.00997495620199
9	3.00997495620199
10	1.8783075209677433
11	1.8783075209677433
12	1.8783075209677433
13	1.8783075209677433
14	1.8783075209677433
15	3.6356131669015883
16	3.6356131669015883
17	3.6356131669015883
18	3.6356131669015883
19	3.6356131669015883
20	2.099700968015638
21	2.099700968015638
22	2.099700968015638
23	2.099700968015638
24	2.099700968015638
25	1.306865073176386
26	1.306865073176386
27	1.306865073176386
28	1.306865073176386
29	1.306865073176386
30	1.3912801801308683
31	1.3912801801308683
32	1.3912801801308683
33	1.3912801801308683
34	1.3912801801308683
35	2.3338779490459873
36	2.3338779490459873
37	2.3338779490459873
38	2.3338779490459873
39	2.3338779490459873
40	2.629203420351502
41	2.629203420351502
42	2.629203420351502
43	2.629203420351502
44	0.43974751755619035
45	0.43974751755619035
46	0.43974751755619035
47	0.43974751755619035
48	0.43974751755619035
49	0.8421096206002324
50	0.8421096206002324
51	0.8421096206002324
52	0.8421096206002324
53	0.8421096206002324
54	0.45040319526188066
55	0.45040319526188066
56	0.45040319526188066
57	0.45040319526188066
58	0.45040319526188066
59	0.47012096653621005
60	0.47012096653621005
61	0.47012096653621005
62	0.47012096653621005
63	0.47012096653621005
64	0.8834134706131802
65	0.8834134706131802
66	0.8834134706131802
67	0.8834134706131802
68	0.8834134706131802
69	0.3220133915155754
70	0.3220133915155754
71	0.3220133915155754
72	0.3220133915155754
73	0.3220133915155754
74	1.0465394163236459
75	1.0465394163236459
76	1.0465394163236459
77	1.0465394163236459
78	1.0465394163236459
79	0.47967358668160287
80	0.47967358668160287
81	0.47967358668160287
82	0.47967358668160287
83	0.47967358668160287
84	0.4990614505180228
85	0.4990614505180228
86	0.4990614505180228
87	0.4990614505180228
88	2.4113620840011403
89	2.4113620840011403
90	2.4113620840011403
91	2.4113620840011403
92	2.4113620840011403
93	2.4294868407749055
94	2.4294868407749055
95	2.4294868407749055
96	2.4294868407749055
97	2.4294868407749055
98	2.472563793194439
99	2.472563793194439
100	2.472563793194439
101	2.472563793194439
102	2.472563793194439
103	2.1135601020257213
104	2.1135601020257213
105	2.1135601020257213
106	2.1135601020257213
107	2.1135601020257213
108	3.2595417545451806
109	3.2595417545451806
110	3.2595417545451806
111	3.2595417545451806
112	3.2595417545451806
113	0.1
114	0.1
115	0.1
116	0.1
117	0.1
118	2.831494877578419
119	2.831494877578419
120	2.831494877578419
121	2.831494877578419
122	2.831494877578419
123	1.9801992893757485
124	1.9801992893757485
125	1.9801992893757485
126	1.9801992893757485
127	1.9801992893757485
128	2.354895441916486
129	2.354895441916486
130	2.354895441916486
131	2.354895441916486
132	2.354895441916486
133	3.0912988056924875
134	3.0912988056924875
135	3.0912988056924875
136	3.0912988056924875
137	3.0912988056924875
138	4.498450652058072
139	4.498450652058072
140	4.498450652058072
141	4.498450652058072
142	4.498450652058072
143	1.803151783451893
144	1.803151783451893
145	1.803151783451893
146	1.803151783451893
147	1.803151783451893
148	2.140146559476219
149	2.140146559476219
150	2.140146559476219
151	2.140146559476219
152	2.140146559476219
153	1.267180793763808
154	1.267180793763808
155	1.267180793763808
156	1.267180793763808
157	1.267180793763808
158	2.5620132338363324
159	2.5620132338363324
160	2.5620132338363324
161	2.5620132338363324
162	2.5620132338363324
163	2.8578865046876425
164	2.8578865046876425
165	2.8578865046876425
166	2.8578865046876425
167	2.8578865046876425
168	3.152786313400951
169	3.152786313400951
170	3.152786313400951
171	3.152786313400951
172	6.018776415439655
173	6.018776415439655
174	6.018776415439655
175	6.018776415439655
176	6.018776415439655
177	2.866874947043661
178	2.866874947043661
179	2.866874947043661
180	2.866874947043661
181	2.866874947043661
182	3.443619699226998
183	3.443619699226998
184	3.443619699226998
185	3.443619699226998
186	3.443619699226998
187	3.4090138169999604
188	3.4090138169999604
189	3.4090138169999604
190	3.4090138169999604
191	3.4090138169999604
192	5.185134207793489
193	5.185134207793489
194	5.185134207793489
195	5.185134207793489
196	5.185134207793489
197	2.6046921840425803
198	2.6046921840425803
199	2.6046921840425803
200	2.6046921840425803
201	2.6046921840425803
202	2.609699640485386
203	2.609699640485386
204	2.609699640485386
205	2.609699640485386
206	2.609699640485386
207	5.089790994134505
208	5.089790994134505
209	5.089790994134505
210	5.089790994134505
211	5.089790994134505
212	2.629338298581165
213	2.629338298581165
214	2.629338298581165
215	2.629338298581165
216	2.629338298581165
217	2.879940562167508
218	2.879940562167508
219	2.879940562167508
220	2.879940562167508
221	2.879940562167508
222	6.8978844997846185
223	6.8978844997846185
224	6.8978844997846185
225	6.8978844997846185
226	6.8978844997846185
227	1.5295801566520533
228	1.5295801566520533
229	1.5295801566520533
230	1.5295801566520533
231	1.5295801566520533
232	1.8509365916165668
233	1.8509365916165668
234	1.8509365916165668
235	1.8509365916165668
236	1.8509365916165668
237	3.934040901096322
238	3.934040901096322
239	3.934040901096322
240	3.934040901096322
241	3.934040901096322
242	2.9802303436362543
243	2.9802303436362543
244	2.9802303436362543
245	2.9802303436362543
246	2.9802303436362543
247	4.537925497390743
248	4.537925497390743
249	4.537925497390743
250	4.537925497390743
251	4.537925497390743
252	2.6507160484417067
253	2.6507160484417067
254	2.6507160484417067
255	2.6507160484417067
256	2.6507160484417067
257	3.320169320541095
258	3.320169320541095
259	3.320169320541095
260	3.320169320541095
261	3.320169320541095
262	3.5183582875215977
263	3.5183582875215977
264	3.5183582875215977
265	3.5183582875215977
266	3.5183582875215977
267	2.186190804416605
268	2.186190804416605
269	2.186190804416605
270	2.186190804416605
271	2.186190804416605
272	3.329032924394643
273	3.329032924394643
274	3.329032924394643
275	3.329032924394643
276	3.329032924394643
277	5.5130527104341915
278	5.5130527104341915
279	5.5130527104341915
280	5.5130527104341915
281	5.5130527104341915
282	3.7086630136681396
283	3.7086630136681396
284	3.7086630136681396
285	3.7086630136681396
286	3.7086630136681396
287	2.479911839192024
288	2.479911839192024
289	2.479911839192024
290	2.479911839192024
291	2.479911839192024
292	4.710454874333821
293	4.710454874333821
294	4.710454874333821
295	4.710454874333821
296	4.710454874333821
297	3.633806640826249
298	3.633806640826249
299	3.633806640826249
300	3.633806640826249
301	3.633806640826249
302	3.818254204776092
303	3.818254204776092
304	3.818254204776092
305	3.818254204776092
306	3.818254204776092
307	2.468422341512586
308	2.468422341512586
309	2.468422341512586
310	2.468422341512586
311	2.468422341512586
312	6.539511063093344
313	6.539511063093344
314	6.539511063093344
315	6.539511063093344
316	6.539511063093344
317	3.903419310248654
318	3.903419310248654
319	3.903419310248654
320	3.903419310248654
321	3.903419310248654
322	3.959008301994528
323	3.959008301994528
324	3.959008301994528
325	3.959008301994528
326	3.959008301994528
327	3.182305681660796
328	3.182305681660796
329	3.182305681660796
330	3.182305681660796
331	3.182305681660796
332	1.1516136644906871
333	1.1516136644906871
334	1.1516136644906871
335	1.1516136644906871
336	1.1516136644906871
337	3.7902795193778163
338	3.7902795193778163
339	3.7902795193778163
340	3.7902795193778163
341	3.7902795193778163
342	1.7880053907417497
343	1.7880053907417497
344	1.7880053907417497
345	1.7880053907417497
346	1.7880053907417497
347	4.2572057842453965
348	4.2572057842453965
349	4.2572057842453965
350	4.2572057842453965
351	4.2572057842453965
352	2.671824248269695
353	2.671824248269695
354	2.671824248269695
355	2.671824248269695
356	2.671824248269695
357	2.610529537196915
358	2.610529537196915
359	2.610529537196915
360	2.610529537196915
361	2.610529537196915
362	1.0484554693522936
363	1.0484554693522936
364	1.0484554693522936
365	1.0484554693522936
366	1.0484554693522936
367	1.4137540792328507
368	1.4137540792328507
369	1.4137540792328507
370	3.886388212052346
371	3.886388212052346
372	3.886388212052346
373	3.886388212052346
374	3.886388212052346
375	4.484605574731415
376	4.484605574731415
377	4.484605574731415
378	4.484605574731415
379	4.484605574731415
380	2.260108198246445
381	2.260108198246445
382	2.260108198246445
383	2.260108198246445
384	2.260108198246445
385	2.5899634426594287
386	2.5899634426594287
387	2.5899634426594287
388	2.5899634426594287
389	2.5899634426594287
390	2.8606710913159983
391	2.8606710913159983
392	2.8606710913159983
393	2.8606710913159983
394	2.8606710913159983
395	3.346637801040479
396	3.346637801040479
397	3.346637801040479
398	3.346637801040479
399	3.346637801040479
400	0.1
401	0.1
402	0.1
403	0.1
404	0.1
405	1.2333039438717655
406	1.2333039438717655
407	1.2333039438717655
408	1.2333039438717655
409	1.2333039438717655
410	3.849309139930347
411	3.849309139930347
412	3.849309139930347
413	3.849309139930347
414	3.849309139930347
415	2.711122256935509
416	2.711122256935509
417	2.711122256935509
418	2.711122256935509
419	2.711122256935509
420	4.862380854717776
421	4.862380854717776
422	4.862380854717776
423	4.862380854717776
424	4.862380854717776
425	4.414802012936818
426	4.414802012936818
427	4.414802012936818
428	4.414802012936818
429	4.414802012936818
430	2.182873813385501
431	2.182873813385501
432	2.182873813385501
433	2.182873813385501
434	2.182873813385501
435	2.951621840637535
436	2.951621840637535
437	2.951621840637535
438	2.951621840637535
439	2.951621840637535
440	4.246692945699679
441	4.246692945699679
442	4.246692945699679
443	4.246692945699679
444	4.246692945699679
445	2.4897547855157547
446	2.4897547855157547
447	2.4897547855157547
448	2.4897547855157547
449	2.4897547855157547
450	3.3666903450545664
451	3.3666903450545664
452	3.3666903450545664
453	3.3666903450545664
454	3.3666903450545664
455	5.396097686376322
456	5.396097686376322
457	5.396097686376322
458	1.6136571609993793
459	1.6136571609993793
460	1.6136571609993793
461	1.6136571609993793
462	1.6136571609993793
463	0.45557410078987204
464	0.45557410078987204
465	0.45557410078987204
466	0.45557410078987204
467	0.45557410078987204
468	0.8633959245690993
469	0.8633959245690993
470	0.8633959245690993
471	0.8633959245690993
472	0.8633959245690993
473	0.9232489715501373
474	0.9232489715501373
475	0.9232489715501373
476	0.9232489715501373
477	0.9232489715501373
478	0.6453388757253131
479	0.6453388757253131
480	0.6453388757253131
481	0.6453388757253131
482	0.6453388757253131
483	1.199044301304043
484	1.199044301304043
485	1.199044301304043
486	1.199044301304043
487	1.199044301304043
488	1.1841997795815573
489	1.1841997795815573
490	1.1841997795815573
491	2.1855660441508364
492	2.1855660441508364
493	2.1855660441508364
494	2.1855660441508364
495	2.1855660441508364
496	4.22285759934597
497	4.22285759934597
498	4.22285759934597
499	4.22285759934597
500	4.22285759934597
501	6.046388506648246
502	6.046388506648246
503	6.046388506648246
504	6.046388506648246
505	6.046388506648246
506	3.2470831959994375
507	3.2470831959994375
508	3.2470831959994375
509	3.2470831959994375
510	3.2470831959994375
511	2.382348561075544
512	2.382348561075544
513	2.382348561075544
514	2.382348561075544
515	2.382348561075544
516	5.687405463745144
517	5.687405463745144
518	5.687405463745144
519	5.687405463745144
520	0.971259086689803
521	0.971259086689803
522	0.971259086689803
523	0.971259086689803
524	0.971259086689803
525	1.9762945229550866
526	1.9762945229550866
527	3.4667360795261706
528	3.4667360795261706
529	3.4667360795261706
530	3.4667360795261706
531	3.4667360795261706
532	3.0110644541332623
533	3.0110644541332623
534	3.0110644541332623
535	3.0110644541332623
536	3.0110644541332623
537	3.0093174676993972
538	3.0093174676993972
539	3.0093174676993972
540	3.0093174676993972
541	3.0093174676993972
542	4.354521820325921
543	4.354521820325921
544	4.354521820325921
545	4.354521820325921
546	4.354521820325921
547	2.6889286828226684
548	2.6889286828226684
549	2.6889286828226684
550	2.6889286828226684
551	2.6889286828226684
552	2.1718298459230367
553	2.1718298459230367
554	2.1718298459230367
555	2.1718298459230367
556	2.1718298459230367
557	2.5888318666637873
558	2.5888318666637873
559	2.5888318666637873
560	2.5888318666637873
561	2.5888318666637873
562	2.3818873693530214
563	2.3818873693530214
564	2.3818873693530214
565	2.3818873693530214
566	2.3818873693530214
567	3.290387922995175
568	3.290387922995175
569	3.290387922995175
570	3.290387922995175
571	3.290387922995175
572	3.5958389559383366
573	3.5958389559383366
574	3.5958389559383366
575	3.5958389559383366
576	3.5958389559383366
577	2.6381465107221955
578	2.6381465107221955
579	2.6381465107221955
580	2.6381465107221955
581	2.6381465107221955
582	3.5494598557111696
583	3.5494598557111696
584	3.5494598557111696
585	3.5494598557111696
586	3.5494598557111696
587	4.901194694604489
588	4.901194694604489
589	4.901194694604489
590	4.901194694604489
591	4.901194694604489
592	5.741194899471788
593	5.741194899471788
594	5.741194899471788
595	5.741194899471788
596	5.741194899471788
597	1.991874423216837
598	1.991874423216837
599	1.991874423216837
600	1.991874423216837
601	1.991874423216837
602	3.0617302793353653
603	3.0617302793353653
604	3.0617302793353653
605	3.0617302793353653
606	3.0617302793353653
607	4.256411352115859
608	4.256411352115859
609	4.256411352115859
610	4.256411352115859
611	4.256411352115859
612	2.358798148946261
613	2.358798148946261
614	2.358798148946261
615	2.358798148946261
616	2.358798148946261
617	3.6353175231982746
618	3.6353175231982746
619	3.6353175231982746
620	3.6353175231982746
621	3.6353175231982746
622	1.643647252322364
623	1.643647252322364
624	1.643647252322364
625	1.643647252322364
626	1.643647252322364
627	4.328259454357464
628	4.328259454357464
629	4.328259454357464
630	4.328259454357464
631	4.328259454357464
632	4.853880106626486
633	4.853880106626486
634	4.853880106626486
635	4.853880106626486
636	4.853880106626486
637	3.331839123667045
638	3.331839123667045
639	3.331839123667045
640	3.331839123667045
641	3.331839123667045
642	3.8729097170690143
643	3.8729097170690143
644	3.8729097170690143
645	3.8729097170690143
646	3.8729097170690143
647	2.764536644894273
648	2.764536644894273
649	2.764536644894273
650	2.764536644894273
651	2.764536644894273
652	2.034784155399702
653	2.034784155399702
654	2.034784155399702
655	2.034784155399702
656	2.034784155399702
657	2.81432573338697
658	2.81432573338697
659	2.81432573338697
660	2.81432573338697
661	2.81432573338697
662	3.858905075417164
663	3.858905075417164
664	3.858905075417164
665	3.858905075417164
666	3.858905075417164
667	3.65236673085231
668	3.65236673085231
669	3.65236673085231
670	3.65236673085231
671	3.65236673085231
672	4.278889719983539
673	4.278889719983539
674	4.278889719983539
675	4.278889719983539
676	4.278889719983539
677	4.234098212256531
678	4.234098212256531
679	4.234098212256531
680	4.234098212256531
681	4.234098212256531
682	2.878365263281034
683	2.878365263281034
684	2.878365263281034
685	2.878365263281034
686	2.878365263281034
687	5.307276087843508
688	5.307276087843508
689	5.307276087843508
690	5.307276087843508
691	5.307276087843508
692	6.121969161654346
693	6.121969161654346
694	6.121969161654346
695	6.121969161654346
696	6.121969161654346
697	6.272382454673279
698	6.272382454673279
699	6.272382454673279
700	6.272382454673279
701	6.272382454673279
702	3.948005914041789
703	3.948005914041789
704	3.948005914041789
705	3.948005914041789
706	3.948005914041789
707	2.87193117853357
708	2.87193117853357
709	2.87193117853357
710	2.87193117853357
711	2.87193117853357
712	5.425276174158983
713	5.425276174158983
714	5.425276174158983
715	5.425276174158983
716	5.425276174158983
717	1.4624173824669837
718	1.4624173824669837
719	1.4624173824669837
720	1.4624173824669837
721	1.4624173824669837
722	3.617678692129229
723	3.617678692129229
724	3.617678692129229
725	3.617678692129229
726	3.617678692129229
727	3.946681557376688
728	3.946681557376688
729	3.946681557376688
730	3.946681557376688
731	3.946681557376688
732	4.8107387543549525
733	4.8107387543549525
734	4.8107387543549525
735	4.8107387543549525
736	4.8107387543549525
737	2.6466757102043115
738	2.6466757102043115
739	2.6466757102043115
740	2.6466757102043115
741	2.6466757102043115
742	4.942935112111725
743	4.942935112111725
744	4.942935112111725
745	4.942935112111725
746	4.942935112111725
747	2.6836869592968733
748	2.6836869592968733
749	2.6836869592968733
750	2.6836869592968733
751	2.6836869592968733
752	3.624577740984576
753	3.624577740984576
754	3.624577740984576
755	3.624577740984576
756	3.624577740984576
757	3.2587413298179437
758	3.2587413298179437
759	3.2587413298179437
760	3.2587413298179437
761	3.2587413298179437
762	2.03941065477143
763	2.03941065477143
764	2.03941065477143
765	2.03941065477143
766	2.03941065477143
767	5.196477745844922
768	5.196477745844922
769	5.196477745844922
770	5.196477745844922
771	5.196477745844922
772	4.645791207971401
773	4.645791207971401
774	4.645791207971401
775	4.645791207971401
776	4.645791207971401
777	3.8655421660385403
778	3.8655421660385403
779	3.8655421660385403
780	3.8655421660385403
781	3.8655421660385403
782	4.427593131883947
783	4.427593131883947
784	0.9294738297234404
785	0.9294738297234404
786	0.9294738297234404
787	0.9294738297234404
788	0.9294738297234404
789	1.0323185499444931
790	1.0323185499444931
791	1.0323185499444931
792	1.0323185499444931
793	1.0323185499444931
794	2.392008679121731
795	2.392008679121731
796	2.392008679121731
797	2.392008679121731
798	2.392008679121731
799	2.238291280558101
800	2.238291280558101
801	2.238291280558101
802	2.238291280558101
803	2.238291280558101
804	2.694996613886399
805	2.694996613886399
806	2.694996613886399
807	2.694996613886399
808	2.694996613886399
809	2.6383160190300003
810	2.6383160190300003
811	2.6383160190300003
812	2.6383160190300003
813	2.6383160190300003
814	1.6848411104381347
815	1.6848411104381347
816	1.6848411104381347
817	1.6848411104381347
818	1.6848411104381347
819	4.238464425877065
820	4.238464425877065
821	4.238464425877065
822	4.238464425877065
823	4.238464425877065
824	3.043406263797876
825	3.043406263797876
826	3.043406263797876
827	3.043406263797876
828	3.043406263797876
829	2.3058295589215336
830	2.3058295589215336
831	2.3058295589215336
832	2.3058295589215336
833	2.3058295589215336
834	2.4118015737035785
835	2.4118015737035785
836	2.4118015737035785
837	2.4118015737035785
838	2.4118015737035785
839	1.1440562460723627
840	1.1440562460723627
841	1.1440562460723627
842	1.1440562460723627
843	1.1440562460723627
844	1.901865449007718
845	1.901865449007718
846	1.901865449007718
847	1.901865449007718
848	1.901865449007718
849	3.9671515431825997
850	3.9671515431825997
851	3.9671515431825997
852	3.9671515431825997
853	3.9671515431825997
854	1.881844425627869
855	1.881844425627869
856	1.881844425627869
857	1.881844425627869
858	1.881844425627869
859	1.0988774287004832
860	1.0988774287004832
861	1.0988774287004832
862	1.0988774287004832
863	1.0988774287004832
864	2.0434263398521324
865	2.0434263398521324
866	2.0434263398521324
867	2.0434263398521324
868	2.0434263398521324
869	0.9020542348620832
870	0.9020542348620832
871	0.9020542348620832
872	0.9020542348620832
873	0.9020542348620832
874	4.01156585209907
875	4.01156585209907
876	4.01156585209907
877	4.01156585209907
878	4.01156585209907
879	1.7912992260223704
880	1.7912992260223704
881	1.7912992260223704
882	1.7912992260223704
883	1.7912992260223704
884	3.1251106286664854
885	3.1251106286664854
886	3.1251106286664854
887	3.1251106286664854
888	3.1251106286664854
889	2.1383848567918715
890	2.1383848567918715
891	2.1383848567918715
892	2.1383848567918715
893	2.1383848567918715
894	1.6559742408168845
895	1.6559742408168845
896	1.6559742408168845
897	1.6559742408168845
898	1.6559742408168845
899	2.6786262860114567
900	2.6786262860114567
901	2.6786262860114567
902	2.6786262860114567
903	2.6786262860114567
904	2.6623201248425215
905	2.6623201248425215
906	2.6623201248425215
907	2.6623201248425215
908	2.6623201248425215
909	3.3470461116108954
910	3.3470461116108954
911	3.3470461116108954
912	3.3470461116108954
913	3.3470461116108954
914	2.8498097053631075
915	2.8498097053631075
916	2.8498097053631075
917	2.8498097053631075
918	2.8498097053631075
919	4.349886976948125
920	4.349886976948125
921	4.349886976948125
922	4.349886976948125
923	4.349886976948125
924	1.5969041908141097
925	1.5969041908141097
926	1.5969041908141097
927	1.5969041908141097
928	1.5969041908141097
929	2.2621222475037523
930	2.2621222475037523
931	2.2621222475037523
932	2.2621222475037523
933	2.2621222475037523
934	3.6465084369509118
935	3.6465084369509118
936	3.6465084369509118
937	3.6465084369509118
938	3.6465084369509118
939	1.7161180277587302
940	1.7161180277587302
941	1.7161180277587302
942	1.7161180277587302
943	1.7161180277587302
944	2.004505490740338
945	2.004505490740338
946	2.004505490740338
947	2.004505490740338
948	2.004505490740338
949	2.550072797826344
950	2.550072797826344
951	2.550072797826344
952	2.550072797826344
953	2.550072797826344
954	3.321763861909563
955	3.321763861909563
956	3.321763861909563
957	3.321763861909563
958	3.321763861909563
959	3.1379782101852904
960	3.1379782101852904
961	3.1379782101852904
962	3.1379782101852904
963	3.1379782101852904
964	3.9623772543197133
965	3.9623772543197133
966	3.9623772543197133
967	3.9623772543197133
968	3.9623772543197133
969	1.4930902282745997
970	1.4930902282745997
971	1.4930902282745997
972	1.4930902282745997
973	1.4930902282745997
974	3.3676983647102534
975	3.3676983647102534
976	3.3676983647102534
977	3.3676983647102534
978	3.3676983647102534
979	3.5091429311219846
980	3.5091429311219846
981	3.5091429311219846
982	3.5091429311219846
983	3.5091429311219846
984	2.370427181203056
985	2.370427181203056
986	2.370427181203056
987	2.370427181203056
988	2.370427181203056
989	3.139667659366178
990	3.139667659366178
991	3.139667659366178
992	3.139667659366178
993	3.139667659366178
994	2.293544590129248
995	2.293544590129248
996	2.293544590129248
997	2.293544590129248
998	2.293544590129248
999	2.569087758018604
1000	2.569087758018604
1001	2.569087758018604
1002	2.569087758018604
1003	2.569087758018604
1004	3.120946481424257
1005	3.120946481424257
1006	3.120946481424257
1007	3.120946481424257
1008	3.120946481424257
1009	2.7376872934032437
1010	2.7376872934032437
1011	2.7376872934032437
1012	2.7376872934032437
1013	2.7376872934032437
1014	4.433508255096779
1015	4.433508255096779
1016	4.433508255096779
1017	4.433508255096779
1018	4.433508255096779
1019	3.3863655911305086
1020	3.3863655911305086
1021	3.3863655911305086
1022	3.3863655911305086
1023	3.3863655911305086
1024	0.42954934463479955
1025	0.42954934463479955
1026	0.42954934463479955
1027	0.42954934463479955
1028	0.42954934463479955
1029	2.955227756141681
1030	2.955227756141681
1031	2.955227756141681
1032	2.955227756141681
1033	2.955227756141681
1034	2.6935915300574935
1035	2.6935915300574935
1036	2.6935915300574935
1037	2.6935915300574935
1038	2.6935915300574935
1039	1.4446674997908728
1040	1.4446674997908728
1041	1.4446674997908728
1042	1.4446674997908728
1043	1.4446674997908728
1044	2.7485611524481275
1045	2.7485611524481275
1046	2.7485611524481275
1047	2.7485611524481275
1048	2.7485611524481275
1049	3.433817125168431
1050	3.433817125168431
1051	3.433817125168431
1052	3.433817125168431
1053	3.433817125168431
1054	2.9779260346744447
1055	2.9779260346744447
1056	2.9779260346744447
1057	2.9779260346744447
1058	2.9779260346744447
1059	2.3577725653463126
1060	2.3577725653463126
1061	2.3577725653463126
1062	2.3577725653463126
1063	2.3577725653463126
1064	3.7694174793453685
1065	3.7694174793453685
1066	3.7694174793453685
1067	3.7694174793453685
1068	3.7694174793453685
1069	2.098834370243783
1070	2.098834370243783
1071	2.098834370243783
1072	2.098834370243783
1073	2.098834370243783
1074	1.4800905146710286
1075	1.4800905146710286
1076	1.4800905146710286
1077	1.4800905146710286
1078	1.4800905146710286
1079	2.083361160782468
1080	2.083361160782468
1081	2.083361160782468
1082	2.083361160782468
1083	2.083361160782468
1084	1.858156581710493
1085	1.858156581710493
1086	1.858156581710493
1087	1.858156581710493
1088	1.858156581710493
1089	0.7077847702220488
1090	0.7077847702220488
1091	0.7077847702220488
1092	0.7077847702220488
1093	0.7077847702220488
1094	2.4694924765994384
1095	2.4694924765994384
1096	2.4694924765994384
1097	2.4694924765994384
1098	2.4694924765994384
1099	1.764469043122131
1100	1.764469043122131
1101	1.764469043122131
1102	1.764469043122131
1103	1.764469043122131
1104	3.237310309243941
1105	3.237310309243941
1106	3.237310309243941
1107	3.237310309243941
1108	3.237310309243941
1109	1.1338562105325602
1110	1.1338562105325602
1111	1.1338562105325602
1112	1.1338562105325602
1113	1.1338562105325602
1114	1.1503786706209995
1115	1.1503786706209995
1116	1.1503786706209995
1117	1.1503786706209995
1118	1.1503786706209995
1119	2.408661621867699
1120	2.408661621867699
1121	2.408661621867699
1122	2.408661621867699
1123	2.408661621867699
1124	1.6443220042126647
1125	1.6443220042126647
1126	1.6443220042126647
1127	1.6443220042126647
1128	1.6443220042126647
1129	2.2741120405453406
1130	2.2741120405453406
1131	2.2741120405453406
1132	2.2741120405453406
1133	2.2741120405453406
1134	2.1665207244965856
1135	2.1665207244965856
1136	2.1665207244965856
1137	2.1665207244965856
1138	2.1665207244965856
1139	2.138997324126075
1140	2.138997324126075
1141	2.138997324126075
1142	2.138997324126075
1143	2.138997324126075
1144	1.9743072835416235
1145	1.9743072835416235
1146	1.9743072835416235
1147	1.9743072835416235
1148	1.9743072835416235
1149	1.5341331396373965
1150	1.5341331396373965
1151	1.5341331396373965
1152	1.5341331396373965
1153	1.5341331396373965
1154	3.0272792174379495
1155	3.0272792174379495
1156	3.0272792174379495
1157	3.0272792174379495
1158	3.0272792174379495
1159	1.5320827048760304
1160	1.5320827048760304
1161	1.5320827048760304
1162	1.5320827048760304
1163	1.5320827048760304
1164	1.6798415062221748
1165	1.6798415062221748
1166	1.6798415062221748
1167	1.6798415062221748
1168	1.6798415062221748
1169	0.9887651973101165
1170	0.9887651973101165
1171	0.9887651973101165
1172	0.9887651973101165
1173	0.9887651973101165
1174	1.4442881451246694
1175	1.4442881451246694
1176	1.0249712132009619
1177	1.0249712132009619
1178	1.0249712132009619
1179	1.0249712132009619
1180	1.0249712132009619
1181	1.5940961451855533
1182	1.5940961451855533
1183	1.5940961451855533
1184	1.5940961451855533
1185	1.5940961451855533
1186	2.5894868488178764
1187	2.5894868488178764
1188	2.5894868488178764
1189	2.5894868488178764
1190	2.5894868488178764
1191	2.3729787257133905
1192	2.3729787257133905
1193	2.3729787257133905
1194	2.3729787257133905
1195	2.3729787257133905
1196	2.428683477745292
1197	2.428683477745292
1198	2.428683477745292
1199	2.428683477745292
1200	2.428683477745292
1201	1.2582791384360208
1202	1.2582791384360208
1203	1.2582791384360208
1204	1.2582791384360208
1205	1.2582791384360208
1206	2.705912378742177
1207	2.705912378742177
1208	2.705912378742177
1209	2.705912378742177
1210	2.705912378742177
1211	0.848500621061762
1212	0.848500621061762
1213	0.848500621061762
1214	0.848500621061762
1215	0.848500621061762
1216	0.9077204165653165
1217	0.9077204165653165
1218	0.9077204165653165
1219	0.9077204165653165
1220	0.9077204165653165
1221	1.7056419265661424
1222	1.7056419265661424
1223	1.7056419265661424
1224	1.7056419265661424
1225	1.7056419265661424
1226	1.6745266344480394
1227	1.6745266344480394
1228	1.6745266344480394
1229	1.6745266344480394
1230	1.6745266344480394
1231	2.581795100615565
1232	2.581795100615565
1233	2.581795100615565
1234	2.581795100615565
1235	2.581795100615565
1236	2.9194925149104596
1237	2.9194925149104596
1238	2.9194925149104596
1239	2.9194925149104596
1240	2.9194925149104596
1241	2.8218661597499777
1242	2.8218661597499777
1243	2.8218661597499777
1244	2.8218661597499777
1245	2.8218661597499777
1246	3.3173951035325784
1247	3.3173951035325784
1248	3.3173951035325784
1249	3.3173951035325784
1250	3.3173951035325784
1251	0.7125749389394995
1252	0.7125749389394995
1253	0.7125749389394995
1254	0.7125749389394995
1255	0.7125749389394995
1256	1.8090751137347925
1257	1.8090751137347925
1258	1.8090751137347925
1259	1.8090751137347925
1260	1.8090751137347925
1261	2.131939258298054
1262	2.131939258298054
1263	2.131939258298054
1264	2.131939258298054
1265	2.131939258298054
1266	1.3557576874581434
1267	1.3557576874581434
1268	1.3557576874581434
1269	1.3557576874581434
1270	1.3557576874581434
1271	1.1608641726779085
1272	1.1608641726779085
1273	1.1608641726779085
1274	1.1608641726779085
1275	1.1608641726779085
1276	1.4754396270413044
1277	1.4754396270413044
1278	1.4754396270413044
1279	1.4754396270413044
1280	1.4754396270413044
1281	1.9075456000110511
1282	1.9075456000110511
1283	1.9075456000110511
1284	1.9075456000110511
1285	1.9075456000110511
1286	2.6546301178034883
1287	2.6546301178034883
1288	2.6546301178034883
1289	2.6546301178034883
1290	2.6546301178034883
1291	2.204556376081352
1292	2.204556376081352
1293	2.204556376081352
1294	2.204556376081352
1295	2.204556376081352
1296	1.3503897006101435
1297	1.3503897006101435
1298	1.3503897006101435
1299	1.3503897006101435
1300	1.3503897006101435
1301	2.343004946820637
1302	2.343004946820637
1303	2.343004946820637
1304	2.343004946820637
1305	2.343004946820637
1306	2.63782681108775
1307	2.63782681108775
1308	2.63782681108775
1309	2.63782681108775
1310	2.63782681108775
1311	1.9769242852107614
1312	1.9769242852107614
1313	1.9769242852107614
1314	1.9769242852107614
1315	1.9769242852107614
1316	1.6872938607511583
1317	1.6872938607511583
1318	1.6872938607511583
1319	1.6872938607511583
1320	1.6872938607511583
1321	1.4937888421060728
1322	1.4937888421060728
1323	1.4937888421060728
1324	1.4937888421060728
1325	1.4937888421060728
1326	2.155084605966366
1327	2.155084605966366
1328	2.155084605966366
1329	2.155084605966366
1330	2.155084605966366
1331	1.3382635847282063
1332	1.3382635847282063
1333	1.3382635847282063
1334	1.3382635847282063
1335	1.3382635847282063
1336	0.40170348978181813
1337	0.40170348978181813
1338	0.40170348978181813
1339	0.40170348978181813
1340	0.40170348978181813
1341	1.4256852902009003
1342	1.4256852902009003
1343	1.4256852902009003
1344	1.4256852902009003
1345	1.4256852902009003
1346	2.145084019998939
1347	2.145084019998939
1348	2.145084019998939
1349	2.145084019998939
1350	2.145084019998939
1351	1.7097685904145123
1352	1.7097685904145123
1353	1.7097685904145123
1354	1.7097685904145123
1355	1.7097685904145123
1356	1.037747912726367
1357	1.037747912726367
1358	1.037747912726367
1359	3.8628625338001483
1360	3.8628625338001483
1361	3.8628625338001483
1362	3.8628625338001483
1363	3.8628625338001483
1364	2.0467004678792544
1365	2.0467004678792544
1366	2.0467004678792544
1367	2.0467004678792544
1368	2.0467004678792544
1369	4.611060764030928
1370	4.611060764030928
1371	4.611060764030928
1372	4.611060764030928
1373	4.611060764030928
1374	3.9307569820296884
1375	3.9307569820296884
1376	3.9307569820296884
1377	3.9307569820296884
1378	3.9307569820296884
1379	2.9447029148284027
1380	2.9447029148284027
1381	2.9447029148284027
1382	2.9447029148284027
1383	2.9447029148284027
1384	5.054655976469501
1385	5.054655976469501
1386	5.054655976469501
1387	5.054655976469501
1388	5.054655976469501
1389	4.472297887169153
1390	4.472297887169153
1391	4.472297887169153
1392	4.472297887169153
1393	4.472297887169153
1394	5.0572911243894465
1395	5.0572911243894465
1396	5.0572911243894465
1397	5.0572911243894465
1398	5.0572911243894465
1399	1.7926821996473539
1400	1.7926821996473539
1401	1.7926821996473539
1402	1.7926821996473539
1403	1.7926821996473539
1404	3.4968046549696736
1405	3.4968046549696736
1406	3.4968046549696736
1407	3.4968046549696736
1408	3.4968046549696736
1409	3.7612315165589054
1410	3.7612315165589054
1411	0.5629341364157168
1412	0.5629341364157168
1413	0.5629341364157168
1414	0.5629341364157168
1415	0.5629341364157168
1416	0.6646088063710056
1417	0.6646088063710056
1418	0.6646088063710056
1419	0.6646088063710056
1420	0.6646088063710056
1421	1.1166842819523894
1422	4.636916486140216
1423	4.636916486140216
1424	4.636916486140216
1425	4.636916486140216
1426	4.636916486140216
1427	4.5276089344760635
1428	4.5276089344760635
1429	4.5276089344760635
1430	4.5276089344760635
1431	4.5276089344760635
1432	5.413651016989821
1433	5.413651016989821
1434	5.413651016989821
1435	5.413651016989821
1436	5.413651016989821
1437	3.1575595204493987
1438	3.1575595204493987
1439	3.1575595204493987
1440	3.1575595204493987
1441	3.1575595204493987
1442	2.545513280600359
1443	2.545513280600359
1444	2.545513280600359
1445	2.545513280600359
1446	2.545513280600359
1447	5.2923759592205055
1448	5.2923759592205055
1449	5.2923759592205055
1450	5.2923759592205055
1451	5.2923759592205055
1452	4.201684711452422
1453	4.201684711452422
1454	4.201684711452422
1455	4.201684711452422
1456	4.201684711452422
1457	2.528711442255509
1458	2.528711442255509
1459	2.528711442255509
1460	2.528711442255509
1461	2.528711442255509
1462	2.7486285937819153
1463	2.7486285937819153
1464	2.7486285937819153
1465	2.7486285937819153
1466	2.7486285937819153
1467	2.745071230293908
1468	2.745071230293908
1469	2.745071230293908
1470	2.745071230293908
1471	2.745071230293908
1472	3.8297295850236623
1473	3.8297295850236623
1474	3.8297295850236623
1475	3.8297295850236623
1476	3.8297295850236623
1477	1.5415840587429703
1478	1.5415840587429703
1479	1.5415840587429703
1480	1.5415840587429703
1481	1.5415840587429703
1482	2.276326759545325
1483	2.276326759545325
1484	2.276326759545325
1485	2.276326759545325
1486	2.276326759545325
1487	2.7848420351030994
1488	2.7848420351030994
1489	2.7848420351030994
1490	2.7848420351030994
1491	2.7848420351030994
1492	2.0228138729762386
1493	2.0228138729762386
1494	2.0228138729762386
1495	2.0228138729762386
1496	2.0228138729762386
1497	2.1950894322416534
1498	2.1950894322416534
1499	2.1950894322416534
1500	2.1950894322416534
1501	2.1950894322416534
1502	3.6823785762968533
1503	3.6823785762968533
1504	3.6823785762968533
1505	3.6823785762968533
1506	3.6823785762968533
1507	2.193225090020953
1508	2.193225090020953
1509	2.193225090020953
1510	2.193225090020953
1511	2.193225090020953
1512	3.898575955224856
1513	3.898575955224856
1514	3.898575955224856
1515	3.898575955224856
1516	3.898575955224856
1517	2.641796527698588
1518	2.641796527698588
1519	2.641796527698588
1520	2.641796527698588
1521	2.641796527698588
1522	2.409061566340786
1523	2.409061566340786
1524	2.409061566340786
1525	2.409061566340786
1526	2.409061566340786
1527	4.652720027371941
1528	4.652720027371941
1529	4.652720027371941
1530	4.652720027371941
1531	4.652720027371941
1532	3.559135140506114
1533	3.559135140506114
1534	3.559135140506114
1535	3.559135140506114
1536	3.559135140506114
1537	3.6693603794441367
1538	3.6693603794441367
1539	3.6693603794441367
1540	3.6693603794441367
1541	3.6693603794441367
1542	2.386579488940874
1543	2.386579488940874
1544	2.386579488940874
1545	2.386579488940874
1546	2.386579488940874
1547	4.49282485048245
1548	4.49282485048245
1549	4.49282485048245
1550	4.49282485048245
1551	4.49282485048245
1552	2.1330660906037022
1553	2.1330660906037022
1554	2.1330660906037022
1555	2.1330660906037022
1556	2.1330660906037022
1557	4.877227573383471
1558	4.877227573383471
1559	4.877227573383471
1560	4.877227573383471
1561	4.877227573383471
1562	3.1583087751078978
1563	3.1583087751078978
1564	3.1583087751078978
1565	3.1583087751078978
1566	3.1583087751078978
1567	3.935071483773582
1568	3.935071483773582
1569	3.935071483773582
1570	3.935071483773582
1571	3.935071483773582
1572	3.6768160875487195
1573	3.6768160875487195
1574	3.6768160875487195
1575	3.6768160875487195
1576	3.6768160875487195
1577	4.665312377677844
1578	4.665312377677844
1579	4.665312377677844
1580	4.665312377677844
1581	4.665312377677844
1582	3.5087025381247163
1583	3.5087025381247163
1584	3.5087025381247163
1585	3.5087025381247163
1586	3.5087025381247163
1587	2.0105014230439426
1588	2.0105014230439426
1589	2.0105014230439426
1590	2.0105014230439426
1591	2.0105014230439426
1592	3.0572840451956678
1593	3.0572840451956678
1594	3.0572840451956678
1595	3.0572840451956678
1596	3.0572840451956678
1597	4.713928756287289
1598	4.713928756287289
1599	4.713928756287289
1600	4.713928756287289
1601	4.713928756287289
1602	3.4575127330618503
1603	3.4575127330618503
1604	3.4575127330618503
1605	3.4575127330618503
1606	3.4575127330618503
1607	0.7102395003924509
1608	0.7102395003924509
1609	0.7102395003924509
1610	0.7102395003924509
1611	0.7102395003924509
1612	0.6089833658293292
1613	0.6089833658293292
1614	0.6089833658293292
1615	0.6089833658293292
1616	0.6089833658293292
1617	0.5485931153164939
1618	0.5485931153164939
1619	0.5485931153164939
1620	0.5485931153164939
1621	0.5485931153164939
1622	0.8193722510311583
1623	0.8193722510311583
1624	0.8193722510311583
1625	0.8193722510311583
1626	0.8193722510311583
1627	0.5254794876977611
1628	0.5254794876977611
1629	0.5254794876977611
1630	0.5254794876977611
1631	0.5254794876977611
1632	0.7279613889094726
1633	0.7279613889094726
1634	0.7279613889094726
1635	0.7279613889094726
1636	0.7279613889094726
1637	0.7268660093522502
1638	0.7268660093522502
1639	0.7268660093522502
1640	0.7268660093522502
1641	0.7268660093522502
1642	0.5672508890448609
1643	0.5672508890448609
1644	0.5672508890448609
1645	0.5672508890448609
1646	0.5672508890448609
1647	0.6826329590314988
1648	0.6826329590314988
1649	0.6826329590314988
1650	0.6826329590314988
1651	0.6826329590314988
1652	0.6950198033082997
1653	0.6950198033082997
1654	0.6950198033082997
1655	0.6950198033082997
1656	0.6950198033082997
1657	1.0025878297150925
1658	1.0025878297150925
1659	1.0025878297150925
1660	1.0025878297150925
1661	1.0025878297150925
1662	0.5175135271920539
1663	0.5175135271920539
1664	0.5175135271920539
1665	0.5175135271920539
1666	0.5175135271920539
1667	0.4452094090071048
1668	0.4452094090071048
1669	0.4452094090071048
1670	0.4452094090071048
1671	0.4452094090071048
1672	0.6912625847856324
1673	0.6912625847856324
1674	0.6912625847856324
1675	0.6912625847856324
1676	0.6912625847856324
1677	0.7666331735461569
1678	0.7666331735461569
1679	0.7666331735461569
1680	0.7666331735461569
1681	0.7666331735461569
1682	0.8907950848874718
1683	0.8907950848874718
1684	0.8907950848874718
1685	0.8907950848874718
1686	0.8907950848874718
1687	0.3048414601789821
1688	0.3048414601789821
1689	0.3048414601789821
1690	0.3048414601789821
1691	0.3048414601789821
1692	0.549928785716969
1693	0.549928785716969
1694	0.549928785716969
1695	0.549928785716969
1696	0.549928785716969
1697	0.7094031312917852
1698	0.7094031312917852
1699	0.7094031312917852
1700	0.7094031312917852
1701	0.7094031312917852
1702	0.6107149304270966
1703	0.6107149304270966
1704	0.6107149304270966
1705	0.6107149304270966
1706	0.6107149304270966
1707	0.1
1708	0.1
1709	0.1
1710	0.1
1711	0.1
1712	0.7570999361201259
1713	0.7570999361201259
1714	0.7570999361201259
1715	3.915900912070411
1716	3.915900912070411
1717	3.915900912070411
1718	3.915900912070411
1719	3.915900912070411
1720	3.597806077640528
1721	3.597806077640528
1722	3.597806077640528
1723	3.597806077640528
1724	3.597806077640528
1725	2.6690705473243828
1726	2.6690705473243828
1727	2.6690705473243828
1728	2.6690705473243828
1729	2.6690705473243828
1730	4.671698996385909
1731	4.671698996385909
1732	4.671698996385909
1733	4.671698996385909
1734	4.671698996385909
1735	3.024440319939899
1736	3.024440319939899
1737	3.024440319939899
1738	3.024440319939899
1739	3.024440319939899
1740	3.0771174813125763
1741	3.0771174813125763
1742	3.0771174813125763
1743	3.0771174813125763
1744	3.0771174813125763
1745	2.7511403057737516
1746	2.7511403057737516
1747	2.7511403057737516
1748	2.7511403057737516
1749	2.7511403057737516
1750	3.475321089214176
1751	3.475321089214176
1752	3.475321089214176
1753	3.475321089214176
1754	3.475321089214176
1755	3.626559498361491
1756	3.626559498361491
1757	3.626559498361491
1758	3.626559498361491
1759	3.626559498361491
1760	5.219572950945021
1761	5.219572950945021
1762	5.219572950945021
1763	5.219572950945021
1764	5.219572950945021
1765	3.9687449035681004
1766	3.9687449035681004
1767	3.9687449035681004
1768	3.9687449035681004
1769	3.9687449035681004
1770	4.511117766717788
1771	4.511117766717788
1772	4.511117766717788
1773	4.511117766717788
1774	4.511117766717788
1775	4.2436203770024985
1776	4.2436203770024985
1777	4.2436203770024985
1778	4.2436203770024985
1779	4.2436203770024985
1780	4.953923532365686
1781	4.953923532365686
1782	4.953923532365686
1783	4.953923532365686
1784	4.953923532365686
1785	4.0296934970872496
1786	4.0296934970872496
1787	4.0296934970872496
1788	4.0296934970872496
1789	4.0296934970872496
1790	4.755231098302037
1791	4.755231098302037
1792	4.755231098302037
1793	4.755231098302037
1794	4.755231098302037
1795	3.201158391794176
1796	3.201158391794176
1797	3.201158391794176
1798	3.201158391794176
1799	3.201158391794176
1800	1.6946757865360624
1801	1.6946757865360624
1802	1.6946757865360624
1803	1.6946757865360624
1804	1.6946757865360624
1805	3.774458142953836
1806	3.774458142953836
1807	3.774458142953836
1808	3.774458142953836
1809	3.774458142953836
1810	2.5447295481935956
1811	2.5447295481935956
1812	2.5447295481935956
1813	2.5447295481935956
1814	2.5447295481935956
1815	3.034916067225848
1816	3.034916067225848
1817	3.034916067225848
1818	3.034916067225848
1819	3.034916067225848
1820	2.1020225012238383
1821	2.1020225012238383
1822	2.1020225012238383
1823	2.1020225012238383
1824	2.1020225012238383
1825	4.036232400365273
1826	4.036232400365273
1827	4.036232400365273
1828	4.036232400365273
1829	4.036232400365273
1830	4.479196577949712
1831	4.479196577949712
1832	4.479196577949712
1833	4.479196577949712
1834	4.479196577949712
1835	4.323614229441242
1836	4.323614229441242
1837	4.323614229441242
1838	4.323614229441242
1839	4.323614229441242
1840	3.796116826917919
1841	3.796116826917919
1842	3.796116826917919
1843	3.796116826917919
1844	3.796116826917919
1845	2.9884665153449217
1846	2.9884665153449217
1847	2.9884665153449217
1848	2.9884665153449217
1849	1.3012231954047475
1850	1.3012231954047475
1851	1.3012231954047475
1852	1.3012231954047475
1853	1.3012231954047475
1854	1.2994759359093837
1855	1.2994759359093837
1856	1.2994759359093837
1857	1.2994759359093837
1858	1.2994759359093837
1859	0.5924727473120568
1860	0.5924727473120568
1861	0.5924727473120568
1862	0.5924727473120568
1863	0.5924727473120568
1864	1.0906132388074614
1865	1.0906132388074614
1866	1.0906132388074614
1867	1.0906132388074614
1868	1.0906132388074614
1869	1.1741214406868894
1870	1.1741214406868894
1871	1.1741214406868894
1872	1.1741214406868894
1873	1.1741214406868894
1874	0.9059560942706457
1875	0.9059560942706457
1876	0.9059560942706457
1877	0.9059560942706457
1878	0.9059560942706457
1879	2.0253272669789397
1880	2.0253272669789397
1881	2.0253272669789397
1882	2.0253272669789397
1883	2.0253272669789397
1884	0.7812430550136682
1885	0.7812430550136682
1886	0.7812430550136682
1887	0.7812430550136682
1888	0.7812430550136682
1889	0.48793267627371417
1890	0.48793267627371417
1891	0.48793267627371417
1892	0.48793267627371417
1893	0.48793267627371417
1894	1.1558446496069326
1895	1.1558446496069326
1896	1.1558446496069326
1897	1.1558446496069326
1898	1.1558446496069326
1899	1.7024460527731335
1900	1.7024460527731335
1901	1.7024460527731335
1902	1.7024460527731335
1903	1.7024460527731335
1904	1.218545691253102
1905	1.218545691253102
1906	1.218545691253102
1907	1.218545691253102
1908	1.218545691253102
1909	1.9008525601512372
1910	1.9008525601512372
1911	1.9008525601512372
1912	1.9008525601512372
1913	1.9008525601512372
1914	1.3997080002632907
1915	1.3997080002632907
1916	1.3997080002632907
1917	1.3997080002632907
1918	1.3997080002632907
1919	0.9951791786078438
1920	0.9951791786078438
1921	0.9951791786078438
1922	0.9951791786078438
1923	0.9951791786078438
1924	0.3992188303043105
1925	0.3992188303043105
1926	0.3992188303043105
1927	0.3992188303043105
1928	0.3992188303043105
1929	0.8630998438783147
1930	0.8630998438783147
1931	0.8630998438783147
1932	0.8630998438783147
1933	0.8630998438783147
1934	1.4152778443784793
1935	1.4152778443784793
1936	1.4152778443784793
1937	1.4152778443784793
1938	1.4152778443784793
1939	4.404736531748553
1940	4.404736531748553
1941	4.404736531748553
1942	4.404736531748553
1943	4.404736531748553
1944	3.5582933028157155
1945	3.5582933028157155
1946	3.5582933028157155
1947	3.5582933028157155
1948	3.5582933028157155
1949	5.479572775938823
1950	5.479572775938823
1951	5.479572775938823
1952	5.479572775938823
1953	5.479572775938823
1954	3.0876030722238954
1955	3.0876030722238954
1956	3.0876030722238954
1957	3.0876030722238954
1958	3.0876030722238954
1959	4.49503410536782
1960	4.49503410536782
1961	4.49503410536782
1962	4.49503410536782
1963	4.49503410536782
1964	6.020214553514993
1965	6.020214553514993
1966	6.020214553514993
1967	6.020214553514993
1968	6.020214553514993
1969	3.781186980748172
1970	3.781186980748172
1971	3.781186980748172
1972	3.781186980748172
1973	3.781186980748172
1974	2.0073661449281075
1975	2.0073661449281075
1976	2.0073661449281075
1977	2.0073661449281075
1978	2.0073661449281075
1979	3.470138095329849
1980	3.470138095329849
1981	3.470138095329849
1982	3.470138095329849
1983	3.470138095329849
1984	4.192066375926716
1985	4.192066375926716
1986	4.192066375926716
1987	4.192066375926716
1988	4.192066375926716
1989	3.413919323323872
1990	3.413919323323872
1991	3.413919323323872
1992	3.413919323323872
1993	3.413919323323872
1994	3.8266189895573026
1995	3.8266189895573026
1996	3.8266189895573026
1997	3.8266189895573026
1998	3.8266189895573026
1999	0.5792299824427581
