0	3.319981532846477
1	3.319981532846477
2	3.319981532846477
3	3.319981532846477
4	3.319981532846477
5	3.9859153053972856
6	3.9859153053972856
7	3.9859153053972856
8	3.9859153053972856
9	3.9859153053972856
10	0.23988970909823415
11	0.23988970909823415
12	0.23988970909823415
13	0.23988970909823415
14	0.23988970909823415
15	8.50517788593283
16	8.50517788593283
17	8.50517788593283
18	8.50517788593283
19	8.50517788593283
20	4.524113788720225
21	4.524113788720225
22	4.524113788720225
23	4.524113788720225
24	4.524113788720225
25	4.771655048323051
26	4.771655048323051
27	1.8512653270236852
28	1.8512653270236852
29	1.8512653270236852
30	1.8512653270236852
31	1.8512653270236852
32	1.4347003901573658
33	1.4347003901573658
34	1.4347003901573658
35	1.4347003901573658
36	1.4347003901573658
37	1.5801893275146492
38	1.5801893275146492
39	1.5801893275146492
40	1.5801893275146492
41	1.5801893275146492
42	0.8839154906541795
43	0.8839154906541795
44	0.8839154906541795
45	0.8839154906541795
46	0.8839154906541795
47	1.2865642793625278
48	1.2865642793625278
49	1.2865642793625278
50	1.2865642793625278
51	1.2865642793625278
52	0.6408645363519707
53	0.6408645363519707
54	0.6408645363519707
55	0.6408645363519707
56	0.6408645363519707
57	1.3081538839672708
58	1.3081538839672708
59	1.3081538839672708
60	1.3081538839672708
61	1.3081538839672708
62	1.6292262629410288
63	1.6292262629410288
64	1.6292262629410288
65	1.6292262629410288
66	1.6292262629410288
67	1.0343391653467227
68	1.0343391653467227
69	1.0343391653467227
70	1.0343391653467227
71	1.0343391653467227
72	1.2267003935106677
73	1.2267003935106677
74	1.2267003935106677
75	1.2267003935106677
76	1.2267003935106677
77	1.1997276914846235
78	1.1997276914846235
79	1.1997276914846235
80	1.1997276914846235
81	1.1997276914846235
82	1.843257263833196
83	1.843257263833196
84	1.843257263833196
85	1.843257263833196
86	1.843257263833196
87	2.0150024540447675
88	2.0150024540447675
89	2.0150024540447675
90	2.0150024540447675
91	0.41965495535530245
92	0.41965495535530245
93	0.41965495535530245
94	0.41965495535530245
95	0.41965495535530245
96	0.5611733323324609
97	0.5611733323324609
98	0.5611733323324609
99	0.5611733323324609
100	0.5611733323324609
101	0.6051695988780896
102	0.6051695988780896
103	0.6051695988780896
104	0.6051695988780896
105	0.6051695988780896
106	0.1
107	0.1
108	0.1
109	0.1
110	0.1
111	0.355457514745726
112	0.355457514745726
113	0.355457514745726
114	0.355457514745726
115	0.355457514745726
116	0.3309797560475115
117	0.3309797560475115
118	0.3309797560475115
119	0.3309797560475115
120	0.3309797560475115
121	1.1948540356441821
122	1.1948540356441821
123	1.1948540356441821
124	1.1948540356441821
125	5.156925282571715
126	5.156925282571715
127	5.156925282571715
128	5.156925282571715
129	5.156925282571715
130	2.763710984612806
131	2.763710984612806
132	2.763710984612806
133	2.763710984612806
134	0.1
135	0.1
136	0.1
137	0.1
138	0.1
139	0.3008355188668681
140	0.3008355188668681
141	0.3008355188668681
142	0.3008355188668681
143	0.3008355188668681
144	0.907147115554245
145	0.907147115554245
146	0.907147115554245
147	0.907147115554245
148	0.907147115554245
149	2.2534793977920993
150	2.2534793977920993
151	2.2534793977920993
152	2.2534793977920993
153	1.8470807290071254
154	1.8470807290071254
155	1.8470807290071254
156	1.8470807290071254
157	1.8470807290071254
158	0.808845249979373
159	0.808845249979373
160	0.808845249979373
161	0.808845249979373
162	0.4332134014764275
163	0.4332134014764275
164	0.4332134014764275
165	0.4332134014764275
166	0.4332134014764275
167	1.3025470182203303
168	1.3025470182203303
169	1.3025470182203303
170	1.3025470182203303
171	1.3025470182203303
172	0.13619173731601109
173	0.13619173731601109
174	0.13619173731601109
175	0.13619173731601109
176	0.13619173731601109
177	2.8228178353402944
178	2.8228178353402944
179	2.8228178353402944
180	2.8228178353402944
181	2.8228178353402944
182	6.234494514635894
183	6.234494514635894
184	6.234494514635894
185	6.234494514635894
186	6.234494514635894
187	3.8391154264469645
188	3.8391154264469645
189	3.8391154264469645
190	3.8391154264469645
191	3.8391154264469645
192	5.678484128478136
193	5.678484128478136
194	5.678484128478136
195	5.678484128478136
196	5.678484128478136
197	5.167752915229821
198	5.167752915229821
199	5.167752915229821
200	5.167752915229821
201	5.167752915229821
202	3.568009815670024
203	3.568009815670024
204	3.568009815670024
205	3.568009815670024
206	3.568009815670024
207	3.2156602413298163
208	3.2156602413298163
209	3.2156602413298163
210	3.2156602413298163
211	3.2156602413298163
212	1.1179319039429387
213	1.1179319039429387
214	1.1179319039429387
215	0.7339126853484623
216	0.7339126853484623
217	0.7339126853484623
218	0.7339126853484623
219	0.7339126853484623
220	1.4818613616422058
221	1.4818613616422058
222	1.4818613616422058
223	1.4818613616422058
224	1.4818613616422058
225	3.1163889915019043
226	3.1163889915019043
227	3.1163889915019043
228	3.1163889915019043
229	3.1163889915019043
230	1.6816572164226582
231	1.6816572164226582
232	1.6816572164226582
233	1.6816572164226582
234	1.6816572164226582
235	1.699851962205623
236	1.699851962205623
237	1.699851962205623
238	1.699851962205623
239	1.699851962205623
240	0.5082964282985503
241	0.5082964282985503
242	0.5082964282985503
243	0.5082964282985503
244	0.5082964282985503
245	2.481183972243512
246	2.481183972243512
247	2.481183972243512
248	2.481183972243512
249	2.481183972243512
250	1.848753873111967
251	1.848753873111967
252	1.848753873111967
253	1.848753873111967
254	1.848753873111967
255	1.5399418205772384
256	1.5399418205772384
257	1.5399418205772384
258	1.5399418205772384
259	1.5399418205772384
260	1.9486032437500702
261	1.9486032437500702
262	1.9486032437500702
263	1.9486032437500702
264	1.9486032437500702
265	1.593235360790683
266	1.593235360790683
267	1.593235360790683
268	1.593235360790683
269	1.593235360790683
270	1.7955057139738089
271	1.7955057139738089
272	1.7955057139738089
273	1.7955057139738089
274	1.7955057139738089
275	1.3696370488463703
276	1.3696370488463703
277	1.3696370488463703
278	1.3696370488463703
279	1.3696370488463703
280	3.7959378966494315
281	3.7959378966494315
282	3.7959378966494315
283	3.7959378966494315
284	3.7959378966494315
285	0.643227681100019
286	0.643227681100019
287	0.643227681100019
288	0.643227681100019
289	0.643227681100019
290	0.7567978662451278
291	0.7567978662451278
292	0.7567978662451278
293	0.7567978662451278
294	0.7567978662451278
295	3.505686295932695
296	3.505686295932695
297	3.505686295932695
298	3.505686295932695
299	3.505686295932695
300	2.0667169485744443
301	2.0667169485744443
302	2.0667169485744443
303	2.0667169485744443
304	2.0667169485744443
305	2.572765853214354
306	2.572765853214354
307	2.572765853214354
308	2.572765853214354
309	2.572765853214354
310	4.52132397314835
311	4.52132397314835
312	4.52132397314835
313	4.134654274148172
314	4.134654274148172
315	4.134654274148172
316	4.134654274148172
317	4.134654274148172
318	4.255081007279308
319	1.1258381765391767
320	1.1258381765391767
321	1.1258381765391767
322	1.1258381765391767
323	1.1258381765391767
324	0.62770964712762
325	0.62770964712762
326	0.62770964712762
327	0.62770964712762
328	0.62770964712762
329	0.4707432685096072
330	0.4707432685096072
331	0.4707432685096072
332	0.4707432685096072
333	0.4707432685096072
334	0.1
335	0.1
336	0.1
337	0.1
338	0.1
339	0.23613241677600266
340	0.23613241677600266
341	0.23613241677600266
342	0.23613241677600266
343	0.23613241677600266
344	0.9784524132857115
345	0.9784524132857115
346	0.9784524132857115
347	0.9784524132857115
348	0.9784524132857115
349	0.5144578323918044
350	0.5144578323918044
351	0.5144578323918044
352	0.5144578323918044
353	0.5144578323918044
354	0.886979721733756
355	0.886979721733756
356	0.886979721733756
357	0.886979721733756
358	0.886979721733756
359	0.6998463208883087
360	0.6998463208883087
361	0.6998463208883087
362	0.6998463208883087
363	0.6998463208883087
364	0.5883061292202648
365	0.5883061292202648
366	0.5883061292202648
367	0.5883061292202648
368	0.5883061292202648
369	0.1
370	0.1
371	3.9148920081206704
372	3.9148920081206704
373	3.9148920081206704
374	3.9148920081206704
375	3.9148920081206704
376	3.265997309977519
377	3.265997309977519
378	3.265997309977519
379	3.265997309977519
380	3.265997309977519
381	3.852485659826097
382	3.852485659826097
383	3.852485659826097
384	3.852485659826097
385	3.852485659826097
386	1.6193890529708823
387	1.6193890529708823
388	1.6193890529708823
389	1.6193890529708823
390	1.6193890529708823
391	5.185284730657959
392	5.185284730657959
393	0.9370959806303361
394	0.9370959806303361
395	0.9370959806303361
396	0.9370959806303361
397	0.9370959806303361
398	0.9567473779535904
399	0.9567473779535904
400	0.9567473779535904
401	0.9567473779535904
402	1.128312988987132
403	1.128312988987132
404	1.128312988987132
405	1.128312988987132
406	1.128312988987132
407	1.3336944358872174
408	1.3336944358872174
409	1.3336944358872174
410	1.3336944358872174
411	1.3336944358872174
412	2.73838031102117
413	2.73838031102117
414	1.4822722760573024
415	1.4822722760573024
416	1.4822722760573024
417	1.4822722760573024
418	1.4822722760573024
419	1.6128589743902588
420	1.6128589743902588
421	1.6128589743902588
422	1.6128589743902588
423	1.6128589743902588
424	1.6960263108862799
425	1.6960263108862799
426	1.6960263108862799
427	1.6960263108862799
428	1.6960263108862799
429	1.8339855135528582
430	1.8339855135528582
431	1.8339855135528582
432	1.8339855135528582
433	1.8339855135528582
434	2.022896984539555
435	2.022896984539555
436	2.022896984539555
437	2.022896984539555
438	2.022896984539555
439	3.3431043724837703
440	3.3431043724837703
441	3.3431043724837703
442	3.3431043724837703
443	3.3431043724837703
444	1.1386445827023246
445	1.1386445827023246
446	1.1386445827023246
447	1.1386445827023246
448	1.1386445827023246
449	1.6854257525027239
450	1.6854257525027239
451	1.6854257525027239
452	1.6854257525027239
453	0.1
454	0.1
455	0.1
456	0.1
457	0.1
458	0.8914992502090682
459	0.8914992502090682
460	0.8914992502090682
461	0.9779713129066572
462	0.9779713129066572
463	0.9779713129066572
464	0.9779713129066572
465	0.9779713129066572
466	2.1839332520963493
467	2.1839332520963493
468	2.1839332520963493
469	2.1839332520963493
470	2.1839332520963493
471	1.2042201696403114
472	1.2042201696403114
473	1.2042201696403114
474	1.2042201696403114
475	1.2042201696403114
476	4.17249420539024
477	4.17249420539024
478	3.064712806664673
479	3.064712806664673
480	3.064712806664673
481	3.064712806664673
482	3.064712806664673
483	2.9805390388714916
484	2.9805390388714916
485	1.344850792339383
486	1.344850792339383
487	1.344850792339383
488	1.344850792339383
489	1.344850792339383
490	0.7510790795192933
491	0.7510790795192933
492	0.7510790795192933
493	0.7510790795192933
494	0.7510790795192933
495	0.1
496	0.1
497	0.1
498	0.1
499	0.1
500	1.2235211961397876
501	1.2235211961397876
502	1.2235211961397876
503	1.2235211961397876
504	1.2235211961397876
505	0.7424479122889499
506	0.7424479122889499
507	1.0729372046359416
508	1.0729372046359416
509	1.0729372046359416
510	1.0729372046359416
511	1.0729372046359416
512	0.7281367962984637
513	4.981106613467379
514	4.981106613467379
515	4.981106613467379
516	4.981106613467379
517	4.981106613467379
518	4.964737321680882
519	4.964737321680882
520	4.964737321680882
521	0.1
522	0.1
523	0.1
524	4.435681167621378
525	4.435681167621378
526	4.435681167621378
527	4.435681167621378
528	4.435681167621378
529	4.779295906974464
530	4.779295906974464
531	4.779295906974464
532	4.779295906974464
533	4.779295906974464
534	3.4788484430714317
535	3.4788484430714317
536	3.4788484430714317
537	3.4788484430714317
538	1.2121133454642519
539	1.2121133454642519
540	1.2121133454642519
541	1.2121133454642519
542	1.2121133454642519
543	1.4675419566598669
544	1.4675419566598669
545	1.4675419566598669
546	1.4675419566598669
547	1.4675419566598669
548	1.0655967525837429
549	1.0655967525837429
550	1.0655967525837429
551	1.0655967525837429
552	1.0655967525837429
553	0.1
554	0.1
555	0.1
556	0.1
557	0.1
558	1.329719601570183
559	1.329719601570183
560	1.329719601570183
561	1.329719601570183
562	1.329719601570183
563	2.3306124666007184
564	2.3306124666007184
565	2.3306124666007184
566	2.3306124666007184
567	2.3306124666007184
568	2.7254966200129855
569	2.7254966200129855
570	2.7254966200129855
571	2.7254966200129855
572	2.7254966200129855
573	1.5138047635166336
574	1.5138047635166336
575	0.7161300057486236
576	0.7161300057486236
577	0.7161300057486236
578	0.7161300057486236
579	0.7161300057486236
580	0.6900773825303773
581	0.6900773825303773
582	0.6900773825303773
583	0.6900773825303773
584	0.6900773825303773
585	0.1619328664868082
586	0.1619328664868082
587	0.1619328664868082
588	0.1619328664868082
589	0.1619328664868082
590	0.5866895738050802
591	0.5866895738050802
592	0.5866895738050802
593	0.5866895738050802
594	1.788078627255132
595	1.788078627255132
596	1.788078627255132
597	1.788078627255132
598	1.788078627255132
599	2.986138194892595
600	2.986138194892595
601	2.986138194892595
602	2.986138194892595
603	2.986138194892595
604	2.7546865697590888
605	4.251966181975932
606	4.251966181975932
607	4.251966181975932
608	4.251966181975932
609	4.251966181975932
610	3.453282041191972
611	3.453282041191972
612	3.453282041191972
613	3.453282041191972
614	3.453282041191972
615	0.23967115152265883
616	0.23967115152265883
617	0.23967115152265883
618	0.23967115152265883
619	0.23967115152265883
620	2.7389814690916947
621	2.7389814690916947
622	2.7389814690916947
623	2.7389814690916947
624	2.7389814690916947
625	0.722849583966642
626	0.722849583966642
627	0.722849583966642
628	0.722849583966642
629	0.722849583966642
630	2.885448097403503
631	2.885448097403503
632	2.885448097403503
633	2.885448097403503
634	2.885448097403503
635	2.7446852267729085
636	2.7446852267729085
637	2.7446852267729085
638	2.7446852267729085
639	2.7446852267729085
640	3.4256607431303
641	3.4256607431303
642	3.4256607431303
643	1.243014994054237
644	1.243014994054237
645	1.243014994054237
646	1.243014994054237
647	1.243014994054237
648	0.8617509171410934
649	0.8617509171410934
650	0.8617509171410934
651	0.8617509171410934
652	0.8617509171410934
653	1.1483267324037714
654	1.1483267324037714
655	1.1483267324037714
656	1.1483267324037714
657	1.1483267324037714
658	0.7943143198188034
659	0.7943143198188034
660	0.7943143198188034
661	0.7943143198188034
662	0.7943143198188034
663	1.356644116573943
664	1.356644116573943
665	1.356644116573943
666	1.356644116573943
667	4.300138012131397
668	4.300138012131397
669	4.300138012131397
670	4.300138012131397
671	4.300138012131397
672	1.9938974702038308
673	1.9938974702038308
674	1.9938974702038308
675	1.9938974702038308
676	1.9938974702038308
677	4.433545957140032
678	4.433545957140032
679	4.433545957140032
680	4.433545957140032
681	4.433545957140032
682	1.3012401698216776
683	1.3012401698216776
684	1.3012401698216776
685	1.3012401698216776
686	1.3012401698216776
687	5.145856291473807
688	5.145856291473807
689	5.145856291473807
690	5.145856291473807
691	5.145856291473807
692	3.1914743194223916
693	3.1914743194223916
694	3.1914743194223916
695	3.1914743194223916
696	3.1914743194223916
697	3.7908689004126943
698	3.7908689004126943
699	3.7908689004126943
700	3.7908689004126943
701	3.7908689004126943
702	1.8171240653731429
703	1.8171240653731429
704	1.8171240653731429
705	1.8171240653731429
706	1.8171240653731429
707	4.1400264636584865
708	4.1400264636584865
709	4.1400264636584865
710	4.1400264636584865
711	4.1400264636584865
712	3.668898771244147
713	3.668898771244147
714	3.668898771244147
715	3.668898771244147
716	3.668898771244147
717	3.3513455567062005
718	3.3513455567062005
719	3.3513455567062005
720	3.3513455567062005
721	3.3513455567062005
722	2.7005771011437067
723	2.7005771011437067
724	2.7005771011437067
725	2.7005771011437067
726	2.7005771011437067
727	1.6075666253390932
728	1.6075666253390932
729	1.6075666253390932
730	1.6075666253390932
731	1.6075666253390932
732	4.900368147789698
733	4.900368147789698
734	4.900368147789698
735	0.278559015188605
736	0.278559015188605
737	0.278559015188605
738	0.278559015188605
739	0.278559015188605
740	0.459197370484248
741	0.459197370484248
742	0.459197370484248
743	0.459197370484248
744	0.459197370484248
745	0.20544998653324792
746	0.20544998653324792
747	0.20544998653324792
748	0.20544998653324792
749	0.20544998653324792
750	0.8089121099544556
751	0.8089121099544556
752	0.8089121099544556
753	0.8089121099544556
754	0.8089121099544556
755	1.200311160852252
756	1.200311160852252
757	1.200311160852252
758	1.200311160852252
759	1.200311160852252
760	0.4897573119284066
761	0.4897573119284066
762	0.4897573119284066
763	3.3904836587222933
764	3.3904836587222933
765	3.3904836587222933
766	0.5353661720879965
767	0.5353661720879965
768	0.5353661720879965
769	0.5353661720879965
770	0.5353661720879965
771	1.4610631278937407
772	1.4610631278937407
773	1.4610631278937407
774	1.4610631278937407
775	1.4610631278937407
776	1.692270848117933
777	1.692270848117933
778	2.7319538527290463
779	2.7319538527290463
780	2.7319538527290463
781	2.7319538527290463
782	2.7319538527290463
783	7.66358091989442
784	0.774951533974187
785	0.774951533974187
786	0.774951533974187
787	0.774951533974187
788	0.774951533974187
789	1.836904413773014
790	1.836904413773014
791	1.836904413773014
792	1.836904413773014
793	1.836904413773014
794	1.5347974259776884
795	1.5347974259776884
796	1.5347974259776884
797	1.5347974259776884
798	1.5347974259776884
799	0.49446212791133004
800	0.49446212791133004
801	0.49446212791133004
802	0.49446212791133004
803	0.49446212791133004
804	0.7862014037040801
805	0.7862014037040801
806	0.7862014037040801
807	0.8074445136680424
808	0.8074445136680424
809	0.8074445136680424
810	0.8074445136680424
811	0.8074445136680424
812	1.3215658726132773
813	1.3215658726132773
814	1.3215658726132773
815	1.3215658726132773
816	1.3215658726132773
817	0.9641848473115244
818	0.9641848473115244
819	0.9641848473115244
820	0.9641848473115244
821	0.9641848473115244
822	0.42699069514277865
823	0.42699069514277865
824	0.42699069514277865
825	0.42699069514277865
826	0.42699069514277865
827	1.3536643537625617
828	1.3536643537625617
829	1.3536643537625617
830	1.3536643537625617
831	1.3536643537625617
832	0.9417783167275674
833	0.9417783167275674
834	0.9417783167275674
835	0.9417783167275674
836	0.9417783167275674
837	0.8066745433124998
838	0.8066745433124998
839	0.8066745433124998
840	0.8066745433124998
841	0.8066745433124998
842	0.6332289824551675
843	0.6332289824551675
844	3.2864049725080786
845	3.2864049725080786
846	0.1635411225848564
847	0.1635411225848564
848	0.1635411225848564
849	0.1635411225848564
850	0.1635411225848564
851	0.1
852	0.1
853	0.1
854	0.1
855	0.1
856	4.8035924355347355
857	4.8035924355347355
858	4.8035924355347355
859	4.8035924355347355
860	4.8035924355347355
861	3.645959053609326
862	3.645959053609326
863	3.645959053609326
864	3.645959053609326
865	3.645959053609326
866	2.431649889702113
867	2.431649889702113
868	2.4461905368513976
869	2.4461905368513976
870	2.4461905368513976
871	2.4461905368513976
872	2.4461905368513976
873	3.0228331650073255
874	3.0228331650073255
875	2.131062921609337
876	2.131062921609337
877	2.131062921609337
878	2.131062921609337
879	2.131062921609337
880	1.1283741751720213
881	1.1283741751720213
882	1.1283741751720213
883	1.1283741751720213
884	1.1283741751720213
885	3.0667751520395754
886	3.0667751520395754
887	3.0667751520395754
888	3.0667751520395754
889	3.0667751520395754
890	1.3119996756741963
891	1.3119996756741963
892	1.3119996756741963
893	3.95438165914673
894	3.95438165914673
895	3.95438165914673
896	3.95438165914673
897	3.95438165914673
898	4.9724309775135165
899	4.9724309775135165
900	4.9724309775135165
901	4.9724309775135165
902	4.9724309775135165
903	5.301713355175168
904	5.301713355175168
905	5.301713355175168
906	5.301713355175168
907	5.301713355175168
908	6.554058063400413
909	6.554058063400413
910	6.554058063400413
911	6.554058063400413
912	6.554058063400413
913	4.464937575977415
914	4.464937575977415
915	4.464937575977415
916	4.464937575977415
917	4.464937575977415
918	3.1794810487757483
919	3.1794810487757483
920	3.1794810487757483
921	3.1794810487757483
922	3.1794810487757483
923	2.319700431402101
924	2.319700431402101
925	2.319700431402101
926	2.319700431402101
927	2.319700431402101
928	3.2910177880074447
929	3.2910177880074447
930	3.2910177880074447
931	3.2910177880074447
932	3.2910177880074447
933	4.392406174431075
934	4.392406174431075
935	4.392406174431075
936	4.392406174431075
937	4.392406174431075
938	2.607872719453105
939	2.607872719453105
940	1.3564222278590914
941	1.3564222278590914
942	1.3564222278590914
943	1.3564222278590914
944	1.3564222278590914
945	0.6271183930578186
946	0.6271183930578186
947	0.6271183930578186
948	0.6271183930578186
949	0.6271183930578186
950	2.7608413281898665
951	2.7608413281898665
952	2.7608413281898665
953	2.7608413281898665
954	2.7608413281898665
955	0.7428596977961492
956	0.7428596977961492
957	0.7428596977961492
958	0.7428596977961492
959	0.7428596977961492
960	3.039454495117333
961	3.039454495117333
962	3.039454495117333
963	3.039454495117333
964	3.039454495117333
965	3.774020077397136
966	3.774020077397136
967	3.774020077397136
968	3.774020077397136
969	3.774020077397136
970	2.433303331208811
971	2.433303331208811
972	2.433303331208811
973	2.433303331208811
974	2.433303331208811
975	1.9183533804659818
976	1.9183533804659818
977	1.9183533804659818
978	1.9183533804659818
979	1.9183533804659818
980	1.6987046025809254
981	1.6987046025809254
982	1.6987046025809254
983	1.6987046025809254
984	1.6987046025809254
985	1.92937956693532
986	1.92937956693532
987	1.92937956693532
988	1.92937956693532
989	1.92937956693532
990	1.9312923271038174
991	1.9312923271038174
992	1.9312923271038174
993	1.9312923271038174
994	1.9312923271038174
995	3.2257418756403426
996	3.2257418756403426
997	3.2257418756403426
998	3.2257418756403426
999	3.2257418756403426
1000	3.7701814336668034
1001	3.7701814336668034
1002	3.7701814336668034
1003	3.7701814336668034
1004	3.7701814336668034
1005	3.085486620933115
1006	3.085486620933115
1007	3.085486620933115
1008	3.085486620933115
1009	3.085486620933115
1010	1.4436470182452448
1011	1.4436470182452448
1012	1.4436470182452448
1013	1.4436470182452448
1014	1.4436470182452448
1015	4.598108446114541
1016	4.598108446114541
1017	4.598108446114541
1018	4.598108446114541
1019	4.598108446114541
1020	2.8061290775867147
1021	2.8061290775867147
1022	2.8061290775867147
1023	2.8061290775867147
1024	2.8061290775867147
1025	3.051092958352542
1026	3.051092958352542
1027	3.051092958352542
1028	3.051092958352542
1029	3.051092958352542
1030	3.7193527409691325
1031	3.7193527409691325
1032	3.7193527409691325
1033	3.7193527409691325
1034	3.7193527409691325
1035	4.108204715857655
1036	4.108204715857655
1037	4.108204715857655
1038	4.108204715857655
1039	4.108204715857655
1040	3.10066153190063
1041	3.10066153190063
1042	3.10066153190063
1043	3.10066153190063
1044	3.10066153190063
1045	2.215433494623189
1046	2.215433494623189
1047	2.215433494623189
1048	2.215433494623189
1049	2.215433494623189
1050	0.4463518625917309
1051	0.4463518625917309
1052	0.4463518625917309
1053	0.4463518625917309
1054	0.4463518625917309
1055	3.752256843755477
1056	3.752256843755477
1057	3.752256843755477
1058	3.752256843755477
1059	3.752256843755477
1060	4.261073068924497
1061	4.261073068924497
1062	4.261073068924497
1063	4.261073068924497
1064	4.261073068924497
1065	5.022252241450979
1066	5.022252241450979
1067	5.022252241450979
1068	5.022252241450979
1069	5.022252241450979
1070	5.672422504736161
1071	5.672422504736161
1072	5.672422504736161
1073	5.672422504736161
1074	5.672422504736161
1075	4.214571627632875
1076	4.214571627632875
1077	4.214571627632875
1078	4.214571627632875
1079	4.214571627632875
1080	1.6193338824898265
1081	1.6193338824898265
1082	1.6193338824898265
1083	1.6193338824898265
1084	1.6193338824898265
1085	1.576957215661719
1086	1.576957215661719
1087	1.576957215661719
1088	1.576957215661719
1089	7.517370923069821
1090	7.517370923069821
1091	7.517370923069821
1092	7.517370923069821
1093	7.517370923069821
1094	3.678251387491454
1095	3.678251387491454
1096	3.678251387491454
1097	3.678251387491454
1098	3.678251387491454
1099	5.113484033369221
1100	5.113484033369221
1101	5.113484033369221
1102	5.113484033369221
1103	5.113484033369221
1104	5.4937085597750555
1105	5.4937085597750555
1106	5.4937085597750555
1107	5.4937085597750555
1108	5.4937085597750555
1109	4.962847132663917
1110	4.962847132663917
1111	4.962847132663917
1112	4.962847132663917
1113	1.6795275799639062
1114	1.6795275799639062
1115	1.6795275799639062
1116	1.6795275799639062
1117	1.6795275799639062
1118	1.6995463421286785
1119	1.6995463421286785
1120	1.6995463421286785
1121	1.6995463421286785
1122	1.6995463421286785
1123	0.457002049941272
1124	0.457002049941272
1125	0.457002049941272
1126	0.457002049941272
1127	0.457002049941272
1128	0.9261890641166349
1129	0.9261890641166349
1130	0.9261890641166349
1131	0.9261890641166349
1132	0.9261890641166349
1133	1.1669260759267552
1134	1.1669260759267552
1135	1.1669260759267552
1136	1.1669260759267552
1137	1.1669260759267552
1138	0.37120337654910207
1139	0.37120337654910207
1140	0.37120337654910207
1141	0.37120337654910207
1142	0.37120337654910207
1143	0.3993546183137259
1144	0.3993546183137259
1145	0.3993546183137259
1146	0.3993546183137259
1147	0.3993546183137259
1148	0.6635082181025587
1149	0.6635082181025587
1150	0.6635082181025587
1151	0.6635082181025587
1152	0.6635082181025587
1153	0.26515533400955016
1154	0.26515533400955016
1155	0.26515533400955016
1156	0.26515533400955016
1157	0.26515533400955016
1158	1.9318439280590627
1159	1.9318439280590627
1160	1.9318439280590627
1161	1.9318439280590627
1162	1.9318439280590627
1163	1.8595006906048293
1164	1.8595006906048293
1165	1.8595006906048293
1166	1.8595006906048293
1167	1.8595006906048293
1168	0.43703431687061256
1169	0.43703431687061256
1170	0.43703431687061256
1171	0.43703431687061256
1172	0.43703431687061256
1173	0.18442000848202933
1174	0.18442000848202933
1175	0.18442000848202933
1176	0.18442000848202933
1177	0.18442000848202933
1178	0.6055148780540028
1179	0.6055148780540028
1180	0.6055148780540028
1181	0.6055148780540028
1182	0.6055148780540028
1183	0.7134618830908368
1184	0.7134618830908368
1185	0.7134618830908368
1186	0.7134618830908368
1187	0.7134618830908368
1188	1.4524205909039174
1189	1.4524205909039174
1190	1.4524205909039174
1191	1.4524205909039174
1192	1.4524205909039174
1193	0.9022905220617389
1194	0.9022905220617389
1195	0.9022905220617389
1196	0.9022905220617389
1197	0.9022905220617389
1198	1.298214864867824
1199	1.298214864867824
1200	1.298214864867824
1201	1.298214864867824
1202	1.298214864867824
1203	2.0824766811734756
1204	2.0824766811734756
1205	1.6558076089977913
1206	1.6558076089977913
1207	1.6558076089977913
1208	1.6558076089977913
1209	1.6558076089977913
1210	2.038753194736245
1211	2.038753194736245
1212	2.038753194736245
1213	2.038753194736245
1214	2.038753194736245
1215	2.3115763663978033
1216	2.3115763663978033
1217	2.3115763663978033
1218	2.3115763663978033
1219	2.3115763663978033
1220	0.8716375209871764
1221	0.8716375209871764
1222	0.8716375209871764
1223	0.8716375209871764
1224	0.8716375209871764
1225	1.6824875313955268
1226	1.6824875313955268
1227	1.6824875313955268
1228	1.6824875313955268
1229	1.6824875313955268
1230	2.552609038067244
1231	3.014593330516217
1232	3.014593330516217
1233	3.014593330516217
1234	3.014593330516217
1235	3.014593330516217
1236	3.2658410454911193
1237	3.2658410454911193
1238	0.3204713839255011
1239	0.3204713839255011
1240	4.342108137825009
1241	4.342108137825009
1242	4.342108137825009
1243	4.342108137825009
1244	4.342108137825009
1245	2.798403570896838
1246	2.798403570896838
1247	2.798403570896838
1248	2.798403570896838
1249	2.798403570896838
1250	2.676656253932919
1251	4.569104930740891
1252	4.569104930740891
1253	4.569104930740891
1254	4.569104930740891
1255	1.9662009466167474
1256	1.9662009466167474
1257	1.9662009466167474
1258	1.9662009466167474
1259	1.9662009466167474
1260	3.584388361127745
1261	3.584388361127745
1262	3.584388361127745
1263	3.584388361127745
1264	3.584388361127745
1265	3.6320079080022896
1266	3.6320079080022896
1267	3.6320079080022896
1268	3.6320079080022896
1269	3.6320079080022896
1270	2.433820482395885
1271	2.433820482395885
1272	2.433820482395885
1273	2.433820482395885
1274	2.433820482395885
1275	2.654023423052797
1276	2.654023423052797
1277	2.654023423052797
1278	2.654023423052797
1279	2.654023423052797
1280	3.27547880280411
1281	3.27547880280411
1282	3.27547880280411
1283	3.27547880280411
1284	3.27547880280411
1285	3.6982079147199003
1286	3.6982079147199003
1287	3.6982079147199003
1288	3.6982079147199003
1289	3.6982079147199003
1290	5.4428561482741
1291	1.1856513465829177
1292	1.1856513465829177
1293	1.1856513465829177
1294	1.1856513465829177
1295	2.161062601006502
1296	2.161062601006502
1297	2.161062601006502
1298	2.161062601006502
1299	2.161062601006502
1300	1.5775694515569985
1301	1.5775694515569985
1302	1.5775694515569985
1303	1.5775694515569985
1304	1.5775694515569985
1305	3.589364644044486
1306	3.589364644044486
1307	3.589364644044486
1308	3.589364644044486
1309	3.589364644044486
1310	1.537939366060887
1311	1.537939366060887
1312	1.537939366060887
1313	1.537939366060887
1314	1.537939366060887
1315	0.6036823574503174
1316	0.6036823574503174
1317	0.6036823574503174
1318	0.6036823574503174
1319	0.6036823574503174
1320	4.513098677470026
1321	4.513098677470026
1322	4.513098677470026
1323	4.513098677470026
1324	4.513098677470026
1325	1.4249237500092973
1326	1.4249237500092973
1327	1.4249237500092973
1328	1.4249237500092973
1329	1.4249237500092973
1330	2.4566070503072512
1331	2.4566070503072512
1332	2.4566070503072512
1333	2.4566070503072512
1334	2.4566070503072512
1335	1.574629886183124
1336	1.574629886183124
1337	2.2795976735897527
1338	2.2795976735897527
1339	2.2795976735897527
1340	2.2795976735897527
1341	2.2795976735897527
1342	0.1
1343	0.1
1344	0.1
1345	0.1
1346	0.1
1347	1.6248760906671609
1348	1.6248760906671609
1349	1.6248760906671609
1350	1.6248760906671609
1351	1.6248760906671609
1352	0.8669475488057038
1353	0.8669475488057038
1354	0.8669475488057038
1355	0.8669475488057038
1356	0.8669475488057038
1357	2.7778142561756063
1358	2.7778142561756063
1359	2.7778142561756063
1360	2.7778142561756063
1361	2.7778142561756063
1362	1.904907764645138
1363	1.904907764645138
1364	1.904907764645138
1365	1.904907764645138
1366	1.904907764645138
1367	1.3235657388701707
1368	1.3235657388701707
1369	1.3235657388701707
1370	1.3235657388701707
1371	1.3235657388701707
1372	1.6636277449191434
1373	1.6636277449191434
1374	1.6636277449191434
1375	1.6636277449191434
1376	1.6636277449191434
1377	1.0334874385008117
1378	1.0334874385008117
1379	1.0334874385008117
1380	1.0334874385008117
1381	1.0334874385008117
1382	2.1610292359137535
1383	2.1610292359137535
1384	2.1610292359137535
1385	2.1610292359137535
1386	2.1610292359137535
1387	2.2156996841145884
1388	2.2156996841145884
1389	2.2156996841145884
1390	2.2156996841145884
1391	2.2156996841145884
1392	0.4806854433529295
1393	0.4806854433529295
1394	0.4806854433529295
1395	0.4806854433529295
1396	0.4806854433529295
1397	0.2565635458827731
1398	0.2565635458827731
1399	0.2565635458827731
1400	0.2565635458827731
1401	0.2565635458827731
1402	2.050520357828257
1403	2.050520357828257
1404	2.050520357828257
1405	2.050520357828257
1406	2.050520357828257
1407	1.336497668507926
1408	1.336497668507926
1409	1.336497668507926
1410	1.336497668507926
1411	0.1160367412002413
1412	5.739739338663007
1413	5.739739338663007
1414	5.739739338663007
1415	5.739739338663007
1416	5.739739338663007
1417	1.5924511115850888
1418	1.5924511115850888
1419	1.5924511115850888
1420	1.5924511115850888
1421	1.5924511115850888
1422	4.291223353482994
1423	0.131541369865936
1424	0.131541369865936
1425	0.131541369865936
1426	0.131541369865936
1427	0.131541369865936
1428	0.9384036960996968
1429	0.9384036960996968
1430	0.9384036960996968
1431	0.9384036960996968
1432	0.9384036960996968
1433	0.41059347659457235
1434	0.41059347659457235
1435	0.41059347659457235
1436	0.41059347659457235
1437	4.26751273172313
1438	4.26751273172313
1439	4.26751273172313
1440	4.26751273172313
1441	4.26751273172313
1442	2.1637345988034307
1443	2.1637345988034307
1444	2.1637345988034307
1445	2.1637345988034307
1446	0.9998041680751399
1447	0.9998041680751399
1448	0.9998041680751399
1449	0.9998041680751399
1450	0.9998041680751399
1451	1.8334224032635926
1452	1.8334224032635926
1453	1.8334224032635926
1454	1.8334224032635926
1455	1.8334224032635926
1456	1.743432985191854
1457	1.743432985191854
1458	1.743432985191854
1459	1.743432985191854
1460	1.743432985191854
1461	0.679493147343158
1462	0.679493147343158
1463	0.679493147343158
1464	0.679493147343158
1465	0.679493147343158
1466	1.4437802241986701
1467	1.4437802241986701
1468	1.4437802241986701
1469	0.7531886133052206
1470	0.7531886133052206
1471	0.7531886133052206
1472	0.7531886133052206
1473	0.7531886133052206
1474	0.1
1475	0.1
1476	2.8631567912591387
1477	2.8631567912591387
1478	2.8631567912591387
1479	2.8631567912591387
1480	2.8631567912591387
1481	1.643372173569584
1482	1.643372173569584
1483	1.643372173569584
1484	1.643372173569584
1485	1.643372173569584
1486	1.4676198010668902
1487	1.4676198010668902
1488	1.4676198010668902
1489	1.4676198010668902
1490	0.5313854066435761
1491	0.5313854066435761
1492	0.5313854066435761
1493	0.5313854066435761
1494	0.5313854066435761
1495	0.2985188035056934
1496	0.2985188035056934
1497	0.2985188035056934
1498	0.2985188035056934
1499	0.2985188035056934
1500	0.6414621663962179
1501	0.6414621663962179
1502	0.6414621663962179
1503	0.6414621663962179
1504	0.6414621663962179
1505	0.9711580610612827
1506	0.9711580610612827
1507	0.9711580610612827
1508	0.9711580610612827
1509	0.9711580610612827
1510	0.11321198371040708
1511	0.11321198371040708
1512	0.11321198371040708
1513	0.11321198371040708
1514	0.11321198371040708
1515	0.1
1516	0.1
1517	0.1
1518	0.1
1519	0.1
1520	0.732131323381989
1521	0.732131323381989
1522	0.732131323381989
1523	0.732131323381989
1524	0.732131323381989
1525	0.1
1526	0.1
1527	0.1
1528	5.824250812032789
1529	5.824250812032789
1530	5.824250812032789
1531	5.824250812032789
1532	5.824250812032789
1533	5.323075281688231
1534	5.323075281688231
1535	5.323075281688231
1536	5.323075281688231
1537	5.323075281688231
1538	2.846051611637984
1539	2.846051611637984
1540	2.846051611637984
1541	2.846051611637984
1542	2.846051611637984
1543	3.6971111129872827
1544	3.6971111129872827
1545	3.6971111129872827
1546	0.40478255066367796
1547	0.40478255066367796
1548	0.40478255066367796
1549	0.40478255066367796
1550	0.40478255066367796
1551	2.923005047024315
1552	2.923005047024315
1553	2.923005047024315
1554	2.923005047024315
1555	2.923005047024315
1556	0.6470206702617358
1557	0.6470206702617358
1558	0.6470206702617358
1559	0.6470206702617358
1560	0.6470206702617358
1561	1.2264185107666967
1562	1.2264185107666967
1563	1.2264185107666967
1564	1.2264185107666967
1565	1.2264185107666967
1566	1.84646817925825
1567	1.84646817925825
1568	1.84646817925825
1569	1.84646817925825
1570	2.416540959826559
1571	2.416540959826559
1572	2.416540959826559
1573	0.6495903406194401
1574	0.6495903406194401
1575	0.6495903406194401
1576	0.6495903406194401
1577	0.6495903406194401
1578	2.0970874085412508
1579	2.0970874085412508
1580	2.0970874085412508
1581	2.0970874085412508
1582	2.0970874085412508
1583	1.7670869722151492
1584	1.7670869722151492
1585	1.7670869722151492
1586	1.7670869722151492
1587	1.7670869722151492
1588	1.1747824055241016
1589	1.1747824055241016
1590	1.1747824055241016
1591	0.6082221509621344
1592	3.4607141699810855
1593	3.4607141699810855
1594	3.4607141699810855
1595	3.4607141699810855
1596	3.4607141699810855
1597	3.2306675156954103
1598	3.2306675156954103
1599	2.2941642746638915
1600	2.2941642746638915
1601	2.2941642746638915
1602	0.1
1603	0.1
1604	0.1
1605	0.1
1606	0.1
1607	6.213902632765909
1608	6.213902632765909
1609	6.213902632765909
1610	6.213902632765909
1611	6.213902632765909
1612	1.376994156688974
1613	1.376994156688974
1614	1.376994156688974
1615	1.376994156688974
1616	1.376994156688974
1617	4.845068824052433
1618	4.845068824052433
1619	4.845068824052433
1620	4.845068824052433
1621	4.845068824052433
1622	5.506985700221833
1623	5.506985700221833
1624	5.506985700221833
1625	5.506985700221833
1626	5.506985700221833
1627	2.1564380955718456
1628	2.1564380955718456
1629	2.1564380955718456
1630	2.1564380955718456
1631	2.1564380955718456
1632	5.0410201328838955
1633	5.0410201328838955
1634	5.0410201328838955
1635	5.0410201328838955
1636	5.0410201328838955
1637	2.7815211454514044
1638	2.7815211454514044
1639	2.7815211454514044
1640	2.7815211454514044
1641	2.7815211454514044
1642	3.04043742379562
1643	3.04043742379562
1644	3.04043742379562
1645	3.04043742379562
1646	3.04043742379562
1647	1.6849966126060896
1648	1.6849966126060896
1649	1.6849966126060896
1650	1.6849966126060896
1651	1.6849966126060896
1652	2.228009847232941
1653	2.228009847232941
1654	2.228009847232941
1655	2.228009847232941
1656	2.228009847232941
1657	4.965835669081177
1658	4.965835669081177
1659	4.965835669081177
1660	4.965835669081177
1661	4.965835669081177
1662	4.512239035591009
1663	4.512239035591009
1664	4.512239035591009
1665	4.512239035591009
1666	4.512239035591009
1667	2.5906831964306685
1668	2.5906831964306685
1669	2.5906831964306685
1670	0.1
1671	0.1
1672	0.1
1673	0.1
1674	0.1
1675	3.4266528635493065
1676	3.4266528635493065
1677	3.4266528635493065
1678	3.4266528635493065
1679	3.4266528635493065
1680	1.9463940616484063
1681	1.9463940616484063
1682	1.9463940616484063
1683	1.9463940616484063
1684	1.9463940616484063
1685	0.8608917864306933
1686	0.8608917864306933
1687	0.8608917864306933
1688	0.8608917864306933
1689	0.8608917864306933
1690	1.4315030656243086
1691	1.4315030656243086
1692	1.4315030656243086
1693	1.4315030656243086
1694	1.4315030656243086
1695	1.2775812832189009
1696	1.2775812832189009
1697	1.2775812832189009
1698	1.2775812832189009
1699	1.2775812832189009
1700	2.617345164378203
1701	6.262027168906076
1702	6.262027168906076
1703	6.262027168906076
1704	6.262027168906076
1705	6.262027168906076
1706	1.7810374833527827
1707	1.7810374833527827
1708	1.7810374833527827
1709	1.7810374833527827
1710	1.7810374833527827
1711	1.571226940671235
1712	1.571226940671235
1713	1.571226940671235
1714	1.571226940671235
1715	1.571226940671235
1716	4.575632453150457
1717	4.575632453150457
1718	4.575632453150457
1719	4.575632453150457
1720	4.575632453150457
1721	3.508125839369922
1722	3.508125839369922
1723	3.508125839369922
1724	3.508125839369922
1725	3.508125839369922
1726	6.923721931993367
1727	6.923721931993367
1728	6.923721931993367
1729	6.923721931993367
1730	6.923721931993367
1731	0.1
1732	0.1
1733	0.1
1734	0.1
1735	0.1
1736	3.3139055163113262
1737	3.3139055163113262
1738	2.6583115842861025
1739	2.6583115842861025
1740	1.9218972103115584
1741	1.9218972103115584
1742	1.9218972103115584
1743	1.9218972103115584
1744	1.9218972103115584
1745	2.1836285935897775
1746	2.1836285935897775
1747	2.1836285935897775
1748	2.1836285935897775
1749	2.1836285935897775
1750	0.8467503161579233
1751	0.8467503161579233
1752	0.8467503161579233
1753	0.8467503161579233
1754	0.8467503161579233
1755	0.5519546117221132
1756	0.5519546117221132
1757	0.5519546117221132
1758	0.5519546117221132
1759	0.5519546117221132
1760	2.834669367563561
1761	2.834669367563561
1762	2.834669367563561
1763	2.834669367563561
1764	2.834669367563561
1765	0.1372905912590392
1766	0.1372905912590392
1767	0.1372905912590392
1768	0.1372905912590392
1769	0.1372905912590392
1770	2.3022466733090807
1771	2.3022466733090807
1772	2.3022466733090807
1773	2.3022466733090807
1774	2.3022466733090807
1775	1.7088446855512691
1776	1.7088446855512691
1777	1.7088446855512691
1778	1.7088446855512691
1779	1.7088446855512691
1780	1.1194276136009937
1781	1.1194276136009937
1782	1.1194276136009937
1783	1.1194276136009937
1784	1.1194276136009937
1785	0.8325514962554728
1786	0.8325514962554728
1787	0.8325514962554728
1788	0.8325514962554728
1789	0.20331081483973268
1790	0.20331081483973268
1791	0.20331081483973268
1792	0.20331081483973268
1793	0.20331081483973268
1794	0.1
1795	0.1
1796	0.1
1797	0.1
1798	0.1
1799	0.19952212363934477
1800	0.19952212363934477
1801	0.19952212363934477
1802	0.19952212363934477
1803	0.19952212363934477
1804	0.1828679804534616
1805	0.1828679804534616
1806	0.1828679804534616
1807	0.1828679804534616
1808	0.1828679804534616
1809	0.4735368781651764
1810	0.4735368781651764
1811	0.4735368781651764
1812	0.4735368781651764
1813	0.4735368781651764
1814	0.30981351567236276
1815	1.3231709607592077
1816	1.3231709607592077
1817	1.3231709607592077
1818	1.3231709607592077
1819	1.3231709607592077
1820	2.012988188127565
1821	2.012988188127565
1822	2.012988188127565
1823	2.012988188127565
1824	2.012988188127565
1825	1.2431031883969113
1826	1.2431031883969113
1827	1.2431031883969113
1828	1.2431031883969113
1829	1.2431031883969113
1830	1.6757649620016057
1831	1.6757649620016057
1832	1.6757649620016057
1833	1.6757649620016057
1834	1.6757649620016057
1835	0.8715337352352415
1836	0.8715337352352415
1837	0.8715337352352415
1838	0.24826661807795683
1839	0.24826661807795683
1840	0.24826661807795683
1841	0.24826661807795683
1842	0.24826661807795683
1843	0.25199969672314826
1844	0.25199969672314826
1845	0.25199969672314826
1846	0.25199969672314826
1847	0.25199969672314826
1848	0.2942244097422788
1849	0.2942244097422788
1850	0.2942244097422788
1851	0.2942244097422788
1852	0.2942244097422788
1853	0.14511878393941413
1854	0.14511878393941413
1855	0.14511878393941413
1856	0.14511878393941413
1857	0.14511878393941413
1858	0.24430822232509078
1859	0.24430822232509078
1860	0.24430822232509078
1861	0.24430822232509078
1862	0.24430822232509078
1863	0.1589525843793831
1864	0.1589525843793831
1865	0.1589525843793831
1866	0.1589525843793831
1867	0.1589525843793831
1868	0.19087527814282113
1869	0.19087527814282113
1870	0.19087527814282113
1871	0.19087527814282113
1872	0.19087527814282113
1873	0.21136047312479425
1874	0.21136047312479425
1875	0.21136047312479425
1876	0.21136047312479425
1877	0.9521025708061699
1878	0.9521025708061699
1879	0.9521025708061699
1880	0.9521025708061699
1881	0.9521025708061699
1882	1.2090727045007137
1883	1.2090727045007137
1884	1.2090727045007137
1885	1.2090727045007137
1886	1.2090727045007137
1887	1.2859657293889903
1888	1.2859657293889903
1889	1.2859657293889903
1890	1.2859657293889903
1891	1.2859657293889903
1892	2.294445967053258
1893	2.294445967053258
1894	1.8452496167571022
1895	1.8452496167571022
1896	1.8452496167571022
1897	1.8452496167571022
1898	1.9145285006650494
1899	1.9145285006650494
1900	1.9145285006650494
1901	1.9145285006650494
1902	1.9145285006650494
1903	3.724815774970683
1904	3.724815774970683
1905	3.724815774970683
1906	3.724815774970683
1907	3.724815774970683
1908	1.2801008941532181
1909	1.2801008941532181
1910	1.2801008941532181
1911	1.2801008941532181
1912	1.2801008941532181
1913	3.862306272199114
1914	3.862306272199114
1915	3.862306272199114
1916	3.862306272199114
1917	3.862306272199114
1918	1.7757801079017441
1919	2.678394436938715
1920	2.678394436938715
1921	2.678394436938715
1922	2.678394436938715
1923	2.678394436938715
1924	2.6070906722029474
1925	2.6070906722029474
1926	2.6070906722029474
1927	2.6070906722029474
1928	2.6070906722029474
1929	2.7980898465811332
1930	2.7980898465811332
1931	2.7980898465811332
1932	2.7980898465811332
1933	1.1600134973925542
1934	1.1600134973925542
1935	1.1600134973925542
1936	1.1600134973925542
1937	1.1600134973925542
1938	0.7292499243651844
1939	0.7292499243651844
1940	0.7292499243651844
1941	0.7292499243651844
1942	0.7292499243651844
1943	0.6686159030411056
1944	0.6686159030411056
1945	0.6686159030411056
1946	0.6686159030411056
1947	0.6686159030411056
1948	0.1
1949	0.1
1950	0.1
1951	0.1
1952	0.1
1953	0.42776977947838035
1954	0.42776977947838035
1955	0.42776977947838035
1956	0.42776977947838035
1957	0.42776977947838035
1958	0.5083977608940333
1959	0.5083977608940333
1960	2.047412878301316
1961	2.047412878301316
1962	2.047412878301316
1963	2.047412878301316
1964	2.047412878301316
1965	2.0207318800509695
1966	2.0207318800509695
1967	2.0207318800509695
1968	2.0207318800509695
1969	2.0207318800509695
1970	2.930188494624352
1971	2.930188494624352
1972	2.930188494624352
1973	2.930188494624352
1974	2.930188494624352
1975	2.5413535859898135
1976	2.5413535859898135
1977	2.5413535859898135
1978	2.5413535859898135
1979	2.5413535859898135
1980	1.8648575923212933
1981	1.8648575923212933
1982	1.8648575923212933
1983	1.8648575923212933
1984	1.8648575923212933
1985	1.3195805477929419
1986	1.3195805477929419
1987	1.3195805477929419
1988	1.3195805477929419
1989	1.3195805477929419
1990	1.0697941033958456
1991	1.0697941033958456
1992	1.0697941033958456
1993	1.0697941033958456
1994	1.0697941033958456
1995	2.3681070902863484
1996	2.3681070902863484
1997	2.3681070902863484
1998	0.6908706245804053
1999	0.6908706245804053
