0	4.175169314615102
1	4.175169314615102
2	4.175169314615102
3	3.0900910820792236
4	3.0900910820792236
5	3.0900910820792236
6	3.041357502478195
7	3.041357502478195
8	3.041357502478195
9	2.3005075067935894
10	2.3005075067935894
11	2.3005075067935894
12	4.738133509390712
13	4.738133509390712
14	4.738133509390712
15	2.152683731685381
16	2.152683731685381
17	2.152683731685381
18	3.6716873046710883
19	3.6716873046710883
20	3.6716873046710883
21	4.269083789043447
22	4.269083789043447
23	4.269083789043447
24	3.9806509810532402
25	3.9806509810532402
26	3.9806509810532402
27	4.227319568077162
28	4.227319568077162
29	4.227319568077162
30	4.127278548807212
31	4.127278548807212
32	4.127278548807212
33	3.5716946752517296
34	3.5716946752517296
35	3.5716946752517296
36	3.7481826175094275
37	3.7481826175094275
38	3.7481826175094275
39	3.895760258967851
40	3.895760258967851
41	3.895760258967851
42	5.152114211023271
43	5.152114211023271
44	5.152114211023271
45	4.350465944200651
46	4.350465944200651
47	4.350465944200651
48	3.0799124675000766
49	3.0799124675000766
50	3.0799124675000766
51	2.5648150947901094
52	2.5648150947901094
53	2.5648150947901094
54	3.622745673541539
55	3.622745673541539
56	3.622745673541539
57	2.410093798211905
58	2.410093798211905
59	2.410093798211905
60	2.7142789579432023
61	2.7142789579432023
62	2.7142789579432023
63	4.626200399184005
64	4.626200399184005
65	4.626200399184005
66	3.164749104604751
67	3.164749104604751
68	3.164749104604751
69	2.375249474927326
70	2.375249474927326
71	2.375249474927326
72	3.8920392217676576
73	3.8920392217676576
74	3.8920392217676576
75	4.049567010665818
76	4.049567010665818
77	4.049567010665818
78	2.8124889214998343
79	2.8124889214998343
80	2.8124889214998343
81	5.053883582311423
82	5.053883582311423
83	5.053883582311423
84	3.69104114240353
85	3.69104114240353
86	3.69104114240353
87	2.3017865460472366
88	2.3017865460472366
89	2.3017865460472366
90	2.7178213195596754
91	2.7178213195596754
92	2.7178213195596754
93	4.2820495939242145
94	4.2820495939242145
95	4.2820495939242145
96	5.534854153265059
97	5.534854153265059
98	5.534854153265059
99	4.151700471567005
100	4.151700471567005
101	4.151700471567005
102	4.378417108751911
103	4.378417108751911
104	4.378417108751911
105	3.409250785629589
106	3.409250785629589
107	3.409250785629589
108	3.480971218284834
109	3.480971218284834
110	3.480971218284834
111	3.4267613861787396
112	3.4267613861787396
113	3.4267613861787396
114	2.9770941651664087
115	2.9770941651664087
116	2.9770941651664087
117	2.8775244247333323
118	2.8775244247333323
119	2.8775244247333323
120	4.384501255891082
121	4.384501255891082
122	4.384501255891082
123	4.689495003977587
124	4.689495003977587
125	4.689495003977587
126	3.7880473559505616
127	3.7880473559505616
128	3.7880473559505616
129	4.0904154979263865
130	4.0904154979263865
131	4.0904154979263865
132	5.093434722067318
133	5.093434722067318
134	5.093434722067318
135	3.384683808745847
136	3.384683808745847
137	3.384683808745847
138	5.440948722432868
139	5.440948722432868
140	5.440948722432868
141	2.72124673050419
142	2.72124673050419
143	2.72124673050419
144	3.9281872478801074
145	3.9281872478801074
146	3.9281872478801074
147	2.8303773748606806
148	2.8303773748606806
149	2.8303773748606806
150	2.7804091935614657
151	2.7804091935614657
152	2.7804091935614657
153	4.7033344837688595
154	4.7033344837688595
155	4.7033344837688595
156	4.464439782968493
157	4.464439782968493
158	4.464439782968493
159	2.80359437116278
160	0.7563426533767518
161	0.7563426533767518
162	0.7563426533767518
163	0.660832804735791
164	0.660832804735791
165	0.660832804735791
166	0.910555959216941
167	0.910555959216941
168	0.910555959216941
169	0.6930465054162145
170	0.6930465054162145
171	1.9474905620801775
172	1.9474905620801775
173	1.9474905620801775
174	3.8970167779046765
175	3.8970167779046765
176	3.8970167779046765
177	2.465676298356029
178	2.465676298356029
179	2.465676298356029
180	2.582244480663862
181	2.582244480663862
182	2.582244480663862
183	2.963457334984828
184	2.963457334984828
185	2.963457334984828
186	2.896614666214746
187	2.896614666214746
188	2.896614666214746
189	2.9256822130767985
190	2.9256822130767985
191	2.9256822130767985
192	2.374133085423403
193	2.374133085423403
194	2.374133085423403
195	2.489657039019489
196	2.489657039019489
197	2.489657039019489
198	1.9557929031382033
199	1.9557929031382033
200	1.9557929031382033
201	1.1341852197297928
202	1.1341852197297928
203	1.1341852197297928
204	1.2701697853926683
205	1.2701697853926683
206	1.2701697853926683
207	1.5381048739372287
208	1.5381048739372287
209	1.5381048739372287
210	1.344932630107264
211	1.344932630107264
212	1.344932630107264
213	2.5504058999295145
214	2.5504058999295145
215	2.5504058999295145
216	2.1494916983561976
217	2.1494916983561976
218	2.1494916983561976
219	1.1654505895753207
220	1.1654505895753207
221	1.1654505895753207
222	1.2535453431623353
223	1.2535453431623353
224	1.2535453431623353
225	1.685709750205481
226	1.685709750205481
227	1.685709750205481
228	1.7099368198466902
229	1.7099368198466902
230	1.7099368198466902
231	2.222011678921758
232	2.222011678921758
233	2.222011678921758
234	0.694368282048882
235	0.694368282048882
236	0.694368282048882
237	1.6368129100114752
238	1.6368129100114752
239	1.6368129100114752
240	1.0556787190014738
241	1.0556787190014738
242	1.0556787190014738
243	1.5916436360009842
244	1.5916436360009842
245	1.5916436360009842
246	1.7908011039941392
247	1.7908011039941392
248	1.7908011039941392
249	1.1786852040211038
250	1.1786852040211038
251	1.1786852040211038
252	1.4945644085962977
253	1.4945644085962977
254	1.4945644085962977
255	2.22496504270181
256	2.22496504270181
257	2.22496504270181
258	1.6060530096325776
259	1.6060530096325776
260	1.6060530096325776
261	2.4112398552183913
262	2.4112398552183913
263	2.4112398552183913
264	1.243922471927563
265	1.243922471927563
266	1.243922471927563
267	1.519294912685643
268	1.519294912685643
269	1.519294912685643
270	1.6052129810418974
271	1.6052129810418974
272	1.6052129810418974
273	1.4921140323752604
274	1.4921140323752604
275	1.4921140323752604
276	1.4712237636867738
277	1.4712237636867738
278	1.4712237636867738
279	1.3040472398771124
280	1.3040472398771124
281	1.3040472398771124
282	1.624811542726997
283	1.624811542726997
284	1.624811542726997
285	0.8834750484857661
286	0.8834750484857661
287	0.8834750484857661
288	1.690825415247414
289	1.690825415247414
290	1.690825415247414
291	1.6582703364930687
292	1.6582703364930687
293	1.6582703364930687
294	1.493863101143003
295	1.493863101143003
296	1.8760419632518825
297	1.8760419632518825
298	1.8760419632518825
299	3.2185521777674655
300	3.2185521777674655
301	3.2185521777674655
302	3.0026864658362067
303	3.0026864658362067
304	3.0026864658362067
305	1.7849484705123726
306	1.7849484705123726
307	1.7849484705123726
308	2.350806373266134
309	2.350806373266134
310	2.350806373266134
311	2.7191577328800873
312	2.7191577328800873
313	2.7191577328800873
314	2.494340164306416
315	2.494340164306416
316	2.494340164306416
317	1.9608525219100572
318	1.9608525219100572
319	1.9608525219100572
320	1.8269211222527826
321	1.8269211222527826
322	1.8269211222527826
323	3.7318115870876447
324	3.7318115870876447
325	3.7318115870876447
326	1.6205990700357549
327	1.6205990700357549
328	1.6205990700357549
329	3.635763848768584
330	3.635763848768584
331	3.635763848768584
332	3.0284956464480546
333	3.0284956464480546
334	3.0284956464480546
335	2.813828430791493
336	2.813828430791493
337	2.813828430791493
338	2.1798125045725736
339	2.1798125045725736
340	2.1798125045725736
341	3.0866136870872527
342	3.0866136870872527
343	3.0866136870872527
344	2.790099555583064
345	2.790099555583064
346	2.790099555583064
347	2.983152720262184
348	2.983152720262184
349	4.055163247540775
350	4.055163247540775
351	4.055163247540775
352	4.083996580800866
353	4.083996580800866
354	4.083996580800866
355	6.585390286198772
356	6.585390286198772
357	6.585390286198772
358	5.061372173985762
359	5.061372173985762
360	5.061372173985762
361	3.0420134596603474
362	3.0420134596603474
363	3.0420134596603474
364	3.2791347594874587
365	3.2791347594874587
366	3.2791347594874587
367	3.573687008201712
368	3.573687008201712
369	3.573687008201712
370	4.89425382670414
371	4.89425382670414
372	4.89425382670414
373	5.9611680338183275
374	5.9611680338183275
375	5.9611680338183275
376	3.1371707851525583
377	3.1371707851525583
378	3.1371707851525583
379	3.4900012364148463
380	3.4900012364148463
381	3.4900012364148463
382	4.89906407788586
383	4.89906407788586
384	4.89906407788586
385	3.9841574594614064
386	3.9841574594614064
387	3.9841574594614064
388	4.52343278630818
389	4.52343278630818
390	4.52343278630818
391	3.6038116784304726
392	3.6038116784304726
393	3.6038116784304726
394	5.3652156471240815
395	5.3652156471240815
396	5.3652156471240815
397	3.944239047640685
398	3.944239047640685
399	3.944239047640685
400	2.60193523062398
401	2.60193523062398
402	2.60193523062398
403	3.2149676856592198
404	3.2149676856592198
405	3.2149676856592198
406	4.148315965579989
407	4.148315965579989
408	4.148315965579989
409	3.3746307306012167
410	3.3746307306012167
411	3.3746307306012167
412	2.6801353612606174
413	2.6801353612606174
414	2.6801353612606174
415	3.8311817822029353
416	3.8311817822029353
417	3.8311817822029353
418	5.005116428954829
419	5.005116428954829
420	5.005116428954829
421	4.699548973086666
422	4.699548973086666
423	4.699548973086666
424	3.751143579984064
425	3.751143579984064
426	3.751143579984064
427	6.02105462227735
428	6.02105462227735
429	6.02105462227735
430	2.8600127710698726
431	2.8600127710698726
432	2.8600127710698726
433	5.2174105319603346
434	5.2174105319603346
435	5.2174105319603346
436	4.768804895007115
437	4.768804895007115
438	4.768804895007115
439	4.196980247258453
440	4.196980247258453
441	4.196980247258453
442	4.006266621433771
443	4.006266621433771
444	4.006266621433771
445	3.513437532983353
446	3.513437532983353
447	3.513437532983353
448	3.0191342860213046
449	3.0191342860213046
450	3.0191342860213046
451	4.970538268113421
452	4.970538268113421
453	4.970538268113421
454	4.78149897775803
455	4.78149897775803
456	4.78149897775803
457	4.561468961876912
458	4.561468961876912
459	4.561468961876912
460	3.647353003529102
461	3.647353003529102
462	3.647353003529102
463	4.387663173828325
464	4.387663173828325
465	4.387663173828325
466	2.753824537573624
467	2.753824537573624
468	2.753824537573624
469	5.005430538710051
470	5.005430538710051
471	5.005430538710051
472	3.728885191506225
473	3.728885191506225
474	3.728885191506225
475	3.1550553334022027
476	3.1550553334022027
477	3.1550553334022027
478	3.34041687207985
479	3.34041687207985
480	3.34041687207985
481	4.0206265461882
482	4.0206265461882
483	1.731680558693315
484	1.731680558693315
485	1.731680558693315
486	1.6955845971269055
487	1.6955845971269055
488	1.6955845971269055
489	1.8713302311580948
490	1.8713302311580948
491	1.8713302311580948
492	1.8389116650243915
493	1.8389116650243915
494	1.8389116650243915
495	1.8370459745208216
496	1.8370459745208216
497	1.8370459745208216
498	1.507535485113255
499	1.507535485113255
500	1.507535485113255
501	1.9852505375628644
502	1.9852505375628644
503	1.9852505375628644
504	2.0876826085116
505	2.0876826085116
506	2.0876826085116
507	1.6721887864828906
508	1.6721887864828906
509	1.6721887864828906
510	1.1769773076448629
511	1.1769773076448629
512	1.1769773076448629
513	2.09466468331141
514	2.09466468331141
515	2.09466468331141
516	0.5603251586498177
517	0.5603251586498177
518	0.5603251586498177
519	1.8689954518197918
520	1.8689954518197918
521	1.8689954518197918
522	1.279239665672233
523	1.279239665672233
524	1.279239665672233
525	1.4744949044017357
526	1.4744949044017357
527	1.4744949044017357
528	2.1230915038003646
529	2.1230915038003646
530	2.1230915038003646
531	2.484518953847363
532	2.484518953847363
533	2.484518953847363
534	2.580761814231174
535	2.580761814231174
536	2.580761814231174
537	1.686988394771212
538	1.686988394771212
539	1.686988394771212
540	2.349880336789387
541	2.349880336789387
542	2.349880336789387
543	2.438955213903042
544	2.438955213903042
545	2.438955213903042
546	2.244903429396896
547	2.244903429396896
548	2.244903429396896
549	2.1290473543128985
550	2.1290473543128985
551	2.1290473543128985
552	2.666936811341249
553	2.666936811341249
554	2.666936811341249
555	1.6023081415337206
556	1.6023081415337206
557	1.6023081415337206
558	1.7300655677726815
559	1.7300655677726815
560	1.7300655677726815
561	1.4288833804112557
562	1.4288833804112557
563	1.4288833804112557
564	1.5462806144550552
565	1.5462806144550552
566	1.5462806144550552
567	2.032946962708665
568	2.032946962708665
569	2.032946962708665
570	2.156749952240193
571	2.156749952240193
572	2.156749952240193
573	1.3709494922755887
574	1.3709494922755887
575	1.3709494922755887
576	1.6369484592737549
577	1.6369484592737549
578	1.6369484592737549
579	1.576786326675467
580	1.576786326675467
581	1.576786326675467
582	1.3804221470792575
583	1.3804221470792575
584	1.3804221470792575
585	2.6465222273890165
586	2.6465222273890165
587	2.6465222273890165
588	1.1598330783785271
589	1.1598330783785271
590	1.1598330783785271
591	2.491944030563067
592	2.491944030563067
593	2.491944030563067
594	2.6295382501191344
595	2.6295382501191344
596	2.6295382501191344
597	1.218590656052271
598	1.218590656052271
599	1.218590656052271
600	2.002680363073767
601	2.002680363073767
602	2.002680363073767
603	1.5634413258881685
604	1.5634413258881685
605	1.5634413258881685
606	1.8756274088648432
607	1.8756274088648432
608	1.8756274088648432
609	1.9950274031515431
610	1.9950274031515431
611	1.9950274031515431
612	1.9969007462134756
613	1.9969007462134756
614	1.9969007462134756
615	1.755410643601995
616	1.755410643601995
617	1.755410643601995
618	2.526717283673131
619	2.526717283673131
620	2.526717283673131
621	2.005359418189806
622	2.005359418189806
623	2.005359418189806
624	2.2994200912633596
625	2.2994200912633596
626	2.2994200912633596
627	1.5251803470004799
628	1.5251803470004799
629	1.5251803470004799
630	1.2971076713790974
631	1.2971076713790974
632	1.2971076713790974
633	2.198231199679114
634	2.198231199679114
635	2.198231199679114
636	1.891174683848213
637	1.891174683848213
638	1.891174683848213
639	1.5774748306838815
640	1.5774748306838815
641	1.5774748306838815
642	2.106944905421221
643	2.106944905421221
644	2.106944905421221
645	2.0387574810808022
646	2.0387574810808022
647	2.0387574810808022
648	2.265459850872586
649	2.265459850872586
650	2.265459850872586
651	2.5166370131104463
652	2.5166370131104463
653	2.5166370131104463
654	2.1664686002533546
655	2.1664686002533546
656	2.1664686002533546
657	1.4176892056178638
658	1.4176892056178638
659	1.4176892056178638
660	1.6802286335674206
661	1.6802286335674206
662	1.6802286335674206
663	1.5394567858347157
664	1.5394567858347157
665	1.5394567858347157
666	1.5835151696181762
667	1.5835151696181762
668	1.5835151696181762
669	2.10750515247634
670	2.10750515247634
671	2.10750515247634
672	1.4362587928302901
673	1.4362587928302901
674	1.4362587928302901
675	1.7392039080559907
676	1.7392039080559907
677	1.7392039080559907
678	2.2375296869724854
679	2.2375296869724854
680	2.2375296869724854
681	2.1901888061443917
682	2.1901888061443917
683	2.1901888061443917
684	1.6113945225087103
685	1.6113945225087103
686	1.6113945225087103
687	2.3812901969691516
688	2.3812901969691516
689	2.3812901969691516
690	1.0846979605035876
691	1.0846979605035876
692	1.0846979605035876
693	1.6865706915335288
694	1.6865706915335288
695	1.6865706915335288
696	2.4728992962317684
697	2.4728992962317684
698	2.4728992962317684
699	2.490885784737321
700	2.490885784737321
701	2.490885784737321
702	1.5954226264502076
703	1.5954226264502076
704	1.5954226264502076
705	1.5598237364787986
706	1.5598237364787986
707	1.5598237364787986
708	2.0211401204517476
709	2.0211401204517476
710	2.0211401204517476
711	2.0588767933778005
712	2.0588767933778005
713	2.0588767933778005
714	1.585917778386039
715	1.585917778386039
716	1.585917778386039
717	1.989751139410277
718	1.989751139410277
719	1.989751139410277
720	2.3390354872390158
721	2.3390354872390158
722	2.3390354872390158
723	1.9494296956182169
724	1.9494296956182169
725	1.9494296956182169
726	2.614133324134574
727	2.614133324134574
728	2.614133324134574
729	1.361617202532969
730	1.361617202532969
731	1.361617202532969
732	1.4894741035142731
733	1.4894741035142731
734	1.4894741035142731
735	1.9257674593800354
736	1.9257674593800354
737	1.9257674593800354
738	2.278588077365691
739	2.278588077365691
740	2.278588077365691
741	2.45616196742322
742	2.45616196742322
743	2.45616196742322
744	2.1784734572208824
745	2.1784734572208824
746	2.1784734572208824
747	2.63896242556973
748	2.63896242556973
749	0.8205423408407985
750	0.8205423408407985
751	0.8205423408407985
752	0.6135767969374929
753	0.6135767969374929
754	0.6135767969374929
755	0.6181066977662022
756	0.6181066977662022
757	0.6181066977662022
758	0.8801620225691916
759	0.8801620225691916
760	0.8801620225691916
761	0.8470647276012768
762	0.8470647276012768
763	0.8470647276012768
764	0.9414252062138229
765	0.9414252062138229
766	0.9414252062138229
767	0.8377716495394514
768	0.8377716495394514
769	0.8377716495394514
770	0.766824466778209
771	0.766824466778209
772	0.766824466778209
773	0.5767895138963275
774	0.5767895138963275
775	0.5767895138963275
776	0.6089959929724121
777	0.6089959929724121
778	0.6089959929724121
779	0.4612051650821888
780	0.4612051650821888
781	0.4612051650821888
782	0.7482270746445634
783	0.7482270746445634
784	0.7482270746445634
785	0.5793982342671233
786	0.5793982342671233
787	0.5793982342671233
788	0.6421167388247445
789	0.6421167388247445
790	0.6421167388247445
791	0.5533432448979638
792	0.5533432448979638
793	0.5533432448979638
794	0.678525829357204
795	0.678525829357204
796	0.678525829357204
797	0.39787458235553097
798	0.39787458235553097
799	0.39787458235553097
800	0.6923327620297932
801	0.6923327620297932
802	0.6923327620297932
803	0.6110905853942209
804	0.6110905853942209
805	0.6110905853942209
806	0.7696901123033132
807	0.7696901123033132
808	0.7696901123033132
809	0.6277472646057243
810	0.6277472646057243
811	0.6277472646057243
812	0.9656964675051924
813	0.9656964675051924
814	0.9656964675051924
815	0.9509361390881995
816	0.9509361390881995
817	0.9509361390881995
818	0.6586049631099882
819	0.6586049631099882
820	0.6586049631099882
821	0.8422859408314145
822	0.8422859408314145
823	0.8422859408314145
824	0.790454999965873
825	0.790454999965873
826	0.790454999965873
827	0.9745074143159975
828	0.9745074143159975
829	0.9745074143159975
830	0.6640439225991397
831	0.6640439225991397
832	0.6640439225991397
833	0.5636280568494817
834	0.5636280568494817
835	0.5636280568494817
836	0.43303989752240946
837	0.43303989752240946
838	0.43303989752240946
839	0.5144784534156975
840	0.5144784534156975
841	0.5144784534156975
842	0.667054879996697
843	0.667054879996697
844	0.667054879996697
845	0.7549388016884349
846	0.7549388016884349
847	0.7549388016884349
848	0.6203766499039594
849	0.6203766499039594
850	0.6203766499039594
851	2.372987684321055
852	2.372987684321055
853	2.372987684321055
854	2.040342695360517
855	2.040342695360517
856	2.040342695360517
857	2.6906077185486486
858	2.6906077185486486
859	2.6906077185486486
860	2.5333578552388847
861	2.5333578552388847
862	2.5333578552388847
863	1.5644864525122884
864	1.5644864525122884
865	1.5644864525122884
866	2.959544365664382
867	2.959544365664382
868	2.959544365664382
869	2.031892232882844
870	2.031892232882844
871	2.031892232882844
872	3.241549920508965
873	3.241549920508965
874	3.241549920508965
875	2.9627981368771787
876	2.9627981368771787
877	2.9627981368771787
878	3.68120116290573
879	3.68120116290573
880	3.68120116290573
881	1.9960717872888138
882	1.9960717872888138
883	1.9960717872888138
884	2.183403773316822
885	2.183403773316822
886	2.183403773316822
887	2.170476516970325
888	2.170476516970325
889	2.170476516970325
890	1.5730363362735849
891	1.5730363362735849
892	1.5730363362735849
893	2.7260990403030476
894	2.7260990403030476
895	2.7260990403030476
896	2.4658273113080584
897	2.4658273113080584
898	2.4658273113080584
899	2.486408394384943
900	2.486408394384943
901	2.486408394384943
902	2.326982332321294
903	2.326982332321294
904	2.326982332321294
905	3.009307888766968
906	3.009307888766968
907	3.009307888766968
908	2.3154031510899897
909	2.3154031510899897
910	2.3154031510899897
911	2.223971950968742
912	2.223971950968742
913	2.223971950968742
914	1.7667116184475735
915	1.7667116184475735
916	1.7667116184475735
917	1.4396125325086764
918	1.4396125325086764
919	1.4396125325086764
920	3.363977474862595
921	3.363977474862595
922	3.363977474862595
923	2.1514096240354172
924	2.1514096240354172
925	2.1514096240354172
926	3.3387718533302917
927	3.3387718533302917
928	3.3387718533302917
929	1.9236788770261275
930	1.9236788770261275
931	1.9236788770261275
932	1.739991703694381
933	1.739991703694381
934	1.739991703694381
935	1.9909416948413452
936	1.9909416948413452
937	1.9909416948413452
938	1.2321940641392222
939	1.2321940641392222
940	1.2321940641392222
941	3.113980258032323
942	3.113980258032323
943	3.113980258032323
944	2.651444297569049
945	2.651444297569049
946	2.651444297569049
947	2.6356554761414372
948	2.6356554761414372
949	2.6356554761414372
950	1.7716214231259575
951	1.7716214231259575
952	1.7716214231259575
953	2.2508242069835442
954	2.2508242069835442
955	2.2508242069835442
956	1.7297059785185982
957	1.7297059785185982
958	1.7297059785185982
959	2.2626250245528574
960	2.2626250245528574
961	2.2626250245528574
962	1.5691254063650062
963	1.5691254063650062
964	1.5691254063650062
965	2.2080095362925354
966	2.2080095362925354
967	2.2080095362925354
968	2.035707430492176
969	2.035707430492176
970	2.035707430492176
971	1.612842168256575
972	1.612842168256575
973	1.612842168256575
974	2.7814950264465077
975	2.7814950264465077
976	2.7814950264465077
977	1.7727382830193699
978	1.7727382830193699
979	1.7727382830193699
980	1.9285236053432873
981	1.9285236053432873
982	1.9285236053432873
983	1.2694054819934288
984	1.2694054819934288
985	1.2694054819934288
986	1.6877500426553118
987	1.6877500426553118
988	1.6877500426553118
989	2.006240759447951
990	2.006240759447951
991	2.006240759447951
992	2.1920378288333175
993	2.1920378288333175
994	2.1920378288333175
995	2.1664712546223144
996	2.1664712546223144
997	2.1664712546223144
998	2.1829631338574353
999	2.1829631338574353
1000	2.1829631338574353
1001	3.129580845998616
1002	3.129580845998616
1003	3.129580845998616
1004	2.2777894129632346
1005	2.2777894129632346
1006	2.2777894129632346
1007	2.7559933855541305
1008	2.7559933855541305
1009	2.7559933855541305
1010	1.9867552841278266
1011	1.9867552841278266
1012	1.9867552841278266
1013	2.328363886644843
1014	2.328363886644843
1015	2.328363886644843
1016	2.4804680831938635
1017	2.4804680831938635
1018	2.4804680831938635
1019	2.4603137957994936
1020	2.4603137957994936
1021	2.4603137957994936
1022	2.759489481936976
1023	2.759489481936976
1024	2.759489481936976
1025	1.8793173949972408
1026	1.8793173949972408
1027	1.8793173949972408
1028	1.7917151683008978
1029	1.7917151683008978
1030	1.7917151683008978
1031	2.8039224814649817
1032	2.8039224814649817
1033	2.8039224814649817
1034	2.0945905894942425
1035	2.0945905894942425
1036	2.0945905894942425
1037	1.3082178992612974
1038	1.3082178992612974
1039	1.3082178992612974
1040	3.0665922545496263
1041	3.0665922545496263
1042	3.0665922545496263
1043	1.49371361078786
1044	1.49371361078786
1045	1.49371361078786
1046	1.7624909629855765
1047	1.7624909629855765
1048	1.7624909629855765
1049	2.1987943300050663
1050	3.4397170516611832
1051	3.4397170516611832
1052	3.4397170516611832
1053	3.062138291651693
1054	3.062138291651693
1055	3.062138291651693
1056	3.719581521113327
1057	3.719581521113327
1058	3.719581521113327
1059	3.3793551726479563
1060	3.3793551726479563
1061	3.3793551726479563
1062	3.3659715491666566
1063	3.3659715491666566
1064	3.3659715491666566
1065	2.62305406181994
1066	2.62305406181994
1067	2.62305406181994
1068	3.9347620744337064
1069	3.9347620744337064
1070	3.9347620744337064
1071	1.157464954995513
1072	1.157464954995513
1073	1.157464954995513
1074	1.3340112526946377
1075	1.3340112526946377
1076	1.3340112526946377
1077	1.4864242679307293
1078	1.4864242679307293
1079	1.4864242679307293
1080	1.4728651686872731
1081	1.4728651686872731
1082	1.4728651686872731
1083	0.8110069779282658
1084	0.8110069779282658
1085	0.8110069779282658
1086	1.2450205690329343
1087	1.2450205690329343
1088	1.2450205690329343
1089	1.0226495212728475
1090	1.0226495212728475
1091	1.0226495212728475
1092	1.2146666963467174
1093	1.2146666963467174
1094	1.2146666963467174
1095	1.0537003566869925
1096	1.0537003566869925
1097	1.0537003566869925
1098	1.4277210702423462
1099	1.4277210702423462
1100	1.4277210702423462
1101	2.6597027792413472
1102	2.6597027792413472
1103	2.6597027792413472
1104	3.1576372773280243
1105	3.1576372773280243
1106	3.1576372773280243
1107	3.6183253298042177
1108	3.6183253298042177
1109	3.6183253298042177
1110	1.281638389619082
1111	1.281638389619082
1112	1.281638389619082
1113	2.112476718153273
1114	2.112476718153273
1115	2.112476718153273
1116	1.713917729403345
1117	1.713917729403345
1118	1.713917729403345
1119	4.1023637621986575
1120	4.1023637621986575
1121	4.1023637621986575
1122	0.48580771214954854
1123	0.48580771214954854
1124	0.48580771214954854
1125	0.32965301247044554
1126	0.32965301247044554
1127	0.32965301247044554
1128	0.9080917329605194
1129	0.9080917329605194
1130	0.9080917329605194
1131	0.7866191130330447
1132	0.7866191130330447
1133	0.7866191130330447
1134	0.7254831412564811
1135	0.7254831412564811
1136	0.7254831412564811
1137	0.7149546270244003
1138	0.7149546270244003
1139	0.7149546270244003
1140	0.9036091388801313
1141	0.9036091388801313
1142	0.9036091388801313
1143	0.6065892624348546
1144	0.6065892624348546
1145	0.6065892624348546
1146	0.658648976191796
1147	0.658648976191796
1148	0.658648976191796
1149	0.7016990004581415
1150	0.7016990004581415
1151	0.7016990004581415
1152	0.8032747217667013
1153	0.8032747217667013
1154	0.8032747217667013
1155	0.6470920173486344
1156	0.6470920173486344
1157	0.6470920173486344
1158	0.7899614268398132
1159	0.7899614268398132
1160	0.7899614268398132
1161	0.7444633451314931
1162	0.7444633451314931
1163	0.7444633451314931
1164	0.42965671524225346
1165	0.42965671524225346
1166	0.42965671524225346
1167	0.8658836268876107
1168	0.8658836268876107
1169	0.8658836268876107
1170	0.6062137927230566
1171	0.6062137927230566
1172	0.6062137927230566
1173	0.9732062221910677
1174	0.9732062221910677
1175	0.9732062221910677
1176	0.7910026747735485
1177	0.7910026747735485
1178	0.7910026747735485
1179	0.6720348058113437
1180	0.6720348058113437
1181	0.6720348058113437
1182	0.7349343478756554
1183	0.7349343478756554
1184	0.7349343478756554
1185	0.8440338678492467
1186	0.8440338678492467
1187	0.8440338678492467
1188	0.9891098580839923
1189	0.9891098580839923
1190	0.9891098580839923
1191	0.5936854219629207
1192	0.5936854219629207
1193	0.5936854219629207
1194	0.6315436792604819
1195	0.6315436792604819
1196	0.6315436792604819
1197	0.7497400143907722
1198	0.7497400143907722
1199	0.7497400143907722
1200	0.848600122269248
1201	0.848600122269248
1202	0.848600122269248
1203	0.9570768879062808
1204	0.9570768879062808
1205	0.9570768879062808
1206	0.8040417456842517
1207	2.2802274541279175
1208	2.2802274541279175
1209	2.2802274541279175
1210	3.0664466834206427
1211	3.0664466834206427
1212	3.0664466834206427
1213	2.195133051474307
1214	2.195133051474307
1215	2.195133051474307
1216	3.2541674239465257
1217	3.2541674239465257
1218	3.2541674239465257
1219	2.7388100166996026
1220	2.7388100166996026
1221	2.7388100166996026
1222	3.580939404937973
1223	0.8037456397890187
1224	0.8037456397890187
1225	0.8037456397890187
1226	0.791681494330789
1227	0.791681494330789
1228	0.791681494330789
1229	0.5225408762034721
1230	0.5225408762034721
1231	0.5225408762034721
1232	0.7350810803708422
1233	0.7350810803708422
1234	0.7350810803708422
1235	0.666555248534173
1236	0.666555248534173
1237	0.666555248534173
1238	0.5867481940897454
1239	0.5867481940897454
1240	0.5867481940897454
1241	0.5183341731266078
1242	0.5183341731266078
1243	0.5183341731266078
1244	0.6816306489872508
1245	0.6816306489872508
1246	0.6816306489872508
1247	0.7851597197419398
1248	0.7851597197419398
1249	0.7851597197419398
1250	0.7449005893655037
1251	1.277721739189397
1252	1.277721739189397
1253	0.4865264716920762
1254	0.4865264716920762
1255	0.4865264716920762
1256	0.6697830089878272
1257	0.6697830089878272
1258	0.6697830089878272
1259	0.6748428605868988
1260	0.6748428605868988
1261	0.6748428605868988
1262	0.5859342753384078
1263	0.5859342753384078
1264	0.5859342753384078
1265	0.8095421058990362
1266	0.8095421058990362
1267	0.8095421058990362
1268	0.5992220796714849
1269	0.5992220796714849
1270	0.5992220796714849
1271	0.6588124595198139
1272	0.6588124595198139
1273	0.6588124595198139
1274	0.44981046733651087
1275	0.44981046733651087
1276	0.44981046733651087
1277	0.7341396926057009
1278	0.7341396926057009
1279	0.7341396926057009
1280	0.44760332885965437
1281	0.44760332885965437
1282	0.44760332885965437
1283	0.826063103816072
1284	0.826063103816072
1285	0.826063103816072
1286	0.8152290013860617
1287	0.8152290013860617
1288	0.8152290013860617
1289	0.8323934723510253
1290	0.8323934723510253
1291	0.8323934723510253
1292	0.510507946361517
1293	0.510507946361517
1294	0.510507946361517
1295	0.8090695370105739
1296	0.8090695370105739
1297	0.8090695370105739
1298	0.9603164464328342
1299	0.9603164464328342
1300	0.9603164464328342
1301	0.3882850754611245
1302	0.3882850754611245
1303	0.3882850754611245
1304	0.6947691535911454
1305	0.6947691535911454
1306	0.6947691535911454
1307	0.7229003876846638
1308	0.7229003876846638
1309	0.7229003876846638
1310	0.6333860155266772
1311	0.6333860155266772
1312	0.6333860155266772
1313	0.7283985233312998
1314	0.7283985233312998
1315	0.7283985233312998
1316	0.865907330574486
1317	0.865907330574486
1318	0.865907330574486
1319	0.5582556270135768
1320	0.5582556270135768
1321	0.5582556270135768
1322	0.3846053023440956
1323	0.3846053023440956
1324	0.3846053023440956
1325	0.5217746991613876
1326	0.5217746991613876
1327	0.5217746991613876
1328	0.8291376482199676
1329	0.8291376482199676
1330	0.8291376482199676
1331	0.7431399872414736
1332	0.7431399872414736
1333	0.7431399872414736
1334	0.34011585949081546
1335	0.34011585949081546
1336	0.34011585949081546
1337	0.5224268287254497
1338	0.5224268287254497
1339	0.5224268287254497
1340	0.7829028173056536
1341	0.7829028173056536
1342	0.7829028173056536
1343	0.7905156708769121
1344	0.7905156708769121
1345	0.7905156708769121
1346	0.7067893434797539
1347	0.7067893434797539
1348	0.7067893434797539
1349	0.6158656615004149
1350	0.6158656615004149
1351	0.6158656615004149
1352	0.49702133131487225
1353	0.49702133131487225
1354	0.49702133131487225
1355	0.8099575957904634
1356	0.8099575957904634
1357	0.8099575957904634
1358	0.3328675291485618
1359	0.3328675291485618
1360	0.3328675291485618
1361	0.6515395403855847
1362	0.6515395403855847
1363	0.6515395403855847
1364	1.0263536533146953
1365	1.0263536533146953
1366	1.0263536533146953
1367	0.6050266679095909
1368	2.7310855926953863
1369	2.7310855926953863
1370	2.7310855926953863
1371	2.5356171829616048
1372	2.5356171829616048
1373	2.5356171829616048
1374	3.1308799518158126
1375	3.1308799518158126
1376	3.1308799518158126
1377	3.2278528619220683
1378	3.2278528619220683
1379	3.2278528619220683
1380	2.6742516990895915
1381	2.6742516990895915
1382	2.6742516990895915
1383	3.7471556664044847
1384	3.7471556664044847
1385	3.7471556664044847
1386	2.5647867244893336
1387	2.5647867244893336
1388	2.5647867244893336
1389	2.886266357005817
1390	2.886266357005817
1391	2.886266357005817
1392	2.0316400514705566
1393	2.0316400514705566
1394	2.0316400514705566
1395	3.2880982865003077
1396	3.2880982865003077
1397	3.2880982865003077
1398	3.589913013558726
1399	3.589913013558726
1400	3.589913013558726
1401	3.569979106478736
1402	3.569979106478736
1403	3.569979106478736
1404	2.02642089425702
1405	2.02642089425702
1406	2.02642089425702
1407	3.186175764289993
1408	3.186175764289993
1409	3.186175764289993
1410	3.5426060517134887
1411	3.5426060517134887
1412	3.5426060517134887
1413	3.6552835423819507
1414	3.6552835423819507
1415	3.6552835423819507
1416	3.4902752832152535
1417	3.4902752832152535
1418	3.4902752832152535
1419	2.9645134459414733
1420	2.9645134459414733
1421	2.9645134459414733
1422	2.453976262233757
1423	2.453976262233757
1424	2.453976262233757
1425	3.4214538820905407
1426	3.4214538820905407
1427	3.4214538820905407
1428	3.904399985709143
1429	3.904399985709143
1430	3.904399985709143
1431	4.106105695237381
1432	4.106105695237381
1433	4.106105695237381
1434	2.429065804010222
1435	2.429065804010222
1436	2.429065804010222
1437	2.253112070660124
1438	2.253112070660124
1439	2.253112070660124
1440	3.261375567472332
1441	3.261375567472332
1442	3.261375567472332
1443	3.0069756566658463
1444	3.0069756566658463
1445	3.0069756566658463
1446	2.6050395021944226
1447	2.6050395021944226
1448	2.6050395021944226
1449	2.7952729351632573
1450	2.7952729351632573
1451	2.7952729351632573
1452	3.2326397219955245
1453	3.2326397219955245
1454	3.2326397219955245
1455	2.9811273652004777
1456	2.9811273652004777
1457	2.9811273652004777
1458	2.638418397823255
1459	2.638418397823255
1460	2.638418397823255
1461	3.6687491030780865
1462	3.6687491030780865
1463	3.6687491030780865
1464	3.8898571119815064
1465	3.8898571119815064
1466	3.8898571119815064
1467	2.625471824543359
1468	2.625471824543359
1469	2.625471824543359
1470	2.5225634520879243
1471	2.5225634520879243
1472	2.5225634520879243
1473	3.0671879689965267
1474	3.0671879689965267
1475	3.0671879689965267
1476	2.9206751743910297
1477	2.9206751743910297
1478	2.9206751743910297
1479	3.011703792128591
1480	3.011703792128591
1481	3.011703792128591
1482	3.81297763629194
1483	3.81297763629194
1484	3.81297763629194
1485	3.150788051299201
1486	3.150788051299201
1487	3.150788051299201
1488	2.6385588452483746
1489	2.6385588452483746
1490	2.6385588452483746
1491	3.153845668959107
1492	3.153845668959107
1493	3.153845668959107
1494	3.757262936273428
1495	3.757262936273428
1496	3.757262936273428
1497	2.844277795879785
1498	2.844277795879785
1499	2.844277795879785
1500	3.339483802012819
1501	3.339483802012819
1502	3.339483802012819
1503	3.015643608503219
1504	3.015643608503219
1505	3.015643608503219
1506	2.126178888561462
1507	2.126178888561462
1508	2.126178888561462
1509	3.491559601143935
1510	3.491559601143935
1511	3.491559601143935
1512	2.635907560443752
1513	2.635907560443752
1514	2.635907560443752
1515	3.3663978182977816
1516	3.3663978182977816
1517	3.3663978182977816
1518	2.5158533582548586
1519	2.5158533582548586
1520	2.5158533582548586
1521	1.0568498172383072
1522	1.0568498172383072
1523	1.0568498172383072
1524	1.0051683374874756
1525	1.0051683374874756
1526	1.0051683374874756
1527	0.8922665971944426
1528	0.8922665971944426
1529	0.8922665971944426
1530	0.37897301072223155
1531	0.37897301072223155
1532	0.37897301072223155
1533	1.536319126644136
1534	1.536319126644136
1535	1.536319126644136
1536	1.48574780661041
1537	1.48574780661041
1538	1.48574780661041
1539	0.9718865453320527
1540	0.9718865453320527
1541	0.9718865453320527
1542	0.48479982283552603
1543	0.48479982283552603
1544	0.48479982283552603
1545	0.46723842240975433
1546	0.46723842240975433
1547	0.46723842240975433
1548	1.1341460019829892
1549	1.1341460019829892
1550	1.1341460019829892
1551	1.1393737783894244
1552	1.1393737783894244
1553	1.1393737783894244
1554	0.9251494556452693
1555	0.9251494556452693
1556	0.9251494556452693
1557	1.145576366314259
1558	1.145576366314259
1559	1.145576366314259
1560	1.23654341402316
1561	1.23654341402316
1562	1.23654341402316
1563	2.614636130246817
1564	2.614636130246817
1565	2.614636130246817
1566	2.8489935567889613
1567	2.8489935567889613
1568	2.8489935567889613
1569	2.0199226349999537
1570	2.0199226349999537
1571	2.0199226349999537
1572	2.342730823661122
1573	2.342730823661122
1574	2.342730823661122
1575	1.7986184967055667
1576	1.7986184967055667
1577	1.7986184967055667
1578	2.1084059207369625
1579	2.1084059207369625
1580	2.1084059207369625
1581	1.984255166235209
1582	1.984255166235209
1583	1.984255166235209
1584	2.9971527050167133
1585	2.9971527050167133
1586	2.9971527050167133
1587	3.0986876793307503
1588	3.0986876793307503
1589	3.0986876793307503
1590	2.8647113040903567
1591	2.8647113040903567
1592	2.8647113040903567
1593	3.1783934406528838
1594	3.1783934406528838
1595	3.1783934406528838
1596	2.0462859774958977
1597	2.0462859774958977
1598	2.0462859774958977
1599	2.6556602425508213
1600	2.6556602425508213
1601	2.6556602425508213
1602	2.445238439535526
1603	2.445238439535526
1604	2.445238439535526
1605	3.157924173816734
1606	3.157924173816734
1607	3.157924173816734
1608	1.9887339471221392
1609	1.9887339471221392
1610	1.9887339471221392
1611	2.4568566828307286
1612	2.4568566828307286
1613	2.4568566828307286
1614	2.0300151946196423
1615	2.0300151946196423
1616	2.0300151946196423
1617	3.46057913186966
1618	3.46057913186966
1619	3.46057913186966
1620	3.260310372403487
1621	3.260310372403487
1622	3.260310372403487
1623	2.479226382412997
1624	2.479226382412997
1625	2.479226382412997
1626	2.068428077937858
1627	2.068428077937858
1628	2.068428077937858
1629	1.3164499089492734
1630	1.3164499089492734
1631	1.3164499089492734
1632	1.682878245324015
1633	1.682878245324015
1634	1.682878245324015
1635	2.73412717745231
1636	2.73412717745231
1637	2.73412717745231
1638	1.8755432185951593
1639	1.8755432185951593
1640	1.8755432185951593
1641	1.4024208534982447
1642	1.4024208534982447
1643	1.4024208534982447
1644	3.17416659742267
1645	3.17416659742267
1646	3.17416659742267
1647	2.3164662589602707
1648	2.3164662589602707
1649	2.3164662589602707
1650	2.233320083240212
1651	2.233320083240212
1652	2.233320083240212
1653	2.196391686421148
1654	2.196391686421148
1655	2.196391686421148
1656	1.263992941097084
1657	1.263992941097084
1658	1.263992941097084
1659	1.4400154256237996
1660	1.4400154256237996
1661	1.4400154256237996
1662	1.111871577251216
1663	1.111871577251216
1664	1.111871577251216
1665	1.2442812200454374
1666	1.2442812200454374
1667	1.2442812200454374
1668	1.7663310341464205
1669	1.7663310341464205
1670	1.7663310341464205
1671	1.4396898662724578
1672	1.4396898662724578
1673	1.4396898662724578
1674	1.3253750567231235
1675	1.3253750567231235
1676	1.3253750567231235
1677	1.6048275957745575
1678	1.6048275957745575
1679	1.6048275957745575
1680	1.6218772849597949
1681	1.6218772849597949
1682	1.6218772849597949
1683	1.0885116647322417
1684	1.0885116647322417
1685	1.0885116647322417
1686	1.7780956609105751
1687	1.7780956609105751
1688	1.7780956609105751
1689	1.8528720066161626
1690	1.8528720066161626
1691	1.8528720066161626
1692	1.2905786818453737
1693	1.2905786818453737
1694	1.2905786818453737
1695	0.8325397703980149
1696	0.8325397703980149
1697	0.8325397703980149
1698	1.1723371479113653
1699	1.1723371479113653
1700	1.1723371479113653
1701	0.9969308126941013
1702	0.9969308126941013
1703	0.9969308126941013
1704	1.5586883214172902
1705	1.5586883214172902
1706	1.5586883214172902
1707	1.763839324182266
1708	1.763839324182266
1709	1.763839324182266
1710	2.2887837618668754
1711	2.2887837618668754
1712	2.2887837618668754
1713	1.6267163448861421
1714	1.6267163448861421
1715	1.6267163448861421
1716	1.7964450859187626
1717	1.7964450859187626
1718	1.7964450859187626
1719	1.7616531160935658
1720	1.7616531160935658
1721	1.7616531160935658
1722	1.0654717383673322
1723	1.0654717383673322
1724	1.0654717383673322
1725	0.8014853165297483
1726	0.8014853165297483
1727	0.8014853165297483
1728	1.9440096249703036
1729	1.9440096249703036
1730	1.9440096249703036
1731	1.4849127067900194
1732	1.4849127067900194
1733	1.4849127067900194
1734	1.611067631662959
1735	1.611067631662959
1736	1.611067631662959
1737	0.9482374995259719
1738	0.9482374995259719
1739	0.9482374995259719
1740	2.2665912295206656
1741	2.2665912295206656
1742	2.2665912295206656
1743	1.5480821165053895
1744	1.5480821165053895
1745	1.5480821165053895
1746	2.0306907382917596
1747	2.0306907382917596
1748	2.0306907382917596
1749	1.517310396971191
1750	1.517310396971191
1751	1.517310396971191
1752	2.5007611048115677
1753	2.5007611048115677
1754	2.5007611048115677
1755	1.8347724222067947
1756	1.8347724222067947
1757	1.8347724222067947
1758	1.986223279204236
1759	1.986223279204236
1760	1.986223279204236
1761	1.2927007348477881
1762	1.2927007348477881
1763	1.2927007348477881
1764	1.4441122160161595
1765	1.4441122160161595
1766	1.4441122160161595
1767	1.7560973596603973
1768	1.7560973596603973
1769	1.7560973596603973
1770	2.0721779608149182
1771	2.0721779608149182
1772	2.0721779608149182
1773	1.2889416580947004
1774	1.2889416580947004
1775	1.2889416580947004
1776	0.9397318426025862
1777	0.9397318426025862
1778	0.9397318426025862
1779	2.0728370498650674
1780	2.0728370498650674
1781	2.0728370498650674
1782	1.5803504691884553
1783	1.5803504691884553
1784	1.5803504691884553
1785	1.400084293802424
1786	1.400084293802424
1787	1.400084293802424
1788	1.5295004045138376
1789	1.5295004045138376
1790	1.5295004045138376
1791	1.7846266807721725
1792	1.7846266807721725
1793	1.7846266807721725
1794	1.245623387240855
1795	1.245623387240855
1796	1.245623387240855
1797	1.7373528278511183
1798	1.7373528278511183
1799	1.7373528278511183
1800	1.096850924771366
1801	1.096850924771366
1802	1.096850924771366
1803	1.3901278911514998
1804	1.3901278911514998
1805	1.3901278911514998
1806	2.278426165927767
1807	2.278426165927767
1808	2.278426165927767
1809	1.7210201592519483
1810	1.7210201592519483
1811	1.7210201592519483
1812	1.8181571983667526
1813	1.8181571983667526
1814	1.8181571983667526
1815	1.6702749511242705
1816	1.6702749511242705
1817	1.6702749511242705
1818	2.0004806422560657
1819	2.0004806422560657
1820	2.0004806422560657
1821	1.561134645998247
1822	1.561134645998247
1823	1.561134645998247
1824	1.3872018883476587
1825	1.3872018883476587
1826	1.3872018883476587
1827	2.0729099833080173
1828	2.0729099833080173
1829	2.0729099833080173
1830	1.5217770144091443
1831	1.5217770144091443
1832	1.5217770144091443
1833	1.310551874869279
1834	1.310551874869279
1835	1.310551874869279
1836	1.1343266541070567
1837	1.1343266541070567
1838	1.1343266541070567
1839	2.0164223340513607
1840	2.0164223340513607
1841	2.0164223340513607
1842	2.054916406598377
1843	2.054916406598377
1844	2.054916406598377
1845	1.7970359755367746
1846	1.7970359755367746
1847	1.7970359755367746
1848	2.2890539761244963
1849	2.2890539761244963
1850	2.2890539761244963
1851	1.7202528440749378
1852	1.7202528440749378
1853	1.7202528440749378
1854	1.0763800411950668
1855	1.0763800411950668
1856	1.0763800411950668
1857	1.3281264171951523
1858	1.3281264171951523
1859	1.3281264171951523
1860	1.123329634806746
1861	1.123329634806746
1862	1.123329634806746
1863	0.9500650383904544
1864	0.9500650383904544
1865	0.9500650383904544
1866	1.6549889794594463
1867	1.6549889794594463
1868	1.6549889794594463
1869	1.8430846368549931
1870	1.8430846368549931
1871	1.8430846368549931
1872	1.3684244184885135
1873	2.9936103411072605
1874	2.9936103411072605
1875	2.9936103411072605
1876	3.042584779823426
1877	3.042584779823426
1878	3.042584779823426
1879	3.276023483771703
1880	3.276023483771703
1881	3.276023483771703
1882	2.265245370686151
1883	2.265245370686151
1884	2.265245370686151
1885	3.759192694681317
1886	3.759192694681317
1887	3.759192694681317
1888	3.0148515106045717
1889	3.0148515106045717
1890	3.0148515106045717
1891	2.887622677360366
1892	2.887622677360366
1893	2.887622677360366
1894	3.8083757943777363
1895	3.8083757943777363
1896	3.8083757943777363
1897	3.1116010610522973
1898	3.1116010610522973
1899	3.1116010610522973
1900	1.9190537351483161
1901	1.9190537351483161
1902	1.9190537351483161
1903	2.9327753476679908
1904	2.9327753476679908
1905	2.9327753476679908
1906	2.9656430164828227
1907	2.9656430164828227
1908	2.9656430164828227
1909	3.4331452441557717
1910	3.4331452441557717
1911	3.4331452441557717
1912	2.750820210559413
1913	2.750820210559413
1914	2.750820210559413
1915	1.5871484316770381
1916	1.5871484316770381
1917	1.5871484316770381
1918	2.339821580553316
1919	2.339821580553316
1920	2.339821580553316
1921	2.650217186817487
1922	2.650217186817487
1923	2.650217186817487
1924	4.109069587268191
1925	4.109069587268191
1926	4.109069587268191
1927	3.49992595420231
1928	3.49992595420231
1929	3.49992595420231
1930	2.571979658480286
1931	2.571979658480286
1932	2.571979658480286
1933	3.07758360144233
1934	3.07758360144233
1935	3.07758360144233
1936	3.2560563000895955
1937	3.2560563000895955
1938	3.2560563000895955
1939	2.8781979438589196
1940	2.8781979438589196
1941	2.8781979438589196
1942	3.4884769469860326
1943	3.4884769469860326
1944	3.4884769469860326
1945	3.571518799935392
1946	3.571518799935392
1947	3.571518799935392
1948	3.8295570569642154
1949	3.8295570569642154
1950	3.8295570569642154
1951	3.880697239979875
1952	3.880697239979875
1953	3.880697239979875
1954	2.2518951229482354
1955	2.2518951229482354
1956	2.2518951229482354
1957	2.517445699047802
1958	2.517445699047802
1959	2.517445699047802
1960	2.2404103865261384
1961	2.2404103865261384
1962	2.2404103865261384
1963	3.0126438134474753
1964	3.0126438134474753
1965	3.0126438134474753
1966	2.9182802268294297
1967	2.9182802268294297
1968	2.9182802268294297
1969	2.7702006326288675
1970	2.7702006326288675
1971	2.7702006326288675
1972	2.306132028420985
1973	2.306132028420985
1974	2.306132028420985
1975	3.1977731273662364
1976	3.1977731273662364
1977	3.1977731273662364
1978	3.889292376197165
1979	3.889292376197165
1980	3.889292376197165
1981	3.063297420625353
1982	3.063297420625353
1983	3.063297420625353
1984	3.9166944136692066
1985	3.9166944136692066
1986	3.9166944136692066
1987	2.2004277310682943
1988	2.2004277310682943
1989	2.2004277310682943
1990	2.382324311354017
1991	2.382324311354017
1992	2.382324311354017
1993	1.8133664853614226
1994	1.8133664853614226
1995	1.8133664853614226
1996	2.9888948766210777
1997	2.9888948766210777
1998	2.9888948766210777
1999	2.725951483553142
