0	0.7985482670727471
1	0.7985482670727471
2	0.7985482670727471
3	0.5150591023581177
4	0.5150591023581177
5	0.5150591023581177
6	1.1650823142378783
7	1.1650823142378783
8	1.1650823142378783
9	1.0381134035819306
10	1.0381134035819306
11	1.0381134035819306
12	0.7528830644912827
13	0.7528830644912827
14	0.7528830644912827
15	1.3828933675056412
16	1.3828933675056412
17	1.3828933675056412
18	0.21124657622548232
19	0.21124657622548232
20	0.21124657622548232
21	0.8204909604673285
22	0.8204909604673285
23	0.8204909604673285
24	0.8537844862528501
25	0.8537844862528501
26	0.8537844862528501
27	0.7361810816381398
28	0.7361810816381398
29	0.7361810816381398
30	0.7871660501870942
31	0.7871660501870942
32	0.7871660501870942
33	0.8035363093902695
34	0.8035363093902695
35	0.8035363093902695
36	0.4610782301277781
37	0.4610782301277781
38	0.4610782301277781
39	0.1
40	0.1
41	0.1
42	0.4516474854434558
43	0.4516474854434558
44	0.4516474854434558
45	0.5587044383675609
46	0.5587044383675609
47	0.5587044383675609
48	0.12805793885389538
49	0.12805793885389538
50	0.12805793885389538
51	0.6087449224251464
52	0.6087449224251464
53	0.6087449224251464
54	0.7771286187369135
55	0.7771286187369135
56	0.7771286187369135
57	0.5991040260940024
58	0.5991040260940024
59	0.5991040260940024
60	0.49493164059110184
61	0.49493164059110184
62	0.49493164059110184
63	0.4655605067906957
64	0.4655605067906957
65	0.4655605067906957
66	0.40495822712848084
67	0.40495822712848084
68	0.40495822712848084
69	0.7045752077387611
70	0.7045752077387611
71	0.7045752077387611
72	0.3423319163770114
73	0.3423319163770114
74	0.3423319163770114
75	0.7628096375130499
76	0.7628096375130499
77	0.7628096375130499
78	1.451553614108277
79	1.451553614108277
80	1.451553614108277
81	0.5501944060586536
82	0.5501944060586536
83	0.5501944060586536
84	0.3206945910743508
85	0.3206945910743508
86	0.3206945910743508
87	0.7729885044234197
88	0.7729885044234197
89	0.7729885044234197
90	0.4103971521660454
91	0.4103971521660454
92	0.4103971521660454
93	1.193978911730253
94	1.193978911730253
95	1.193978911730253
96	1.30605208188839
97	1.30605208188839
98	1.30605208188839
99	0.649260279205508
100	0.649260279205508
101	0.649260279205508
102	1.230369029396496
103	1.230369029396496
104	1.230369029396496
105	0.5314245978284756
106	0.5314245978284756
107	0.5314245978284756
108	0.8997110344494348
109	0.8997110344494348
110	0.8997110344494348
111	0.5352686075116115
112	0.5352686075116115
113	0.5352686075116115
114	0.10025941584149378
115	0.10025941584149378
116	0.10025941584149378
117	0.21878337562021954
118	0.21878337562021954
119	0.21878337562021954
120	0.636689457640427
121	0.636689457640427
122	0.636689457640427
123	0.6053584213420429
124	0.6053584213420429
125	0.6053584213420429
126	0.24700255933503096
127	0.24700255933503096
128	0.24700255933503096
129	3.251625343531945
130	3.251625343531945
131	3.251625343531945
132	4.035907730516038
133	4.035907730516038
134	4.035907730516038
135	3.800458385872205
136	3.800458385872205
137	3.800458385872205
138	2.4142023899218668
139	2.4142023899218668
140	2.4142023899218668
141	3.208109804128492
142	3.208109804128492
143	3.208109804128492
144	3.2302724455788865
145	3.2302724455788865
146	3.2302724455788865
147	2.110427447200224
148	2.110427447200224
149	2.110427447200224
150	5.797444525896875
151	5.797444525896875
152	5.797444525896875
153	6.089476959995464
154	6.089476959995464
155	6.089476959995464
156	1.624967566922319
157	1.624967566922319
158	1.624967566922319
159	4.642486038592333
160	4.642486038592333
161	4.642486038592333
162	2.0192530130479565
163	2.0192530130479565
164	2.0192530130479565
165	3.7551986380212967
166	3.7551986380212967
167	3.7551986380212967
168	2.7862748203058443
169	2.7862748203058443
170	2.7862748203058443
171	6.1313744074845005
172	6.1313744074845005
173	6.1313744074845005
174	1.6261075121369468
175	2.4032384606305275
176	2.4032384606305275
177	2.4032384606305275
178	3.067710426192345
179	3.067710426192345
180	3.067710426192345
181	1.2941673153531053
182	1.2941673153531053
183	1.2941673153531053
184	1.7537628872176456
185	1.7537628872176456
186	1.7537628872176456
187	2.2610246093192585
188	2.2610246093192585
189	2.2610246093192585
190	1.8167114748816209
191	1.8167114748816209
192	1.8167114748816209
193	3.3996677762184273
194	3.3996677762184273
195	3.3996677762184273
196	0.8658782806840148
197	0.8658782806840148
198	0.8658782806840148
199	1.2002335546332983
200	1.2002335546332983
201	1.2002335546332983
202	0.48058209560658605
203	0.48058209560658605
204	0.48058209560658605
205	2.8696273372110754
206	2.8696273372110754
207	2.8696273372110754
208	0.8386676454123627
209	0.8386676454123627
210	0.8386676454123627
211	2.436402171958752
212	2.436402171958752
213	2.436402171958752
214	0.17981525905496665
215	0.17981525905496665
216	0.17981525905496665
217	1.0085116586461713
218	1.0085116586461713
219	1.0085116586461713
220	2.756905150143801
221	2.756905150143801
222	2.756905150143801
223	0.674148175104808
224	0.674148175104808
225	0.674148175104808
226	3.7279153013621578
227	3.7279153013621578
228	3.7279153013621578
229	3.0271165529996913
230	3.0271165529996913
231	3.0271165529996913
232	2.318953689808018
233	2.318953689808018
234	2.318953689808018
235	1.8566456928324937
236	1.8566456928324937
237	1.8566456928324937
238	2.7681926343472334
239	2.7681926343472334
240	2.7681926343472334
241	2.2252196943305456
242	2.2252196943305456
243	2.2252196943305456
244	2.9330731844059637
245	2.9330731844059637
246	2.9330731844059637
247	1.5090635769012652
248	1.5090635769012652
249	1.5090635769012652
250	1.2887260468023185
251	1.2887260468023185
252	1.2887260468023185
253	0.4449798477122282
254	0.4449798477122282
255	0.4449798477122282
256	2.3213830456713103
257	2.3213830456713103
258	2.3213830456713103
259	1.7227570479893324
260	1.7227570479893324
261	1.7227570479893324
262	2.2997145820838387
263	2.2997145820838387
264	2.2997145820838387
265	0.7095973365721671
266	0.7095973365721671
267	0.7095973365721671
268	1.8781620910036094
269	1.8781620910036094
270	1.8781620910036094
271	0.9408329269712026
272	0.9408329269712026
273	0.9408329269712026
274	0.29294215378634103
275	0.29294215378634103
276	0.29294215378634103
277	0.8803658200180988
278	0.8803658200180988
279	0.8803658200180988
280	1.7686517709596032
281	1.7686517709596032
282	0.7157098964115756
283	0.7157098964115756
284	0.7157098964115756
285	4.717533925870864
286	4.717533925870864
287	4.717533925870864
288	3.9143922879150495
289	3.9143922879150495
290	3.9143922879150495
291	4.5435180953601275
292	4.5435180953601275
293	4.5435180953601275
294	1.5273055307601109
295	1.5273055307601109
296	1.5273055307601109
297	3.547469725790032
298	3.547469725790032
299	3.547469725790032
300	2.5169679543559664
301	2.5169679543559664
302	2.5169679543559664
303	4.561711205488285
304	4.561711205488285
305	4.561711205488285
306	0.1
307	0.1
308	0.1
309	4.121868119740901
310	4.121868119740901
311	4.121868119740901
312	4.83635487648556
313	4.83635487648556
314	4.83635487648556
315	4.677565421755123
316	4.677565421755123
317	4.677565421755123
318	5.523111578543569
319	5.523111578543569
320	5.523111578543569
321	2.4415669059338674
322	2.4415669059338674
323	2.4415669059338674
324	1.186727754196645
325	1.186727754196645
326	1.186727754196645
327	4.293914275448403
328	4.293914275448403
329	4.293914275448403
330	1.8456364251139332
331	1.8456364251139332
332	1.8456364251139332
333	3.513869296118598
334	3.513869296118598
335	3.513869296118598
336	1.4024542930228123
337	1.4024542930228123
338	1.4024542930228123
339	5.955560639246051
340	5.955560639246051
341	5.955560639246051
342	4.6280693913686175
343	4.6280693913686175
344	4.6280693913686175
345	4.4811361268512675
346	4.4811361268512675
347	4.4811361268512675
348	5.327277543795995
349	5.327277543795995
350	5.327277543795995
351	5.411522675462319
352	5.411522675462319
353	5.411522675462319
354	4.883171518503223
355	4.883171518503223
356	4.883171518503223
357	2.7705228557964743
358	2.7705228557964743
359	2.7705228557964743
360	1.9200168232206811
361	1.9200168232206811
362	1.9200168232206811
363	2.0953275766407957
364	2.0953275766407957
365	2.0953275766407957
366	0.1
367	0.1
368	0.1
369	5.912162857960999
370	5.912162857960999
371	5.912162857960999
372	4.981000097961598
373	4.981000097961598
374	4.981000097961598
375	4.130708023501077
376	4.130708023501077
377	4.130708023501077
378	2.4121342589840546
379	2.4121342589840546
380	2.4121342589840546
381	3.718098470738484
382	3.718098470738484
383	3.718098470738484
384	2.1112085149550026
385	2.1112085149550026
386	2.1112085149550026
387	5.616436628775734
388	5.616436628775734
389	5.616436628775734
390	4.080681054732152
391	4.012643631275315
392	4.012643631275315
393	4.012643631275315
394	3.9637868308861823
395	3.9637868308861823
396	3.9637868308861823
397	6.881533000564851
398	6.881533000564851
399	6.881533000564851
400	4.934666813532838
401	4.934666813532838
402	4.934666813532838
403	5.2801164678494725
404	5.2801164678494725
405	5.2801164678494725
406	3.3688083247355314
407	3.3688083247355314
408	3.3688083247355314
409	5.598006972230901
410	5.598006972230901
411	5.598006972230901
412	3.832537246608786
413	3.832537246608786
414	3.832537246608786
415	2.9731633755100635
416	2.9731633755100635
417	2.9731633755100635
418	3.0016952143550215
419	3.0016952143550215
420	3.0016952143550215
421	2.633829915451928
422	2.633829915451928
423	2.633829915451928
424	5.277511588900671
425	5.277511588900671
426	5.277511588900671
427	0.2174896003359299
428	0.2174896003359299
429	0.2174896003359299
430	2.3795126402266247
431	2.3795126402266247
432	2.3795126402266247
433	3.8154689301126203
434	3.8154689301126203
435	3.8154689301126203
436	7.593845311263626
437	7.593845311263626
438	7.593845311263626
439	5.963940674819256
440	5.963940674819256
441	5.963940674819256
442	4.080786888171496
443	2.314970654859726
444	2.314970654859726
445	2.314970654859726
446	1.567771070414948
447	1.567771070414948
448	1.567771070414948
449	4.057581943202491
450	4.057581943202491
451	4.057581943202491
452	2.2198652341715084
453	2.2198652341715084
454	2.2198652341715084
455	0.19409269873181145
456	0.19409269873181145
457	0.19409269873181145
458	4.6323551488083385
459	4.6323551488083385
460	4.6323551488083385
461	3.611413837836722
462	3.611413837836722
463	3.611413837836722
464	1.7173843835480465
465	1.7173843835480465
466	1.7173843835480465
467	2.423482546793619
468	2.423482546793619
469	2.423482546793619
470	2.4605140701961865
471	2.4605140701961865
472	2.4605140701961865
473	2.2425021740651645
474	2.2425021740651645
475	2.2425021740651645
476	4.299490175822269
477	4.299490175822269
478	4.299490175822269
479	3.1277088872385694
480	3.1277088872385694
481	3.1277088872385694
482	4.067012592520057
483	4.067012592520057
484	4.067012592520057
485	0.3901801989950968
486	0.3901801989950968
487	0.3901801989950968
488	4.012466200273595
489	4.012466200273595
490	4.012466200273595
491	3.6295857594756216
492	3.6295857594756216
493	3.6295857594756216
494	2.0342022719905004
495	2.0342022719905004
496	2.0342022719905004
497	1.8230902008614969
498	1.8230902008614969
499	1.8230902008614969
500	0.6523015670871803
501	0.6523015670871803
502	0.6523015670871803
503	3.9087244007145374
504	3.9087244007145374
505	3.9087244007145374
506	3.038961375657472
507	3.038961375657472
508	3.038961375657472
509	4.252884424612074
510	4.252884424612074
511	4.252884424612074
512	4.883126789835479
513	4.883126789835479
514	4.883126789835479
515	2.6676376131601347
516	2.6676376131601347
517	1.661055730866342
518	1.661055730866342
519	1.661055730866342
520	1.5851036914800805
521	1.5851036914800805
522	1.5851036914800805
523	3.050531604489014
524	3.050531604489014
525	3.050531604489014
526	1.2766564535783393
527	1.2766564535783393
528	1.2766564535783393
529	1.8776038734837834
530	1.8776038734837834
531	1.8776038734837834
532	1.6300283474031192
533	1.6300283474031192
534	1.6300283474031192
535	3.26088625167471
536	3.26088625167471
537	3.26088625167471
538	1.1439188977656052
539	1.1439188977656052
540	1.1439188977656052
541	3.8469591951887834
542	3.8469591951887834
543	3.8469591951887834
544	0.25418271052838093
545	0.25418271052838093
546	0.25418271052838093
547	1.9431543709275831
548	1.9431543709275831
549	1.9431543709275831
550	1.8688785911940593
551	1.8688785911940593
552	1.8688785911940593
553	0.1788338991018683
554	0.1788338991018683
555	0.1788338991018683
556	1.9635531360074654
557	1.9635531360074654
558	1.9635531360074654
559	0.1
560	0.1
561	0.1
562	1.6110534057255237
563	1.6110534057255237
564	1.6110534057255237
565	2.2857497856274738
566	2.2857497856274738
567	2.2857497856274738
568	1.7157433924387997
569	1.7157433924387997
570	1.7157433924387997
571	0.44389660356838245
572	0.44389660356838245
573	0.44389660356838245
574	1.7648884280906874
575	1.7648884280906874
576	1.7648884280906874
577	4.2808361906474985
578	7.1785497872078965
579	7.1785497872078965
580	7.1785497872078965
581	4.196106947028804
582	4.196106947028804
583	4.196106947028804
584	3.1702288472857267
585	3.1702288472857267
586	3.1702288472857267
587	4.131899670988896
588	4.131899670988896
589	4.131899670988896
590	1.1001977959908427
591	1.1001977959908427
592	1.1001977959908427
593	0.9087969134785054
594	0.9087969134785054
595	0.9087969134785054
596	4.038162737818238
597	4.038162737818238
598	4.038162737818238
599	2.9867287358817274
600	2.9867287358817274
601	2.9867287358817274
602	3.9500292682216345
603	3.9500292682216345
604	3.9500292682216345
605	4.12504445824732
606	4.12504445824732
607	4.12504445824732
608	4.024443485688149
609	1.1853973938691764
610	1.1853973938691764
611	1.1853973938691764
612	1.3703216862513437
613	1.3703216862513437
614	1.3703216862513437
615	2.889708735657122
616	2.889708735657122
617	2.889708735657122
618	3.645019478157186
619	3.645019478157186
620	3.645019478157186
621	1.9811021638970767
622	1.9811021638970767
623	1.9811021638970767
624	2.8129384861215967
625	2.8129384861215967
626	3.9380000582892074
627	3.9380000582892074
628	3.9380000582892074
629	5.668727064599734
630	5.668727064599734
631	5.668727064599734
632	2.451832053143036
633	2.451832053143036
634	2.451832053143036
635	2.4199734882861046
636	2.4199734882861046
637	2.4199734882861046
638	2.501022346673106
639	2.501022346673106
640	2.501022346673106
641	1.5718047306583753
642	1.5718047306583753
643	1.5718047306583753
644	2.866701579310883
645	2.866701579310883
646	2.866701579310883
647	4.702769781735609
648	4.702769781735609
649	4.702769781735609
650	0.613246992874509
651	0.613246992874509
652	0.613246992874509
653	3.0658534078679427
654	3.0658534078679427
655	3.0658534078679427
656	2.688711402854885
657	2.688711402854885
658	2.688711402854885
659	1.5078986121682396
660	1.5078986121682396
661	1.5078986121682396
662	2.852485900799136
663	2.852485900799136
664	2.852485900799136
665	1.0868380338749994
666	1.0868380338749994
667	1.0868380338749994
668	1.2210931247713759
669	1.2210931247713759
670	1.2210931247713759
671	2.033335526703853
672	2.033335526703853
673	2.033335526703853
674	2.0701797880886477
675	2.0701797880886477
676	2.0701797880886477
677	0.4150197953300965
678	0.4150197953300965
679	0.4150197953300965
680	0.5229627697054828
681	0.5229627697054828
682	0.5229627697054828
683	1.6772754518636708
684	1.6772754518636708
685	1.6772754518636708
686	5.152786487139291
687	5.152786487139291
688	5.152786487139291
689	3.796369385161024
690	3.796369385161024
691	3.796369385161024
692	4.477837326133761
693	4.477837326133761
694	4.477837326133761
695	2.5255440632037622
696	2.5255440632037622
697	2.5255440632037622
698	1.6796759324816657
699	1.6796759324816657
700	1.6796759324816657
701	0.6935581244063269
702	0.6935581244063269
703	0.6935581244063269
704	2.987409653351028
705	2.987409653351028
706	2.6033483974175695
707	2.6033483974175695
708	2.6033483974175695
709	2.831742022470953
710	2.831742022470953
711	2.831742022470953
712	0.4334525574663055
713	0.4334525574663055
714	0.4334525574663055
715	3.154569140402428
716	3.154569140402428
717	3.154569140402428
718	5.875856838826544
719	5.875856838826544
720	5.875856838826544
721	0.1
722	0.1
723	0.1
724	4.937602071831601
725	4.937602071831601
726	4.937602071831601
727	4.221944637386382
728	4.221944637386382
729	4.221944637386382
730	1.8640981959749918
731	1.8640981959749918
732	1.8640981959749918
733	1.7654485727649167
734	1.7654485727649167
735	1.7654485727649167
736	1.2678333096505483
737	1.2678333096505483
738	1.2678333096505483
739	4.211962477964151
740	4.211962477964151
741	4.211962477964151
742	5.930291242814123
743	5.930291242814123
744	5.930291242814123
745	4.237948811870028
746	4.237948811870028
747	4.237948811870028
748	1.9935344191784525
749	1.9935344191784525
750	1.9935344191784525
751	3.6518655337833312
752	3.6518655337833312
753	3.6518655337833312
754	1.9398561890182846
755	1.9398561890182846
756	1.9398561890182846
757	1.9841129809070082
758	1.9841129809070082
759	1.9841129809070082
760	3.82229577298786
761	3.82229577298786
762	3.82229577298786
763	1.2886557984120959
764	1.2886557984120959
765	1.2886557984120959
766	4.401008181257965
767	4.401008181257965
768	4.401008181257965
769	2.033904711676292
770	2.033904711676292
771	2.033904711676292
772	0.7502445468159662
773	0.7502445468159662
774	0.7502445468159662
775	1.9050031351982977
776	1.9050031351982977
777	1.9050031351982977
778	1.9649834972920488
779	1.9649834972920488
780	1.9649834972920488
781	2.4277667714876703
782	2.4277667714876703
783	2.2536359974290296
784	2.2536359974290296
785	2.2536359974290296
786	3.6814379269124107
787	3.6814379269124107
788	3.6814379269124107
789	1.4775323806943976
790	1.4775323806943976
791	1.4775323806943976
792	2.1717526001541136
793	2.1717526001541136
794	2.1717526001541136
795	4.428005545412804
796	4.428005545412804
797	4.428005545412804
798	1.5607546147255602
799	1.5607546147255602
800	1.5607546147255602
801	2.86661674115056
802	2.86661674115056
803	2.86661674115056
804	2.739868612171515
805	2.739868612171515
806	2.739868612171515
807	1.9054386167503727
808	1.9054386167503727
809	1.9054386167503727
810	4.408026255154836
811	4.408026255154836
812	4.408026255154836
813	4.360796010577081
814	4.360796010577081
815	4.360796010577081
816	2.0515360839254164
817	2.0515360839254164
818	2.0515360839254164
819	0.9983405044191929
820	0.9983405044191929
821	0.9983405044191929
822	0.8528627773217297
823	0.8528627773217297
824	0.8528627773217297
825	3.873616979924304
826	3.873616979924304
827	3.873616979924304
828	3.113607126539601
829	3.113607126539601
830	3.113607126539601
831	3.235638483816399
832	3.235638483816399
833	3.235638483816399
834	3.3158932727431427
835	3.3158932727431427
836	3.3158932727431427
837	4.410812675203401
838	4.410812675203401
839	4.410812675203401
840	1.484941259135137
841	1.484941259135137
842	1.484941259135137
843	3.574050887432917
844	3.574050887432917
845	3.574050887432917
846	2.0512683166611447
847	2.0512683166611447
848	2.0512683166611447
849	1.9236430743795407
850	1.9236430743795407
851	1.9236430743795407
852	1.8008064696055825
853	1.8008064696055825
854	1.8008064696055825
855	3.679261814254766
856	3.679261814254766
857	3.679261814254766
858	0.1
859	0.1
860	0.1
861	1.4806209553416092
862	1.4806209553416092
863	1.4806209553416092
864	4.722025179255138
865	4.722025179255138
866	4.722025179255138
867	3.569514986089719
868	3.569514986089719
869	3.569514986089719
870	1.5846062435548127
871	1.5846062435548127
872	1.5846062435548127
873	0.8999756760022435
874	0.8999756760022435
875	0.8999756760022435
876	4.154483551663485
877	4.154483551663485
878	4.154483551663485
879	5.386816333317574
880	5.386816333317574
881	5.386816333317574
882	3.242723157195461
883	3.242723157195461
884	3.242723157195461
885	0.5436774834444766
886	0.5436774834444766
887	0.5436774834444766
888	1.894444064676532
889	1.894444064676532
890	1.894444064676532
891	4.8729175166122065
892	4.8729175166122065
893	4.8729175166122065
894	2.6667949181353556
895	2.6667949181353556
896	2.6667949181353556
897	3.1020887909576347
898	3.1020887909576347
899	3.1020887909576347
900	2.6201495270813666
901	2.6201495270813666
902	2.6201495270813666
903	0.7144238646780297
904	0.7144238646780297
905	0.7144238646780297
906	0.1
907	0.1
908	0.1
909	2.8727047538015156
910	2.8727047538015156
911	2.8727047538015156
912	2.813666727003643
913	5.2617738761342565
914	5.2617738761342565
915	5.2617738761342565
916	2.853688231632012
917	2.853688231632012
918	2.853688231632012
919	3.1170101084566193
920	3.1943872455966877
921	3.1943872455966877
922	3.1943872455966877
923	3.6728783675735333
924	3.6728783675735333
925	3.6728783675735333
926	2.87755394054497
927	2.87755394054497
928	2.87755394054497
929	2.3576542127104396
930	2.3576542127104396
931	2.3576542127104396
932	1.4561284893367352
933	1.4561284893367352
934	1.4561284893367352
935	2.251394913792616
936	2.251394913792616
937	2.251394913792616
938	2.906371461855869
939	2.906371461855869
940	2.906371461855869
941	2.0130555307331703
942	2.0130555307331703
943	2.0130555307331703
944	1.9028102696883284
945	1.9028102696883284
946	1.9028102696883284
947	2.1639198897686316
948	2.1639198897686316
949	2.1639198897686316
950	1.6053763390804778
951	1.6053763390804778
952	1.6053763390804778
953	2.037750862512415
954	2.037750862512415
955	2.037750862512415
956	0.790436662798776
957	0.790436662798776
958	0.790436662798776
959	2.194207879412584
960	2.194207879412584
961	2.194207879412584
962	2.3291698055215586
963	2.3291698055215586
964	2.3291698055215586
965	2.134817137141381
966	2.134817137141381
967	2.134817137141381
968	1.6746059664749895
969	1.6746059664749895
970	1.6746059664749895
971	1.6589032048693837
972	1.6589032048693837
973	1.6589032048693837
974	2.2346811108074793
975	2.2346811108074793
976	2.2346811108074793
977	1.238854440498677
978	1.238854440498677
979	1.238854440498677
980	1.0091178433392414
981	1.0091178433392414
982	1.0091178433392414
983	1.974383602451305
984	1.974383602451305
985	1.974383602451305
986	2.292560573423791
987	2.292560573423791
988	2.292560573423791
989	1.3403453561730765
990	1.3403453561730765
991	1.3403453561730765
992	2.591498559341025
993	2.591498559341025
994	2.591498559341025
995	3.2439770373133445
996	3.2439770373133445
997	3.2439770373133445
998	2.014522468048293
999	2.014522468048293
1000	2.014522468048293
1001	2.368221588688142
1002	2.368221588688142
1003	2.368221588688142
1004	2.844082739158919
1005	2.844082739158919
1006	2.844082739158919
1007	2.882227983668461
1008	2.882227983668461
1009	2.882227983668461
1010	1.2004383096467763
1011	1.2004383096467763
1012	1.2004383096467763
1013	2.65958967408897
1014	2.65958967408897
1015	2.65958967408897
1016	3.2819370046661636
1017	3.2819370046661636
1018	3.2819370046661636
1019	0.576923510231506
1020	0.576923510231506
1021	0.576923510231506
1022	1.7779447214502866
1023	1.7779447214502866
1024	1.7779447214502866
1025	2.852930982760796
1026	2.852930982760796
1027	2.852930982760796
1028	0.8682607120687931
1029	0.8682607120687931
1030	0.8682607120687931
1031	3.6680958649493927
1032	3.6680958649493927
1033	3.6680958649493927
1034	4.279890292524464
1035	4.279890292524464
1036	4.279890292524464
1037	2.756823702097788
1038	2.756823702097788
1039	2.756823702097788
1040	2.574145422017896
1041	2.574145422017896
1042	2.574145422017896
1043	3.628271583829554
1044	3.628271583829554
1045	3.628271583829554
1046	2.6198903888696083
1047	2.6198903888696083
1048	2.6198903888696083
1049	1.812765451238329
1050	1.812765451238329
1051	1.812765451238329
1052	1.3953154076673195
1053	1.3953154076673195
1054	1.3953154076673195
1055	1.524746398486756
1056	1.524746398486756
1057	1.524746398486756
1058	3.413645680845935
1059	3.413645680845935
1060	3.413645680845935
1061	0.11802292244937007
1062	0.11802292244937007
1063	0.11802292244937007
1064	2.94413548175065
1065	2.94413548175065
1066	2.94413548175065
1067	2.7111580218694185
1068	2.7111580218694185
1069	3.3823591489418057
1070	3.3823591489418057
1071	3.3823591489418057
1072	6.018100749188733
1073	6.018100749188733
1074	6.018100749188733
1075	1.1575880391668871
1076	1.1575880391668871
1077	1.1575880391668871
1078	0.5668619677046416
1079	0.5668619677046416
1080	0.5668619677046416
1081	2.9367231152058353
1082	2.9367231152058353
1083	2.9367231152058353
1084	2.3914169108380445
1085	3.2613421233761724
1086	3.2613421233761724
1087	3.2613421233761724
1088	2.62621391255837
1089	2.62621391255837
1090	2.62621391255837
1091	2.9125421616338487
1092	2.9125421616338487
1093	2.9125421616338487
1094	1.180882610438182
1095	1.180882610438182
1096	1.2339411444841466
1097	1.2339411444841466
1098	1.2339411444841466
1099	5.154591265726787
1100	5.154591265726787
1101	5.154591265726787
1102	5.0010940098488295
1103	5.0010940098488295
1104	5.0010940098488295
1105	3.595374852259792
1106	3.595374852259792
1107	3.595374852259792
1108	3.691979887055505
1109	3.691979887055505
1110	3.691979887055505
1111	5.207778872747922
1112	5.207778872747922
1113	5.207778872747922
1114	1.9123386664387576
1115	1.9123386664387576
1116	1.9123386664387576
1117	7.224527180237601
1118	7.224527180237601
1119	7.224527180237601
1120	1.7404779993739603
1121	1.7404779993739603
1122	1.7404779993739603
1123	3.304879120349249
1124	3.304879120349249
1125	3.304879120349249
1126	1.060384935813298
1127	1.060384935813298
1128	1.060384935813298
1129	5.185525388585715
1130	5.185525388585715
1131	5.185525388585715
1132	2.2308793790219474
1133	2.2308793790219474
1134	2.2308793790219474
1135	0.5742721138227354
1136	0.5742721138227354
1137	0.5742721138227354
1138	1.7553262777510916
1139	1.7553262777510916
1140	1.0665369008098216
1141	1.0665369008098216
1142	1.0665369008098216
1143	1.4594316926163269
1144	1.4594316926163269
1145	1.4594316926163269
1146	1.0561872313757632
1147	1.0561872313757632
1148	1.0561872313757632
1149	1.4393754454753784
1150	1.4393754454753784
1151	1.4393754454753784
1152	1.9401763320146748
1153	1.9401763320146748
1154	1.9401763320146748
1155	1.4687138507253006
1156	1.4687138507253006
1157	1.4687138507253006
1158	1.366923483834894
1159	1.366923483834894
1160	1.366923483834894
1161	1.2712724222539422
1162	1.2712724222539422
1163	1.2712724222539422
1164	0.8269245326343253
1165	0.8269245326343253
1166	0.8269245326343253
1167	0.5953548939345409
1168	0.5953548939345409
1169	0.5953548939345409
1170	0.1
1171	0.1
1172	0.1
1173	1.0707331445406758
1174	1.0707331445406758
1175	1.0707331445406758
1176	1.7156239109166909
1177	1.7156239109166909
1178	1.7156239109166909
1179	0.6995516119093911
1180	0.6995516119093911
1181	0.6995516119093911
1182	1.7245385982193582
1183	1.7245385982193582
1184	1.7245385982193582
1185	2.094833498678316
1186	2.094833498678316
1187	2.094833498678316
1188	1.8333071196703794
1189	1.8333071196703794
1190	1.8333071196703794
1191	0.5916838033742147
1192	0.5916838033742147
1193	0.5916838033742147
1194	1.6010403410504324
1195	1.6010403410504324
1196	1.6010403410504324
1197	0.8660354645718656
1198	0.8660354645718656
1199	0.8660354645718656
1200	0.9977918875462206
1201	0.9977918875462206
1202	0.9977918875462206
1203	1.5826273534685478
1204	1.5826273534685478
1205	1.5826273534685478
1206	0.9002091440481778
1207	0.9002091440481778
1208	0.9002091440481778
1209	2.0301298562654813
1210	2.0301298562654813
1211	2.0301298562654813
1212	1.2024006448163433
1213	1.2024006448163433
1214	1.2024006448163433
1215	1.0903832235937032
1216	1.0903832235937032
1217	1.0903832235937032
1218	0.805724700466369
1219	0.805724700466369
1220	0.805724700466369
1221	0.42410798268717786
1222	0.42410798268717786
1223	0.42410798268717786
1224	1.323087265327148
1225	1.323087265327148
1226	1.323087265327148
1227	0.5807610306842476
1228	0.5807610306842476
1229	0.5807610306842476
1230	1.0252133378625605
1231	1.0252133378625605
1232	2.5798546464508343
1233	2.5798546464508343
1234	2.5798546464508343
1235	1.8236946688742648
1236	1.8236946688742648
1237	1.8236946688742648
1238	2.3858069370336548
1239	2.3858069370336548
1240	2.3858069370336548
1241	2.0947600943458853
1242	2.0947600943458853
1243	2.0947600943458853
1244	1.7388124315760969
1245	1.7388124315760969
1246	1.7388124315760969
1247	1.1610798644372144
1248	1.1610798644372144
1249	1.1610798644372144
1250	2.3945712257345138
1251	2.3945712257345138
1252	2.3945712257345138
1253	3.0561660897744707
1254	3.0561660897744707
1255	3.0561660897744707
1256	1.0852123358600838
1257	1.0852123358600838
1258	1.0852123358600838
1259	0.1
1260	0.1
1261	0.1
1262	1.1592482699082207
1263	1.1592482699082207
1264	1.1592482699082207
1265	1.2713737359199109
1266	1.2713737359199109
1267	1.2713737359199109
1268	1.4366895421940702
1269	1.4366895421940702
1270	1.4366895421940702
1271	1.9755685258466125
1272	1.9755685258466125
1273	1.9755685258466125
1274	1.1103882130490401
1275	1.1103882130490401
1276	1.1103882130490401
1277	1.7389802014338551
1278	1.7389802014338551
1279	1.7389802014338551
1280	0.5460578049519484
1281	0.5460578049519484
1282	0.5460578049519484
1283	2.6356842664953053
1284	2.6356842664953053
1285	2.6356842664953053
1286	1.8984858702760805
1287	1.8984858702760805
1288	1.8984858702760805
1289	1.556031868451181
1290	1.556031868451181
1291	1.556031868451181
1292	2.342843563292445
1293	2.342843563292445
1294	2.342843563292445
1295	4.083794761862195
1296	4.083794761862195
1297	4.083794761862195
1298	1.3771815100255451
1299	1.3771815100255451
1300	1.3771815100255451
1301	1.789030993781833
1302	1.789030993781833
1303	1.789030993781833
1304	0.3161884656830063
1305	0.3161884656830063
1306	0.3161884656830063
1307	0.9795287931962529
1308	0.9795287931962529
1309	0.9795287931962529
1310	3.285912038464029
1311	3.285912038464029
1312	3.285912038464029
1313	1.823645859996553
1314	1.823645859996553
1315	1.823645859996553
1316	1.3532007979232772
1317	1.3532007979232772
1318	1.3532007979232772
1319	1.0647912933968382
1320	1.0647912933968382
1321	1.0647912933968382
1322	1.4183200836631824
1323	1.4183200836631824
1324	1.4183200836631824
1325	1.0774977499296878
1326	1.0774977499296878
1327	1.0774977499296878
1328	1.281310404617475
1329	1.281310404617475
1330	1.281310404617475
1331	1.9376781019698301
1332	1.9376781019698301
1333	1.9376781019698301
1334	3.234928641897096
1335	3.234928641897096
1336	3.234928641897096
1337	1.6791444702132698
1338	1.6791444702132698
1339	1.6791444702132698
1340	1.6069923048429653
1341	1.6069923048429653
1342	1.6069923048429653
1343	1.1407745808042746
1344	1.1407745808042746
1345	1.1407745808042746
1346	0.6081433426574548
1347	0.6081433426574548
1348	0.6081433426574548
1349	1.9767410913849348
1350	1.9767410913849348
1351	1.9767410913849348
1352	2.5946330653107905
1353	2.5946330653107905
1354	2.5946330653107905
1355	2.30352525446037
1356	2.30352525446037
1357	2.30352525446037
1358	1.4578236776342084
1359	1.4578236776342084
1360	1.4578236776342084
1361	2.5457754937083603
1362	2.5457754937083603
1363	2.5457754937083603
1364	3.1104552926307454
1365	3.1104552926307454
1366	3.1104552926307454
1367	0.509894261017716
1368	0.509894261017716
1369	0.509894261017716
1370	0.1
1371	0.1
1372	0.1
1373	2.470944018760262
1374	2.470944018760262
1375	2.470944018760262
1376	0.1
1377	0.1
1378	0.1
1379	0.675485614766591
1380	0.675485614766591
1381	0.675485614766591
1382	0.45666463276349223
1383	0.45666463276349223
1384	0.45666463276349223
1385	1.8691999906562562
1386	1.8691999906562562
1387	1.8691999906562562
1388	2.3354042230879024
1389	2.3354042230879024
1390	2.3354042230879024
1391	1.1183774453303976
1392	1.1183774453303976
1393	1.1183774453303976
1394	1.5408056155524794
1395	1.5408056155524794
1396	1.5408056155524794
1397	1.3726881086580403
1398	1.3726881086580403
1399	1.3726881086580403
1400	0.4661786378131194
1401	0.4661786378131194
1402	0.4661786378131194
1403	1.1208900656876415
1404	1.1208900656876415
1405	1.1208900656876415
1406	1.6314620057217708
1407	1.6314620057217708
1408	6.744422263516776
1409	6.744422263516776
1410	6.744422263516776
1411	2.6893134226898
1412	2.6893134226898
1413	2.6893134226898
1414	7.099097874385219
1415	7.099097874385219
1416	7.099097874385219
1417	3.293999126123473
1418	3.293999126123473
1419	3.293999126123473
1420	4.705240382471984
1421	4.705240382471984
1422	4.705240382471984
1423	3.1043956070251304
1424	3.1043956070251304
1425	3.1043956070251304
1426	2.2049182318512397
1427	2.2049182318512397
1428	2.2049182318512397
1429	4.2563551549747265
1430	4.2563551549747265
1431	4.2563551549747265
1432	3.7721616869256245
1433	3.7721616869256245
1434	3.7721616869256245
1435	3.1523454073842276
1436	3.1523454073842276
1437	3.1523454073842276
1438	1.3049955298329896
1439	1.3049955298329896
1440	1.3049955298329896
1441	1.759657631647729
1442	1.759657631647729
1443	1.759657631647729
1444	3.1598878033384095
1445	3.1598878033384095
1446	3.1598878033384095
1447	1.1240142713897072
1448	1.1240142713897072
1449	1.1240142713897072
1450	2.4946500370543307
1451	2.4946500370543307
1452	2.4946500370543307
1453	0.7584258447405121
1454	0.7584258447405121
1455	0.7584258447405121
1456	3.722904136474052
1457	3.722904136474052
1458	3.722904136474052
1459	1.9815004053272922
1460	1.9815004053272922
1461	1.9815004053272922
1462	1.9287096484219104
1463	1.9287096484219104
1464	1.9287096484219104
1465	3.12162307085734
1466	3.12162307085734
1467	3.12162307085734
1468	1.9984797877882428
1469	1.9984797877882428
1470	1.9984797877882428
1471	1.7856231520193784
1472	1.7856231520193784
1473	1.7856231520193784
1474	2.832028547608744
1475	2.832028547608744
1476	2.832028547608744
1477	5.1628314783183065
1478	5.1628314783183065
1479	5.1628314783183065
1480	1.7525648682622423
1481	1.7525648682622423
1482	1.7525648682622423
1483	1.4890131959293333
1484	1.4890131959293333
1485	1.4890131959293333
1486	4.303693917243215
1487	4.303693917243215
1488	4.303693917243215
1489	2.8438790477084654
1490	2.8438790477084654
1491	2.8438790477084654
1492	2.6242915243328153
1493	2.6242915243328153
1494	2.6242915243328153
1495	3.529965115179535
1496	3.529965115179535
1497	3.529965115179535
1498	0.8800437371216749
1499	0.8800437371216749
1500	0.8800437371216749
1501	1.4535630112477234
1502	1.4535630112477234
1503	1.4535630112477234
1504	1.645917101251722
1505	1.645917101251722
1506	1.645917101251722
1507	1.36440996190273
1508	1.36440996190273
1509	1.36440996190273
1510	4.158265744445431
1511	4.158265744445431
1512	4.158265744445431
1513	2.9690826948613194
1514	2.9690826948613194
1515	2.9690826948613194
1516	3.0879692256308724
1517	3.0879692256308724
1518	3.0879692256308724
1519	1.8140729436981191
1520	1.8140729436981191
1521	1.8140729436981191
1522	1.487988391219053
1523	1.487988391219053
1524	1.487988391219053
1525	0.8922815867208507
1526	0.8922815867208507
1527	0.8922815867208507
1528	1.3151495607436225
1529	1.3151495607436225
1530	1.3151495607436225
1531	2.479772904063025
1532	2.479772904063025
1533	2.479772904063025
1534	1.9203199500948958
1535	1.9203199500948958
1536	1.9203199500948958
1537	2.593883934776188
1538	2.593883934776188
1539	2.593883934776188
1540	2.0126344886367975
1541	2.0126344886367975
1542	2.0126344886367975
1543	1.7116680300242941
1544	1.7116680300242941
1545	1.7116680300242941
1546	3.097245226131974
1547	3.097245226131974
1548	3.097245226131974
1549	3.232682142774809
1550	3.232682142774809
1551	3.232682142774809
1552	1.4707686067534096
1553	1.4707686067534096
1554	1.4707686067534096
1555	4.501040908347084
1556	4.501040908347084
1557	4.501040908347084
1558	0.7841034900272357
1559	0.7841034900272357
1560	0.7841034900272357
1561	1.3134956192647618
1562	1.3134956192647618
1563	1.3134956192647618
1564	3.1142973429770198
1565	3.1142973429770198
1566	3.1142973429770198
1567	3.063140490032081
1568	3.063140490032081
1569	3.063140490032081
1570	1.318673076634186
1571	1.318673076634186
1572	1.318673076634186
1573	4.133995021856988
1574	4.133995021856988
1575	4.133995021856988
1576	2.4586010442330712
1577	2.4586010442330712
1578	2.4586010442330712
1579	0.1
1580	0.1
1581	0.1
1582	2.5935636855412207
1583	2.5935636855412207
1584	2.5935636855412207
1585	2.0632048193084693
1586	2.0632048193084693
1587	2.0632048193084693
1588	1.5310082628144754
1589	1.5310082628144754
1590	1.5310082628144754
1591	2.4400552123605728
1592	2.4400552123605728
1593	2.4400552123605728
1594	4.166844198487031
1595	4.166844198487031
1596	4.166844198487031
1597	2.0895387880307896
1598	2.0895387880307896
1599	2.0895387880307896
1600	4.979775757430695
1601	4.979775757430695
1602	4.979775757430695
1603	2.438516138415713
1604	2.438516138415713
1605	2.438516138415713
1606	3.9825606106762717
1607	3.9825606106762717
1608	3.9825606106762717
1609	3.2084766816672277
1610	3.2084766816672277
1611	3.2084766816672277
1612	1.5986327315217537
1613	1.5986327315217537
1614	1.5986327315217537
1615	0.1
1616	0.1
1617	0.1
1618	3.5142644237435876
1619	3.5142644237435876
1620	3.5142644237435876
1621	3.1574392023780447
1622	3.1574392023780447
1623	3.1574392023780447
1624	2.598584545737486
1625	2.598584545737486
1626	2.598584545737486
1627	2.616471708482666
1628	2.616471708482666
1629	2.616471708482666
1630	2.201604247225242
1631	2.201604247225242
1632	2.201604247225242
1633	1.4675803231903104
1634	1.4675803231903104
1635	1.4675803231903104
1636	2.384241068893201
1637	2.384241068893201
1638	2.384241068893201
1639	1.4888188459428502
1640	1.4888188459428502
1641	1.4888188459428502
1642	1.8813327104747208
1643	1.8813327104747208
1644	1.8813327104747208
1645	0.1
1646	0.1
1647	0.1
1648	1.671763219522373
1649	1.671763219522373
1650	1.671763219522373
1651	1.2652142133730158
1652	1.2652142133730158
1653	1.2652142133730158
1654	3.4185666058497715
1655	3.4185666058497715
1656	3.4185666058497715
1657	0.38471995248637336
1658	0.38471995248637336
1659	0.38471995248637336
1660	3.012844761817255
1661	3.012844761817255
1662	3.012844761817255
1663	1.182597815093241
1664	1.182597815093241
1665	1.182597815093241
1666	1.11923850249961
1667	1.11923850249961
1668	1.11923850249961
1669	3.2565010340057476
1670	3.2565010340057476
1671	3.2565010340057476
1672	4.573124905181018
1673	4.573124905181018
1674	2.234283309491029
1675	2.234283309491029
1676	2.234283309491029
1677	2.039925241850102
1678	2.039925241850102
1679	2.039925241850102
1680	3.1873556990937386
1681	3.1873556990937386
1682	3.1873556990937386
1683	2.014217706993499
1684	2.014217706993499
1685	2.014217706993499
1686	1.3536558244260903
1687	1.3536558244260903
1688	1.3536558244260903
1689	0.5364409554142683
1690	0.5364409554142683
1691	0.5364409554142683
1692	0.6678414640754498
1693	0.6678414640754498
1694	0.6678414640754498
1695	1.5985014919146265
1696	1.5985014919146265
1697	1.5985014919146265
1698	1.77646636962518
1699	1.77646636962518
1700	1.77646636962518
1701	1.951821973989091
1702	1.951821973989091
1703	1.951821973989091
1704	1.0861085363087526
1705	1.0861085363087526
1706	1.0861085363087526
1707	0.22666937599630743
1708	0.22666937599630743
1709	0.22666937599630743
1710	1.6319115313453905
1711	1.6319115313453905
1712	1.6319115313453905
1713	1.6103333646738922
1714	1.6103333646738922
1715	1.6103333646738922
1716	1.1044522126272047
1717	1.1044522126272047
1718	1.1044522126272047
1719	0.6839049293247808
1720	0.6839049293247808
1721	0.6839049293247808
1722	1.088693331160336
1723	1.088693331160336
1724	1.088693331160336
1725	1.3651437944310252
1726	1.3651437944310252
1727	1.3651437944310252
1728	1.7208058344677921
1729	1.7208058344677921
1730	1.7208058344677921
1731	1.359442407526284
1732	1.359442407526284
1733	1.359442407526284
1734	0.1
1735	0.1
1736	0.1
1737	0.23062564317574014
1738	0.23062564317574014
1739	0.23062564317574014
1740	0.10025773979322063
1741	0.10025773979322063
1742	0.10025773979322063
1743	0.22827697039007452
1744	0.22827697039007452
1745	0.22827697039007452
1746	0.4281786232779743
1747	0.4281786232779743
1748	0.4281786232779743
1749	0.1664518179514966
1750	0.1664518179514966
1751	0.1664518179514966
1752	0.3165240800017778
1753	0.3165240800017778
1754	0.3165240800017778
1755	0.24256910012090593
1756	0.24256910012090593
1757	0.24256910012090593
1758	0.25034094108208904
1759	0.25034094108208904
1760	0.25034094108208904
1761	0.15762673973166838
1762	1.416901742767397
1763	1.416901742767397
1764	1.416901742767397
1765	0.7397488298596839
1766	0.3956979482025716
1767	0.3956979482025716
1768	0.3956979482025716
1769	1.188743132557576
1770	1.188743132557576
1771	1.188743132557576
1772	0.39679703023341206
1773	0.39679703023341206
1774	0.39679703023341206
1775	0.6120960124642938
1776	0.6120960124642938
1777	0.6120960124642938
1778	0.9787010569761088
1779	0.9787010569761088
1780	0.9787010569761088
1781	0.21222706230398503
1782	0.21222706230398503
1783	0.21222706230398503
1784	0.1
1785	0.1
1786	0.1
1787	0.3387424609218989
1788	0.3387424609218989
1789	0.3387424609218989
1790	1.00884385636129
1791	1.00884385636129
1792	1.00884385636129
1793	0.5024339803621292
1794	0.5024339803621292
1795	0.5024339803621292
1796	0.6494874908611714
1797	0.6494874908611714
1798	0.6494874908611714
1799	0.13020181127628794
1800	0.13020181127628794
1801	0.13020181127628794
1802	0.8500153652891335
1803	0.8500153652891335
1804	0.8500153652891335
1805	0.7281974222410472
1806	0.7281974222410472
1807	0.7281974222410472
1808	1.4051567885539566
1809	1.4051567885539566
1810	1.4051567885539566
1811	0.1
1812	0.1
1813	0.1
1814	0.7597137271450844
1815	0.7597137271450844
1816	0.7597137271450844
1817	0.4745932196563849
1818	0.4745932196563849
1819	0.4745932196563849
1820	1.0124992960718422
1821	1.0124992960718422
1822	1.0124992960718422
1823	0.7987749397040204
1824	3.704021381288851
1825	3.704021381288851
1826	3.704021381288851
1827	2.9220206483687288
1828	2.9220206483687288
1829	2.9220206483687288
1830	6.071144718387407
1831	6.071144718387407
1832	6.071144718387407
1833	3.2202281504036474
1834	3.2202281504036474
1835	3.2202281504036474
1836	1.8489360490914533
1837	1.8489360490914533
1838	1.8489360490914533
1839	5.333997255614337
1840	5.333997255614337
1841	5.333997255614337
1842	4.137385914826954
1843	4.137385914826954
1844	4.137385914826954
1845	3.0769409781234605
1846	3.0769409781234605
1847	3.0769409781234605
1848	1.9446784546480966
1849	1.9446784546480966
1850	1.9446784546480966
1851	2.97133481747418
1852	2.97133481747418
1853	2.97133481747418
1854	3.8339410173312123
1855	3.8339410173312123
1856	3.8339410173312123
1857	2.5875232884997867
1858	2.5875232884997867
1859	2.5875232884997867
1860	1.2078529440313925
1861	1.2078529440313925
1862	1.2078529440313925
1863	5.269568916277328
1864	5.269568916277328
1865	5.269568916277328
1866	2.2812756694282847
1867	2.2812756694282847
1868	2.2812756694282847
1869	2.3743797197049314
1870	2.3743797197049314
1871	2.3743797197049314
1872	2.8696953298158805
1873	2.8696953298158805
1874	2.8696953298158805
1875	1.5746193409796423
1876	1.5746193409796423
1877	1.5746193409796423
1878	6.253675507528394
1879	6.253675507528394
1880	6.253675507528394
1881	4.792381881843106
1882	4.792381881843106
1883	4.792381881843106
1884	5.4154972217315045
1885	5.4154972217315045
1886	5.4154972217315045
1887	5.493143688202408
1888	5.493143688202408
1889	5.493143688202408
1890	0.1
1891	0.1
1892	0.1
1893	3.0406222664018796
1894	3.0406222664018796
1895	3.0406222664018796
1896	4.512650571691166
1897	4.512650571691166
1898	4.512650571691166
1899	2.4510246851914506
1900	2.4510246851914506
1901	2.4510246851914506
1902	1.6141243015841198
1903	1.6141243015841198
1904	1.6141243015841198
1905	5.130125829718035
1906	5.130125829718035
1907	5.130125829718035
1908	5.4003467280320745
1909	5.4003467280320745
1910	5.4003467280320745
1911	4.482078919499706
1912	4.482078919499706
1913	4.482078919499706
1914	1.0406141702439267
1915	1.0406141702439267
1916	1.0406141702439267
1917	5.003691474470348
1918	5.003691474470348
1919	5.003691474470348
1920	5.203255230475932
1921	5.203255230475932
1922	5.203255230475932
1923	3.801564943445526
1924	3.801564943445526
1925	3.801564943445526
1926	3.116688608344258
1927	3.116688608344258
1928	3.116688608344258
1929	3.4395045458109976
1930	3.4395045458109976
1931	3.4395045458109976
1932	2.6683494285224696
1933	2.6683494285224696
1934	2.6683494285224696
1935	1.4666768099160858
1936	1.4666768099160858
1937	6.078884520652515
1938	6.078884520652515
1939	6.078884520652515
1940	0.1
1941	0.1
1942	0.1
1943	5.66374157513883
1944	5.66374157513883
1945	5.66374157513883
1946	2.947088491422242
1947	2.947088491422242
1948	2.947088491422242
1949	3.6451280501797583
1950	3.6451280501797583
1951	3.6451280501797583
1952	5.3060245855021435
1953	5.3060245855021435
1954	5.3060245855021435
1955	1.0142900014285003
1956	1.0142900014285003
1957	1.0142900014285003
1958	4.101403599455103
1959	4.101403599455103
1960	4.101403599455103
1961	3.5635149365462926
1962	3.5635149365462926
1963	3.5635149365462926
1964	3.5814013668519773
1965	3.5814013668519773
1966	3.5814013668519773
1967	2.5809443680623154
1968	2.353970666058076
1969	2.353970666058076
1970	2.353970666058076
1971	1.9826749869452605
1972	1.9826749869452605
1973	1.9826749869452605
1974	3.33823041946411
1975	3.33823041946411
1976	3.33823041946411
1977	1.4352596937144728
1978	1.4352596937144728
1979	1.4352596937144728
1980	2.512157294505043
1981	2.512157294505043
1982	2.512157294505043
1983	2.169888684671264
1984	2.169888684671264
1985	2.169888684671264
1986	0.8278342653130955
1987	0.8278342653130955
1988	0.8278342653130955
1989	1.3376338246292994
1990	1.3376338246292994
1991	1.3376338246292994
1992	3.5904756421243276
1993	3.5904756421243276
1994	3.5904756421243276
1995	5.254475598019008
1996	5.254475598019008
1997	4.471642277248969
1998	4.471642277248969
1999	4.471642277248969
