0	2.910568779890036
1	2.910568779890036
2	2.910568779890036
3	1.9778342400555453
4	1.9778342400555453
5	1.9778342400555453
6	2.477844863988773
7	2.477844863988773
8	2.477844863988773
9	4.172324594842301
10	4.172324594842301
11	4.172324594842301
12	2.9402764034400883
13	2.9402764034400883
14	2.9402764034400883
15	1.7044435773109006
16	1.7044435773109006
17	1.7044435773109006
18	1.8677646507575096
19	1.8677646507575096
20	1.8677646507575096
21	1.3784098413660772
22	1.3784098413660772
23	1.3784098413660772
24	1.2992940125387278
25	1.2992940125387278
26	1.2992940125387278
27	1.4419116530865668
28	1.4419116530865668
29	1.4419116530865668
30	1.4452939186286822
31	1.4452939186286822
32	1.4452939186286822
33	1.5407476283975523
34	1.5407476283975523
35	1.5407476283975523
36	1.8996311380096165
37	1.8996311380096165
38	1.8996311380096165
39	1.439888476370773
40	1.439888476370773
41	1.439888476370773
42	1.711701869540457
43	1.711701869540457
44	1.711701869540457
45	1.9714891318025738
46	1.9714891318025738
47	1.9714891318025738
48	0.23779945663861668
49	0.23779945663861668
50	0.23779945663861668
51	0.19985606060822692
52	0.19985606060822692
53	0.19985606060822692
54	0.23558318406297374
55	0.23558318406297374
56	0.23558318406297374
57	0.2355293239038337
58	0.2355293239038337
59	0.2355293239038337
60	0.2898216668201583
61	0.2898216668201583
62	0.2898216668201583
63	0.19752011049488064
64	0.19752011049488064
65	0.19752011049488064
66	0.21036632151133625
67	0.21036632151133625
68	0.21036632151133625
69	0.24938183916943124
70	0.24938183916943124
71	0.24938183916943124
72	0.1515827398187324
73	0.1515827398187324
74	0.1515827398187324
75	0.20659440750273647
76	0.20659440750273647
77	0.20659440750273647
78	0.28047922472868814
79	0.28047922472868814
80	0.28047922472868814
81	0.1946327487050188
82	0.1946327487050188
83	0.1946327487050188
84	0.19409235268271285
85	0.19409235268271285
86	0.19409235268271285
87	0.15657924591216713
88	0.15657924591216713
89	0.15657924591216713
90	0.19294689276729715
91	0.19294689276729715
92	0.19294689276729715
93	0.19631071073267423
94	0.19631071073267423
95	0.19631071073267423
96	0.22254931861473837
97	0.22254931861473837
98	0.22254931861473837
99	0.16891096338802777
100	0.16891096338802777
101	0.16891096338802777
102	0.14815208704410116
103	0.14815208704410116
104	0.14815208704410116
105	0.26000948240852945
106	0.26000948240852945
107	0.26000948240852945
108	0.19847780144271257
109	0.19847780144271257
110	0.19847780144271257
111	0.21113010285398356
112	0.21113010285398356
113	0.21113010285398356
114	0.21990203511913164
115	0.21990203511913164
116	0.21990203511913164
117	0.20930569827926232
118	0.20930569827926232
119	0.20930569827926232
120	0.18721163028231352
121	0.18721163028231352
122	0.18721163028231352
123	0.2126771974428529
124	0.2126771974428529
125	0.2126771974428529
126	0.2250013517963446
127	0.2250013517963446
128	0.2250013517963446
129	0.2838463343015416
130	0.2838463343015416
131	0.2838463343015416
132	0.22209884005874017
133	0.22209884005874017
134	0.22209884005874017
135	0.20439344878384047
136	0.20439344878384047
137	0.20439344878384047
138	0.2041686758882446
139	0.2041686758882446
140	0.2041686758882446
141	0.15217420261003686
142	0.15217420261003686
143	0.15217420261003686
144	0.3055754166177537
145	0.3055754166177537
146	0.3055754166177537
147	0.20541546726642282
148	0.20541546726642282
149	0.20541546726642282
150	0.20174823271902498
151	0.20174823271902498
152	0.20174823271902498
153	0.19034392528553926
154	0.19034392528553926
155	0.19034392528553926
156	0.16671966334455346
157	0.16671966334455346
158	0.16671966334455346
159	0.21041393407607867
160	0.21041393407607867
161	0.21041393407607867
162	0.16539566001787767
163	0.16539566001787767
164	0.16539566001787767
165	0.23219873567760188
166	0.23219873567760188
167	0.23219873567760188
168	0.26497793643035294
169	0.26497793643035294
170	0.26497793643035294
171	0.17555637088132553
172	0.17555637088132553
173	0.17555637088132553
174	0.20082932072335016
175	0.20082932072335016
176	0.20082932072335016
177	0.17910763806385105
178	0.17910763806385105
179	0.17910763806385105
180	0.21305054553659217
181	0.21305054553659217
182	0.21305054553659217
183	0.26001836017524066
184	0.26001836017524066
185	0.26001836017524066
186	0.2409495910871833
187	0.2409495910871833
188	0.2409495910871833
189	0.1974151052362964
190	0.1974151052362964
191	0.1974151052362964
192	0.2163381769111135
193	0.2163381769111135
194	0.2163381769111135
195	0.17647188669965627
196	0.17647188669965627
197	0.17647188669965627
198	0.21997068878521486
199	0.21997068878521486
200	0.21997068878521486
201	0.2407979998410589
202	0.2407979998410589
203	0.2407979998410589
204	1.7609365892001267
205	1.7609365892001267
206	1.7609365892001267
207	2.0036261408282714
208	2.0036261408282714
209	2.0036261408282714
210	2.1033975378081418
211	2.1033975378081418
212	2.1033975378081418
213	2.153218654771294
214	2.153218654771294
215	2.153218654771294
216	1.666030790389979
217	1.666030790389979
218	1.666030790389979
219	1.7929717171449164
220	1.7929717171449164
221	1.7929717171449164
222	1.6667248860478416
223	1.6667248860478416
224	1.6667248860478416
225	1.9722880952464719
226	1.9722880952464719
227	1.9722880952464719
228	1.7300220959422157
229	1.7300220959422157
230	1.7300220959422157
231	1.6568649260754122
232	1.6568649260754122
233	1.6568649260754122
234	1.7029382014435575
235	1.7029382014435575
236	1.7029382014435575
237	1.7650316126712302
238	1.7650316126712302
239	1.7650316126712302
240	2.0992927697026387
241	2.0992927697026387
242	2.0992927697026387
243	2.232262875320898
244	2.232262875320898
245	2.232262875320898
246	2.3674712531053017
247	2.3674712531053017
248	2.3674712531053017
249	2.450819512132644
250	2.450819512132644
251	2.450819512132644
252	2.414173429608689
253	2.414173429608689
254	2.414173429608689
255	2.347379680143062
256	2.347379680143062
257	2.347379680143062
258	2.2501650021860455
259	2.2501650021860455
260	2.2501650021860455
261	2.192067848526825
262	2.192067848526825
263	2.192067848526825
264	2.0920593711947646
265	2.0920593711947646
266	2.0920593711947646
267	2.587213109771568
268	2.587213109771568
269	2.587213109771568
270	1.8357714576943813
271	1.8357714576943813
272	1.8357714576943813
273	2.4676807360836275
274	2.4676807360836275
275	2.4676807360836275
276	1.7244086272358987
277	1.7244086272358987
278	1.7244086272358987
279	2.2870830486099765
280	2.2870830486099765
281	2.2870830486099765
282	2.0511134403431717
283	2.0511134403431717
284	2.0511134403431717
285	2.4577703537960094
286	2.4577703537960094
287	2.4577703537960094
288	1.4750146201833452
289	1.4750146201833452
290	1.4750146201833452
291	1.6554967745712446
292	1.6554967745712446
293	1.6554967745712446
294	2.340932532114653
295	2.340932532114653
296	2.340932532114653
297	2.4491927361240773
298	2.4491927361240773
299	2.4491927361240773
300	2.291295810355807
301	2.291295810355807
302	2.291295810355807
303	2.0136821150002553
304	2.0136821150002553
305	2.0136821150002553
306	2.8287474544719258
307	2.8287474544719258
308	2.8287474544719258
309	2.646851719749094
310	2.646851719749094
311	2.646851719749094
312	2.4154873296953627
313	2.4154873296953627
314	2.4154873296953627
315	1.9279676875957108
316	1.9279676875957108
317	1.9279676875957108
318	1.7875133209912002
319	1.7875133209912002
320	1.7875133209912002
321	2.462341818635356
322	2.462341818635356
323	2.462341818635356
324	1.852749732995162
325	1.852749732995162
326	1.852749732995162
327	2.407811291793956
328	2.407811291793956
329	2.407811291793956
330	2.12318966566015
331	2.12318966566015
332	2.12318966566015
333	1.7917656255851087
334	1.7917656255851087
335	1.7917656255851087
336	1.9115615437784952
337	1.9115615437784952
338	1.9115615437784952
339	2.2239910768334004
340	2.2239910768334004
341	2.2239910768334004
342	2.3752994788497106
343	2.3752994788497106
344	2.3752994788497106
345	1.9170336388626998
346	1.9170336388626998
347	1.9170336388626998
348	1.3779984922591684
349	1.3779984922591684
350	1.3779984922591684
351	2.546064513521453
352	2.546064513521453
353	2.546064513521453
354	2.233238318381928
355	2.233238318381928
356	2.233238318381928
357	2.935467103240296
358	2.935467103240296
359	2.935467103240296
360	2.03871638726291
361	2.03871638726291
362	2.03871638726291
363	1.579475420676339
364	1.579475420676339
365	1.579475420676339
366	2.1336894601632546
367	2.1336894601632546
368	2.1336894601632546
369	1.6358262984719174
370	1.6358262984719174
371	1.6358262984719174
372	1.7039588721937553
373	1.7039588721937553
374	1.7039588721937553
375	2.565773370928558
376	2.565773370928558
377	2.565773370928558
378	1.7074615677519258
379	1.7074615677519258
380	1.7074615677519258
381	2.2575440243850027
382	2.2575440243850027
383	2.2575440243850027
384	2.411155261341529
385	2.411155261341529
386	2.411155261341529
387	1.368635420425057
388	1.368635420425057
389	1.368635420425057
390	1.7143672355297013
391	1.7143672355297013
392	1.7143672355297013
393	1.8715019066676386
394	1.8715019066676386
395	1.8715019066676386
396	2.322961775502689
397	2.322961775502689
398	2.322961775502689
399	2.2057006829828687
400	2.2057006829828687
401	2.2057006829828687
402	2.2424655302090875
403	2.2424655302090875
404	2.2424655302090875
405	2.79985851905403
406	2.79985851905403
407	2.79985851905403
408	1.898263771108158
409	1.898263771108158
410	1.898263771108158
411	1.852435933207449
412	1.852435933207449
413	1.852435933207449
414	1.9902917546152066
415	1.9902917546152066
416	1.9902917546152066
417	2.2709917375331323
418	2.2709917375331323
419	2.2709917375331323
420	1.8890634751424007
421	1.8890634751424007
422	1.8890634751424007
423	2.3267823944617954
424	2.3267823944617954
425	2.3267823944617954
426	1.8666253106446602
427	1.8666253106446602
428	1.8666253106446602
429	2.133094170270856
430	2.133094170270856
431	2.133094170270856
432	2.6801455462348773
433	2.6801455462348773
434	2.6801455462348773
435	1.9622971421945368
436	1.9622971421945368
437	1.9622971421945368
438	1.4696536967890492
439	1.4696536967890492
440	1.4696536967890492
441	2.143338824997907
442	2.143338824997907
443	2.143338824997907
444	1.695504000972761
445	1.695504000972761
446	1.695504000972761
447	2.0031234627600907
448	2.0031234627600907
449	2.0031234627600907
450	2.8390356922613478
451	2.8390356922613478
452	2.8390356922613478
453	1.9341656940763001
454	1.9341656940763001
455	1.9341656940763001
456	1.9297001082411054
457	1.9297001082411054
458	1.9297001082411054
459	1.4533256289583132
460	1.4533256289583132
461	1.4533256289583132
462	1.9635846172584717
463	1.9635846172584717
464	1.9635846172584717
465	1.6765714432984606
466	1.6765714432984606
467	1.6765714432984606
468	2.6949552502855405
469	2.6949552502855405
470	2.6949552502855405
471	1.7169143857667877
472	1.7169143857667877
473	1.7169143857667877
474	1.771154852924504
475	1.771154852924504
476	1.771154852924504
477	2.111380153693613
478	2.111380153693613
479	2.111380153693613
480	1.8391392714088235
481	1.8391392714088235
482	1.8391392714088235
483	2.566045915073989
484	2.566045915073989
485	2.566045915073989
486	1.9652640703463529
487	2.8163743825762366
488	2.8163743825762366
489	2.8163743825762366
490	2.6943655125057444
491	2.6943655125057444
492	2.6943655125057444
493	3.091396059884304
494	3.091396059884304
495	3.091396059884304
496	2.2447593214799806
497	2.2447593214799806
498	2.2447593214799806
499	2.8263615951939305
500	2.8263615951939305
501	2.8263615951939305
502	2.8726666372254783
503	2.8726666372254783
504	2.8726666372254783
505	3.021729486183346
506	3.021729486183346
507	3.021729486183346
508	2.7447607567321395
509	2.7447607567321395
510	2.7447607567321395
511	2.114425785936614
512	2.114425785936614
513	2.114425785936614
514	2.4723388340223473
515	2.4723388340223473
516	2.4723388340223473
517	2.3079591514940514
518	2.3079591514940514
519	2.3079591514940514
520	2.806883737366255
521	2.806883737366255
522	2.806883737366255
523	2.7619227313210204
524	2.7619227313210204
525	2.7619227313210204
526	2.811007288842395
527	2.811007288842395
528	2.811007288842395
529	1.8865386876419465
530	1.8865386876419465
531	1.8865386876419465
532	2.016260330570338
533	2.016260330570338
534	2.016260330570338
535	2.4635017686958496
536	2.4635017686958496
537	2.4635017686958496
538	2.7006645240675677
539	2.7006645240675677
540	2.7006645240675677
541	2.735313549831466
542	2.735313549831466
543	2.735313549831466
544	3.0531431410719962
545	3.0531431410719962
546	3.0531431410719962
547	2.386916759438615
548	2.386916759438615
549	2.386916759438615
550	3.1094448077809167
551	3.1094448077809167
552	3.1094448077809167
553	2.450980170840741
554	2.450980170840741
555	2.450980170840741
556	2.0648697159747513
557	2.0648697159747513
558	2.0648697159747513
559	2.7515916140850374
560	2.7515916140850374
561	2.7515916140850374
562	2.5897516695881126
563	2.5897516695881126
564	2.5897516695881126
565	2.1107565899022727
566	2.1107565899022727
567	2.1107565899022727
568	3.804749043695047
569	3.804749043695047
570	3.804749043695047
571	3.0164035794849324
572	3.0164035794849324
573	3.0164035794849324
574	2.06531142461189
575	2.06531142461189
576	2.06531142461189
577	2.2696696969736343
578	2.2696696969736343
579	2.2696696969736343
580	3.1269604610761315
581	3.1269604610761315
582	3.1269604610761315
583	2.146386321769035
584	2.146386321769035
585	2.146386321769035
586	2.187126747916953
587	2.187126747916953
588	2.187126747916953
589	2.489231800556298
590	2.489231800556298
591	2.489231800556298
592	2.570594669369951
593	2.570594669369951
594	2.570594669369951
595	3.0645931027342885
596	3.0645931027342885
597	3.0645931027342885
598	2.9066394507498488
599	2.9066394507498488
600	2.9066394507498488
601	1.8110981718503538
602	1.8110981718503538
603	1.8110981718503538
604	2.6597758905953484
605	2.6597758905953484
606	2.6597758905953484
607	2.036326329679986
608	2.036326329679986
609	2.036326329679986
610	2.7195528915683562
611	2.7195528915683562
612	2.7195528915683562
613	2.8063060389838546
614	2.8063060389838546
615	2.8063060389838546
616	3.7734627373148943
617	3.7734627373148943
618	3.7734627373148943
619	4.057705163664873
620	4.057705163664873
621	4.057705163664873
622	3.3241024183496095
623	3.3241024183496095
624	3.3241024183496095
625	3.2505907315763234
626	3.2505907315763234
627	3.2505907315763234
628	3.4206942950245987
629	3.4206942950245987
630	3.4206942950245987
631	3.323044746834964
632	3.323044746834964
633	3.323044746834964
634	3.992739193271994
635	3.992739193271994
636	3.992739193271994
637	3.6620612521791536
638	3.6620612521791536
639	3.6620612521791536
640	2.4946235425368046
641	2.4946235425368046
642	2.4946235425368046
643	3.230544681246733
644	3.230544681246733
645	3.230544681246733
646	3.0940101847661983
647	3.0940101847661983
648	3.0940101847661983
649	3.491298748170411
650	3.491298748170411
651	3.491298748170411
652	3.8573615720223877
653	3.8573615720223877
654	3.8573615720223877
655	4.129208142846546
656	4.129208142846546
657	4.129208142846546
658	3.823876605068949
659	3.823876605068949
660	3.823876605068949
661	4.282006676320262
662	4.282006676320262
663	4.282006676320262
664	3.6309303093721343
665	3.6309303093721343
666	3.6309303093721343
667	2.961781881882139
668	2.961781881882139
669	2.961781881882139
670	3.3465954929994726
671	3.3465954929994726
672	3.3465954929994726
673	4.549262420949516
674	4.549262420949516
675	4.549262420949516
676	3.2581432579184155
677	3.2581432579184155
678	3.2581432579184155
679	4.068537407787688
680	4.068537407787688
681	4.068537407787688
682	4.528793578698491
683	4.528793578698491
684	4.528793578698491
685	5.34906099923406
686	5.34906099923406
687	5.34906099923406
688	4.54226882504589
689	4.54226882504589
690	4.54226882504589
691	4.561914136499712
692	4.561914136499712
693	4.561914136499712
694	4.937513840945964
695	4.937513840945964
696	4.937513840945964
697	4.139432784049293
698	4.139432784049293
699	4.139432784049293
700	3.032732361978394
701	3.032732361978394
702	3.032732361978394
703	3.4038322444098257
704	3.4038322444098257
705	3.4038322444098257
706	2.6999310117705004
707	2.6999310117705004
708	2.6999310117705004
709	3.8326985424333877
710	3.8326985424333877
711	3.8326985424333877
712	4.000679811365148
713	4.000679811365148
714	4.000679811365148
715	5.391049834180499
716	5.391049834180499
717	5.391049834180499
718	4.276894195098781
719	4.276894195098781
720	4.276894195098781
721	3.623072081850415
722	3.623072081850415
723	3.623072081850415
724	3.5775095070651544
725	3.5775095070651544
726	3.5775095070651544
727	4.252320983227204
728	4.252320983227204
729	4.252320983227204
730	3.1353164462776095
731	3.1353164462776095
732	3.1353164462776095
733	3.9083300903509173
734	3.9083300903509173
735	3.9083300903509173
736	3.552809696748742
737	3.552809696748742
738	3.552809696748742
739	4.145769968271296
740	4.145769968271296
741	4.145769968271296
742	3.692502605427169
743	3.692502605427169
744	3.692502605427169
745	2.7287736010656607
746	2.7287736010656607
747	2.7287736010656607
748	4.43434497639615
749	4.43434497639615
750	4.43434497639615
751	3.1678959956653054
752	3.1678959956653054
753	3.1678959956653054
754	4.537563159099369
755	4.537563159099369
756	4.537563159099369
757	4.928232853611793
758	4.928232853611793
759	4.928232853611793
760	2.9099444624035486
761	2.9099444624035486
762	2.9099444624035486
763	2.7292696857421843
764	2.7292696857421843
765	2.7292696857421843
766	3.7105361404718122
767	3.7105361404718122
768	3.7105361404718122
769	3.8161672579777566
770	3.8161672579777566
771	3.8161672579777566
772	1.9194838609411298
773	1.9194838609411298
774	1.9194838609411298
775	4.138339516693264
776	4.138339516693264
777	4.138339516693264
778	3.1659667762858943
779	3.1659667762858943
780	3.1659667762858943
781	4.095766155926345
782	4.095766155926345
783	4.095766155926345
784	2.4075401490288404
785	2.4075401490288404
786	2.4075401490288404
787	3.8689032658767015
788	3.8689032658767015
789	3.8689032658767015
790	1.9672989034824533
791	1.9672989034824533
792	1.9672989034824533
793	2.106026036980645
794	2.106026036980645
795	2.106026036980645
796	1.747355533424801
797	1.747355533424801
798	1.747355533424801
799	2.373617899144306
800	2.373617899144306
801	2.373617899144306
802	2.100640053702624
803	2.100640053702624
804	2.100640053702624
805	2.031156231359717
806	2.031156231359717
807	2.031156231359717
808	1.955604785541687
809	1.955604785541687
810	1.955604785541687
811	2.17270730449271
812	2.17270730449271
813	2.17270730449271
814	2.181571432375791
815	2.181571432375791
816	2.181571432375791
817	2.373556667343605
818	2.373556667343605
819	2.373556667343605
820	2.103423779709764
821	2.103423779709764
822	2.103423779709764
823	2.4274280592266373
824	2.4274280592266373
825	2.4274280592266373
826	2.69850110804001
827	2.69850110804001
828	2.69850110804001
829	2.390054353678385
830	2.390054353678385
831	2.390054353678385
832	2.405078338847296
833	2.405078338847296
834	2.405078338847296
835	2.9884047170958397
836	2.9884047170958397
837	2.9884047170958397
838	2.3188605160153855
839	2.3188605160153855
840	2.3188605160153855
841	1.9332830365314542
842	1.5777104915169053
843	1.5777104915169053
844	1.5777104915169053
845	1.7107013103675117
846	1.7107013103675117
847	1.7107013103675117
848	2.213461564903814
849	3.0702582324819843
850	3.0702582324819843
851	3.0702582324819843
852	2.9561001959619846
853	2.9561001959619846
854	2.9561001959619846
855	2.2292590208320053
856	2.2292590208320053
857	2.2292590208320053
858	2.3499548953022003
859	2.3499548953022003
860	2.3499548953022003
861	2.223679733580642
862	2.223679733580642
863	2.223679733580642
864	1.8692941341517215
865	1.8692941341517215
866	1.8692941341517215
867	1.9078741897063223
868	1.9078741897063223
869	1.9078741897063223
870	2.5077407985518
871	5.243339687106233
872	5.243339687106233
873	5.243339687106233
874	2.7637737826497704
875	2.7637737826497704
876	2.7637737826497704
877	4.743348848242592
878	4.743348848242592
879	4.743348848242592
880	3.967575083417759
881	2.958335331577806
882	2.958335331577806
883	2.958335331577806
884	2.529799202639495
885	2.529799202639495
886	2.529799202639495
887	2.351055893337882
888	2.351055893337882
889	2.351055893337882
890	2.322095916930246
891	2.322095916930246
892	2.322095916930246
893	2.686757672668451
894	4.0127202295638265
895	1.4168896952904604
896	1.4168896952904604
897	1.4168896952904604
898	1.808273857072503
899	1.808273857072503
900	1.3464405459316795
901	1.3464405459316795
902	1.3464405459316795
903	1.4827166182585445
904	1.4827166182585445
905	1.4827166182585445
906	1.4085354746578465
907	1.4085354746578465
908	1.4085354746578465
909	1.1564210472203382
910	1.1564210472203382
911	1.1564210472203382
912	1.053710568428363
913	1.053710568428363
914	1.053710568428363
915	1.2534639720768732
916	1.2534639720768732
917	1.2534639720768732
918	1.370938694644759
919	1.370938694644759
920	1.370938694644759
921	1.204123968951366
922	1.204123968951366
923	1.204123968951366
924	1.091118348319784
925	1.091118348319784
926	1.091118348319784
927	1.5947593060605223
928	1.5947593060605223
929	1.5947593060605223
930	1.5052809895746437
931	1.5052809895746437
932	1.5052809895746437
933	0.9688361681123574
934	0.9688361681123574
935	0.9688361681123574
936	1.1141927209688742
937	1.1141927209688742
938	1.1141927209688742
939	1.2157919941600264
940	1.2157919941600264
941	1.2157919941600264
942	1.303093821552647
943	1.303093821552647
944	1.303093821552647
945	1.0844122268471341
946	1.0844122268471341
947	1.0844122268471341
948	1.3344242359576022
949	1.3344242359576022
950	1.3344242359576022
951	1.0871759912411243
952	1.0871759912411243
953	1.0871759912411243
954	1.1571456852846596
955	1.1571456852846596
956	1.1571456852846596
957	3.4639871104954816
958	3.4639871104954816
959	3.4639871104954816
960	3.148734730904881
961	3.148734730904881
962	3.148734730904881
963	3.1143822558676697
964	3.1143822558676697
965	3.1143822558676697
966	2.2726504988805525
967	2.2726504988805525
968	2.2726504988805525
969	4.433036281674246
970	4.433036281674246
971	4.433036281674246
972	2.6755581307474627
973	2.6755581307474627
974	2.6755581307474627
975	2.3423063598059635
976	2.3423063598059635
977	2.3423063598059635
978	3.2012561938810635
979	3.2012561938810635
980	3.2012561938810635
981	3.015113725538061
982	3.015113725538061
983	3.015113725538061
984	2.85623815212344
985	2.85623815212344
986	2.85623815212344
987	1.636501995435834
988	1.636501995435834
989	1.636501995435834
990	3.310795499009701
991	3.310795499009701
992	3.310795499009701
993	3.8024884686911786
994	3.8024884686911786
995	3.8024884686911786
996	2.3790927741936314
997	2.3790927741936314
998	2.3790927741936314
999	3.175670712070262
1000	3.175670712070262
1001	3.175670712070262
1002	2.7136531611024517
1003	2.7136531611024517
1004	2.7136531611024517
1005	3.1956464759094394
1006	3.1956464759094394
1007	3.1956464759094394
1008	2.677773535993763
1009	2.677773535993763
1010	2.677773535993763
1011	1.9904592873352287
1012	1.9904592873352287
1013	1.9904592873352287
1014	2.459548770205748
1015	2.459548770205748
1016	2.459548770205748
1017	3.0377360438861674
1018	3.0377360438861674
1019	3.0377360438861674
1020	2.0820745728659324
1021	2.0820745728659324
1022	2.0820745728659324
1023	3.486622223181735
1024	3.486622223181735
1025	3.486622223181735
1026	1.9972674925123024
1027	1.9972674925123024
1028	1.9972674925123024
1029	3.764771094399661
1030	3.764771094399661
1031	3.764771094399661
1032	2.372751466251745
1033	2.372751466251745
1034	2.372751466251745
1035	3.5673868736903556
1036	3.5673868736903556
1037	3.5673868736903556
1038	3.0702700130622755
1039	3.0702700130622755
1040	3.0702700130622755
1041	2.8264699917373854
1042	2.8264699917373854
1043	2.8264699917373854
1044	2.5122295181525156
1045	2.5122295181525156
1046	2.5122295181525156
1047	2.7489894950683436
1048	2.7489894950683436
1049	2.7489894950683436
1050	2.7373020331644704
1051	2.7373020331644704
1052	2.7373020331644704
1053	2.8717741924491347
1054	2.8717741924491347
1055	2.8717741924491347
1056	1.5711859517191085
1057	1.5711859517191085
1058	1.5711859517191085
1059	3.279116221055237
1060	3.279116221055237
1061	3.279116221055237
1062	3.281271470184071
1063	3.281271470184071
1064	3.281271470184071
1065	3.881331506840176
1066	3.881331506840176
1067	3.881331506840176
1068	3.2643312971907936
1069	3.2643312971907936
1070	3.2643312971907936
1071	3.0468550962759995
1072	3.0468550962759995
1073	3.0468550962759995
1074	3.0804916933976867
1075	3.0804916933976867
1076	3.0804916933976867
1077	3.4872115917129665
1078	3.4872115917129665
1079	3.4872115917129665
1080	2.7929696518798193
1081	2.7929696518798193
1082	2.7929696518798193
1083	3.2888498419869197
1084	3.2888498419869197
1085	3.2888498419869197
1086	2.9652673154821287
1087	2.9652673154821287
1088	2.9652673154821287
1089	1.9673965653830499
1090	1.9673965653830499
1091	1.9673965653830499
1092	2.086653365333092
1093	2.086653365333092
1094	2.086653365333092
1095	2.0517853692859997
1096	2.0517853692859997
1097	2.0517853692859997
1098	3.2719740826044212
1099	3.2719740826044212
1100	3.2719740826044212
1101	3.0779431895836153
1102	3.0779431895836153
1103	3.0779431895836153
1104	2.0061085138366392
1105	2.0061085138366392
1106	2.0061085138366392
1107	3.029587159512364
1108	3.029587159512364
1109	3.029587159512364
1110	2.3303352593105715
1111	2.3303352593105715
1112	2.3303352593105715
1113	3.1287129862694596
1114	3.1287129862694596
1115	3.1287129862694596
1116	2.4900755107803
1117	2.4900755107803
1118	2.4900755107803
1119	1.4279319897372849
1120	1.4279319897372849
1121	1.4279319897372849
1122	3.617226922117123
1123	3.617226922117123
1124	3.617226922117123
1125	2.359158601253578
1126	2.359158601253578
1127	2.359158601253578
1128	2.6648973401226854
1129	0.40334447670430534
1130	0.40334447670430534
1131	0.40334447670430534
1132	0.44343418177325533
1133	0.44343418177325533
1134	0.44343418177325533
1135	0.7268833415550844
1136	0.7268833415550844
1137	0.7268833415550844
1138	0.6255817752727965
1139	0.6255817752727965
1140	0.6255817752727965
1141	0.798398831311929
1142	0.798398831311929
1143	0.798398831311929
1144	0.531131650392348
1145	0.531131650392348
1146	0.531131650392348
1147	0.5345646661600352
1148	0.5345646661600352
1149	0.5345646661600352
1150	0.7006400030768924
1151	0.7006400030768924
1152	0.7006400030768924
1153	0.5226952086939421
1154	0.5226952086939421
1155	0.5226952086939421
1156	0.5728872015943527
1157	0.5728872015943527
1158	0.5728872015943527
1159	0.553605259889152
1160	0.16935356028412177
1161	0.16935356028412177
1162	0.16935356028412177
1163	0.1589368491985834
1164	0.1589368491985834
1165	0.1589368491985834
1166	0.2168611949799558
1167	0.2168611949799558
1168	0.2168611949799558
1169	0.19381553741203453
1170	0.19381553741203453
1171	0.19381553741203453
1172	0.23491317753615443
1173	0.23491317753615443
1174	0.23491317753615443
1175	0.17745976110790807
1176	0.17745976110790807
1177	0.17745976110790807
1178	0.21172715703453576
1179	0.21172715703453576
1180	0.21172715703453576
1181	0.18844298560883974
1182	0.18844298560883974
1183	0.18844298560883974
1184	0.1790831593382387
1185	0.1790831593382387
1186	0.1790831593382387
1187	0.22990767133368709
1188	0.22990767133368709
1189	0.22990767133368709
1190	0.26357567242221186
1191	0.26357567242221186
1192	0.26357567242221186
1193	0.17398106353650683
1194	0.17398106353650683
1195	0.17398106353650683
1196	0.20509315269127198
1197	0.20509315269127198
1198	0.20509315269127198
1199	0.2412420955783812
1200	0.2412420955783812
1201	0.2412420955783812
1202	0.24933838737819994
1203	0.24933838737819994
1204	0.24933838737819994
1205	0.23639579526707513
1206	0.23639579526707513
1207	0.23639579526707513
1208	0.16151093724476534
1209	0.16151093724476534
1210	0.16151093724476534
1211	0.17315982693898277
1212	0.17315982693898277
1213	0.17315982693898277
1214	0.21086701912621544
1215	0.21086701912621544
1216	0.21086701912621544
1217	0.20176111172863245
1218	0.20176111172863245
1219	0.20176111172863245
1220	0.17554080303935515
1221	0.17554080303935515
1222	0.17554080303935515
1223	0.22312943458098583
1224	0.22312943458098583
1225	0.22312943458098583
1226	0.18415422255259836
1227	0.18415422255259836
1228	0.18415422255259836
1229	0.17445082684861296
1230	0.17445082684861296
1231	0.17445082684861296
1232	0.15547034855335629
1233	0.15547034855335629
1234	0.15547034855335629
1235	0.195462317210022
1236	0.195462317210022
1237	0.195462317210022
1238	0.13533768623416548
1239	0.13533768623416548
1240	0.13533768623416548
1241	0.23091677091850155
1242	0.23091677091850155
1243	0.23091677091850155
1244	0.16506071458662433
1245	0.16506071458662433
1246	0.16506071458662433
1247	0.2476518906924796
1248	0.2476518906924796
1249	0.2476518906924796
1250	0.2234526368622615
1251	0.2234526368622615
1252	0.2234526368622615
1253	0.2298410331133071
1254	0.2298410331133071
1255	0.2298410331133071
1256	0.2623292346228972
1257	0.2623292346228972
1258	0.2623292346228972
1259	0.32367932284076734
1260	0.32367932284076734
1261	0.32367932284076734
1262	0.1885500457520562
1263	0.1885500457520562
1264	0.1885500457520562
1265	0.25112283909283584
1266	0.25112283909283584
1267	0.25112283909283584
1268	0.18938584894454824
1269	0.18938584894454824
1270	0.18938584894454824
1271	0.2059552391151597
1272	0.2059552391151597
1273	0.2059552391151597
1274	0.1958922465305834
1275	0.1958922465305834
1276	0.1958922465305834
1277	0.1905027126171955
1278	0.1905027126171955
1279	0.1905027126171955
1280	0.2210961424261292
1281	0.2210961424261292
1282	0.2210961424261292
1283	0.15782274402430344
1284	0.15782274402430344
1285	0.15782274402430344
1286	0.20583934360051956
1287	0.20583934360051956
1288	0.20583934360051956
1289	0.13751602085115822
1290	0.13751602085115822
1291	0.13751602085115822
1292	0.2522106146339563
1293	0.2522106146339563
1294	0.2522106146339563
1295	0.2032185785664108
1296	0.2032185785664108
1297	0.2032185785664108
1298	0.1756837090783615
1299	0.1756837090783615
1300	0.1756837090783615
1301	0.20505869967927537
1302	0.20505869967927537
1303	0.20505869967927537
1304	0.16737829540575294
1305	0.16737829540575294
1306	0.16737829540575294
1307	0.20159756247660657
1308	0.20159756247660657
1309	0.20159756247660657
1310	0.13730742092456086
1311	0.13730742092456086
1312	0.13730742092456086
1313	0.17278503256185487
1314	0.17278503256185487
1315	0.17278503256185487
1316	0.20680197593911426
1317	0.20680197593911426
1318	0.20680197593911426
1319	0.21459575607866674
1320	0.21459575607866674
1321	0.21459575607866674
1322	0.21445252605686257
1323	0.21445252605686257
1324	0.21445252605686257
1325	0.1833540741843507
1326	0.1833540741843507
1327	0.1833540741843507
1328	0.25341844790932355
1329	0.25341844790932355
1330	0.25341844790932355
1331	0.22446994146286026
1332	0.22446994146286026
1333	0.22446994146286026
1334	0.15836524249471703
1335	0.15836524249471703
1336	0.15836524249471703
1337	0.1923029110165705
1338	0.1923029110165705
1339	0.1923029110165705
1340	0.17694077744169287
1341	0.17694077744169287
1342	0.17694077744169287
1343	0.17286914132507805
1344	0.17286914132507805
1345	0.17286914132507805
1346	0.1966801267082034
1347	0.1966801267082034
1348	0.1966801267082034
1349	0.11243114599671616
1350	0.11243114599671616
1351	0.11243114599671616
1352	2.855374874475507
1353	2.855374874475507
1354	2.855374874475507
1355	2.378280147768473
1356	2.378280147768473
1357	2.378280147768473
1358	3.0256940457678896
1359	3.0256940457678896
1360	3.0256940457678896
1361	2.1471486768566317
1362	2.1471486768566317
1363	2.1471486768566317
1364	2.013356156532246
1365	3.3766940079142587
1366	3.3766940079142587
1367	3.3766940079142587
1368	2.6634766960549676
1369	2.6634766960549676
1370	2.6634766960549676
1371	2.519701883285272
1372	2.519701883285272
1373	2.519701883285272
1374	2.23474832449612
1375	2.23474832449612
1376	2.23474832449612
1377	3.5883939381430494
1378	3.5883939381430494
1379	3.5883939381430494
1380	3.817424849192504
1381	3.817424849192504
1382	3.817424849192504
1383	4.29875499406098
1384	4.29875499406098
1385	4.29875499406098
1386	2.614901103401742
1387	2.614901103401742
1388	2.614901103401742
1389	4.550431668464259
1390	4.550431668464259
1391	4.550431668464259
1392	2.321316441509979
1393	2.321316441509979
1394	2.321316441509979
1395	4.643466300586521
1396	4.643466300586521
1397	4.643466300586521
1398	3.9716726224077386
1399	3.9716726224077386
1400	3.9716726224077386
1401	3.020696806075926
1402	3.020696806075926
1403	3.020696806075926
1404	3.6397685902767125
1405	3.6397685902767125
1406	3.6397685902767125
1407	3.8768769524453806
1408	3.8768769524453806
1409	3.8768769524453806
1410	2.108670625094473
1411	2.108670625094473
1412	2.108670625094473
1413	3.5042528018555523
1414	3.5042528018555523
1415	3.5042528018555523
1416	2.674592943413721
1417	2.674592943413721
1418	2.674592943413721
1419	4.7247353261089815
1420	4.7247353261089815
1421	4.7247353261089815
1422	3.351395868545809
1423	3.351395868545809
1424	3.351395868545809
1425	3.9424866787279154
1426	3.9424866787279154
1427	3.9424866787279154
1428	2.041401458630612
1429	2.041401458630612
1430	2.041401458630612
1431	3.6906008899440748
1432	3.6906008899440748
1433	3.6906008899440748
1434	4.27672423512686
1435	4.27672423512686
1436	4.27672423512686
1437	4.0124634878491765
1438	4.0124634878491765
1439	4.0124634878491765
1440	3.136846714043421
1441	3.136846714043421
1442	3.136846714043421
1443	2.7466414494968396
1444	2.7466414494968396
1445	2.7466414494968396
1446	5.298007913109532
1447	5.298007913109532
1448	5.298007913109532
1449	4.144019591863187
1450	4.144019591863187
1451	4.144019591863187
1452	4.476848487347908
1453	4.476848487347908
1454	4.476848487347908
1455	4.605465601529464
1456	4.605465601529464
1457	4.605465601529464
1458	3.394100716284597
1459	3.394100716284597
1460	3.394100716284597
1461	3.6016507468722794
1462	3.6016507468722794
1463	3.6016507468722794
1464	3.878201173073887
1465	3.878201173073887
1466	3.878201173073887
1467	3.7962698074134296
1468	3.7962698074134296
1469	3.7962698074134296
1470	3.595834567867376
1471	3.595834567867376
1472	3.595834567867376
1473	2.3566240559790756
1474	2.3566240559790756
1475	2.3566240559790756
1476	3.1173166471533027
1477	3.1173166471533027
1478	3.1173166471533027
1479	4.003536732890607
1480	4.003536732890607
1481	4.003536732890607
1482	4.523361388453039
1483	4.523361388453039
1484	4.523361388453039
1485	3.1121718279194095
1486	3.1121718279194095
1487	3.1121718279194095
1488	3.844629709396415
1489	3.844629709396415
1490	3.844629709396415
1491	3.7924414451611095
1492	3.7924414451611095
1493	3.7924414451611095
1494	3.425330296137832
1495	3.425330296137832
1496	3.425330296137832
1497	3.307578054753481
1498	3.307578054753481
1499	3.307578054753481
1500	4.5782053594394085
1501	4.5782053594394085
1502	4.5782053594394085
1503	3.1058944156371453
1504	3.1058944156371453
1505	3.1058944156371453
1506	4.22324742284947
1507	4.22324742284947
1508	4.22324742284947
1509	3.5508519370509637
1510	3.5508519370509637
1511	3.5508519370509637
1512	5.839945509562788
1513	5.839945509562788
1514	5.839945509562788
1515	4.330995599371504
1516	4.330995599371504
1517	4.330995599371504
1518	4.144068034800956
1519	4.144068034800956
1520	4.144068034800956
1521	5.52001095663976
1522	5.52001095663976
1523	2.080067289004689
1524	2.080067289004689
1525	2.080067289004689
1526	2.4173515100720837
1527	2.4173515100720837
1528	2.4173515100720837
1529	2.155947451479151
1530	2.155947451479151
1531	2.155947451479151
1532	2.806786667405394
1533	2.806786667405394
1534	2.806786667405394
1535	2.734887549709951
1536	2.734887549709951
1537	2.734887549709951
1538	1.70772592526597
1539	1.70772592526597
1540	1.70772592526597
1541	1.7172998491042357
1542	1.7172998491042357
1543	1.7172998491042357
1544	2.9576948065837603
1545	2.9576948065837603
1546	2.9576948065837603
1547	2.8264208357026823
1548	2.8264208357026823
1549	2.8264208357026823
1550	1.6732846729200177
1551	1.6732846729200177
1552	1.6732846729200177
1553	2.540794449982067
1554	2.540794449982067
1555	2.540794449982067
1556	2.428551836981961
1557	2.428551836981961
1558	2.428551836981961
1559	2.88619326834944
1560	2.88619326834944
1561	2.88619326834944
1562	2.00196381060753
1563	2.00196381060753
1564	2.946706971478858
1565	2.946706971478858
1566	2.946706971478858
1567	4.69730113424245
1568	4.69730113424245
1569	4.69730113424245
1570	4.100163523042048
1571	4.100163523042048
1572	4.100163523042048
1573	4.693364362085198
1574	4.693364362085198
1575	4.693364362085198
1576	4.839879478333332
1577	4.839879478333332
1578	4.839879478333332
1579	4.709752180965806
1580	4.709752180965806
1581	4.709752180965806
1582	3.816343599411283
1583	3.816343599411283
1584	3.816343599411283
1585	3.6440985396990833
1586	3.6440985396990833
1587	3.6440985396990833
1588	3.853887751058696
1589	3.853887751058696
1590	3.853887751058696
1591	4.464571531985146
1592	4.464571531985146
1593	4.464571531985146
1594	4.384997434618035
1595	4.384997434618035
1596	4.384997434618035
1597	4.147918716094371
1598	4.147918716094371
1599	4.147918716094371
1600	4.311226498257767
1601	4.311226498257767
1602	4.311226498257767
1603	5.298630428525954
1604	5.298630428525954
1605	5.298630428525954
1606	4.381827863335902
1607	4.381827863335902
1608	4.381827863335902
1609	3.289308335046287
1610	3.289308335046287
1611	3.289308335046287
1612	4.955425283365296
1613	4.955425283365296
1614	4.955425283365296
1615	5.674260864933674
1616	5.674260864933674
1617	5.674260864933674
1618	3.7594269383887
1619	3.7594269383887
1620	3.7594269383887
1621	3.062825818708925
1622	3.062825818708925
1623	3.062825818708925
1624	3.4830949319620506
1625	3.4830949319620506
1626	3.4830949319620506
1627	5.311472169115895
1628	5.311472169115895
1629	5.311472169115895
1630	3.561837775926274
1631	3.561837775926274
1632	3.561837775926274
1633	4.752862833536366
1634	4.752862833536366
1635	4.752862833536366
1636	4.471936820861126
1637	4.471936820861126
1638	4.471936820861126
1639	4.090682685741265
1640	4.090682685741265
1641	4.090682685741265
1642	3.4582775751149066
1643	3.4582775751149066
1644	3.4582775751149066
1645	2.841960528495969
1646	2.841960528495969
1647	2.841960528495969
1648	4.340391243790996
1649	4.340391243790996
1650	4.340391243790996
1651	5.046212410470701
1652	5.046212410470701
1653	5.046212410470701
1654	5.63793012446918
1655	5.63793012446918
1656	5.63793012446918
1657	4.862540183455621
1658	4.862540183455621
1659	4.862540183455621
1660	5.053170473501814
1661	5.053170473501814
1662	5.053170473501814
1663	3.761218429148143
1664	3.761218429148143
1665	3.761218429148143
1666	5.047799614573631
1667	5.047799614573631
1668	5.047799614573631
1669	4.808711510614012
1670	4.808711510614012
1671	4.808711510614012
1672	3.8113899051454214
1673	3.8113899051454214
1674	3.8113899051454214
1675	4.200692842329981
1676	4.200692842329981
1677	2.5017689628418434
1678	2.5017689628418434
1679	2.5017689628418434
1680	2.2091521515264523
1681	2.2091521515264523
1682	2.2091521515264523
1683	1.4913802605801538
1684	1.4913802605801538
1685	1.4913802605801538
1686	2.9097454385280654
1687	2.9097454385280654
1688	2.9097454385280654
1689	1.8841240485568118
1690	1.8841240485568118
1691	1.8841240485568118
1692	2.2960485117753757
1693	2.2960485117753757
1694	2.2960485117753757
1695	1.8816350737613106
1696	1.8816350737613106
1697	1.8816350737613106
1698	2.4538158322465526
1699	2.4538158322465526
1700	4.080999148549232
1701	4.080999148549232
1702	4.080999148549232
1703	4.324936655049315
1704	4.324936655049315
1705	4.324936655049315
1706	3.3071644504253843
1707	3.3071644504253843
1708	3.3071644504253843
1709	4.380823299686789
1710	4.380823299686789
1711	4.380823299686789
1712	2.315163539312583
1713	2.315163539312583
1714	2.315163539312583
1715	3.3504879831205807
1716	3.3504879831205807
1717	3.3504879831205807
1718	3.6899648030689236
1719	3.6899648030689236
1720	3.6899648030689236
1721	5.602135321122043
1722	5.602135321122043
1723	5.602135321122043
1724	4.71110604698662
1725	4.71110604698662
1726	4.71110604698662
1727	3.7255465672533408
1728	3.7255465672533408
1729	3.7255465672533408
1730	4.039711568515884
1731	4.039711568515884
1732	4.039711568515884
1733	4.896082018841315
1734	4.896082018841315
1735	4.896082018841315
1736	3.9164542944111367
1737	3.9164542944111367
1738	3.9164542944111367
1739	2.78566014310256
1740	2.78566014310256
1741	2.78566014310256
1742	4.160945704959298
1743	4.160945704959298
1744	4.160945704959298
1745	4.194032811076294
1746	4.194032811076294
1747	4.194032811076294
1748	2.9798267501296447
1749	2.9798267501296447
1750	2.9798267501296447
1751	4.50455871525551
1752	4.50455871525551
1753	4.50455871525551
1754	4.32789192900516
1755	4.32789192900516
1756	4.32789192900516
1757	3.991163257887159
1758	3.991163257887159
1759	3.991163257887159
1760	1.6899408623082974
1761	1.6899408623082974
1762	1.6899408623082974
1763	2.3352579262327904
1764	2.3352579262327904
1765	2.3352579262327904
1766	2.5421250330452065
1767	2.5421250330452065
1768	2.5421250330452065
1769	2.206578528166103
1770	2.206578528166103
1771	2.206578528166103
1772	2.343163988065752
1773	2.343163988065752
1774	2.343163988065752
1775	1.5696878920356916
1776	1.5696878920356916
1777	1.5696878920356916
1778	1.7836190609356657
1779	1.7836190609356657
1780	1.7836190609356657
1781	3.0317896613061692
1782	3.0317896613061692
1783	3.0317896613061692
1784	5.8305129520849714
1785	5.8305129520849714
1786	5.8305129520849714
1787	4.271632745551766
1788	4.271632745551766
1789	4.271632745551766
1790	5.059401263092897
1791	5.059401263092897
1792	5.059401263092897
1793	3.6330970495738395
1794	3.6330970495738395
1795	3.6330970495738395
1796	5.366942257543051
1797	5.366942257543051
1798	5.366942257543051
1799	4.440413870088593
1800	4.440413870088593
1801	4.440413870088593
1802	4.699340278196898
1803	4.699340278196898
1804	4.699340278196898
1805	4.134639401047651
1806	4.134639401047651
1807	4.134639401047651
1808	2.8454927878827396
1809	2.8454927878827396
1810	2.8454927878827396
1811	3.454118010871888
1812	3.454118010871888
1813	3.454118010871888
1814	4.354207645646149
1815	4.354207645646149
1816	4.354207645646149
1817	3.771887987530031
1818	3.771887987530031
1819	3.771887987530031
1820	4.380644561152468
1821	4.380644561152468
1822	4.380644561152468
1823	4.631334173962604
1824	4.631334173962604
1825	4.631334173962604
1826	5.215034255129797
1827	5.215034255129797
1828	5.215034255129797
1829	4.6098161114261975
1830	4.6098161114261975
1831	4.6098161114261975
1832	3.225412072931119
1833	3.225412072931119
1834	3.225412072931119
1835	2.8980501420294726
1836	2.8980501420294726
1837	2.8980501420294726
1838	5.4453785304317215
1839	5.4453785304317215
1840	5.4453785304317215
1841	4.632386584852179
1842	4.632386584852179
1843	4.632386584852179
1844	3.3295534512563942
1845	3.3295534512563942
1846	2.6646582351504695
1847	2.6646582351504695
1848	2.6646582351504695
1849	2.7483160268027595
1850	2.7483160268027595
1851	2.7483160268027595
1852	2.733854945714508
1853	2.733854945714508
1854	2.733854945714508
1855	2.4436318727959945
1856	2.4436318727959945
1857	2.4436318727959945
1858	3.522539140095669
1859	3.522539140095669
1860	3.522539140095669
1861	3.8224209846510453
1862	3.8224209846510453
1863	3.8224209846510453
1864	1.8963029488903742
1865	1.8963029488903742
1866	1.8963029488903742
1867	3.151390826702175
1868	3.151390826702175
1869	3.151390826702175
1870	2.1189421433655142
1871	2.1189421433655142
1872	2.1189421433655142
1873	2.4158520844155973
1874	2.4158520844155973
1875	2.4158520844155973
1876	2.7069816277626195
1877	2.7069816277626195
1878	2.7069816277626195
1879	2.4554413846610146
1880	2.4554413846610146
1881	2.4554413846610146
1882	3.9570753817962494
1883	3.9570753817962494
1884	3.9570753817962494
1885	2.561269117911849
1886	2.561269117911849
1887	2.561269117911849
1888	3.077325099795416
1889	3.077325099795416
1890	3.077325099795416
1891	2.9514860783376458
1892	2.9514860783376458
1893	2.9514860783376458
1894	3.092237724821632
1895	3.092237724821632
1896	3.092237724821632
1897	2.8043930760022615
1898	2.8043930760022615
1899	2.8043930760022615
1900	3.1540261275906714
1901	3.1540261275906714
1902	3.1540261275906714
1903	2.5156218986142416
1904	2.5156218986142416
1905	2.5156218986142416
1906	2.594138222034044
1907	2.594138222034044
1908	3.9981195139044536
1909	3.9981195139044536
1910	3.9981195139044536
1911	3.2865022532410144
1912	3.2865022532410144
1913	3.2865022532410144
1914	3.7377517214665166
1915	3.7377517214665166
1916	3.7377517214665166
1917	3.626285743127094
1918	3.626285743127094
1919	3.626285743127094
1920	5.155861252888232
1921	5.155861252888232
1922	5.155861252888232
1923	2.9246065369271683
1924	2.9246065369271683
1925	2.9246065369271683
1926	4.034749686154941
1927	4.034749686154941
1928	4.034749686154941
1929	3.2348942757345283
1930	3.2348942757345283
1931	3.2348942757345283
1932	3.1762030679653908
1933	3.1762030679653908
1934	3.1762030679653908
1935	4.267205614398314
1936	4.267205614398314
1937	4.267205614398314
1938	3.5874781772683573
1939	3.5874781772683573
1940	3.5874781772683573
1941	4.373610720204143
1942	4.373610720204143
1943	4.373610720204143
1944	3.709206546343672
1945	3.709206546343672
1946	3.709206546343672
1947	3.352447353197933
1948	3.352447353197933
1949	3.352447353197933
1950	4.415334396480816
1951	4.415334396480816
1952	4.415334396480816
1953	1.2546210661944692
1954	1.2546210661944692
1955	1.2546210661944692
1956	1.1185349290099638
1957	1.1185349290099638
1958	1.1185349290099638
1959	1.0552269920062014
1960	1.0552269920062014
1961	1.0552269920062014
1962	1.165107551517658
1963	1.165107551517658
1964	1.165107551517658
1965	1.009053780088382
1966	1.009053780088382
1967	1.009053780088382
1968	1.1559654969604962
1969	1.1559654969604962
1970	1.1559654969604962
1971	1.2971424302546812
1972	1.2971424302546812
1973	1.2971424302546812
1974	1.0190075046402265
1975	1.0190075046402265
1976	1.0190075046402265
1977	1.0977041576508946
1978	1.0977041576508946
1979	1.0977041576508946
1980	1.3074195353432714
1981	1.3074195353432714
1982	1.3074195353432714
1983	0.8939466427809901
1984	0.8939466427809901
1985	0.8939466427809901
1986	1.0479644993049697
1987	1.0479644993049697
1988	1.0479644993049697
1989	1.100153390544186
1990	1.100153390544186
1991	1.100153390544186
1992	1.1378065008458138
1993	1.1378065008458138
1994	1.1378065008458138
1995	1.1906863763290567
1996	1.1906863763290567
1997	1.1906863763290567
1998	1.1293337913289307
1999	1.1293337913289307
