0	2.7914300984054785
1	2.7914300984054785
2	2.7914300984054785
3	4.144769951958371
4	4.144769951958371
5	4.144769951958371
6	4.8123856660590105
7	4.8123856660590105
8	4.8123856660590105
9	2.5318306107426425
10	2.5318306107426425
11	2.5318306107426425
12	3.1765347180479573
13	3.1765347180479573
14	3.1765347180479573
15	0.9917175011717667
16	3.9643464220388616
17	3.9643464220388616
18	3.9643464220388616
19	3.362126275710294
20	3.362126275710294
21	3.362126275710294
22	4.244693197380661
23	4.244693197380661
24	4.244693197380661
25	5.366882740288738
26	5.366882740288738
27	5.366882740288738
28	2.920716654825952
29	2.920716654825952
30	2.920716654825952
31	7.008287331779673
32	2.820829483703645
33	2.820829483703645
34	2.820829483703645
35	1.4075149717634972
36	1.4075149717634972
37	1.4075149717634972
38	2.9147634285385484
39	2.9147634285385484
40	2.9147634285385484
41	1.040550021414108
42	1.040550021414108
43	1.040550021414108
44	2.0376839150234445
45	2.0376839150234445
46	2.0376839150234445
47	0.4335371606141112
48	0.4335371606141112
49	0.4335371606141112
50	3.233723420725026
51	3.233723420725026
52	3.233723420725026
53	0.42203571263406503
54	0.42203571263406503
55	0.42203571263406503
56	1.8807100700889159
57	1.8807100700889159
58	1.8807100700889159
59	2.893311541463997
60	2.893311541463997
61	2.893311541463997
62	1.8271831381602999
63	1.8271831381602999
64	1.8271831381602999
65	1.9611430007962627
66	1.9611430007962627
67	1.9611430007962627
68	2.96351672927134
69	2.96351672927134
70	2.96351672927134
71	2.9675425995211526
72	2.9675425995211526
73	2.9675425995211526
74	1.1625035598526954
75	1.1625035598526954
76	1.1625035598526954
77	2.8230149712990062
78	2.8230149712990062
79	2.8230149712990062
80	2.632554886548111
81	2.632554886548111
82	2.632554886548111
83	2.1885581540121755
84	2.1885581540121755
85	2.1885581540121755
86	0.3088557444833524
87	0.3088557444833524
88	0.3088557444833524
89	1.7896777088876965
90	1.7896777088876965
91	1.7896777088876965
92	1.6151102962027593
93	1.6151102962027593
94	1.6151102962027593
95	2.7508628407726565
96	2.7508628407726565
97	2.7508628407726565
98	2.5911620560003588
99	2.5911620560003588
100	2.5911620560003588
101	0.6900212006913364
102	0.6900212006913364
103	0.6900212006913364
104	2.4817502421255804
105	2.4817502421255804
106	2.4817502421255804
107	1.373295665240561
108	1.373295665240561
109	1.373295665240561
110	1.9644378310446169
111	1.9644378310446169
112	1.9644378310446169
113	1.2553072508826633
114	1.2553072508826633
115	1.2553072508826633
116	1.970095080616702
117	1.970095080616702
118	1.970095080616702
119	1.2155084898837654
120	1.2155084898837654
121	1.2155084898837654
122	1.0837616431468324
123	1.0837616431468324
124	1.0837616431468324
125	2.229381083749702
126	2.229381083749702
127	2.229381083749702
128	1.276621649352081
129	1.276621649352081
130	1.276621649352081
131	3.3477534025463003
132	3.3477534025463003
133	3.3477534025463003
134	2.406187818517085
135	2.406187818517085
136	2.406187818517085
137	1.7374023402899184
138	1.7374023402899184
139	1.0911615903877872
140	1.0911615903877872
141	1.0911615903877872
142	0.582911599801497
143	0.582911599801497
144	0.582911599801497
145	0.11814631466235936
146	0.11814631466235936
147	0.11814631466235936
148	0.5018384438449144
149	0.5018384438449144
150	0.5018384438449144
151	0.17561335926790184
152	0.17561335926790184
153	0.17561335926790184
154	0.7504138069633699
155	0.7504138069633699
156	0.7504138069633699
157	1.1131031413815577
158	1.1131031413815577
159	1.1131031413815577
160	0.6131010135172322
161	0.6131010135172322
162	0.6131010135172322
163	0.6022035169181381
164	0.6022035169181381
165	0.6022035169181381
166	0.4404519393722879
167	0.4404519393722879
168	0.4404519393722879
169	0.79163087845965
170	0.79163087845965
171	0.79163087845965
172	0.8896934192336887
173	0.8896934192336887
174	0.8896934192336887
175	0.6131645872505773
176	0.6131645872505773
177	0.6131645872505773
178	0.4325480839868837
179	0.4325480839868837
180	0.4325480839868837
181	0.8683321343537385
182	0.8683321343537385
183	0.8683321343537385
184	0.4886014501361508
185	0.4886014501361508
186	0.4886014501361508
187	0.6864875670528053
188	0.6864875670528053
189	0.6864875670528053
190	0.4533530610076142
191	0.4533530610076142
192	0.4533530610076142
193	0.7372754135970635
194	0.7372754135970635
195	0.7372754135970635
196	0.1
197	0.1
198	0.1
199	0.5119682544834441
200	0.5119682544834441
201	0.5119682544834441
202	0.5433409831589939
203	0.5433409831589939
204	0.5433409831589939
205	0.34270229903968163
206	0.34270229903968163
207	0.34270229903968163
208	1.9196350943168858
209	1.9196350943168858
210	1.9196350943168858
211	2.292713909238417
212	2.292713909238417
213	2.292713909238417
214	2.1259958851479217
215	2.1259958851479217
216	2.1259958851479217
217	1.5374623859043366
218	1.5374623859043366
219	1.5374623859043366
220	2.1341195769101806
221	2.1341195769101806
222	2.1341195769101806
223	1.3627822450896183
224	1.3627822450896183
225	1.3627822450896183
226	1.2154015517674055
227	1.2154015517674055
228	1.2154015517674055
229	1.2266161188897653
230	1.2266161188897653
231	1.2266161188897653
232	1.0392643064218001
233	1.0392643064218001
234	1.0392643064218001
235	1.5636310905609108
236	1.5636310905609108
237	1.5636310905609108
238	1.7647612828371182
239	1.7647612828371182
240	1.7647612828371182
241	0.9242573666871576
242	0.9242573666871576
243	0.9242573666871576
244	0.5604876741533853
245	0.5604876741533853
246	0.5604876741533853
247	1.5339215275879199
248	1.5339215275879199
249	1.5339215275879199
250	1.6106955491847492
251	1.6106955491847492
252	1.6106955491847492
253	3.539882562383306
254	3.539882562383306
255	3.539882562383306
256	4.389563273145159
257	4.389563273145159
258	4.389563273145159
259	5.188697360141888
260	5.188697360141888
261	5.188697360141888
262	3.0016181965673625
263	3.0016181965673625
264	4.031951447749167
265	4.031951447749167
266	4.031951447749167
267	4.817410254712785
268	4.817410254712785
269	4.817410254712785
270	2.8426928007427357
271	2.8426928007427357
272	2.8426928007427357
273	3.7083434627630574
274	3.7083434627630574
275	3.7083434627630574
276	9.130444310941646
277	9.130444310941646
278	9.130444310941646
279	5.0643376129368285
280	5.0643376129368285
281	5.0643376129368285
282	2.8302574648026324
283	2.8302574648026324
284	2.8302574648026324
285	3.2807918628571135
286	3.2807918628571135
287	3.2807918628571135
288	5.2139124076493655
289	5.2139124076493655
290	5.2139124076493655
291	6.390381845161002
292	6.390381845161002
293	6.390381845161002
294	4.733419255378564
295	4.733419255378564
296	4.733419255378564
297	2.152611499846437
298	2.152611499846437
299	2.152611499846437
300	4.359973755173908
301	4.359973755173908
302	4.359973755173908
303	5.120792364705856
304	5.120792364705856
305	5.120792364705856
306	5.291674645789051
307	5.291674645789051
308	5.291674645789051
309	5.338613901432844
310	5.338613901432844
311	5.338613901432844
312	3.6433862216858284
313	3.6433862216858284
314	3.6433862216858284
315	3.8003520888734865
316	3.8003520888734865
317	3.8003520888734865
318	7.01162700262916
319	7.01162700262916
320	7.01162700262916
321	3.5339920949404924
322	3.5339920949404924
323	3.5339920949404924
324	1.6866939503290825
325	1.6866939503290825
326	1.6866939503290825
327	3.4874932845229107
328	3.4874932845229107
329	3.4874932845229107
330	5.220701994224636
331	5.220701994224636
332	5.220701994224636
333	4.020386793547433
334	4.020386793547433
335	4.020386793547433
336	5.329714174192392
337	5.329714174192392
338	5.329714174192392
339	4.372283107000994
340	4.372283107000994
341	4.372283107000994
342	2.2045816819505957
343	2.2045816819505957
344	2.2045816819505957
345	3.856628526581639
346	3.856628526581639
347	3.856628526581639
348	4.297164267377291
349	4.297164267377291
350	4.297164267377291
351	1.6255310936389327
352	1.6255310936389327
353	1.6255310936389327
354	5.173842089156234
355	5.173842089156234
356	5.173842089156234
357	4.69438906189037
358	4.69438906189037
359	4.69438906189037
360	3.0200409590068906
361	3.0200409590068906
362	3.0200409590068906
363	3.482902929616377
364	3.482902929616377
365	3.482902929616377
366	4.289043425391795
367	4.289043425391795
368	4.289043425391795
369	1.5618233901524654
370	1.5618233901524654
371	1.5618233901524654
372	5.798093990978404
373	5.798093990978404
374	5.798093990978404
375	3.938136243949716
376	3.938136243949716
377	3.938136243949716
378	2.308018107965413
379	2.308018107965413
380	2.308018107965413
381	2.28212533418127
382	2.28212533418127
383	2.28212533418127
384	1.8635165018084405
385	1.8635165018084405
386	1.8635165018084405
387	2.1076389188158333
388	2.1076389188158333
389	2.1076389188158333
390	1.2994972078999414
391	1.2994972078999414
392	0.2930145173386065
393	0.2930145173386065
394	0.2930145173386065
395	0.17285494742502533
396	0.17285494742502533
397	0.17285494742502533
398	0.20317380008358468
399	0.20317380008358468
400	0.20317380008358468
401	0.1
402	0.1
403	0.1
404	0.27136687191109105
405	0.27136687191109105
406	0.27136687191109105
407	0.17050439614157312
408	0.17050439614157312
409	0.17050439614157312
410	0.11151733305616894
411	0.11151733305616894
412	0.11151733305616894
413	0.21618954023334713
414	0.21618954023334713
415	0.21618954023334713
416	0.18636547441032333
417	0.18636547441032333
418	0.18636547441032333
419	0.2790479620027806
420	0.2790479620027806
421	0.2790479620027806
422	0.2733795652566728
423	0.2733795652566728
424	0.2733795652566728
425	0.1560463755296519
426	0.1560463755296519
427	0.1560463755296519
428	0.33716636951759615
429	0.33716636951759615
430	0.33716636951759615
431	0.1922394962740221
432	0.1922394962740221
433	0.1922394962740221
434	0.1847021643766886
435	0.1847021643766886
436	0.1847021643766886
437	0.10973618375956386
438	0.10973618375956386
439	0.10973618375956386
440	0.2085238615640489
441	0.2085238615640489
442	0.2085238615640489
443	0.3215180100310726
444	0.3215180100310726
445	0.3215180100310726
446	0.1664334305239436
447	0.1664334305239436
448	0.1664334305239436
449	0.2913163664246924
450	0.2913163664246924
451	0.2913163664246924
452	0.14875571998935838
453	0.14875571998935838
454	0.14875571998935838
455	0.148439505243755
456	0.148439505243755
457	0.148439505243755
458	0.2171903961064131
459	0.2171903961064131
460	0.2171903961064131
461	0.20113646515992004
462	0.20113646515992004
463	0.20113646515992004
464	0.21511896716128256
465	0.21511896716128256
466	0.21511896716128256
467	0.21586890273876852
468	0.21586890273876852
469	0.21586890273876852
470	0.17913251166697577
471	0.17913251166697577
472	0.17913251166697577
473	0.3360244047589127
474	2.027739966717851
475	2.027739966717851
476	2.027739966717851
477	1.9617005976924629
478	1.9617005976924629
479	1.9617005976924629
480	1.63706741752287
481	1.63706741752287
482	1.63706741752287
483	1.8267287656534614
484	1.8267287656534614
485	1.8267287656534614
486	1.1039949578377235
487	1.1039949578377235
488	1.1039949578377235
489	0.22545923931260048
490	0.22545923931260048
491	0.22545923931260048
492	1.733722751217052
493	1.733722751217052
494	1.733722751217052
495	1.9795746035910617
496	1.9795746035910617
497	1.9795746035910617
498	1.2192306316749195
499	1.2192306316749195
500	1.2192306316749195
501	0.8817846807957879
502	0.8817846807957879
503	0.8817846807957879
504	1.5650534040519206
505	1.5650534040519206
506	1.5650534040519206
507	2.2821059562064776
508	2.2821059562064776
509	2.2821059562064776
510	1.5773148042375098
511	1.5773148042375098
512	1.5773148042375098
513	1.1942110998064501
514	1.1942110998064501
515	1.1942110998064501
516	1.434922869987643
517	1.434922869987643
518	1.434922869987643
519	1.4945685788007135
520	1.4945685788007135
521	1.4945685788007135
522	2.3169182439649054
523	2.3169182439649054
524	2.3169182439649054
525	1.297173493418947
526	1.297173493418947
527	1.297173493418947
528	1.5355098909388116
529	1.5355098909388116
530	1.5355098909388116
531	0.6917944670351024
532	0.6917944670351024
533	0.6917944670351024
534	1.2695891747433041
535	1.2695891747433041
536	1.2695891747433041
537	1.02519735348041
538	1.02519735348041
539	1.02519735348041
540	1.7597288484489295
541	1.7597288484489295
542	1.7597288484489295
543	1.0834037423078924
544	1.0834037423078924
545	1.0834037423078924
546	1.3078454637810055
547	1.3078454637810055
548	0.8772346669998324
549	0.8772346669998324
550	0.8772346669998324
551	1.444403447216902
552	1.444403447216902
553	1.444403447216902
554	0.8424321767986406
555	1.7022007315568788
556	1.7022007315568788
557	1.7022007315568788
558	0.23011185957990665
559	0.23011185957990665
560	0.23011185957990665
561	0.6269907881221356
562	0.6269907881221356
563	0.6269907881221356
564	2.2370518391307197
565	2.2370518391307197
566	2.2370518391307197
567	2.7313614190901627
568	2.7313614190901627
569	2.7313614190901627
570	3.5168642545793807
571	3.5168642545793807
572	3.5168642545793807
573	2.3880028317175213
574	2.3880028317175213
575	2.3880028317175213
576	1.868471564345883
577	1.868471564345883
578	1.868471564345883
579	3.4121361002091724
580	3.4121361002091724
581	3.4121361002091724
582	3.022169396347395
583	3.022169396347395
584	3.022169396347395
585	2.5173517977923514
586	2.5173517977923514
587	2.5173517977923514
588	2.4470262673809686
589	2.4470262673809686
590	2.4470262673809686
591	2.7438280318705113
592	2.7438280318705113
593	2.7438280318705113
594	4.019958195677866
595	4.019958195677866
596	4.019958195677866
597	1.5609823311330002
598	1.5609823311330002
599	1.5609823311330002
600	2.5144086358808284
601	2.5144086358808284
602	2.5144086358808284
603	0.44717220641926153
604	0.44717220641926153
605	0.44717220641926153
606	0.48013583919138114
607	0.48013583919138114
608	0.48013583919138114
609	0.3641674559881699
610	0.3641674559881699
611	0.3641674559881699
612	0.6718697805767618
613	0.6718697805767618
614	0.6718697805767618
615	0.43276108476670505
616	0.43276108476670505
617	0.43276108476670505
618	0.5248619572371923
619	0.5248619572371923
620	0.5248619572371923
621	0.47979779126615296
622	0.47979779126615296
623	0.47979779126615296
624	0.4031681080381518
625	0.4031681080381518
626	0.4031681080381518
627	0.5712179867793948
628	1.4614023881964748
629	1.4614023881964748
630	1.4614023881964748
631	1.9491582641568417
632	1.9491582641568417
633	1.9491582641568417
634	0.97764382955707
635	0.97764382955707
636	0.97764382955707
637	1.2990351632529888
638	1.2990351632529888
639	1.2990351632529888
640	1.1582742741853596
641	1.1582742741853596
642	1.1582742741853596
643	1.3573876261890754
644	1.3573876261890754
645	1.3573876261890754
646	1.3705937725148216
647	1.3705937725148216
648	1.3705937725148216
649	1.2744726099036185
650	1.2744726099036185
651	1.2744726099036185
652	0.8064245517397086
653	0.8064245517397086
654	0.8064245517397086
655	0.9878938425109903
656	0.9878938425109903
657	0.9878938425109903
658	1.4659287033579458
659	1.4659287033579458
660	1.4659287033579458
661	1.4049111976410145
662	1.4049111976410145
663	1.4049111976410145
664	1.8199003417830086
665	1.8199003417830086
666	1.8199003417830086
667	1.7026005743203485
668	1.7026005743203485
669	1.7026005743203485
670	2.091026817456339
671	4.4883819196321575
672	4.4883819196321575
673	4.4883819196321575
674	4.883562737056366
675	4.883562737056366
676	4.883562737056366
677	2.151965527632547
678	2.151965527632547
679	2.151965527632547
680	0.2569845273639606
681	0.2569845273639606
682	0.2569845273639606
683	2.7463548954748664
684	2.7463548954748664
685	2.7463548954748664
686	3.4872366582458407
687	3.4872366582458407
688	3.4872366582458407
689	3.7470322427865006
690	3.7470322427865006
691	3.7470322427865006
692	3.0442991102065107
693	3.0442991102065107
694	3.0442991102065107
695	1.7702437424541315
696	1.7702437424541315
697	1.7702437424541315
698	4.294872695942219
699	4.294872695942219
700	4.294872695942219
701	3.0110205782652395
702	3.0110205782652395
703	3.0110205782652395
704	4.824258613227367
705	4.824258613227367
706	4.824258613227367
707	4.379740116690344
708	4.379740116690344
709	4.379740116690344
710	3.1507002396717816
711	3.1507002396717816
712	3.1507002396717816
713	3.142351463493689
714	3.142351463493689
715	3.142351463493689
716	5.428214761933473
717	5.428214761933473
718	5.428214761933473
719	2.8033862418066793
720	2.8033862418066793
721	2.8033862418066793
722	1.9957467412473167
723	1.9957467412473167
724	1.9957467412473167
725	4.665274343833099
726	4.665274343833099
727	4.665274343833099
728	4.72603939400139
729	4.72603939400139
730	4.72603939400139
731	2.861710005423686
732	2.861710005423686
733	2.861710005423686
734	2.591326328524201
735	2.591326328524201
736	2.591326328524201
737	2.886951743010268
738	2.886951743010268
739	2.886951743010268
740	2.9067551230715174
741	2.9067551230715174
742	2.9067551230715174
743	2.868494822687795
744	2.868494822687795
745	2.868494822687795
746	4.000032648201275
747	4.000032648201275
748	4.000032648201275
749	2.085708016391705
750	2.085708016391705
751	2.085708016391705
752	1.5889110348394242
753	1.5889110348394242
754	1.5889110348394242
755	4.887620417656917
756	4.887620417656917
757	4.887620417656917
758	1.1607452102434497
759	1.1607452102434497
760	1.1607452102434497
761	4.938326089768691
762	4.938326089768691
763	4.938326089768691
764	2.7025908212970484
765	1.1790656288413355
766	1.1790656288413355
767	1.1790656288413355
768	0.9873492854414878
769	0.9873492854414878
770	0.9873492854414878
771	1.612361576657244
772	1.612361576657244
773	1.612361576657244
774	1.5099694830095067
775	1.5099694830095067
776	1.5099694830095067
777	1.4249138594554247
778	1.4249138594554247
779	3.205372444461145
780	3.205372444461145
781	3.205372444461145
782	3.789533108825883
783	1.340816274697412
784	1.340816274697412
785	1.340816274697412
786	0.5239187826134727
787	0.5239187826134727
788	0.5239187826134727
789	2.904924156941957
790	2.904924156941957
791	2.904924156941957
792	4.228333049088943
793	4.228333049088943
794	4.826690382890037
795	4.826690382890037
796	4.826690382890037
797	2.161049425018078
798	2.161049425018078
799	2.161049425018078
800	5.081068271591012
801	5.081068271591012
802	3.481117077700981
803	3.481117077700981
804	3.481117077700981
805	3.4619540612441475
806	3.4619540612441475
807	3.4619540612441475
808	3.6597508971263832
809	3.6597508971263832
810	3.6597508971263832
811	1.6144003232044886
812	1.6144003232044886
813	1.6144003232044886
814	2.4793947272390913
815	2.4793947272390913
816	2.4793947272390913
817	2.5754823700729856
818	2.5754823700729856
819	2.5754823700729856
820	0.9860687248739937
821	0.9860687248739937
822	0.9860687248739937
823	2.8423877144340035
824	2.8423877144340035
825	2.8423877144340035
826	2.4656425868815894
827	2.4656425868815894
828	2.4656425868815894
829	3.670237380022677
830	3.670237380022677
831	3.670237380022677
832	3.0025598819856363
833	3.0025598819856363
834	3.0025598819856363
835	4.099752017604141
836	4.099752017604141
837	1.4143131877746913
838	1.4143131877746913
839	1.4143131877746913
840	0.9621975262529514
841	0.9621975262529514
842	0.9621975262529514
843	0.6957563510088511
844	0.6957563510088511
845	0.6957563510088511
846	1.3944852316872185
847	1.3944852316872185
848	1.3944852316872185
849	1.4285880659069647
850	1.4285880659069647
851	1.4285880659069647
852	0.731981525744053
853	0.731981525744053
854	0.731981525744053
855	0.9042690939011028
856	0.9042690939011028
857	0.9042690939011028
858	1.9423261463813826
859	1.9423261463813826
860	1.9423261463813826
861	1.5422076249566374
862	1.5422076249566374
863	1.5422076249566374
864	2.892474814608543
865	2.892474814608543
866	2.892474814608543
867	2.9354493880031356
868	2.9354493880031356
869	2.9354493880031356
870	3.1318998365981314
871	3.1318998365981314
872	3.1318998365981314
873	3.5791197771262007
874	3.54800065719463
875	3.54800065719463
876	3.54800065719463
877	3.3280796481294246
878	3.3280796481294246
879	3.3280796481294246
880	6.435520220344374
881	6.435520220344374
882	2.663387250756676
883	2.663387250756676
884	2.663387250756676
885	1.165422538879092
886	1.165422538879092
887	1.165422538879092
888	1.663069218703462
889	1.663069218703462
890	1.663069218703462
891	1.9207842494314948
892	1.9207842494314948
893	1.9207842494314948
894	3.308267948978894
895	3.308267948978894
896	3.308267948978894
897	4.980564011887077
898	4.980564011887077
899	4.980564011887077
900	3.8578046405793875
901	3.8578046405793875
902	3.8578046405793875
903	3.3006698347323002
904	3.3006698347323002
905	3.3006698347323002
906	4.009324052864453
907	4.009324052864453
908	4.009324052864453
909	4.651139484742735
910	4.651139484742735
911	4.651139484742735
912	1.816517554577506
913	1.816517554577506
914	1.816517554577506
915	0.3615610058313631
916	0.3615610058313631
917	0.3615610058313631
918	0.5653925724313723
919	0.5653925724313723
920	0.5653925724313723
921	0.5277916471715421
922	0.5277916471715421
923	0.5277916471715421
924	0.4276544013710417
925	0.4276544013710417
926	0.4276544013710417
927	0.8880762233252384
928	0.8880762233252384
929	0.8880762233252384
930	0.447260096412749
931	0.447260096412749
932	0.447260096412749
933	0.6154444740933971
934	0.6154444740933971
935	0.6154444740933971
936	0.6332264684743067
937	0.6332264684743067
938	0.6332264684743067
939	0.456050176052487
940	0.456050176052487
941	0.456050176052487
942	0.742630009037061
943	0.742630009037061
944	0.742630009037061
945	0.5723344194277475
946	0.5723344194277475
947	0.5723344194277475
948	0.2822620394259132
949	0.2822620394259132
950	0.2822620394259132
951	0.3834567084444264
952	0.3834567084444264
953	0.3834567084444264
954	0.4534590009764993
955	0.4534590009764993
956	0.4534590009764993
957	0.30679607684915056
958	0.30679607684915056
959	0.30679607684915056
960	0.5780240678742061
961	0.5780240678742061
962	0.5780240678742061
963	0.686417863852329
964	0.686417863852329
965	0.686417863852329
966	0.8648666429802905
967	0.8648666429802905
968	2.242838516425539
969	2.242838516425539
970	2.242838516425539
971	1.6572140752964646
972	1.6572140752964646
973	1.6572140752964646
974	1.7504879698483118
975	1.7504879698483118
976	1.7504879698483118
977	0.5228708771139681
978	0.5228708771139681
979	0.5228708771139681
980	1.8054630815715944
981	1.8054630815715944
982	1.8054630815715944
983	1.0948791089567222
984	1.0948791089567222
985	1.0948791089567222
986	1.4900594663303988
987	1.4900594663303988
988	1.4900594663303988
989	0.34104712106878177
990	0.34104712106878177
991	0.34104712106878177
992	0.8262020061390896
993	0.8262020061390896
994	0.8262020061390896
995	1.7024982501081076
996	1.7024982501081076
997	1.7024982501081076
998	1.5862504685118328
999	1.5862504685118328
1000	1.5862504685118328
1001	1.6710874976223145
1002	1.6710874976223145
1003	1.6710874976223145
1004	1.7406424256813833
1005	1.7406424256813833
1006	1.7406424256813833
1007	1.3661621498577339
1008	1.3661621498577339
1009	1.3661621498577339
1010	2.013116835134888
1011	2.013116835134888
1012	2.013116835134888
1013	1.7965226334507016
1014	1.7965226334507016
1015	1.7965226334507016
1016	1.2232302057114812
1017	1.2232302057114812
1018	1.2232302057114812
1019	0.4359745146358005
1020	1.067686695278716
1021	1.067686695278716
1022	1.067686695278716
1023	1.0248130484994618
1024	1.0248130484994618
1025	1.0248130484994618
1026	0.5845304889386387
1027	0.5845304889386387
1028	0.5845304889386387
1029	0.9837647798497988
1030	0.9837647798497988
1031	0.9837647798497988
1032	0.9543071014872488
1033	0.9543071014872488
1034	0.9543071014872488
1035	0.7757383024465304
1036	0.7757383024465304
1037	0.7757383024465304
1038	0.4335997056480151
1039	0.4335997056480151
1040	0.4335997056480151
1041	0.9133198902955032
1042	0.9133198902955032
1043	0.9133198902955032
1044	0.5237922173551254
1045	0.5237922173551254
1046	0.5237922173551254
1047	0.7339452113485758
1048	0.7339452113485758
1049	0.7339452113485758
1050	3.8465520938078783
1051	3.8465520938078783
1052	3.8465520938078783
1053	0.7978298114468361
1054	0.7978298114468361
1055	0.7978298114468361
1056	0.8847654358150492
1057	0.8847654358150492
1058	0.8847654358150492
1059	4.083827942543051
1060	4.083827942543051
1061	4.083827942543051
1062	4.459697613379392
1063	4.459697613379392
1064	4.459697613379392
1065	1.734494575890865
1066	1.734494575890865
1067	1.734494575890865
1068	2.3580779199807855
1069	2.3580779199807855
1070	2.3580779199807855
1071	2.8367193619864164
1072	2.8367193619864164
1073	2.8367193619864164
1074	3.7976937864940146
1075	3.7976937864940146
1076	3.7976937864940146
1077	5.214443561113689
1078	5.214443561113689
1079	5.214443561113689
1080	5.374989223714741
1081	5.374989223714741
1082	5.374989223714741
1083	3.9606384536787367
1084	3.9606384536787367
1085	3.9606384536787367
1086	0.4753205818822881
1087	0.4753205818822881
1088	0.4753205818822881
1089	3.6920436399369385
1090	3.6920436399369385
1091	3.6920436399369385
1092	2.483292942128216
1093	2.483292942128216
1094	2.483292942128216
1095	4.038778453889954
1096	4.038778453889954
1097	4.038778453889954
1098	2.626861699954301
1099	2.626861699954301
1100	2.626861699954301
1101	3.493301163812436
1102	3.493301163812436
1103	3.493301163812436
1104	4.132564069488081
1105	4.132564069488081
1106	4.132564069488081
1107	6.173859525543363
1108	6.173859525543363
1109	6.173859525543363
1110	3.9852144995651275
1111	3.9852144995651275
1112	3.9852144995651275
1113	4.541414822626716
1114	4.541414822626716
1115	4.541414822626716
1116	4.297192456907104
1117	4.297192456907104
1118	4.297192456907104
1119	5.474376162252117
1120	5.474376162252117
1121	5.474376162252117
1122	2.3598613000627484
1123	2.3598613000627484
1124	2.3598613000627484
1125	4.684789906019234
1126	4.684789906019234
1127	4.684789906019234
1128	2.1202414249216166
1129	2.1202414249216166
1130	2.1202414249216166
1131	4.318661627374735
1132	4.318661627374735
1133	4.318661627374735
1134	3.9092408081912073
1135	3.9092408081912073
1136	3.9092408081912073
1137	3.1365254875556206
1138	3.1365254875556206
1139	3.1365254875556206
1140	5.817554475035981
1141	5.817554475035981
1142	5.817554475035981
1143	4.353130836004182
1144	4.353130836004182
1145	4.353130836004182
1146	2.8256914970483145
1147	2.8256914970483145
1148	2.8256914970483145
1149	2.648429299317101
1150	2.648429299317101
1151	2.648429299317101
1152	2.565898984951425
1153	2.565898984951425
1154	2.565898984951425
1155	5.521965057216197
1156	5.521965057216197
1157	5.521965057216197
1158	1.7300771805970871
1159	1.7300771805970871
1160	1.7300771805970871
1161	3.6099784568324598
1162	3.6099784568324598
1163	3.6099784568324598
1164	5.277391248247008
1165	5.277391248247008
1166	5.277391248247008
1167	1.3892797522853195
1168	1.3892797522853195
1169	1.3892797522853195
1170	1.0166515534385634
1171	1.0166515534385634
1172	1.0166515534385634
1173	1.889157303603977
1174	1.889157303603977
1175	1.889157303603977
1176	1.9288429165859557
1177	2.3433897482626698
1178	3.7051426266000345
1179	3.7051426266000345
1180	3.7051426266000345
1181	2.543691684810642
1182	2.543691684810642
1183	2.543691684810642
1184	2.6446726898617547
1185	2.6446726898617547
1186	2.6446726898617547
1187	3.172007830179348
1188	3.172007830179348
1189	3.172007830179348
1190	1.8476460329756144
1191	1.8476460329756144
1192	1.8476460329756144
1193	1.8140064430440308
1194	1.8140064430440308
1195	1.8140064430440308
1196	0.6833285100126063
1197	0.6833285100126063
1198	0.6833285100126063
1199	2.7663058118589268
1200	2.7663058118589268
1201	2.7663058118589268
1202	2.3208441349525293
1203	2.3208441349525293
1204	2.3208441349525293
1205	2.5328300221378903
1206	2.5328300221378903
1207	2.5328300221378903
1208	3.9443018158566012
1209	3.9443018158566012
1210	3.9443018158566012
1211	1.730143505111862
1212	1.730143505111862
1213	1.730143505111862
1214	0.9779483905281068
1215	0.9779483905281068
1216	0.9779483905281068
1217	2.446043064009388
1218	2.446043064009388
1219	2.446043064009388
1220	0.560697232308291
1221	0.560697232308291
1222	0.560697232308291
1223	0.5243421343979231
1224	0.5243421343979231
1225	0.5243421343979231
1226	0.3616837496037561
1227	0.3616837496037561
1228	0.3616837496037561
1229	0.7084099351717914
1230	0.7084099351717914
1231	0.7084099351717914
1232	0.4339074300967355
1233	0.4339074300967355
1234	0.4339074300967355
1235	1.1001246812612404
1236	1.1001246812612404
1237	1.1001246812612404
1238	0.26544818009314514
1239	0.26544818009314514
1240	0.26544818009314514
1241	0.8324357244832652
1242	0.8324357244832652
1243	0.3529074769209489
1244	0.3529074769209489
1245	0.3529074769209489
1246	0.7914753756478774
1247	0.7914753756478774
1248	0.7914753756478774
1249	1.2569748018754656
1250	1.2569748018754656
1251	1.2569748018754656
1252	1.60801350752149
1253	1.60801350752149
1254	1.60801350752149
1255	0.763589572128474
1256	0.763589572128474
1257	0.763589572128474
1258	1.0582012953592859
1259	1.0582012953592859
1260	1.0582012953592859
1261	1.369069738778478
1262	1.369069738778478
1263	1.369069738778478
1264	1.6309611762080294
1265	1.6309611762080294
1266	1.6309611762080294
1267	1.4610547403751832
1268	1.4610547403751832
1269	1.4610547403751832
1270	1.1617498375007052
1271	1.1617498375007052
1272	1.1617498375007052
1273	0.24186107108145527
1274	0.24186107108145527
1275	0.24186107108145527
1276	0.8026481428170789
1277	0.8026481428170789
1278	0.8026481428170789
1279	0.9205812045450529
1280	0.9205812045450529
1281	0.9205812045450529
1282	0.6496869811554161
1283	0.6496869811554161
1284	0.6496869811554161
1285	0.5739410611321807
1286	0.5739410611321807
1287	0.5739410611321807
1288	1.9817251189781389
1289	1.9817251189781389
1290	1.9817251189781389
1291	1.2686234911772503
1292	1.2686234911772503
1293	1.2686234911772503
1294	1.8821669642504768
1295	1.8821669642504768
1296	1.8821669642504768
1297	1.1420919364709372
1298	1.1420919364709372
1299	1.1420919364709372
1300	1.3082543871192438
1301	1.3082543871192438
1302	1.3082543871192438
1303	1.3125887401346628
1304	1.3125887401346628
1305	1.3125887401346628
1306	1.26497146910001
1307	1.26497146910001
1308	1.26497146910001
1309	1.2689283168182581
1310	1.2689283168182581
1311	1.2689283168182581
1312	1.269877457918556
1313	1.269877457918556
1314	1.269877457918556
1315	1.3450881621261725
1316	1.3450881621261725
1317	1.3450881621261725
1318	1.2538379627676637
1319	1.2538379627676637
1320	1.2538379627676637
1321	0.5526433868294341
1322	0.5526433868294341
1323	0.5526433868294341
1324	0.943598051355208
1325	0.943598051355208
1326	0.943598051355208
1327	0.9207494795853104
1328	0.9207494795853104
1329	0.9207494795853104
1330	0.7673495759057005
1331	0.7673495759057005
1332	0.7673495759057005
1333	1.0163501876813084
1334	1.0163501876813084
1335	1.0163501876813084
1336	0.843752162099811
1337	0.843752162099811
1338	0.843752162099811
1339	1.4281260925367936
1340	1.4281260925367936
1341	1.4281260925367936
1342	1.3875170869915254
1343	1.3875170869915254
1344	1.3875170869915254
1345	0.4989100662467968
1346	3.5682384878849405
1347	0.8526168096913143
1348	0.8526168096913143
1349	0.8526168096913143
1350	0.1
1351	0.1
1352	2.673046603100216
1353	2.673046603100216
1354	2.673046603100216
1355	4.145870964844361
1356	4.145870964844361
1357	0.6144724205547616
1358	0.6144724205547616
1359	0.6144724205547616
1360	0.296288717849051
1361	0.296288717849051
1362	0.296288717849051
1363	1.0730620058090592
1364	1.0730620058090592
1365	1.0730620058090592
1366	1.2342253206239404
1367	1.2342253206239404
1368	1.2342253206239404
1369	0.7459711400150888
1370	0.7459711400150888
1371	0.7459711400150888
1372	1.2007922321396844
1373	1.2007922321396844
1374	1.2007922321396844
1375	1.0680831933829043
1376	1.0680831933829043
1377	1.0680831933829043
1378	1.2472331610246359
1379	1.2472331610246359
1380	1.2472331610246359
1381	0.5690293269436452
1382	0.5690293269436452
1383	0.5690293269436452
1384	1.4238996161433128
1385	1.492522032665139
1386	1.492522032665139
1387	1.492522032665139
1388	2.732576605374917
1389	2.732576605374917
1390	2.732576605374917
1391	2.7588605884093287
1392	2.7588605884093287
1393	2.7588605884093287
1394	2.7429318352200456
1395	2.7429318352200456
1396	2.7429318352200456
1397	2.8701746214091974
1398	2.8701746214091974
1399	2.8701746214091974
1400	5.252527695948873
1401	5.252527695948873
1402	5.252527695948873
1403	1.4800285964326303
1404	1.4800285964326303
1405	1.4800285964326303
1406	6.003420343722764
1407	6.003420343722764
1408	6.003420343722764
1409	1.9222995209562683
1410	1.9222995209562683
1411	1.9222995209562683
1412	3.9226867856039855
1413	3.9226867856039855
1414	3.9226867856039855
1415	2.5507318361812903
1416	2.5507318361812903
1417	2.5507318361812903
1418	2.8481646477905342
1419	2.8481646477905342
1420	2.8481646477905342
1421	4.027240366966656
1422	4.027240366966656
1423	4.027240366966656
1424	6.640416066488541
1425	6.640416066488541
1426	6.640416066488541
1427	2.15206996806282
1428	2.15206996806282
1429	2.15206996806282
1430	6.106285362220349
1431	6.106285362220349
1432	6.106285362220349
1433	3.563439426192729
1434	3.563439426192729
1435	3.563439426192729
1436	3.987114291320367
1437	3.987114291320367
1438	3.987114291320367
1439	2.1712091666157756
1440	2.1712091666157756
1441	2.1712091666157756
1442	2.4602272516390666
1443	2.4602272516390666
1444	2.4602272516390666
1445	3.198718664374688
1446	3.198718664374688
1447	3.198718664374688
1448	2.8085259522720527
1449	2.8085259522720527
1450	2.8085259522720527
1451	2.087910184645221
1452	2.087910184645221
1453	2.087910184645221
1454	1.9473785571809525
1455	1.9473785571809525
1456	1.9473785571809525
1457	4.245410699779362
1458	4.245410699779362
1459	4.245410699779362
1460	4.16268318552518
1461	4.16268318552518
1462	4.16268318552518
1463	5.595229007966632
1464	5.595229007966632
1465	5.595229007966632
1466	4.64279232151498
1467	4.64279232151498
1468	4.64279232151498
1469	0.1
1470	0.1
1471	0.1
1472	2.017177184140609
1473	2.017177184140609
1474	2.017177184140609
1475	4.696042155549535
1476	4.696042155549535
1477	4.696042155549535
1478	2.0514756471400135
1479	2.0514756471400135
1480	2.0514756471400135
1481	1.0720570479059364
1482	1.0720570479059364
1483	1.0720570479059364
1484	0.25517250822643905
1485	0.25517250822643905
1486	0.25517250822643905
1487	1.127376655738417
1488	1.127376655738417
1489	1.127376655738417
1490	0.8800814246061095
1491	0.8800814246061095
1492	0.8800814246061095
1493	1.1544886085599468
1494	1.1544886085599468
1495	1.1544886085599468
1496	0.7573434186369947
1497	0.7573434186369947
1498	0.7573434186369947
1499	3.8352251772628128
1500	3.8352251772628128
1501	3.8352251772628128
1502	2.168450134561544
1503	2.168450134561544
1504	2.168450134561544
1505	3.584755349059565
1506	3.584755349059565
1507	3.584755349059565
1508	3.2077958127198305
1509	3.2077958127198305
1510	3.2077958127198305
1511	3.33931032653475
1512	3.33931032653475
1513	3.33931032653475
1514	2.18101909379784
1515	2.18101909379784
1516	2.18101909379784
1517	2.2646213089958662
1518	2.2646213089958662
1519	2.2646213089958662
1520	3.792101829440414
1521	3.792101829440414
1522	3.792101829440414
1523	3.7618631233357447
1524	3.7618631233357447
1525	3.7618631233357447
1526	0.8834858125058074
1527	0.8834858125058074
1528	0.8834858125058074
1529	4.038242985174603
1530	4.038242985174603
1531	4.038242985174603
1532	4.145697501335795
1533	4.145697501335795
1534	4.145697501335795
1535	2.4132718797271577
1536	2.4132718797271577
1537	2.4132718797271577
1538	4.937604096992841
1539	4.937604096992841
1540	4.937604096992841
1541	3.3065107956032964
1542	3.3065107956032964
1543	3.3065107956032964
1544	4.0715596801211245
1545	4.0715596801211245
1546	4.0715596801211245
1547	4.454898889832887
1548	4.454898889832887
1549	4.454898889832887
1550	1.8144579186222012
1551	1.8144579186222012
1552	1.8144579186222012
1553	4.567559729486721
1554	4.567559729486721
1555	4.567559729486721
1556	4.015153039255422
1557	4.015153039255422
1558	4.015153039255422
1559	5.3400600548030805
1560	5.3400600548030805
1561	5.3400600548030805
1562	2.729167637449735
1563	2.729167637449735
1564	2.729167637449735
1565	2.150383607649454
1566	2.150383607649454
1567	2.150383607649454
1568	1.7626134202580628
1569	1.7626134202580628
1570	1.7626134202580628
1571	1.6450803875795459
1572	1.6450803875795459
1573	1.6450803875795459
1574	2.013314133914614
1575	2.013314133914614
1576	2.013314133914614
1577	0.8754448758787994
1578	2.228566871853614
1579	2.228566871853614
1580	2.228566871853614
1581	4.451433375552152
1582	4.451433375552152
1583	4.451433375552152
1584	3.5476083612250946
1585	3.5476083612250946
1586	3.5476083612250946
1587	4.533520524063903
1588	4.533520524063903
1589	4.533520524063903
1590	3.096639449403184
1591	3.096639449403184
1592	3.096639449403184
1593	3.8797946904540757
1594	3.8797946904540757
1595	3.8797946904540757
1596	2.185989427749479
1597	2.185989427749479
1598	2.185989427749479
1599	3.303255999208408
1600	3.303255999208408
1601	3.303255999208408
1602	2.2585462673076355
1603	2.2585462673076355
1604	2.2585462673076355
1605	3.077823055207631
1606	3.077823055207631
1607	3.077823055207631
1608	2.8294983228209865
1609	2.8294983228209865
1610	2.8294983228209865
1611	0.281872139316627
1612	0.281872139316627
1613	0.281872139316627
1614	3.830489965901164
1615	3.830489965901164
1616	3.830489965901164
1617	3.433089376237563
1618	3.433089376237563
1619	3.433089376237563
1620	2.7302700218526677
1621	2.7302700218526677
1622	2.7302700218526677
1623	2.3595645311096245
1624	2.3595645311096245
1625	2.3595645311096245
1626	4.422313706399665
1627	4.422313706399665
1628	4.422313706399665
1629	2.7726720242549274
1630	2.7726720242549274
1631	2.7726720242549274
1632	2.453618619712652
1633	2.453618619712652
1634	2.453618619712652
1635	2.517056115618203
1636	2.517056115618203
1637	2.517056115618203
1638	3.617407738528998
1639	3.617407738528998
1640	3.617407738528998
1641	3.931167099085009
1642	3.931167099085009
1643	3.931167099085009
1644	3.8082080819270385
1645	3.8082080819270385
1646	3.8082080819270385
1647	1.1256805216896868
1648	1.1256805216896868
1649	1.1256805216896868
1650	1.388476598002506
1651	1.388476598002506
1652	1.388476598002506
1653	2.2060829657718175
1654	2.2060829657718175
1655	2.2060829657718175
1656	3.7267383723844585
1657	3.7267383723844585
1658	3.7267383723844585
1659	4.169045401359388
1660	4.169045401359388
1661	4.169045401359388
1662	3.9145885064032133
1663	3.9145885064032133
1664	3.9145885064032133
1665	3.403647752462583
1666	3.403647752462583
1667	3.403647752462583
1668	4.312406031519437
1669	4.312406031519437
1670	4.312406031519437
1671	3.6386058881099714
1672	3.6386058881099714
1673	3.6386058881099714
1674	1.6990587994721897
1675	1.6990587994721897
1676	1.6990587994721897
1677	3.65523941263758
1678	3.65523941263758
1679	3.65523941263758
1680	3.479951687369039
1681	3.479951687369039
1682	3.479951687369039
1683	2.8219887053101598
1684	2.8219887053101598
1685	2.8219887053101598
1686	2.1025795683953694
1687	2.1025795683953694
1688	2.1025795683953694
1689	3.6483533682306417
1690	3.6483533682306417
1691	3.6483533682306417
1692	2.8660250365713216
1693	2.8660250365713216
1694	2.8660250365713216
1695	1.9284194721331793
1696	1.9284194721331793
1697	1.9284194721331793
1698	3.508648594102055
1699	3.508648594102055
1700	3.508648594102055
1701	1.3334954855145682
1702	1.3334954855145682
1703	1.3334954855145682
1704	0.9776978649214934
1705	0.9776978649214934
1706	0.9776978649214934
1707	2.198441105134227
1708	2.198441105134227
1709	2.198441105134227
1710	2.8347596541045026
1711	2.8347596541045026
1712	2.8347596541045026
1713	3.8430639145533343
1714	3.8430639145533343
1715	3.8430639145533343
1716	3.5300673760310595
1717	3.5300673760310595
1718	3.5300673760310595
1719	0.9676602825959846
1720	0.9676602825959846
1721	0.9676602825959846
1722	2.6449392936785943
1723	2.6449392936785943
1724	2.6449392936785943
1725	3.1614231743772465
1726	3.1614231743772465
1727	3.1614231743772465
1728	3.7023660601184956
1729	3.7023660601184956
1730	3.7023660601184956
1731	3.154273410360874
1732	3.154273410360874
1733	3.154273410360874
1734	2.806465210192713
1735	2.806465210192713
1736	2.806465210192713
1737	2.9449293279128392
1738	2.9449293279128392
1739	2.9449293279128392
1740	4.334548610846433
1741	4.334548610846433
1742	4.334548610846433
1743	3.4301577082736343
1744	3.4301577082736343
1745	3.4301577082736343
1746	0.8223015755715197
1747	0.8223015755715197
1748	0.8223015755715197
1749	2.528489749239154
1750	2.528489749239154
1751	2.528489749239154
1752	2.6980178540891497
1753	2.6980178540891497
1754	2.6980178540891497
1755	2.845693760262348
1756	2.845693760262348
1757	3.585330007782342
1758	3.585330007782342
1759	3.585330007782342
1760	3.025006575214454
1761	3.025006575214454
1762	3.025006575214454
1763	2.941557102172072
1764	2.941557102172072
1765	2.941557102172072
1766	3.0737656261406174
1767	3.0737656261406174
1768	3.0737656261406174
1769	2.909516310650094
1770	2.909516310650094
1771	2.909516310650094
1772	2.922660533622645
1773	2.922660533622645
1774	2.922660533622645
1775	1.3961152125841378
1776	1.3961152125841378
1777	1.3961152125841378
1778	3.2323900543195183
1779	3.2323900543195183
1780	3.2323900543195183
1781	2.986840989198047
1782	2.986840989198047
1783	2.986840989198047
1784	3.0962123646849378
1785	3.0962123646849378
1786	3.0962123646849378
1787	2.3608925149684774
1788	2.3608925149684774
1789	2.3608925149684774
1790	2.7354003635593314
1791	2.7354003635593314
1792	2.7354003635593314
1793	2.3574544565456854
1794	2.3574544565456854
1795	2.3574544565456854
1796	3.007219913517169
1797	3.007219913517169
1798	3.007219913517169
1799	2.498123003625503
1800	2.498123003625503
1801	2.498123003625503
1802	3.132453672475846
1803	3.132453672475846
1804	3.132453672475846
1805	2.912292821945581
1806	2.912292821945581
1807	2.912292821945581
1808	3.058169503410682
1809	3.058169503410682
1810	3.058169503410682
1811	2.1789958617894283
1812	2.1789958617894283
1813	2.1789958617894283
1814	2.139779552473675
1815	2.139779552473675
1816	2.139779552473675
1817	2.2542570235185706
1818	2.2542570235185706
1819	2.2542570235185706
1820	2.369240464488401
1821	2.369240464488401
1822	2.369240464488401
1823	4.508912019669545
1824	4.508912019669545
1825	4.508912019669545
1826	1.9091825663400925
1827	1.9091825663400925
1828	1.9091825663400925
1829	2.2236834205884355
1830	2.2236834205884355
1831	2.2236834205884355
1832	3.0780698280430547
1833	3.0780698280430547
1834	3.0780698280430547
1835	2.26118629155786
1836	2.26118629155786
1837	2.26118629155786
1838	2.233772845377195
1839	2.233772845377195
1840	2.233772845377195
1841	4.200822567405486
1842	4.200822567405486
1843	4.200822567405486
1844	3.3725853428321306
1845	3.3725853428321306
1846	3.3725853428321306
1847	3.2618100545036794
1848	3.2618100545036794
1849	3.2618100545036794
1850	1.6426992433077594
1851	1.6426992433077594
1852	1.6426992433077594
1853	1.4680386362190172
1854	1.4680386362190172
1855	1.4680386362190172
1856	2.0966243606158077
1857	2.0966243606158077
1858	2.0966243606158077
1859	2.075470185396022
1860	2.075470185396022
1861	2.075470185396022
1862	2.2382307076352
1863	2.2382307076352
1864	2.2382307076352
1865	0.933032772984421
1866	0.933032772984421
1867	0.933032772984421
1868	3.477274178517254
1869	3.477274178517254
1870	3.477274178517254
1871	2.4955479989115217
1872	2.4955479989115217
1873	2.4955479989115217
1874	2.7567033351601675
1875	2.7567033351601675
1876	2.7567033351601675
1877	2.4963090358106776
1878	2.4963090358106776
1879	2.4963090358106776
1880	1.8636520397385075
1881	1.8636520397385075
1882	1.8636520397385075
1883	2.340029967991324
1884	2.340029967991324
1885	2.340029967991324
1886	2.9362045072963063
1887	2.9362045072963063
1888	2.9362045072963063
1889	3.6815906077757
1890	3.6815906077757
1891	3.6815906077757
1892	2.5378265283919212
1893	2.5378265283919212
1894	2.5378265283919212
1895	1.9655903254008924
1896	1.9655903254008924
1897	1.9655903254008924
1898	3.7445528737788703
1899	3.7445528737788703
1900	1.31349521800679
1901	1.31349521800679
1902	1.31349521800679
1903	2.4873898159663694
1904	2.4873898159663694
1905	2.4873898159663694
1906	1.924093974887832
1907	1.924093974887832
1908	1.924093974887832
1909	2.3286302951106475
1910	2.3286302951106475
1911	2.3286302951106475
1912	1.2624197362636524
1913	1.2624197362636524
1914	1.2624197362636524
1915	2.72100887350827
1916	2.72100887350827
1917	2.72100887350827
1918	2.2591082504630706
1919	2.2591082504630706
1920	2.2591082504630706
1921	1.868041137051466
1922	1.868041137051466
1923	1.868041137051466
1924	1.8632705008865513
1925	1.8632705008865513
1926	1.8632705008865513
1927	1.4563565207689555
1928	1.4563565207689555
1929	1.4563565207689555
1930	1.57487944591402
1931	1.57487944591402
1932	1.57487944591402
1933	1.974069947043319
1934	1.974069947043319
1935	1.974069947043319
1936	3.0615420927462953
1937	1.5103381575309625
1938	1.5103381575309625
1939	1.5103381575309625
1940	1.7207782017105588
1941	1.7207782017105588
1942	1.7207782017105588
1943	2.099255819065246
1944	3.942810274410355
1945	3.942810274410355
1946	3.942810274410355
1947	6.49662127334245
1948	6.49662127334245
1949	6.49662127334245
1950	3.3013392565615094
1951	3.3013392565615094
1952	3.3013392565615094
1953	3.567668238348598
1954	3.567668238348598
1955	3.567668238348598
1956	3.4533026589699976
1957	3.4533026589699976
1958	3.4533026589699976
1959	2.61433659591557
1960	2.61433659591557
1961	0.7581511059916521
1962	0.7581511059916521
1963	0.7581511059916521
1964	0.47536943116023656
1965	0.47536943116023656
1966	0.47536943116023656
1967	0.9281165535749742
1968	0.9281165535749742
1969	0.9281165535749742
1970	0.5543728278242309
1971	0.5543728278242309
1972	0.5543728278242309
1973	0.5140002169192992
1974	0.5140002169192992
1975	0.5140002169192992
1976	0.6828705719971649
1977	0.6828705719971649
1978	0.6828705719971649
1979	0.7105779421323716
1980	0.7105779421323716
1981	0.7105779421323716
1982	0.7026436221805598
1983	0.7026436221805598
1984	0.7026436221805598
1985	0.9901190739788033
1986	0.9901190739788033
1987	0.9901190739788033
1988	0.6364063188719657
1989	0.6364063188719657
1990	0.6364063188719657
1991	0.7821113692371052
1992	0.7821113692371052
1993	0.7821113692371052
1994	0.6429687212249104
1995	0.6429687212249104
1996	0.6429687212249104
1997	1.0018977139532161
1998	1.0018977139532161
1999	1.0018977139532161
