0	2.2515562356856798
1	2.2515562356856798
2	2.2515562356856798
3	1.6017239745118197
4	1.6017239745118197
5	1.6017239745118197
6	1.945819204110589
7	1.945819204110589
8	1.945819204110589
9	3.18518263902731
10	3.18518263902731
11	3.18518263902731
12	4.148117012706011
13	4.148117012706011
14	4.148117012706011
15	4.126175983305213
16	4.126175983305213
17	4.126175983305213
18	3.2950284913490853
19	3.2950284913490853
20	3.2950284913490853
21	3.6599201182836754
22	3.6599201182836754
23	3.6599201182836754
24	3.77128879386664
25	3.77128879386664
26	3.77128879386664
27	3.6519773820851302
28	3.6519773820851302
29	3.6519773820851302
30	1.6163810901467015
31	1.6163810901467015
32	1.6163810901467015
33	2.114692761384663
34	2.114692761384663
35	2.114692761384663
36	1.8997836212978796
37	0.6461872240436525
38	0.6461872240436525
39	0.6461872240436525
40	0.4697251575459057
41	0.4697251575459057
42	0.4697251575459057
43	0.5309868034075917
44	0.5309868034075917
45	0.5309868034075917
46	0.6600164066863771
47	0.6600164066863771
48	2.280951947026502
49	2.280951947026502
50	2.280951947026502
51	3.1995086353695026
52	3.1995086353695026
53	3.1995086353695026
54	2.2356042052862337
55	2.2356042052862337
56	2.2356042052862337
57	3.0372500116631547
58	3.0372500116631547
59	3.0372500116631547
60	2.7222120315158995
61	2.7222120315158995
62	2.7222120315158995
63	1.5739764506930567
64	1.5739764506930567
65	1.5739764506930567
66	2.519245094159425
67	2.519245094159425
68	2.519245094159425
69	2.764274855264229
70	2.764274855264229
71	2.764274855264229
72	2.485721205383009
73	2.485721205383009
74	2.485721205383009
75	0.8982023662038658
76	0.8982023662038658
77	0.8982023662038658
78	1.2612715867400974
79	1.2612715867400974
80	1.2612715867400974
81	1.149889889906858
82	1.149889889906858
83	1.149889889906858
84	0.9615185786555076
85	0.9615185786555076
86	0.9615185786555076
87	1.5091389704098719
88	1.5091389704098719
89	1.5091389704098719
90	1.1826374482427318
91	1.1826374482427318
92	1.1826374482427318
93	1.2947333561339622
94	1.2947333561339622
95	1.2947333561339622
96	1.1508890800246008
97	0.21914519445346742
98	0.21914519445346742
99	0.21914519445346742
100	0.18848359596335978
101	0.18848359596335978
102	0.18848359596335978
103	0.19001058078270944
104	0.19001058078270944
105	0.19001058078270944
106	0.21171701311939972
107	0.21171701311939972
108	0.21171701311939972
109	0.21924774792495247
110	0.21924774792495247
111	0.21924774792495247
112	0.14488986952754482
113	0.5158234177920704
114	0.5158234177920704
115	0.5158234177920704
116	0.7133137583123279
117	0.7133137583123279
118	0.7133137583123279
119	0.657995823791642
120	0.657995823791642
121	0.657995823791642
122	0.7674426535872961
123	0.7674426535872961
124	0.7674426535872961
125	0.5722772283302104
126	0.5722772283302104
127	0.5722772283302104
128	0.5861874955059782
129	0.5861874955059782
130	0.5861874955059782
131	0.5418794822386048
132	0.5418794822386048
133	0.5418794822386048
134	0.7685384164245066
135	0.7685384164245066
136	0.7685384164245066
137	0.6632491412562584
138	0.6632491412562584
139	0.6632491412562584
140	0.7058074468778691
141	0.7058074468778691
142	0.7058074468778691
143	2.47978783242914
144	2.47978783242914
145	2.47978783242914
146	3.0133717184674698
147	3.0133717184674698
148	3.0133717184674698
149	1.7138336976163733
150	1.7138336976163733
151	1.7138336976163733
152	2.9290497197582424
153	2.9290497197582424
154	2.9290497197582424
155	2.9687813467785755
156	2.9687813467785755
157	2.9687813467785755
158	2.3774901858250055
159	2.3774901858250055
160	0.7324305593469569
161	0.7324305593469569
162	0.7324305593469569
163	0.5542101429215421
164	0.5542101429215421
165	0.5542101429215421
166	0.4827149885850527
167	0.4827149885850527
168	0.4827149885850527
169	0.2508286068583892
170	0.2508286068583892
171	0.2508286068583892
172	0.820023244862615
173	0.820023244862615
174	0.820023244862615
175	0.4897930617700664
176	0.4897930617700664
177	0.4897930617700664
178	0.4887823869252207
179	0.4887823869252207
180	1.2550121953575673
181	1.2550121953575673
182	1.2550121953575673
183	0.8528644010229107
184	0.8528644010229107
185	0.8528644010229107
186	1.155269569764594
187	1.155269569764594
188	1.155269569764594
189	0.977059613072148
190	0.977059613072148
191	0.977059613072148
192	1.2521751614115175
193	1.2521751614115175
194	1.2521751614115175
195	1.1345142604402638
196	1.1345142604402638
197	1.1345142604402638
198	0.8022629768945089
199	0.8022629768945089
200	0.8022629768945089
201	2.448727977717879
202	1.1624997983585517
203	1.1624997983585517
204	1.1624997983585517
205	0.6611753000009797
206	0.6611753000009797
207	0.6611753000009797
208	0.8953086673669108
209	0.8953086673669108
210	0.8953086673669108
211	0.8390868014850877
212	0.8390868014850877
213	0.8390868014850877
214	0.8759062870572011
215	0.8759062870572011
216	0.8759062870572011
217	0.618553723482704
218	0.618553723482704
219	0.618553723482704
220	0.5676945685198602
221	0.5676945685198602
222	0.5676945685198602
223	0.7626454089021524
224	0.7626454089021524
225	3.8051926753469067
226	3.8051926753469067
227	3.8051926753469067
228	4.3282964035499045
229	4.3282964035499045
230	4.3282964035499045
231	4.166010479783298
232	4.166010479783298
233	4.166010479783298
234	3.3045292853334955
235	3.3045292853334955
236	3.3045292853334955
237	5.302388542958761
238	5.302388542958761
239	5.302388542958761
240	1.1000411370434662
241	1.1000411370434662
242	1.1000411370434662
243	1.0676357925841475
244	1.0676357925841475
245	1.0676357925841475
246	1.137779814347809
247	1.137779814347809
248	1.137779814347809
249	0.8552471399149619
250	0.8552471399149619
251	0.8552471399149619
252	0.8967616285206099
253	0.8967616285206099
254	0.8967616285206099
255	1.3311429835235842
256	1.3311429835235842
257	1.3311429835235842
258	0.9373851799673243
259	0.9373851799673243
260	0.9373851799673243
261	1.205656738393529
262	1.205656738393529
263	1.205656738393529
264	1.1158967284307217
265	1.1158967284307217
266	1.1158967284307217
267	1.0295164695442165
268	1.0295164695442165
269	1.0295164695442165
270	1.2873291733370729
271	1.2873291733370729
272	1.2873291733370729
273	1.37333255577673
274	1.37333255577673
275	1.37333255577673
276	2.984252048452067
277	2.984252048452067
278	2.984252048452067
279	3.6848107979255493
280	3.6848107979255493
281	2.523267848894326
282	2.523267848894326
283	2.523267848894326
284	1.5371887374892452
285	0.21925840093532092
286	0.21925840093532092
287	0.21925840093532092
288	0.2378083544722845
289	0.2378083544722845
290	0.2378083544722845
291	0.2854238579263044
292	0.2854238579263044
293	0.2854238579263044
294	0.21436734272520708
295	0.21436734272520708
296	0.21436734272520708
297	0.18283443498043783
298	0.18283443498043783
299	0.18283443498043783
300	0.16173276158988487
301	0.16173276158988487
302	0.16173276158988487
303	3.41288108645943
304	3.41288108645943
305	3.41288108645943
306	3.679581873615749
307	3.679581873615749
308	3.679581873615749
309	2.5219340378927004
310	2.5219340378927004
311	1.4163502011155
312	1.4163502011155
313	1.4163502011155
314	1.9728257256864097
315	1.9728257256864097
316	1.9728257256864097
317	1.7638429657883008
318	1.7638429657883008
319	1.7638429657883008
320	1.4875095604603057
321	1.4875095604603057
322	3.083414562686142
323	3.083414562686142
324	3.083414562686142
325	4.117028989499355
326	4.117028989499355
327	4.117028989499355
328	2.8776870893855384
329	2.8776870893855384
330	2.8776870893855384
331	4.012684996399489
332	4.012684996399489
333	4.012684996399489
334	3.0614536445657654
335	3.0614536445657654
336	3.0614536445657654
337	3.1242442650760207
338	3.1242442650760207
339	3.1242442650760207
340	2.7574035376333286
341	2.7574035376333286
342	1.583986171375614
343	1.583986171375614
344	1.583986171375614
345	1.3488022883838766
346	1.3488022883838766
347	1.3488022883838766
348	3.3287383917789835
349	3.3287383917789835
350	3.3287383917789835
351	0.676736055515537
352	0.676736055515537
353	0.676736055515537
354	0.5634219021140165
355	0.5634219021140165
356	0.5634219021140165
357	0.404919103045934
358	0.404919103045934
359	0.404919103045934
360	0.6755195999665992
361	0.6755195999665992
362	0.6755195999665992
363	0.7266719162741491
364	0.7266719162741491
365	0.7266719162741491
366	0.4967504594944403
367	0.4967504594944403
368	0.4967504594944403
369	0.703090183386615
370	0.703090183386615
371	0.703090183386615
372	0.5760878296241864
373	0.5760878296241864
374	0.5760878296241864
375	0.8634221535513196
376	0.8634221535513196
377	0.8634221535513196
378	0.7084837679135763
379	0.7084837679135763
380	0.7084837679135763
381	0.7014316471343045
382	0.7014316471343045
383	0.7014316471343045
384	0.6371786090069829
385	0.6371786090069829
386	0.6371786090069829
387	0.6158837914876146
388	0.6158837914876146
389	0.6158837914876146
390	0.46846680833354964
391	0.46846680833354964
392	0.46846680833354964
393	0.6641007727237085
394	0.6641007727237085
395	0.6641007727237085
396	0.4165258001595592
397	0.4165258001595592
398	1.6014959161330808
399	1.6014959161330808
400	1.6014959161330808
401	1.4169697295933479
402	1.4169697295933479
403	1.4169697295933479
404	1.5326386661543294
405	1.5326386661543294
406	1.5326386661543294
407	1.6531698666838979
408	1.6531698666838979
409	1.6531698666838979
410	1.897835314203152
411	1.897835314203152
412	1.897835314203152
413	1.5120715310977857
414	1.5120715310977857
415	1.5120715310977857
416	2.4173248201886977
417	2.5587703102490877
418	2.5587703102490877
419	2.5587703102490877
420	3.677780543346116
421	3.677780543346116
422	3.677780543346116
423	3.294305973660074
424	3.294305973660074
425	3.294305973660074
426	3.167539149922553
427	3.167539149922553
428	3.167539149922553
429	2.980155536831351
430	2.980155536831351
431	2.2877294501339893
432	2.2877294501339893
433	2.2877294501339893
434	2.684732443716382
435	2.684732443716382
436	2.684732443716382
437	2.138478693303401
438	2.138478693303401
439	1.7882711369556952
440	1.7882711369556952
441	1.7882711369556952
442	0.13992649699368903
443	3.358831316270771
444	3.358831316270771
445	3.358831316270771
446	4.328750916332874
447	4.328750916332874
448	4.328750916332874
449	2.7808449002913553
450	2.7808449002913553
451	2.7808449002913553
452	3.306579779557197
453	3.306579779557197
454	3.306579779557197
455	3.231747268812314
456	3.231747268812314
457	3.231747268812314
458	3.2179669547647127
459	3.2179669547647127
460	3.2179669547647127
461	3.5602471095171233
462	3.5602471095171233
463	3.5602471095171233
464	1.4690219998159957
465	1.4690219998159957
466	1.4690219998159957
467	3.947598024635163
468	3.947598024635163
469	3.947598024635163
470	3.198741944408486
471	3.198741944408486
472	3.198741944408486
473	3.547442901307805
474	3.547442901307805
475	3.547442901307805
476	3.3601734184637784
477	0.6026332939592919
478	0.6026332939592919
479	0.6026332939592919
480	2.5497399848023923
481	2.5497399848023923
482	2.5497399848023923
483	1.7060392765174766
484	1.7060392765174766
485	0.8362254246135794
486	0.8362254246135794
487	0.8362254246135794
488	0.7299632911659759
489	0.7299632911659759
490	0.7299632911659759
491	0.8639672917470274
492	0.8639672917470274
493	0.8639672917470274
494	0.6807575253826226
495	0.6807575253826226
496	0.6807575253826226
497	0.7000057127644901
498	0.7000057127644901
499	0.7000057127644901
500	0.4862818423265477
501	2.641984661333656
502	2.641984661333656
503	2.641984661333656
504	2.5982141576874516
505	2.5982141576874516
506	2.5982141576874516
507	2.744773193568702
508	2.744773193568702
509	2.744773193568702
510	4.545082378754411
511	4.545082378754411
512	4.545082378754411
513	2.9880339870249353
514	2.9880339870249353
515	2.9880339870249353
516	2.1664018272530434
517	2.1664018272530434
518	2.1664018272530434
519	3.0942256909502435
520	3.0942256909502435
521	3.0942256909502435
522	2.4334783619569014
523	2.4334783619569014
524	2.4334783619569014
525	2.398106904869728
526	2.398106904869728
527	2.398106904869728
528	3.084889877848447
529	3.084889877848447
530	3.084889877848447
531	3.0223355144043387
532	3.0223355144043387
533	3.0223355144043387
534	3.357729076069591
535	3.357729076069591
536	3.357729076069591
537	2.43251267442632
538	2.43251267442632
539	2.43251267442632
540	3.6997070820295104
541	3.6997070820295104
542	3.6997070820295104
543	1.5446989620270914
544	1.5446989620270914
545	1.5446989620270914
546	3.015762627556815
547	3.015762627556815
548	4.1583062987286095
549	4.1583062987286095
550	4.1583062987286095
551	2.8958532195979867
552	2.8958532195979867
553	2.8958532195979867
554	2.567372325180221
555	2.567372325180221
556	2.567372325180221
557	3.3488936899975577
558	3.3488936899975577
559	3.3488936899975577
560	4.680133564261592
561	4.680133564261592
562	4.680133564261592
563	4.401219324880828
564	4.401219324880828
565	4.059338706235617
566	4.059338706235617
567	4.059338706235617
568	4.777514309932814
569	4.777514309932814
570	4.777514309932814
571	3.8603425325842524
572	3.8603425325842524
573	3.8603425325842524
574	4.857928288514688
575	4.857928288514688
576	4.857928288514688
577	4.970192659758068
578	4.970192659758068
579	4.970192659758068
580	2.473315276980174
581	2.473315276980174
582	2.473315276980174
583	2.9626855438685764
584	1.7068698675088148
585	1.7068698675088148
586	1.7068698675088148
587	1.8923921180353838
588	1.8923921180353838
589	1.8923921180353838
590	3.2938638183683953
591	3.2938638183683953
592	3.2938638183683953
593	3.6064310863073716
594	3.6064310863073716
595	3.6064310863073716
596	3.3384063447119874
597	3.3384063447119874
598	3.3384063447119874
599	2.184147117227429
600	2.184147117227429
601	2.184147117227429
602	3.123692451149177
603	3.123692451149177
604	3.123692451149177
605	3.182846363264936
606	3.182846363264936
607	3.182846363264936
608	3.632681127741968
609	3.632681127741968
610	3.632681127741968
611	3.524119085320852
612	3.524119085320852
613	3.524119085320852
614	3.709860980621657
615	3.709860980621657
616	3.709860980621657
617	4.01965712853978
618	4.01965712853978
619	4.01965712853978
620	4.1033842638692
621	4.1033842638692
622	4.1033842638692
623	3.599648256171564
624	3.599648256171564
625	3.599648256171564
626	3.612630723522969
627	3.612630723522969
628	3.612630723522969
629	4.705010734596237
630	4.705010734596237
631	1.0180875555982685
632	1.0180875555982685
633	1.0180875555982685
634	1.0184572409224348
635	1.0184572409224348
636	1.0184572409224348
637	1.06248318434566
638	1.06248318434566
639	3.6786003623934653
640	3.6786003623934653
641	2.7241957213943198
642	2.7241957213943198
643	2.7241957213943198
644	1.6006793453578974
645	1.6006793453578974
646	1.6006793453578974
647	2.1200206772359027
648	2.1200206772359027
649	2.1200206772359027
650	2.0645454506875507
651	2.0645454506875507
652	2.0645454506875507
653	1.5925046027575493
654	1.5925046027575493
655	1.5925046027575493
656	1.5540988211080877
657	1.5540988211080877
658	1.5540988211080877
659	1.228739108298171
660	1.228739108298171
661	1.228739108298171
662	2.360890890737653
663	1.9479305937947804
664	1.9479305937947804
665	1.9479305937947804
666	1.0300489917598168
667	1.0300489917598168
668	1.0300489917598168
669	1.601812455946742
670	1.601812455946742
671	1.601812455946742
672	5.143478813616071
673	5.143478813616071
674	5.143478813616071
675	3.9519456197396265
676	3.9519456197396265
677	3.9519456197396265
678	4.142068877745509
679	4.142068877745509
680	4.3531896765417
681	4.3531896765417
682	4.3531896765417
683	2.6715410836147457
684	2.6715410836147457
685	2.6715410836147457
686	3.044989738660699
687	3.044989738660699
688	2.206451749641629
689	2.206451749641629
690	2.206451749641629
691	1.8021988701633724
692	1.8021988701633724
693	1.8021988701633724
694	1.913976798601413
695	3.233309084140229
696	3.233309084140229
697	3.233309084140229
698	3.506832679365453
699	3.506832679365453
700	3.506832679365453
701	2.922470424019085
702	2.922470424019085
703	2.922470424019085
704	2.9795052252667666
705	2.9795052252667666
706	0.5031056482881338
707	0.5031056482881338
708	0.5031056482881338
709	0.6980870213437381
710	0.6980870213437381
711	0.6980870213437381
712	0.7332526030584984
713	0.7332526030584984
714	2.0956413896060146
715	2.0956413896060146
716	2.0956413896060146
717	3.7297509992762836
718	3.7297509992762836
719	3.7297509992762836
720	2.831869295921652
721	1.0899885419488486
722	1.0899885419488486
723	1.0899885419488486
724	0.898743095041991
725	0.898743095041991
726	0.898743095041991
727	1.253482710226191
728	1.253482710226191
729	4.2039831840539215
730	4.2039831840539215
731	4.2039831840539215
732	3.282832904446214
733	3.282832904446214
734	3.282832904446214
735	2.5412417550846067
736	2.5412417550846067
737	2.5412417550846067
738	3.535273337401538
739	3.535273337401538
740	3.535273337401538
741	3.759552906087979
742	3.759552906087979
743	3.759552906087979
744	2.9220921500186394
745	2.9220921500186394
746	2.9220921500186394
747	0.9820830090970385
748	0.9820830090970385
749	0.9820830090970385
750	1.0980692098655989
751	1.0980692098655989
752	1.0980692098655989
753	0.7827702000742782
754	0.7827702000742782
755	0.7827702000742782
756	0.6524041249331327
757	0.6524041249331327
758	0.6524041249331327
759	1.108361857761643
760	1.108361857761643
761	1.108361857761643
762	1.025285593224081
763	1.025285593224081
764	1.025285593224081
765	0.7472905726776362
766	0.7472905726776362
767	0.7472905726776362
768	1.3029630927364535
769	1.3029630927364535
770	1.3029630927364535
771	3.077641597124878
772	3.077641597124878
773	3.077641597124878
774	4.043768594171633
775	4.043768594171633
776	4.043768594171633
777	2.3360665732319967
778	2.3360665732319967
779	2.3360665732319967
780	4.101014689402727
781	4.101014689402727
782	4.101014689402727
783	1.277072167776768
784	1.277072167776768
785	1.277072167776768
786	0.9773515756947588
787	0.9773515756947588
788	0.9773515756947588
789	1.0349222593554528
790	1.0349222593554528
791	1.0349222593554528
792	1.4606242286684727
793	1.4606242286684727
794	1.4606242286684727
795	0.9625569779316253
796	0.9625569779316253
797	0.9625569779316253
798	1.1668393551893392
799	1.1668393551893392
800	1.1668393551893392
801	2.3630664170224955
802	2.3630664170224955
803	2.3630664170224955
804	2.5024769203545127
805	2.5024769203545127
806	2.5024769203545127
807	2.9523821589891965
808	2.9523821589891965
809	2.9523821589891965
810	2.7812653819964632
811	2.7812653819964632
812	2.7812653819964632
813	2.5565963519396973
814	2.5565963519396973
815	2.5565963519396973
816	1.4654409644557571
817	1.4654409644557571
818	1.4654409644557571
819	2.453855844275625
820	2.453855844275625
821	2.453855844275625
822	2.6217756885459473
823	2.6217756885459473
824	2.6217756885459473
825	1.8374191504932424
826	1.8374191504932424
827	1.8374191504932424
828	1.7244651399299498
829	1.7244651399299498
830	1.7244651399299498
831	2.6594369282689185
832	2.6594369282689185
833	2.6594369282689185
834	1.6807230700057558
835	1.6807230700057558
836	1.6807230700057558
837	2.2055501966622404
838	2.2055501966622404
839	2.2055501966622404
840	2.578095479254313
841	3.421064685602852
842	3.421064685602852
843	3.421064685602852
844	5.619778916979474
845	5.619778916979474
846	5.619778916979474
847	4.109037494898605
848	4.109037494898605
849	4.109037494898605
850	4.619592439514489
851	4.619592439514489
852	5.340631759830367
853	5.340631759830367
854	5.340631759830367
855	4.353850475345473
856	4.353850475345473
857	4.353850475345473
858	3.9743421717173715
859	3.9743421717173715
860	3.9743421717173715
861	3.82440141358822
862	1.5595480913167583
863	1.5595480913167583
864	1.5595480913167583
865	1.5926525169163541
866	1.5926525169163541
867	1.5926525169163541
868	1.327677215728437
869	1.7523376794259944
870	1.7523376794259944
871	1.7523376794259944
872	2.1412944363492223
873	2.1412944363492223
874	2.1412944363492223
875	1.7334764069412862
876	1.7334764069412862
877	1.7334764069412862
878	1.9772581298332919
879	1.9772581298332919
880	1.9772581298332919
881	2.358655167333426
882	2.358655167333426
883	2.358655167333426
884	1.991782185372537
885	1.991782185372537
886	1.991782185372537
887	1.0700544077075103
888	1.3014794721520468
889	1.3014794721520468
890	1.3014794721520468
891	1.1696036799831377
892	1.1696036799831377
893	1.1696036799831377
894	1.1525149778150294
895	1.1525149778150294
896	1.1525149778150294
897	1.2591340126380506
898	1.2591340126380506
899	1.2591340126380506
900	1.2106699775870937
901	1.2106699775870937
902	1.2106699775870937
903	1.1314442124125506
904	1.1314442124125506
905	1.1314442124125506
906	0.9997976626742513
907	0.9997976626742513
908	0.9997976626742513
909	1.3372592646448784
910	1.3372592646448784
911	1.3372592646448784
912	1.1738172057161056
913	1.1738172057161056
914	2.652722624116322
915	2.652722624116322
916	2.652722624116322
917	2.0810639044941475
918	2.0810639044941475
919	2.0810639044941475
920	2.8282267366289906
921	2.8282267366289906
922	2.8282267366289906
923	2.809267290630133
924	2.809267290630133
925	2.809267290630133
926	3.259065414950907
927	3.986695158710546
928	3.986695158710546
929	3.986695158710546
930	3.677090963139303
931	3.677090963139303
932	3.677090963139303
933	1.8045493958654202
934	1.8045493958654202
935	1.8045493958654202
936	1.895374583763384
937	1.895374583763384
938	1.895374583763384
939	2.377314542826567
940	2.377314542826567
941	2.377314542826567
942	2.4110891786324586
943	2.4110891786324586
944	2.4110891786324586
945	1.9868244181417447
946	1.9868244181417447
947	1.9868244181417447
948	1.7746430097339267
949	1.7746430097339267
950	1.7746430097339267
951	2.916303034502844
952	2.916303034502844
953	2.916303034502844
954	4.668025279910668
955	4.668025279910668
956	4.668025279910668
957	4.096455047817523
958	4.096455047817523
959	4.096455047817523
960	5.787719082018354
961	5.787719082018354
962	5.787719082018354
963	4.348500397452526
964	4.348500397452526
965	4.348500397452526
966	2.6745490817000785
967	2.6745490817000785
968	2.6745490817000785
969	3.3133518549404775
970	3.3133518549404775
971	3.3133518549404775
972	3.7230113985752844
973	3.7230113985752844
974	3.7230113985752844
975	2.6677886377531763
976	2.6677886377531763
977	2.6677886377531763
978	3.314545531092015
979	3.314545531092015
980	3.314545531092015
981	3.016621817692161
982	3.016621817692161
983	3.016621817692161
984	3.2296178383847023
985	3.2296178383847023
986	3.2296178383847023
987	4.35549092150754
988	4.35549092150754
989	4.35549092150754
990	4.155784134352034
991	4.155784134352034
992	4.155784134352034
993	3.505358472041342
994	3.505358472041342
995	3.505358472041342
996	4.837303030949006
997	4.837303030949006
998	4.837303030949006
999	3.92822738823838
1000	3.92822738823838
1001	3.92822738823838
1002	3.520869358765172
1003	3.520869358765172
1004	3.520869358765172
1005	3.6734952535896332
1006	3.6734952535896332
1007	3.6734952535896332
1008	4.516235467821094
1009	4.516235467821094
1010	4.516235467821094
1011	4.207610798627586
1012	4.207610798627586
1013	4.207610798627586
1014	4.342339177174354
1015	4.342339177174354
1016	4.342339177174354
1017	3.3452813659217875
1018	3.3452813659217875
1019	3.3452813659217875
1020	3.7251272003074813
1021	3.7251272003074813
1022	3.7251272003074813
1023	3.300979100576379
1024	3.300979100576379
1025	3.300979100576379
1026	3.5552363785932837
1027	3.5552363785932837
1028	3.5552363785932837
1029	3.032926208762154
1030	3.032926208762154
1031	3.032926208762154
1032	2.72949366993258
1033	2.72949366993258
1034	2.72949366993258
1035	2.3223392805433116
1036	2.3223392805433116
1037	2.3223392805433116
1038	2.701142453799346
1039	2.701142453799346
1040	1.3621584649457468
1041	1.3621584649457468
1042	1.3621584649457468
1043	2.2521676501149157
1044	2.2521676501149157
1045	2.2521676501149157
1046	2.281274126121737
1047	2.281274126121737
1048	1.9638976638130843
1049	1.9638976638130843
1050	1.9638976638130843
1051	1.2432667364637697
1052	1.2432667364637697
1053	1.3994062013087571
1054	1.3994062013087571
1055	1.3994062013087571
1056	0.9141070227798299
1057	0.9141070227798299
1058	0.9141070227798299
1059	1.0997866896711046
1060	1.0997866896711046
1061	1.0997866896711046
1062	1.052514080893452
1063	1.052514080893452
1064	3.5477813286789406
1065	3.5477813286789406
1066	1.0504173068539218
1067	1.0504173068539218
1068	1.0504173068539218
1069	0.6262608431987848
1070	0.6262608431987848
1071	0.6262608431987848
1072	0.578624868627389
1073	0.578624868627389
1074	0.578624868627389
1075	0.4072240908679069
1076	2.684271095367666
1077	2.684271095367666
1078	2.684271095367666
1079	2.076153879867499
1080	2.076153879867499
1081	2.076153879867499
1082	2.3387061830597373
1083	2.3387061830597373
1084	2.3387061830597373
1085	1.9955193555815394
1086	1.9955193555815394
1087	1.9955193555815394
1088	1.7423858768493663
1089	1.7423858768493663
1090	1.7423858768493663
1091	2.0211224727994064
1092	2.0211224727994064
1093	2.0211224727994064
1094	1.8353635570895719
1095	1.8353635570895719
1096	1.8353635570895719
1097	2.3038338217935004
1098	2.3038338217935004
1099	2.3038338217935004
1100	2.7288006317224456
1101	2.7288006317224456
1102	2.7288006317224456
1103	2.1750313748621948
1104	2.1750313748621948
1105	2.1750313748621948
1106	2.465212845226688
1107	2.465212845226688
1108	2.465212845226688
1109	2.2381920155937234
1110	2.2381920155937234
1111	2.2381920155937234
1112	1.6578921875102663
1113	1.6578921875102663
1114	1.6578921875102663
1115	2.4736729540033853
1116	2.4736729540033853
1117	2.4736729540033853
1118	2.3058972942802836
1119	2.3058972942802836
1120	2.3058972942802836
1121	2.3381200144141587
1122	2.3381200144141587
1123	2.3381200144141587
1124	2.853084772652812
1125	2.853084772652812
1126	2.853084772652812
1127	2.126642543405446
1128	2.126642543405446
1129	2.126642543405446
1130	0.16818991988376134
1131	0.16818991988376134
1132	0.16818991988376134
1133	0.17557930851217168
1134	2.9238804641561735
1135	2.9238804641561735
1136	1.4288872975240658
1137	1.1503365209663676
1138	1.544275874504154
1139	1.544275874504154
1140	1.544275874504154
1141	2.1357157088968233
1142	2.1357157088968233
1143	2.1357157088968233
1144	1.8559289523567837
1145	1.8559289523567837
1146	1.8559289523567837
1147	1.5650208125693328
1148	1.5650208125693328
1149	1.5650208125693328
1150	1.3376942700385717
1151	1.3376942700385717
1152	1.3376942700385717
1153	2.414368923356301
1154	2.414368923356301
1155	2.414368923356301
1156	1.4984599229106133
1157	1.4984599229106133
1158	1.4984599229106133
1159	2.2785330500991665
1160	2.2785330500991665
1161	2.2785330500991665
1162	1.333562293056716
1163	1.333562293056716
1164	1.333562293056716
1165	2.440973411999543
1166	2.440973411999543
1167	2.440973411999543
1168	1.8186036100853848
1169	1.8186036100853848
1170	1.8186036100853848
1171	2.4688815881138666
1172	2.4688815881138666
1173	0.6501050799822938
1174	0.6501050799822938
1175	0.6501050799822938
1176	0.6836756424078996
1177	2.320873338119486
1178	2.320873338119486
1179	2.320873338119486
1180	4.053824436316501
1181	4.053824436316501
1182	4.053824436316501
1183	2.782149407616187
1184	2.782149407616187
1185	2.782149407616187
1186	4.8238787584886405
1187	3.36633106183086
1188	3.36633106183086
1189	3.36633106183086
1190	4.181332630968981
1191	4.181332630968981
1192	4.181332630968981
1193	4.087074772428831
1194	4.087074772428831
1195	4.087074772428831
1196	4.937104616659059
1197	4.937104616659059
1198	4.937104616659059
1199	4.023105579926181
1200	4.023105579926181
1201	4.023105579926181
1202	5.057613476042935
1203	5.057613476042935
1204	5.057613476042935
1205	3.916060967261393
1206	3.916060967261393
1207	3.916060967261393
1208	4.598106202928931
1209	1.887122842378486
1210	0.6999954706927454
1211	0.6999954706927454
1212	0.6999954706927454
1213	0.6074356778086257
1214	0.6074356778086257
1215	0.6074356778086257
1216	0.4027895684452131
1217	0.4027895684452131
1218	0.4027895684452131
1219	0.6664203180564404
1220	0.6664203180564404
1221	0.6664203180564404
1222	0.7869741846598397
1223	0.7869741846598397
1224	0.7869741846598397
1225	0.7192534713387829
1226	0.7192534713387829
1227	0.7192534713387829
1228	0.8123525102382236
1229	0.8123525102382236
1230	0.8123525102382236
1231	0.8453265456586923
1232	0.8453265456586923
1233	0.8453265456586923
1234	0.7535172254571585
1235	0.7535172254571585
1236	0.7535172254571585
1237	0.8279811831113587
1238	0.8279811831113587
1239	0.8279811831113587
1240	0.6106325470760781
1241	0.6106325470760781
1242	0.6106325470760781
1243	0.650179171941372
1244	0.650179171941372
1245	0.650179171941372
1246	0.7327027755310735
1247	2.032269693807371
1248	2.032269693807371
1249	2.032269693807371
1250	4.30678660947448
1251	4.30678660947448
1252	4.30678660947448
1253	4.870987178615709
1254	4.870987178615709
1255	4.870987178615709
1256	4.629879111243921
1257	4.629879111243921
1258	4.629879111243921
1259	3.396438601078907
1260	3.396438601078907
1261	3.396438601078907
1262	3.63885562472367
1263	3.63885562472367
1264	2.1586198216590176
1265	2.1586198216590176
1266	2.1586198216590176
1267	2.400388597159008
1268	2.400388597159008
1269	2.400388597159008
1270	3.5279389163339108
1271	0.5410634974561537
1272	0.5410634974561537
1273	0.5410634974561537
1274	0.4624643779529614
1275	0.4624643779529614
1276	0.4624643779529614
1277	0.6468525670323431
1278	0.6468525670323431
1279	0.6468525670323431
1280	0.5309857837555247
1281	0.5309857837555247
1282	0.5309857837555247
1283	0.5152867410305946
1284	0.5152867410305946
1285	0.5152867410305946
1286	0.5356126944159654
1287	0.5356126944159654
1288	0.5356126944159654
1289	0.70084444286662
1290	0.70084444286662
1291	0.70084444286662
1292	0.8221405061640669
1293	0.8221405061640669
1294	0.8221405061640669
1295	0.8831240564782212
1296	0.8831240564782212
1297	0.8831240564782212
1298	0.8090063645572407
1299	0.8090063645572407
1300	0.8090063645572407
1301	0.44187496754179034
1302	0.44187496754179034
1303	0.44187496754179034
1304	0.7564551078565382
1305	0.7564551078565382
1306	0.7564551078565382
1307	0.6976748842985364
1308	0.6976748842985364
1309	0.6976748842985364
1310	1.823519051706119
1311	1.3346624324906322
1312	1.3346624324906322
1313	1.3346624324906322
1314	1.3390286845973223
1315	1.3390286845973223
1316	1.3390286845973223
1317	1.6630183571258619
1318	1.6630183571258619
1319	1.6630183571258619
1320	1.9049456049321876
1321	1.9049456049321876
1322	1.9049456049321876
1323	1.70163008112729
1324	1.70163008112729
1325	1.70163008112729
1326	1.7584079018581928
1327	1.7584079018581928
1328	1.7584079018581928
1329	1.4893058499938
1330	1.4893058499938
1331	1.4893058499938
1332	1.5730893008515883
1333	1.5730893008515883
1334	0.19678855564372344
1335	0.19678855564372344
1336	0.19678855564372344
1337	0.18653991489753713
1338	0.18653991489753713
1339	0.18653991489753713
1340	0.17871479003275165
1341	0.17871479003275165
1342	0.17871479003275165
1343	0.22167301692237648
1344	0.22167301692237648
1345	0.22167301692237648
1346	0.25432666830141576
1347	3.8800222579422434
1348	3.8800222579422434
1349	3.8800222579422434
1350	3.518156455659498
1351	3.518156455659498
1352	2.9008453935917293
1353	2.9008453935917293
1354	3.6535251365172225
1355	3.6535251365172225
1356	3.6535251365172225
1357	2.5555967400244155
1358	2.5555967400244155
1359	2.5555967400244155
1360	1.893327350892186
1361	0.83893967400281
1362	0.83893967400281
1363	0.83893967400281
1364	0.6039224697429264
1365	2.824563690884863
1366	2.824563690884863
1367	2.824563690884863
1368	4.037775257373506
1369	4.037775257373506
1370	4.037775257373506
1371	3.3311420972829513
1372	3.3311420972829513
1373	3.3311420972829513
1374	3.6805072748789174
1375	3.6805072748789174
1376	3.6805072748789174
1377	0.5922439524247304
1378	0.5922439524247304
1379	0.5922439524247304
1380	0.7501024989044839
1381	0.7501024989044839
1382	0.7501024989044839
1383	0.8525155311550616
1384	0.8525155311550616
1385	0.8525155311550616
1386	0.6978227281935979
1387	0.6978227281935979
1388	0.6978227281935979
1389	0.5756798079051297
1390	0.5756798079051297
1391	0.5756798079051297
1392	0.5587657602740931
1393	0.5587657602740931
1394	0.5587657602740931
1395	0.708448818080962
1396	0.708448818080962
1397	0.708448818080962
1398	0.7520101244994567
1399	3.0656874541611985
1400	3.0656874541611985
1401	3.0656874541611985
1402	2.2987929496127393
1403	2.2987929496127393
1404	2.2987929496127393
1405	3.031336790520297
1406	3.031336790520297
1407	1.0153560848418028
1408	1.0153560848418028
1409	1.0153560848418028
1410	0.7092612739215927
1411	0.7092612739215927
1412	2.644365180415375
1413	2.644365180415375
1414	2.644365180415375
1415	2.609912077041354
1416	2.609912077041354
1417	2.609912077041354
1418	2.4924361871445795
1419	2.4924361871445795
1420	2.4924361871445795
1421	2.292290040495627
1422	2.292290040495627
1423	2.292290040495627
1424	1.5067889777819046
1425	1.5067889777819046
1426	1.5067889777819046
1427	3.2157908340805488
1428	3.2157908340805488
1429	3.2157908340805488
1430	2.6323238159572537
1431	2.6323238159572537
1432	2.6323238159572537
1433	2.6421209744625367
1434	2.6421209744625367
1435	2.6421209744625367
1436	2.650354443857775
1437	2.650354443857775
1438	2.650354443857775
1439	2.275568868238188
1440	2.275568868238188
1441	2.275568868238188
1442	3.635900131235702
1443	3.635900131235702
1444	3.635900131235702
1445	2.8153495005607425
1446	2.8153495005607425
1447	2.8153495005607425
1448	1.9945989595264846
1449	1.9945989595264846
1450	1.9945989595264846
1451	3.0846090538896087
1452	3.0846090538896087
1453	3.0846090538896087
1454	2.3740416853421142
1455	2.3740416853421142
1456	2.3740416853421142
1457	1.7481338716216936
1458	1.7481338716216936
1459	1.7481338716216936
1460	2.26224962304619
1461	2.26224962304619
1462	1.2416470973467038
1463	1.2416470973467038
1464	1.2416470973467038
1465	0.8446595184271204
1466	0.8446595184271204
1467	0.8446595184271204
1468	0.9467440184732995
1469	0.9467440184732995
1470	0.9467440184732995
1471	1.220981517727609
1472	1.220981517727609
1473	1.220981517727609
1474	1.3088981382420655
1475	1.3088981382420655
1476	1.3088981382420655
1477	1.0647414161037796
1478	1.0647414161037796
1479	1.0647414161037796
1480	0.9517342262512534
1481	0.9517342262512534
1482	0.9517342262512534
1483	1.4931659563381876
1484	1.4931659563381876
1485	1.4931659563381876
1486	1.1039704048393861
1487	1.1039704048393861
1488	1.1039704048393861
1489	1.2004638053445857
1490	1.2004638053445857
1491	1.2004638053445857
1492	1.0884785640690477
1493	1.0884785640690477
1494	1.0884785640690477
1495	1.3051427789092953
1496	1.3051427789092953
1497	1.3051427789092953
1498	1.2594257504961102
1499	1.2594257504961102
1500	1.2594257504961102
1501	0.8347067548301019
1502	0.8347067548301019
1503	0.8347067548301019
1504	1.21840978072483
1505	1.21840978072483
1506	2.287147272172362
1507	2.287147272172362
1508	2.287147272172362
1509	2.5248046533389896
1510	2.5248046533389896
1511	2.5248046533389896
1512	2.691823593639151
1513	2.691823593639151
1514	2.691823593639151
1515	1.8010973888355464
1516	1.8010973888355464
1517	1.8010973888355464
1518	2.7747182563037156
1519	2.7747182563037156
1520	2.7747182563037156
1521	2.400446761597754
1522	2.400446761597754
1523	2.400446761597754
1524	2.0083090930664946
1525	2.0083090930664946
1526	2.0083090930664946
1527	2.7879954530013324
1528	2.7879954530013324
1529	2.7879954530013324
1530	1.4038933308855377
1531	1.4038933308855377
1532	1.4038933308855377
1533	1.8339658484979626
1534	1.8339658484979626
1535	1.8339658484979626
1536	1.3872342374142417
1537	1.3872342374142417
1538	1.3872342374142417
1539	1.478280392870566
1540	1.478280392870566
1541	1.478280392870566
1542	1.9140614665396305
1543	1.9140614665396305
1544	1.9140614665396305
1545	1.2521880689335185
1546	1.2521880689335185
1547	1.2521880689335185
1548	1.4073420105022816
1549	1.4073420105022816
1550	1.4073420105022816
1551	1.2276614584262429
1552	1.2276614584262429
1553	1.2276614584262429
1554	1.5196542034372076
1555	1.5196542034372076
1556	1.5196542034372076
1557	1.3218911034356724
1558	1.3218911034356724
1559	1.3218911034356724
1560	1.8186021784825248
1561	1.8186021784825248
1562	1.8186021784825248
1563	1.87461966355351
1564	1.87461966355351
1565	1.87461966355351
1566	1.4220676771758511
1567	1.4220676771758511
1568	1.4220676771758511
1569	1.585849452527874
1570	2.8339020895171316
1571	2.8339020895171316
1572	2.8339020895171316
1573	4.742562218105978
1574	4.742562218105978
1575	4.742562218105978
1576	3.5066489470529403
1577	3.5066489470529403
1578	3.5066489470529403
1579	4.481161990116949
1580	4.481161990116949
1581	4.481161990116949
1582	2.497051177161267
1583	2.497051177161267
1584	2.497051177161267
1585	4.53095348889733
1586	4.53095348889733
1587	4.53095348889733
1588	3.477160861236048
1589	3.477160861236048
1590	3.477160861236048
1591	2.062503737936039
1592	2.062503737936039
1593	2.062503737936039
1594	3.446385061658005
1595	3.446385061658005
1596	3.446385061658005
1597	4.425549566997372
1598	4.425549566997372
1599	4.425549566997372
1600	4.143492951040372
1601	4.143492951040372
1602	4.143492951040372
1603	4.189650229172098
1604	4.189650229172098
1605	4.189650229172098
1606	3.1806859192648673
1607	3.1806859192648673
1608	3.1806859192648673
1609	4.154630004408792
1610	2.4434261784518916
1611	2.4434261784518916
1612	0.5356007503122864
1613	0.5356007503122864
1614	0.5356007503122864
1615	0.5166134467418573
1616	0.5166134467418573
1617	0.5166134467418573
1618	0.5844708515499571
1619	0.5844708515499571
1620	0.5844708515499571
1621	0.6476196085501281
1622	0.6476196085501281
1623	0.6476196085501281
1624	0.5258710181008812
1625	0.5258710181008812
1626	0.5258710181008812
1627	0.8537687833803249
1628	0.8537687833803249
1629	0.8537687833803249
1630	0.5927312078633113
1631	0.5927312078633113
1632	0.5927312078633113
1633	0.6981614490717574
1634	0.6981614490717574
1635	0.6981614490717574
1636	0.6255296431682924
1637	0.6255296431682924
1638	0.6255296431682924
1639	3.246394793193295
1640	3.246394793193295
1641	3.246394793193295
1642	2.621894329547802
1643	2.621894329547802
1644	2.621894329547802
1645	1.9677962317124114
1646	1.9677962317124114
1647	1.9677962317124114
1648	2.917901011421822
1649	2.917901011421822
1650	2.917901011421822
1651	2.191999704659233
1652	2.191999704659233
1653	2.191999704659233
1654	3.277859271389895
1655	3.277859271389895
1656	3.277859271389895
1657	2.6424490021753133
1658	2.6424490021753133
1659	2.6424490021753133
1660	3.1280506911933226
1661	3.1280506911933226
1662	3.1280506911933226
1663	3.4074827092126543
1664	3.4074827092126543
1665	3.4074827092126543
1666	2.774549971503626
1667	2.774549971503626
1668	2.774549971503626
1669	4.102523528441928
1670	4.102523528441928
1671	4.102523528441928
1672	3.691790224136783
1673	3.691790224136783
1674	3.691790224136783
1675	2.3677117678189763
1676	2.3677117678189763
1677	2.3677117678189763
1678	3.046454872970994
1679	3.046454872970994
1680	3.046454872970994
1681	2.72828066341001
1682	2.72828066341001
1683	2.72828066341001
1684	2.067047161603343
1685	2.067047161603343
1686	2.067047161603343
1687	2.4950700140237903
1688	3.603021023671506
1689	3.603021023671506
1690	3.603021023671506
1691	3.154746610858656
1692	3.154746610858656
1693	3.154746610858656
1694	3.4530055950414087
1695	3.4530055950414087
1696	3.4530055950414087
1697	2.992251217948503
1698	1.9100043456730615
1699	1.9100043456730615
1700	1.9100043456730615
1701	2.762998340235621
1702	2.762998340235621
1703	2.762998340235621
1704	2.6061841281909968
1705	2.6061841281909968
1706	2.6061841281909968
1707	2.759780370759718
1708	2.759780370759718
1709	2.759780370759718
1710	2.2679993963912044
1711	2.8409795030866065
1712	2.8409795030866065
1713	2.8409795030866065
1714	2.7011520178472574
1715	2.7011520178472574
1716	2.7011520178472574
1717	2.8083633024817716
1718	2.8083633024817716
1719	4.152604701850456
1720	4.152604701850456
1721	4.152604701850456
1722	4.905192829500804
1723	4.905192829500804
1724	4.905192829500804
1725	3.851801644154372
1726	3.851801644154372
1727	3.851801644154372
1728	2.9718088938650356
1729	2.9718088938650356
1730	2.9718088938650356
1731	3.413805632070225
1732	3.413805632070225
1733	3.413805632070225
1734	2.865833303342858
1735	2.865833303342858
1736	2.865833303342858
1737	3.9053027633664836
1738	3.9053027633664836
1739	3.9053027633664836
1740	2.691991787421789
1741	2.691991787421789
1742	2.691991787421789
1743	3.4209473438200226
1744	3.4209473438200226
1745	3.4209473438200226
1746	2.3736541901564
1747	2.3736541901564
1748	1.490396283416759
1749	1.490396283416759
1750	1.490396283416759
1751	0.9727752171236057
1752	0.9727752171236057
1753	0.9727752171236057
1754	0.8404834090856639
1755	0.8404834090856639
1756	0.8404834090856639
1757	1.0975412225922916
1758	1.0975412225922916
1759	1.0975412225922916
1760	1.173090706336845
1761	1.173090706336845
1762	1.173090706336845
1763	1.0605824308040732
1764	1.0605824308040732
1765	1.0605824308040732
1766	1.2260421964619252
1767	1.2260421964619252
1768	1.2260421964619252
1769	0.4104682875680996
1770	0.4104682875680996
1771	0.4104682875680996
1772	0.7350339648726482
1773	0.7350339648726482
1774	0.7350339648726482
1775	0.6114006177405024
1776	0.6114006177405024
1777	0.6114006177405024
1778	0.7375438817602697
1779	0.7375438817602697
1780	0.7375438817602697
1781	0.42784865783510007
1782	0.42784865783510007
1783	0.42784865783510007
1784	0.5008676413077036
1785	0.5008676413077036
1786	0.5008676413077036
1787	2.2945996129719086
1788	2.2945996129719086
1789	2.2945996129719086
1790	1.5832676156980408
1791	1.5832676156980408
1792	1.5832676156980408
1793	1.8264589486723224
1794	1.8264589486723224
1795	1.8264589486723224
1796	1.9374702025594628
1797	1.9374702025594628
1798	1.9374702025594628
1799	2.062835183668119
1800	2.062835183668119
1801	2.062835183668119
1802	1.9326160548575386
1803	1.9326160548575386
1804	1.9326160548575386
1805	1.5623453854940967
1806	1.5623453854940967
1807	1.5623453854940967
1808	2.2097655558440037
1809	2.2097655558440037
1810	2.2097655558440037
1811	1.9804873785455848
1812	1.9804873785455848
1813	1.9804873785455848
1814	0.5359385982840793
1815	0.5359385982840793
1816	0.5359385982840793
1817	2.8575184217552074
1818	2.8575184217552074
1819	2.8575184217552074
1820	2.2662359785648936
1821	2.2662359785648936
1822	2.2662359785648936
1823	2.5783732693614443
1824	2.5783732693614443
1825	2.5783732693614443
1826	1.845233670217351
1827	1.845233670217351
1828	1.845233670217351
1829	1.6394444437741058
1830	1.6394444437741058
1831	1.6394444437741058
1832	1.8688129532866806
1833	1.8688129532866806
1834	1.8688129532866806
1835	0.856965406685715
1836	0.856965406685715
1837	0.856965406685715
1838	1.7024564158749242
1839	1.7024564158749242
1840	1.7024564158749242
1841	1.2501428492608915
1842	1.2501428492608915
1843	1.2501428492608915
1844	1.8624983131607544
1845	1.8624983131607544
1846	1.8624983131607544
1847	1.5958845560935475
1848	1.5958845560935475
1849	1.5958845560935475
1850	1.5573955145975136
1851	1.5573955145975136
1852	1.5573955145975136
1853	1.3802995651500243
1854	1.3802995651500243
1855	1.3802995651500243
1856	1.4271763826265378
1857	1.4271763826265378
1858	1.4271763826265378
1859	1.7299520423609438
1860	1.7299520423609438
1861	1.7299520423609438
1862	1.001148434142773
1863	0.9736050143487214
1864	0.9736050143487214
1865	0.9736050143487214
1866	1.3146005178815003
1867	1.3146005178815003
1868	1.3146005178815003
1869	1.0423788120196174
1870	1.0423788120196174
1871	1.0423788120196174
1872	1.4747691398468552
1873	1.4747691398468552
1874	1.4747691398468552
1875	3.084742783323191
1876	3.084742783323191
1877	3.084742783323191
1878	4.358235776695864
1879	4.358235776695864
1880	4.358235776695864
1881	4.945331878050851
1882	4.945331878050851
1883	4.945331878050851
1884	3.201648857338931
1885	3.201648857338931
1886	3.201648857338931
1887	2.6706041585305527
1888	2.6706041585305527
1889	2.6706041585305527
1890	2.676223668358974
1891	2.676223668358974
1892	2.676223668358974
1893	2.779498408617906
1894	2.779498408617906
1895	2.779498408617906
1896	2.0998854017717714
1897	2.0998854017717714
1898	2.0998854017717714
1899	2.664447378345809
1900	2.664447378345809
1901	2.664447378345809
1902	2.918622860945466
1903	2.918622860945466
1904	2.918622860945466
1905	1.8770225819617568
1906	1.0571171258125502
1907	1.0571171258125502
1908	1.0571171258125502
1909	1.2202368135155985
1910	1.2202368135155985
1911	1.2202368135155985
1912	1.1271258345845847
1913	1.1271258345845847
1914	1.1271258345845847
1915	1.3588678254742073
1916	1.3588678254742073
1917	1.3588678254742073
1918	1.2028679572497527
1919	1.2028679572497527
1920	1.2028679572497527
1921	1.0656940904053185
1922	1.0656940904053185
1923	1.0656940904053185
1924	0.6623560439893902
1925	0.6623560439893902
1926	2.560106549665508
1927	2.560106549665508
1928	2.560106549665508
1929	1.997774794624188
1930	1.997774794624188
1931	1.997774794624188
1932	1.7658269958729256
1933	1.7658269958729256
1934	1.7658269958729256
1935	2.422173751096884
1936	2.422173751096884
1937	4.055957645600526
1938	4.055957645600526
1939	4.055957645600526
1940	4.562516302781166
1941	4.562516302781166
1942	4.562516302781166
1943	2.5995659207969846
1944	2.5995659207969846
1945	2.5995659207969846
1946	2.3345903541560613
1947	2.3345903541560613
1948	2.3345903541560613
1949	1.9821563248135645
1950	1.9821563248135645
1951	1.9821563248135645
1952	2.6962536305182567
1953	2.6962536305182567
1954	2.6962536305182567
1955	2.1511960882688297
1956	2.1511960882688297
1957	2.1511960882688297
1958	1.7291123348727426
1959	1.7291123348727426
1960	1.7291123348727426
1961	1.773037515219822
1962	0.25934128552969393
1963	0.25934128552969393
1964	0.25934128552969393
1965	0.17221366924716344
1966	0.17221366924716344
1967	0.17221366924716344
1968	0.16796419837324147
1969	0.16796419837324147
1970	0.16796419837324147
1971	0.19132718072393334
1972	0.19132718072393334
1973	0.19132718072393334
1974	0.19582854258947718
1975	0.19582854258947718
1976	0.19582854258947718
1977	0.18240493683052747
1978	0.18240493683052747
1979	0.18240493683052747
1980	0.23741272298255664
1981	0.23741272298255664
1982	3.187037830533903
1983	3.187037830533903
1984	3.187037830533903
1985	3.8842067290397515
1986	3.8842067290397515
1987	0.9370217133819241
1988	0.9370217133819241
1989	0.9370217133819241
1990	1.0034768694354375
1991	1.0034768694354375
1992	1.0034768694354375
1993	1.6976314124936147
1994	1.6976314124936147
1995	1.6976314124936147
1996	1.266470922183573
1997	1.266470922183573
1998	1.266470922183573
1999	1.2260805507325394
