0	3.8915090654975186
1	3.8915090654975186
2	0.7418607860697386
3	0.7418607860697386
4	0.7418607860697386
5	0.7418607860697386
6	0.7418607860697386
7	1.3872485614627852
8	1.3872485614627852
9	1.3872485614627852
10	1.3872485614627852
11	1.3872485614627852
12	1.298199065092981
13	1.298199065092981
14	1.298199065092981
15	1.298199065092981
16	1.298199065092981
17	1.0832629098428874
18	1.0832629098428874
19	1.0832629098428874
20	1.0832629098428874
21	1.0832629098428874
22	1.6360824175229824
23	1.6360824175229824
24	4.778696672747969
25	4.778696672747969
26	4.778696672747969
27	4.778696672747969
28	4.778696672747969
29	1.4754951305132413
30	1.4754951305132413
31	1.4754951305132413
32	1.4754951305132413
33	1.4754951305132413
34	4.694657072862727
35	4.694657072862727
36	4.694657072862727
37	4.694657072862727
38	4.694657072862727
39	3.9077179448046597
40	3.9077179448046597
41	3.9077179448046597
42	3.9077179448046597
43	3.9077179448046597
44	4.591685744448688
45	4.591685744448688
46	4.591685744448688
47	4.591685744448688
48	4.591685744448688
49	1.8795217880544541
50	1.8795217880544541
51	1.8795217880544541
52	1.8795217880544541
53	1.8795217880544541
54	3.7856586037470303
55	3.7856586037470303
56	3.7856586037470303
57	1.4030648592688801
58	1.4030648592688801
59	1.4030648592688801
60	1.4030648592688801
61	1.4030648592688801
62	1.690161336539573
63	1.690161336539573
64	1.690161336539573
65	1.690161336539573
66	1.690161336539573
67	0.8386581386453082
68	0.8386581386453082
69	0.8386581386453082
70	0.8386581386453082
71	0.8386581386453082
72	1.7472187704043671
73	1.7472187704043671
74	1.7472187704043671
75	1.7472187704043671
76	1.7472187704043671
77	1.377904571940083
78	1.377904571940083
79	1.377904571940083
80	1.377904571940083
81	1.377904571940083
82	1.5013766887711428
83	1.5013766887711428
84	1.5013766887711428
85	1.5013766887711428
86	1.5013766887711428
87	1.4512314635824053
88	1.4512314635824053
89	1.4512314635824053
90	1.4512314635824053
91	1.4512314635824053
92	0.4522614446087816
93	0.4522614446087816
94	0.4522614446087816
95	0.4522614446087816
96	0.4522614446087816
97	1.7509306739232187
98	1.7868287351658672
99	1.7868287351658672
100	1.7868287351658672
101	1.7868287351658672
102	1.7868287351658672
103	1.2821928243894896
104	1.2821928243894896
105	1.2821928243894896
106	1.2821928243894896
107	1.2821928243894896
108	2.030658296527396
109	2.030658296527396
110	2.030658296527396
111	2.030658296527396
112	2.030658296527396
113	0.9836803656240226
114	0.9836803656240226
115	0.9836803656240226
116	0.9836803656240226
117	0.9836803656240226
118	1.1569068509269098
119	1.1569068509269098
120	1.1569068509269098
121	1.1569068509269098
122	1.1569068509269098
123	2.372633656993006
124	2.372633656993006
125	2.372633656993006
126	2.372633656993006
127	2.372633656993006
128	0.9919365000299132
129	0.9919365000299132
130	0.9919365000299132
131	0.9919365000299132
132	0.9919365000299132
133	1.0338201266894498
134	1.0338201266894498
135	1.0338201266894498
136	1.0338201266894498
137	1.0338201266894498
138	1.0623157969984343
139	1.0623157969984343
140	1.0623157969984343
141	1.0623157969984343
142	1.0623157969984343
143	1.8157257976687013
144	1.8157257976687013
145	1.8157257976687013
146	1.8157257976687013
147	1.8157257976687013
148	1.7954429977113098
149	1.7954429977113098
150	1.7954429977113098
151	1.7954429977113098
152	1.7954429977113098
153	1.9690238149896815
154	1.9690238149896815
155	1.9690238149896815
156	1.9690238149896815
157	1.9690238149896815
158	1.3940814781449242
159	1.3940814781449242
160	1.3940814781449242
161	1.3940814781449242
162	1.3940814781449242
163	1.8014883895598186
164	1.8014883895598186
165	1.8014883895598186
166	1.8014883895598186
167	1.8014883895598186
168	2.2551173330818997
169	2.2551173330818997
170	2.2551173330818997
171	2.2551173330818997
172	2.2551173330818997
173	1.8869710467006398
174	1.8869710467006398
175	1.8869710467006398
176	1.8869710467006398
177	1.8869710467006398
178	1.6302663094034147
179	1.6302663094034147
180	1.6302663094034147
181	1.6302663094034147
182	1.6302663094034147
183	1.0911023339801347
184	1.0911023339801347
185	1.0911023339801347
186	1.0911023339801347
187	1.0911023339801347
188	1.9865839785630177
189	1.9865839785630177
190	1.9865839785630177
191	1.9865839785630177
192	1.9865839785630177
193	0.7240279273550454
194	0.7240279273550454
195	0.7240279273550454
196	0.7240279273550454
197	0.7240279273550454
198	1.318241769530048
199	1.318241769530048
200	1.318241769530048
201	1.318241769530048
202	1.318241769530048
203	0.8566884440812124
204	0.8566884440812124
205	0.8566884440812124
206	0.8566884440812124
207	0.8566884440812124
208	1.9464824916669725
209	1.9464824916669725
210	1.9464824916669725
211	1.9464824916669725
212	1.9464824916669725
213	1.7414512929034693
214	1.7414512929034693
215	1.7414512929034693
216	1.7414512929034693
217	1.7414512929034693
218	0.5200772042651911
219	0.5200772042651911
220	0.5200772042651911
221	0.5200772042651911
222	0.5200772042651911
223	1.308644513276451
224	1.308644513276451
225	1.308644513276451
226	1.308644513276451
227	1.308644513276451
228	2.1758378104223457
229	2.1758378104223457
230	2.1758378104223457
231	2.1758378104223457
232	2.1758378104223457
233	0.915890585061997
234	0.915890585061997
235	0.915890585061997
236	0.915890585061997
237	0.915890585061997
238	0.8468375988961154
239	0.8468375988961154
240	0.8468375988961154
241	0.8468375988961154
242	0.8468375988961154
243	0.8858458716439128
244	0.8858458716439128
245	0.8858458716439128
246	0.8858458716439128
247	0.8858458716439128
248	1.8544909922240649
249	1.8544909922240649
250	4.467024228118966
251	4.467024228118966
252	4.467024228118966
253	4.467024228118966
254	4.467024228118966
255	4.651092591116817
256	4.651092591116817
257	4.651092591116817
258	0.5989637631866817
259	0.5989637631866817
260	0.5989637631866817
261	0.5989637631866817
262	0.5989637631866817
263	0.7875419597004472
264	0.7875419597004472
265	0.7875419597004472
266	0.7875419597004472
267	0.7875419597004472
268	0.668382445875295
269	0.668382445875295
270	0.668382445875295
271	0.668382445875295
272	0.668382445875295
273	0.6796711325867218
274	0.6796711325867218
275	0.6796711325867218
276	0.6796711325867218
277	0.6796711325867218
278	0.4320071746309258
279	0.4320071746309258
280	0.4320071746309258
281	0.4320071746309258
282	0.4320071746309258
283	0.9092927828873938
284	0.9092927828873938
285	0.9092927828873938
286	0.9092927828873938
287	0.9092927828873938
288	1.109924859900875
289	1.109924859900875
290	1.109924859900875
291	2.172611966986624
292	2.172611966986624
293	2.172611966986624
294	2.172611966986624
295	2.172611966986624
296	1.674035291210825
297	1.674035291210825
298	1.674035291210825
299	1.674035291210825
300	1.674035291210825
301	1.1584530018043617
302	1.1584530018043617
303	1.1584530018043617
304	1.1584530018043617
305	1.1584530018043617
306	5.458122624669173
307	5.458122624669173
308	5.458122624669173
309	5.458122624669173
310	5.458122624669173
311	1.6621674037488896
312	0.6843299723349372
313	0.6843299723349372
314	0.6843299723349372
315	0.6843299723349372
316	0.6843299723349372
317	0.46482541766066965
318	0.46482541766066965
319	0.46482541766066965
320	0.46482541766066965
321	0.46482541766066965
322	0.6287182969370174
323	0.6287182969370174
324	0.6287182969370174
325	0.6287182969370174
326	0.6287182969370174
327	0.1
328	0.1
329	0.1
330	0.1
331	0.1
332	0.29991931989116216
333	0.29991931989116216
334	0.29991931989116216
335	0.29991931989116216
336	0.29991931989116216
337	0.913823036037452
338	0.913823036037452
339	0.913823036037452
340	0.913823036037452
341	0.913823036037452
342	0.7283187870926222
343	0.7283187870926222
344	0.7283187870926222
345	0.7283187870926222
346	0.7283187870926222
347	0.5316316387423107
348	0.5316316387423107
349	0.5316316387423107
350	0.5316316387423107
351	0.5316316387423107
352	0.48861206615018477
353	0.48861206615018477
354	0.48861206615018477
355	0.48861206615018477
356	0.48861206615018477
357	0.1
358	0.1
359	0.1
360	0.1
361	0.1
362	0.9024986064299014
363	0.9024986064299014
364	0.9024986064299014
365	0.9024986064299014
366	0.9024986064299014
367	0.14784095748277948
368	0.14784095748277948
369	0.14784095748277948
370	0.14784095748277948
371	0.14784095748277948
372	0.5520233348574569
373	0.5520233348574569
374	0.5520233348574569
375	0.5520233348574569
376	0.5520233348574569
377	0.7837260758456741
378	0.7837260758456741
379	0.7837260758456741
380	3.5236272198607193
381	3.5236272198607193
382	3.5236272198607193
383	3.5236272198607193
384	3.5236272198607193
385	1.0362207869940359
386	1.0362207869940359
387	1.0362207869940359
388	1.0362207869940359
389	1.0362207869940359
390	2.2438062627661823
391	2.2438062627661823
392	2.2438062627661823
393	2.2438062627661823
394	2.2438062627661823
395	2.4332151945791995
396	2.4332151945791995
397	2.4332151945791995
398	2.4332151945791995
399	2.4332151945791995
400	3.3507682176594926
401	3.3507682176594926
402	3.3507682176594926
403	3.3507682176594926
404	3.3507682176594926
405	5.2113496873814205
406	5.2113496873814205
407	2.4423692583603756
408	2.4423692583603756
409	2.4423692583603756
410	2.4423692583603756
411	2.4423692583603756
412	1.0291733068229822
413	1.0291733068229822
414	1.0291733068229822
415	1.0291733068229822
416	1.0291733068229822
417	2.254851993069418
418	2.254851993069418
419	2.254851993069418
420	2.254851993069418
421	2.254851993069418
422	1.9227950298713476
423	1.9227950298713476
424	1.9227950298713476
425	1.9227950298713476
426	1.9227950298713476
427	1.0314283755834481
428	1.0314283755834481
429	1.0314283755834481
430	1.0314283755834481
431	1.0314283755834481
432	0.9561807003811655
433	0.9561807003811655
434	0.9561807003811655
435	0.9561807003811655
436	3.295627344009935
437	3.295627344009935
438	3.295627344009935
439	3.295627344009935
440	3.295627344009935
441	2.278746212309816
442	2.278746212309816
443	2.278746212309816
444	2.278746212309816
445	2.278746212309816
446	2.6350302508230916
447	2.6350302508230916
448	2.6350302508230916
449	2.6350302508230916
450	2.6350302508230916
451	2.4308458195546523
452	1.3590044960326104
453	1.3590044960326104
454	1.3590044960326104
455	1.3590044960326104
456	1.3590044960326104
457	1.8927989905820373
458	1.8927989905820373
459	1.8927989905820373
460	1.8927989905820373
461	1.8927989905820373
462	0.5215921454196829
463	0.5215921454196829
464	0.5215921454196829
465	0.5215921454196829
466	0.5215921454196829
467	1.0080488212903296
468	1.0080488212903296
469	1.0080488212903296
470	1.0080488212903296
471	1.0080488212903296
472	1.90076372198081
473	1.90076372198081
474	1.90076372198081
475	1.90076372198081
476	1.90076372198081
477	2.8097852491333097
478	2.8097852491333097
479	2.8097852491333097
480	2.8097852491333097
481	2.8097852491333097
482	2.2172618345382453
483	2.2172618345382453
484	2.2172618345382453
485	2.2172618345382453
486	2.2172618345382453
487	1.3931145073135445
488	1.3931145073135445
489	1.3931145073135445
490	1.3931145073135445
491	1.3931145073135445
492	1.9019795695658646
493	1.9019795695658646
494	1.9019795695658646
495	1.9019795695658646
496	1.9019795695658646
497	1.9078305501940882
498	1.9078305501940882
499	1.9078305501940882
500	1.9078305501940882
501	1.9078305501940882
502	3.277653875034378
503	3.277653875034378
504	3.277653875034378
505	3.277653875034378
506	3.277653875034378
507	2.5886224285644674
508	2.5886224285644674
509	2.5886224285644674
510	2.5886224285644674
511	2.5886224285644674
512	3.2600967190513983
513	3.2600967190513983
514	3.2600967190513983
515	3.2600967190513983
516	3.2600967190513983
517	3.4091843791195746
518	3.4091843791195746
519	3.4091843791195746
520	3.4091843791195746
521	3.4091843791195746
522	0.9014395189033704
523	0.9014395189033704
524	0.9014395189033704
525	0.9014395189033704
526	0.9014395189033704
527	1.0620022010465737
528	1.0620022010465737
529	1.0620022010465737
530	1.0620022010465737
531	1.0620022010465737
532	3.43270235429127
533	3.43270235429127
534	3.43270235429127
535	3.43270235429127
536	3.43270235429127
537	2.046500795457958
538	2.046500795457958
539	2.046500795457958
540	2.046500795457958
541	2.046500795457958
542	5.31121629715649
543	5.31121629715649
544	5.31121629715649
545	5.31121629715649
546	5.31121629715649
547	3.7651445177445444
548	3.7651445177445444
549	3.7651445177445444
550	0.6162469827474133
551	0.6162469827474133
552	0.6162469827474133
553	0.6162469827474133
554	0.6162469827474133
555	1.842214213217216
556	1.842214213217216
557	1.842214213217216
558	1.842214213217216
559	1.842214213217216
560	1.5732134616809574
561	1.5732134616809574
562	1.5732134616809574
563	1.5732134616809574
564	1.5732134616809574
565	1.3419160464191384
566	1.3419160464191384
567	1.3419160464191384
568	1.3419160464191384
569	1.3419160464191384
570	1.4760453923098635
571	3.4669902856073556
572	3.4669902856073556
573	3.4669902856073556
574	3.4669902856073556
575	3.4669902856073556
576	3.500208892560792
577	3.500208892560792
578	3.500208892560792
579	3.500208892560792
580	3.500208892560792
581	3.067255070604024
582	3.067255070604024
583	1.7232273482612483
584	1.7232273482612483
585	1.7232273482612483
586	1.7232273482612483
587	1.7232273482612483
588	1.4246046999616702
589	1.4246046999616702
590	1.4246046999616702
591	1.4246046999616702
592	1.4246046999616702
593	0.8956006854246295
594	0.8956006854246295
595	0.8956006854246295
596	2.334500113486251
597	2.334500113486251
598	2.334500113486251
599	2.334500113486251
600	2.334500113486251
601	2.8673910854316866
602	2.8673910854316866
603	0.19589745558230764
604	0.19589745558230764
605	0.19589745558230764
606	0.19589745558230764
607	0.19589745558230764
608	3.0412848251334665
609	3.0412848251334665
610	3.0412848251334665
611	3.0412848251334665
612	3.0412848251334665
613	2.6045174888383893
614	2.6045174888383893
615	2.6045174888383893
616	2.6045174888383893
617	2.6045174888383893
618	1.998843131647991
619	1.998843131647991
620	1.998843131647991
621	1.998843131647991
622	1.998843131647991
623	0.9957486143177507
624	0.9957486143177507
625	0.9957486143177507
626	0.9957486143177507
627	0.9957486143177507
628	2.7684237959707083
629	2.7684237959707083
630	2.7684237959707083
631	2.7684237959707083
632	2.7684237959707083
633	0.9945528013465021
634	0.9945528013465021
635	0.9945528013465021
636	0.9945528013465021
637	0.9945528013465021
638	1.2863733866415032
639	1.2863733866415032
640	1.2863733866415032
641	1.2863733866415032
642	1.2863733866415032
643	3.0200722367797175
644	3.0200722367797175
645	3.0200722367797175
646	3.0200722367797175
647	3.0200722367797175
648	1.6297944675232297
649	1.6297944675232297
650	1.6297944675232297
651	1.6297944675232297
652	1.6297944675232297
653	1.0861913881529839
654	1.0861913881529839
655	1.0861913881529839
656	1.0861913881529839
657	1.0861913881529839
658	2.1018146987900836
659	2.1018146987900836
660	2.1018146987900836
661	2.1018146987900836
662	2.1018146987900836
663	1.4063396916093436
664	1.4063396916093436
665	1.4063396916093436
666	1.4063396916093436
667	1.4063396916093436
668	2.025211858252325
669	2.025211858252325
670	2.025211858252325
671	2.025211858252325
672	2.025211858252325
673	2.354036204853099
674	2.354036204853099
675	2.354036204853099
676	2.354036204853099
677	2.354036204853099
678	0.1
679	0.1
680	0.1
681	0.1
682	0.1
683	2.190189330165826
684	2.190189330165826
685	2.190189330165826
686	2.190189330165826
687	2.190189330165826
688	2.627938203139416
689	2.627938203139416
690	2.627938203139416
691	2.627938203139416
692	2.627938203139416
693	2.306434113181233
694	2.306434113181233
695	2.306434113181233
696	2.306434113181233
697	2.306434113181233
698	1.6849659622997797
699	1.6849659622997797
700	1.6849659622997797
701	1.6849659622997797
702	1.6849659622997797
703	1.7906945624373447
704	1.7906945624373447
705	1.7906945624373447
706	1.7906945624373447
707	1.7906945624373447
708	1.9023013831412108
709	1.9023013831412108
710	1.9023013831412108
711	1.9023013831412108
712	1.9023013831412108
713	1.7515440332634702
714	1.7515440332634702
715	1.7515440332634702
716	1.7515440332634702
717	1.7515440332634702
718	2.6809090915393057
719	2.6809090915393057
720	2.6809090915393057
721	2.6809090915393057
722	0.6811148096208618
723	0.6811148096208618
724	0.6811148096208618
725	0.6811148096208618
726	0.6811148096208618
727	3.5713983039226034
728	3.5713983039226034
729	3.5713983039226034
730	3.5713983039226034
731	3.5713983039226034
732	0.36220573611270107
733	0.36220573611270107
734	0.36220573611270107
735	0.36220573611270107
736	0.36220573611270107
737	0.5215441180938962
738	0.5215441180938962
739	0.5215441180938962
740	0.5215441180938962
741	0.5215441180938962
742	0.10933005623965797
743	0.10933005623965797
744	0.10933005623965797
745	0.10933005623965797
746	0.10933005623965797
747	1.138964168079279
748	1.138964168079279
749	1.138964168079279
750	1.138964168079279
751	1.138964168079279
752	0.36868137382735944
753	0.36868137382735944
754	0.36868137382735944
755	0.36868137382735944
756	0.36868137382735944
757	0.7283432536144608
758	0.7283432536144608
759	0.7283432536144608
760	0.7283432536144608
761	1.513143370264462
762	1.513143370264462
763	1.513143370264462
764	1.513143370264462
765	1.513143370264462
766	1.2215582497474509
767	1.2215582497474509
768	1.2215582497474509
769	1.2215582497474509
770	1.2215582497474509
771	1.59139818848926
772	1.59139818848926
773	1.59139818848926
774	1.59139818848926
775	1.59139818848926
776	1.4315493903760403
777	1.4315493903760403
778	1.4315493903760403
779	1.4315493903760403
780	1.4315493903760403
781	2.4434436350460027
782	2.4434436350460027
783	2.4434436350460027
784	2.4434436350460027
785	2.4434436350460027
786	1.7503945929615403
787	1.7503945929615403
788	1.7503945929615403
789	1.7503945929615403
790	1.7503945929615403
791	1.3170393922453787
792	1.3170393922453787
793	1.3170393922453787
794	1.3170393922453787
795	1.3170393922453787
796	1.2134007679893426
797	1.2134007679893426
798	1.2134007679893426
799	1.2134007679893426
800	1.2134007679893426
801	1.4739107383173398
802	1.4739107383173398
803	1.4739107383173398
804	1.4739107383173398
805	1.4739107383173398
806	1.3740866513372545
807	1.3740866513372545
808	1.3740866513372545
809	1.3740866513372545
810	1.3740866513372545
811	0.6583001013456181
812	0.6583001013456181
813	0.6583001013456181
814	0.6583001013456181
815	0.6583001013456181
816	1.55517691138096
817	1.55517691138096
818	1.55517691138096
819	1.55517691138096
820	1.55517691138096
821	1.9526046081461095
822	1.9526046081461095
823	1.9526046081461095
824	1.9526046081461095
825	1.9526046081461095
826	2.34805379001216
827	2.34805379001216
828	2.34805379001216
829	2.34805379001216
830	2.34805379001216
831	1.7511595087351122
832	1.7511595087351122
833	1.7511595087351122
834	1.7511595087351122
835	1.7511595087351122
836	1.5104495773334279
837	1.5104495773334279
838	1.5104495773334279
839	1.5104495773334279
840	1.5104495773334279
841	1.0488507701538952
842	1.0488507701538952
843	1.0488507701538952
844	1.0488507701538952
845	1.0488507701538952
846	2.7466124593966454
847	2.7466124593966454
848	2.7466124593966454
849	2.7466124593966454
850	2.7466124593966454
851	1.4614772248507728
852	1.4614772248507728
853	1.4614772248507728
854	1.4614772248507728
855	1.4614772248507728
856	2.754249085575287
857	2.754249085575287
858	2.754249085575287
859	2.754249085575287
860	2.754249085575287
861	1.7822020220916526
862	1.7822020220916526
863	1.7822020220916526
864	1.7822020220916526
865	1.7822020220916526
866	0.9917843072026475
867	0.9917843072026475
868	0.9917843072026475
869	0.9917843072026475
870	0.9917843072026475
871	2.1578146827528615
872	3.7684312327080653
873	3.7684312327080653
874	3.7684312327080653
875	3.7684312327080653
876	3.7684312327080653
877	4.4027200724173605
878	4.4027200724173605
879	4.4027200724173605
880	4.4027200724173605
881	4.4027200724173605
882	1.060803615474555
883	1.060803615474555
884	1.060803615474555
885	1.060803615474555
886	1.060803615474555
887	3.188101058293771
888	3.188101058293771
889	3.188101058293771
890	3.188101058293771
891	3.188101058293771
892	0.9191669847913562
893	0.9191669847913562
894	0.9191669847913562
895	0.9191669847913562
896	0.9191669847913562
897	3.731680264473895
898	3.731680264473895
899	3.731680264473895
900	3.731680264473895
901	3.731680264473895
902	2.2646676940928874
903	2.2646676940928874
904	2.2646676940928874
905	2.2646676940928874
906	2.2646676940928874
907	5.93547073627657
908	0.6072128999053039
909	0.6072128999053039
910	0.6072128999053039
911	0.6072128999053039
912	0.6072128999053039
913	0.6832135408957253
914	0.6832135408957253
915	0.6832135408957253
916	0.6832135408957253
917	0.6832135408957253
918	0.7065709546165057
919	0.7065709546165057
920	0.7065709546165057
921	0.7065709546165057
922	0.7065709546165057
923	0.5196869161567935
924	0.5196869161567935
925	0.5196869161567935
926	0.5196869161567935
927	0.5196869161567935
928	0.9748789051028348
929	0.9748789051028348
930	0.9748789051028348
931	0.9748789051028348
932	0.9748789051028348
933	1.0010452080029448
934	1.0010452080029448
935	1.0010452080029448
936	1.0010452080029448
937	3.743615822048725
938	3.743615822048725
939	3.743615822048725
940	3.743615822048725
941	3.743615822048725
942	5.028941962313211
943	5.028941962313211
944	5.028941962313211
945	5.028941962313211
946	5.028941962313211
947	5.209293218425982
948	5.209293218425982
949	5.209293218425982
950	5.209293218425982
951	5.209293218425982
952	3.522811681724651
953	3.522811681724651
954	3.522811681724651
955	3.522811681724651
956	3.522811681724651
957	0.6480777975883045
958	0.6480777975883045
959	0.6480777975883045
960	0.6480777975883045
961	0.6480777975883045
962	6.4970479352922546
963	6.4970479352922546
964	6.4970479352922546
965	6.4970479352922546
966	6.4970479352922546
967	5.0819265567600445
968	5.0819265567600445
969	5.0819265567600445
970	3.696716365882775
971	3.696716365882775
972	3.696716365882775
973	3.696716365882775
974	3.696716365882775
975	2.7637199669357972
976	2.7637199669357972
977	2.7637199669357972
978	2.7637199669357972
979	2.7637199669357972
980	2.809400683246883
981	2.809400683246883
982	2.809400683246883
983	2.809400683246883
984	0.8656067670884056
985	2.692738406354471
986	2.692738406354471
987	2.692738406354471
988	2.692738406354471
989	2.692738406354471
990	3.565799440309402
991	3.565799440309402
992	3.565799440309402
993	3.565799440309402
994	3.565799440309402
995	3.202874560045719
996	3.202874560045719
997	3.202874560045719
998	3.202874560045719
999	3.202874560045719
1000	3.975786435020098
1001	3.975786435020098
1002	3.975786435020098
1003	3.975786435020098
1004	3.975786435020098
1005	2.82641406860839
1006	2.82641406860839
1007	2.82641406860839
1008	2.82641406860839
1009	2.82641406860839
1010	1.1601339165985918
1011	1.1601339165985918
1012	1.1601339165985918
1013	1.1601339165985918
1014	1.1601339165985918
1015	1.340459297861722
1016	1.340459297861722
1017	1.340459297861722
1018	1.340459297861722
1019	1.340459297861722
1020	2.284495166410952
1021	2.284495166410952
1022	2.284495166410952
1023	2.284495166410952
1024	2.284495166410952
1025	1.3841010026609968
1026	1.3841010026609968
1027	1.3841010026609968
1028	1.3841010026609968
1029	1.3841010026609968
1030	2.9389140444016832
1031	2.9389140444016832
1032	2.9389140444016832
1033	2.9389140444016832
1034	2.9389140444016832
1035	1.106950070772159
1036	1.106950070772159
1037	1.106950070772159
1038	1.106950070772159
1039	1.106950070772159
1040	2.5837486513872028
1041	2.5837486513872028
1042	2.5837486513872028
1043	2.5837486513872028
1044	2.5837486513872028
1045	1.234136261462779
1046	1.234136261462779
1047	1.234136261462779
1048	1.234136261462779
1049	1.234136261462779
1050	3.253294617699769
1051	3.253294617699769
1052	3.253294617699769
1053	3.253294617699769
1054	3.253294617699769
1055	4.18900649100314
1056	4.18900649100314
1057	4.18900649100314
1058	4.18900649100314
1059	4.18900649100314
1060	5.262417552095238
1061	5.262417552095238
1062	5.262417552095238
1063	5.262417552095238
1064	5.262417552095238
1065	5.832235798071535
1066	5.832235798071535
1067	5.832235798071535
1068	5.832235798071535
1069	5.832235798071535
1070	0.37978432021500197
1071	0.37978432021500197
1072	0.37978432021500197
1073	0.37978432021500197
1074	0.37978432021500197
1075	6.046721111080103
1076	6.046721111080103
1077	6.046721111080103
1078	1.1008974973614813
1079	1.1008974973614813
1080	1.1008974973614813
1081	1.1008974973614813
1082	1.1008974973614813
1083	0.8245845366486015
1084	0.8245845366486015
1085	0.8245845366486015
1086	0.8245845366486015
1087	0.8245845366486015
1088	1.0866981297172544
1089	1.0866981297172544
1090	1.0866981297172544
1091	1.0866981297172544
1092	1.0866981297172544
1093	5.154237638526004
1094	5.154237638526004
1095	5.154237638526004
1096	5.154237638526004
1097	5.154237638526004
1098	3.9791561011210543
1099	3.9791561011210543
1100	3.9791561011210543
1101	3.9791561011210543
1102	3.9791561011210543
1103	1.1485435481439272
1104	1.1485435481439272
1105	1.1485435481439272
1106	1.1485435481439272
1107	1.1485435481439272
1108	1.6932224236207916
1109	1.6932224236207916
1110	1.6932224236207916
1111	0.8873760943866458
1112	0.8873760943866458
1113	0.8873760943866458
1114	0.8873760943866458
1115	0.8873760943866458
1116	0.241614283810898
1117	0.241614283810898
1118	0.241614283810898
1119	0.241614283810898
1120	0.241614283810898
1121	0.850046666739701
1122	0.850046666739701
1123	0.850046666739701
1124	0.850046666739701
1125	0.850046666739701
1126	0.9363510567725523
1127	0.9363510567725523
1128	0.9363510567725523
1129	0.9363510567725523
1130	0.9363510567725523
1131	1.4028130332405138
1132	1.4028130332405138
1133	1.4028130332405138
1134	1.4028130332405138
1135	1.4028130332405138
1136	1.744013941557851
1137	1.744013941557851
1138	1.744013941557851
1139	1.744013941557851
1140	1.744013941557851
1141	1.2911169518996608
1142	1.2911169518996608
1143	1.2911169518996608
1144	4.205012051315569
1145	4.205012051315569
1146	4.205012051315569
1147	4.205012051315569
1148	4.205012051315569
1149	4.755487261485214
1150	4.755487261485214
1151	4.755487261485214
1152	4.755487261485214
1153	4.755487261485214
1154	1.4975234007310005
1155	1.4975234007310005
1156	1.4975234007310005
1157	1.4975234007310005
1158	1.4975234007310005
1159	3.817111795130906
1160	3.817111795130906
1161	3.817111795130906
1162	3.817111795130906
1163	3.817111795130906
1164	2.4626094150608537
1165	2.4626094150608537
1166	2.4626094150608537
1167	2.4626094150608537
1168	2.4626094150608537
1169	5.032959141140514
1170	5.032959141140514
1171	5.032959141140514
1172	5.032959141140514
1173	5.032959141140514
1174	3.25738792604307
1175	3.25738792604307
1176	3.25738792604307
1177	3.25738792604307
1178	3.25738792604307
1179	0.727097079529293
1180	0.727097079529293
1181	0.727097079529293
1182	0.727097079529293
1183	0.727097079529293
1184	1.0166414086693938
1185	1.0166414086693938
1186	1.0166414086693938
1187	1.0166414086693938
1188	1.0166414086693938
1189	1.643240808866319
1190	1.643240808866319
1191	1.643240808866319
1192	1.643240808866319
1193	1.643240808866319
1194	6.802411142419274
1195	6.802411142419274
1196	6.802411142419274
1197	3.6934668314493715
1198	3.6934668314493715
1199	3.6934668314493715
1200	3.6934668314493715
1201	3.6934668314493715
1202	2.114706232580441
1203	3.1185169004382383
1204	3.1185169004382383
1205	3.1185169004382383
1206	3.1185169004382383
1207	3.1185169004382383
1208	0.3128637117866133
1209	0.3128637117866133
1210	0.3128637117866133
1211	0.3128637117866133
1212	0.3128637117866133
1213	4.44376522617466
1214	4.44376522617466
1215	4.44376522617466
1216	4.44376522617466
1217	4.44376522617466
1218	4.372023043449671
1219	4.372023043449671
1220	4.372023043449671
1221	4.372023043449671
1222	4.372023043449671
1223	3.5188604340653518
1224	3.5188604340653518
1225	3.5188604340653518
1226	3.5188604340653518
1227	3.5188604340653518
1228	3.7220170640007133
1229	3.7220170640007133
1230	3.7220170640007133
1231	3.7220170640007133
1232	2.010889751193328
1233	2.010889751193328
1234	2.010889751193328
1235	2.010889751193328
1236	2.010889751193328
1237	2.0593818582284316
1238	2.0593818582284316
1239	2.0593818582284316
1240	2.0593818582284316
1241	2.0593818582284316
1242	3.454100393639413
1243	3.454100393639413
1244	3.454100393639413
1245	3.454100393639413
1246	3.454100393639413
1247	2.346638631609091
1248	2.346638631609091
1249	2.346638631609091
1250	1.7117470991514991
1251	1.7117470991514991
1252	4.494337082577644
1253	4.494337082577644
1254	4.494337082577644
1255	4.494337082577644
1256	4.494337082577644
1257	3.430535707787608
1258	3.430535707787608
1259	3.430535707787608
1260	3.430535707787608
1261	3.430535707787608
1262	4.863017878051857
1263	4.863017878051857
1264	4.863017878051857
1265	4.863017878051857
1266	4.863017878051857
1267	4.427429128644605
1268	4.427429128644605
1269	4.427429128644605
1270	4.427429128644605
1271	4.427429128644605
1272	4.057240520993376
1273	4.057240520993376
1274	4.057240520993376
1275	4.057240520993376
1276	4.057240520993376
1277	3.7876717260887944
1278	3.7876717260887944
1279	3.7876717260887944
1280	3.7876717260887944
1281	3.7876717260887944
1282	3.730520313512316
1283	0.49816313995271355
1284	0.49816313995271355
1285	0.49816313995271355
1286	0.49816313995271355
1287	0.49816313995271355
1288	0.7323380397164623
1289	0.7323380397164623
1290	0.7323380397164623
1291	0.7323380397164623
1292	0.7323380397164623
1293	0.41170045031419245
1294	0.41170045031419245
1295	0.41170045031419245
1296	0.41170045031419245
1297	0.41170045031419245
1298	1.1732192699918873
1299	1.1732192699918873
1300	1.1732192699918873
1301	1.1732192699918873
1302	1.1732192699918873
1303	0.3825132929917096
1304	0.3825132929917096
1305	0.3825132929917096
1306	0.3825132929917096
1307	0.3825132929917096
1308	0.4040456717411666
1309	0.4040456717411666
1310	0.4040456717411666
1311	0.4040456717411666
1312	0.4040456717411666
1313	0.34035850230199716
1314	0.34035850230199716
1315	0.34035850230199716
1316	0.34035850230199716
1317	0.34035850230199716
1318	0.6714041407195418
1319	0.6714041407195418
1320	0.6714041407195418
1321	2.2370931645229
1322	2.2370931645229
1323	2.2370931645229
1324	2.2370931645229
1325	2.2370931645229
1326	2.0023757681841583
1327	2.0023757681841583
1328	2.0023757681841583
1329	2.0023757681841583
1330	2.0023757681841583
1331	3.3946524462682897
1332	3.3946524462682897
1333	3.3946524462682897
1334	3.3946524462682897
1335	3.3946524462682897
1336	0.8930196723342894
1337	0.8930196723342894
1338	0.8930196723342894
1339	0.8930196723342894
1340	0.8930196723342894
1341	2.792721582599268
1342	2.792721582599268
1343	2.792721582599268
1344	2.792721582599268
1345	2.792721582599268
1346	2.565475369916527
1347	2.565475369916527
1348	2.565475369916527
1349	2.565475369916527
1350	2.565475369916527
1351	1.7429196314566984
1352	1.7429196314566984
1353	1.7429196314566984
1354	1.7429196314566984
1355	1.7429196314566984
1356	2.895156210882487
1357	2.895156210882487
1358	2.895156210882487
1359	4.952290946650631
1360	4.952290946650631
1361	4.190141047767156
1362	4.190141047767156
1363	4.190141047767156
1364	4.190141047767156
1365	4.190141047767156
1366	6.205469258948816
1367	6.205469258948816
1368	6.205469258948816
1369	6.205469258948816
1370	1.0120412540074446
1371	1.0120412540074446
1372	1.0120412540074446
1373	1.0120412540074446
1374	1.0120412540074446
1375	0.8538499481100557
1376	0.8538499481100557
1377	0.8538499481100557
1378	0.8538499481100557
1379	0.8538499481100557
1380	0.7537734085280909
1381	0.7537734085280909
1382	0.7537734085280909
1383	0.7537734085280909
1384	0.7537734085280909
1385	0.43788554318765427
1386	0.43788554318765427
1387	0.43788554318765427
1388	0.43788554318765427
1389	0.43788554318765427
1390	0.1
1391	0.1
1392	0.1
1393	0.1
1394	0.1
1395	1.9581477448375848
1396	1.9581477448375848
1397	1.9771907938917255
1398	1.9771907938917255
1399	1.9771907938917255
1400	1.9771907938917255
1401	1.9771907938917255
1402	0.1
1403	0.1
1404	0.1
1405	0.1
1406	0.1
1407	1.1564495938191344
1408	1.1564495938191344
1409	1.1564495938191344
1410	1.1564495938191344
1411	1.1564495938191344
1412	0.6178958369370207
1413	0.6178958369370207
1414	0.6178958369370207
1415	0.6178958369370207
1416	0.6178958369370207
1417	0.7515599714308535
1418	0.7515599714308535
1419	0.7515599714308535
1420	0.7515599714308535
1421	0.7515599714308535
1422	0.8511921458084051
1423	0.8511921458084051
1424	0.8511921458084051
1425	0.8511921458084051
1426	0.8511921458084051
1427	0.8649229061887445
1428	0.8649229061887445
1429	0.8649229061887445
1430	0.8649229061887445
1431	1.7770546409160461
1432	1.7770546409160461
1433	1.7770546409160461
1434	1.7770546409160461
1435	1.7770546409160461
1436	4.001032268856536
1437	4.001032268856536
1438	4.001032268856536
1439	4.001032268856536
1440	2.2391912551996995
1441	2.2391912551996995
1442	2.2391912551996995
1443	2.2391912551996995
1444	2.2391912551996995
1445	2.133839313463013
1446	2.133839313463013
1447	2.133839313463013
1448	2.133839313463013
1449	2.133839313463013
1450	0.6811342698509348
1451	0.6811342698509348
1452	0.6811342698509348
1453	0.6811342698509348
1454	0.6811342698509348
1455	1.7070460022745872
1456	1.7070460022745872
1457	1.7070460022745872
1458	1.7070460022745872
1459	1.7070460022745872
1460	2.641986908764443
1461	2.641986908764443
1462	2.641986908764443
1463	2.641986908764443
1464	2.641986908764443
1465	0.503949757953563
1466	0.503949757953563
1467	0.503949757953563
1468	0.503949757953563
1469	0.503949757953563
1470	2.9604267349544062
1471	2.9604267349544062
1472	2.9604267349544062
1473	2.9604267349544062
1474	2.9604267349544062
1475	0.1
1476	0.1
1477	0.1
1478	0.1
1479	0.1
1480	2.5092435626299068
1481	2.5092435626299068
1482	2.5092435626299068
1483	2.5092435626299068
1484	0.13554086070905358
1485	0.13554086070905358
1486	0.13554086070905358
1487	0.13554086070905358
1488	3.199585364380119
1489	3.199585364380119
1490	3.199585364380119
1491	3.199585364380119
1492	3.199585364380119
1493	1.4489218152242145
1494	1.4489218152242145
1495	1.4489218152242145
1496	1.4489218152242145
1497	1.4489218152242145
1498	3.615650809459468
1499	3.615650809459468
1500	3.615650809459468
1501	3.615650809459468
1502	3.615650809459468
1503	0.9197087380645614
1504	0.9197087380645614
1505	0.9197087380645614
1506	0.9197087380645614
1507	0.9197087380645614
1508	2.5820815699658253
1509	2.5820815699658253
1510	2.5820815699658253
1511	3.0339285267374594
1512	3.0339285267374594
1513	3.0339285267374594
1514	3.0339285267374594
1515	3.0339285267374594
1516	1.3896986780612495
1517	1.3896986780612495
1518	1.3896986780612495
1519	1.3896986780612495
1520	1.3896986780612495
1521	0.43132264078470417
1522	0.43132264078470417
1523	0.43132264078470417
1524	0.43132264078470417
1525	0.43132264078470417
1526	0.1
1527	0.1
1528	0.1
1529	0.1
1530	0.1
1531	4.208276795748461
1532	4.208276795748461
1533	4.208276795748461
1534	4.208276795748461
1535	4.208276795748461
1536	4.812814856326457
1537	4.812814856326457
1538	4.812814856326457
1539	4.812814856326457
1540	4.812814856326457
1541	2.715984656023755
1542	2.715984656023755
1543	2.715984656023755
1544	2.715984656023755
1545	2.715984656023755
1546	8.225907547220116
1547	8.225907547220116
1548	8.225907547220116
1549	8.225907547220116
1550	8.225907547220116
1551	4.301079063157595
1552	4.301079063157595
1553	4.301079063157595
1554	4.301079063157595
1555	4.301079063157595
1556	2.97844925245577
1557	2.97844925245577
1558	2.97844925245577
1559	2.97844925245577
1560	2.97844925245577
1561	4.459357840696535
1562	2.3257872149989405
1563	2.3257872149989405
1564	2.3257872149989405
1565	2.3257872149989405
1566	2.3257872149989405
1567	1.1618479380631639
1568	1.1618479380631639
1569	1.1618479380631639
1570	1.1618479380631639
1571	1.1618479380631639
1572	1.4718081654826976
1573	1.4718081654826976
1574	1.4718081654826976
1575	1.4718081654826976
1576	1.4718081654826976
1577	2.2209193537643515
1578	2.2209193537643515
1579	2.0380028024279646
1580	2.0380028024279646
1581	2.0380028024279646
1582	2.0380028024279646
1583	2.0380028024279646
1584	4.292592108228488
1585	4.292592108228488
1586	4.292592108228488
1587	4.292592108228488
1588	1.3925247027577055
1589	1.3925247027577055
1590	1.3925247027577055
1591	1.3925247027577055
1592	1.3925247027577055
1593	1.0833779495347857
1594	1.0833779495347857
1595	1.0833779495347857
1596	1.0833779495347857
1597	1.0833779495347857
1598	2.647064775780013
1599	2.647064775780013
1600	2.647064775780013
1601	2.647064775780013
1602	2.647064775780013
1603	1.5562754262671477
1604	1.5562754262671477
1605	1.5562754262671477
1606	1.5562754262671477
1607	1.5562754262671477
1608	1.2937630108831781
1609	1.2937630108831781
1610	1.2937630108831781
1611	1.2937630108831781
1612	1.2937630108831781
1613	1.108799029712011
1614	1.108799029712011
1615	1.108799029712011
1616	1.108799029712011
1617	1.108799029712011
1618	2.309176930528113
1619	2.309176930528113
1620	2.309176930528113
1621	2.309176930528113
1622	2.309176930528113
1623	3.105154584832915
1624	3.105154584832915
1625	3.105154584832915
1626	3.105154584832915
1627	3.105154584832915
1628	1.259381877731571
1629	1.259381877731571
1630	1.259381877731571
1631	1.259381877731571
1632	1.259381877731571
1633	1.6258126105357271
1634	1.6258126105357271
1635	1.6258126105357271
1636	1.6258126105357271
1637	1.6258126105357271
1638	1.113731284682325
1639	1.113731284682325
1640	1.113731284682325
1641	1.113731284682325
1642	1.113731284682325
1643	2.031813181487458
1644	2.031813181487458
1645	2.031813181487458
1646	2.031813181487458
1647	2.031813181487458
1648	1.1652357064841194
1649	1.1652357064841194
1650	1.1652357064841194
1651	1.1652357064841194
1652	1.1652357064841194
1653	2.4433991677392815
1654	2.4433991677392815
1655	0.48173497184889696
1656	0.48173497184889696
1657	0.48173497184889696
1658	0.48173497184889696
1659	0.48173497184889696
1660	0.8667560305116455
1661	0.8667560305116455
1662	0.8667560305116455
1663	0.8667560305116455
1664	0.8667560305116455
1665	0.8401361291474764
1666	0.8401361291474764
1667	0.8401361291474764
1668	0.8401361291474764
1669	0.8401361291474764
1670	0.7120860502824263
1671	0.7120860502824263
1672	0.7120860502824263
1673	0.7120860502824263
1674	0.7120860502824263
1675	0.6808541730669501
1676	0.6808541730669501
1677	0.6808541730669501
1678	0.6808541730669501
1679	0.6808541730669501
1680	1.089450228752804
1681	1.089450228752804
1682	1.089450228752804
1683	1.089450228752804
1684	1.089450228752804
1685	0.5367513924940944
1686	0.5367513924940944
1687	0.5367513924940944
1688	0.5367513924940944
1689	0.5367513924940944
1690	0.6042720704842961
1691	0.6042720704842961
1692	0.6042720704842961
1693	0.6042720704842961
1694	0.6042720704842961
1695	0.758585133616327
1696	0.758585133616327
1697	0.758585133616327
1698	0.758585133616327
1699	0.758585133616327
1700	0.1
1701	0.1
1702	0.1
1703	0.1
1704	0.1
1705	1.2843889506317625
1706	1.2843889506317625
1707	1.2843889506317625
1708	1.2843889506317625
1709	1.2843889506317625
1710	0.1
1711	0.1
1712	0.1
1713	0.1
1714	0.1
1715	0.49551246346558736
1716	0.49551246346558736
1717	0.49551246346558736
1718	0.49551246346558736
1719	0.49551246346558736
1720	0.3648403371359283
1721	0.3648403371359283
1722	0.3648403371359283
1723	1.8433476748668178
1724	1.8433476748668178
1725	1.8433476748668178
1726	1.8433476748668178
1727	1.8433476748668178
1728	1.8506041086306642
1729	1.8506041086306642
1730	1.8506041086306642
1731	1.344303007877024
1732	1.344303007877024
1733	1.344303007877024
1734	1.344303007877024
1735	1.344303007877024
1736	2.495474153477203
1737	2.495474153477203
1738	2.495474153477203
1739	2.495474153477203
1740	2.495474153477203
1741	1.601914970635951
1742	1.601914970635951
1743	1.601914970635951
1744	1.601914970635951
1745	1.601914970635951
1746	3.540411990432006
1747	3.540411990432006
1748	3.540411990432006
1749	3.540411990432006
1750	3.540411990432006
1751	4.044394546892806
1752	4.044394546892806
1753	4.044394546892806
1754	4.044394546892806
1755	4.044394546892806
1756	0.8895662635822053
1757	0.8895662635822053
1758	0.8895662635822053
1759	0.8895662635822053
1760	0.8895662635822053
1761	1.7603461899529806
1762	1.7603461899529806
1763	1.7603461899529806
1764	1.7603461899529806
1765	1.7603461899529806
1766	5.150461952418881
1767	5.150461952418881
1768	5.150461952418881
1769	1.4635293640515443
1770	1.4635293640515443
1771	1.4635293640515443
1772	1.4635293640515443
1773	1.4635293640515443
1774	3.4355264111802017
1775	3.4355264111802017
1776	3.4355264111802017
1777	3.4355264111802017
1778	3.4355264111802017
1779	2.3583105380718017
1780	2.3583105380718017
1781	2.3583105380718017
1782	2.3583105380718017
1783	2.3583105380718017
1784	7.333114635376708
1785	7.333114635376708
1786	7.333114635376708
1787	7.333114635376708
1788	7.333114635376708
1789	2.504915662849039
1790	2.504915662849039
1791	2.504915662849039
1792	2.504915662849039
1793	2.504915662849039
1794	2.327935802441887
1795	2.327935802441887
1796	0.3546117364390831
1797	0.3546117364390831
1798	0.3546117364390831
1799	0.3546117364390831
1800	0.3546117364390831
1801	0.4421954014084607
1802	0.4421954014084607
1803	0.4421954014084607
1804	0.4421954014084607
1805	0.4421954014084607
1806	0.7670407606871649
1807	0.7670407606871649
1808	0.7670407606871649
1809	0.7670407606871649
1810	0.7670407606871649
1811	0.3964277057842013
1812	6.161049936546698
1813	6.161049936546698
1814	6.161049936546698
1815	6.161049936546698
1816	6.161049936546698
1817	4.279806636539022
1818	4.279806636539022
1819	4.279806636539022
1820	4.279806636539022
1821	4.279806636539022
1822	2.7556956416579683
1823	0.507053230114186
1824	0.507053230114186
1825	0.507053230114186
1826	0.507053230114186
1827	0.507053230114186
1828	0.842547505764669
1829	0.842547505764669
1830	0.842547505764669
1831	0.842547505764669
1832	0.842547505764669
1833	0.4229980834219714
1834	0.4229980834219714
1835	0.4229980834219714
1836	0.4229980834219714
1837	0.4229980834219714
1838	0.1
1839	0.1
1840	0.1
1841	0.1
1842	0.1
1843	3.3507224181470647
1844	3.3507224181470647
1845	3.3507224181470647
1846	3.3507224181470647
1847	3.3507224181470647
1848	3.6037335878126147
1849	3.6037335878126147
1850	3.6037335878126147
1851	3.6037335878126147
1852	3.6037335878126147
1853	4.743662589132993
1854	4.743662589132993
1855	4.743662589132993
1856	4.743662589132993
1857	4.743662589132993
1858	3.3204071795056453
1859	3.3204071795056453
1860	3.3204071795056453
1861	3.3204071795056453
1862	3.3204071795056453
1863	2.9414875123672646
1864	0.9010583678395991
1865	0.9010583678395991
1866	0.9010583678395991
1867	0.9010583678395991
1868	0.9010583678395991
1869	4.292379612655069
1870	4.292379612655069
1871	4.292379612655069
1872	4.292379612655069
1873	4.292379612655069
1874	1.4602916281896077
1875	1.4602916281896077
1876	1.4602916281896077
1877	1.4602916281896077
1878	1.4602916281896077
1879	5.404543853655134
1880	5.404543853655134
1881	5.404543853655134
1882	5.404543853655134
1883	5.404543853655134
1884	4.094572239688854
1885	4.094572239688854
1886	4.094572239688854
1887	4.094572239688854
1888	4.094572239688854
1889	2.0206478192859114
1890	2.0206478192859114
1891	2.0206478192859114
1892	2.0206478192859114
1893	2.0206478192859114
1894	2.522021173235335
1895	2.522021173235335
1896	2.522021173235335
1897	2.522021173235335
1898	2.522021173235335
1899	3.7601542390450766
1900	3.7601542390450766
1901	1.336861273675905
1902	1.336861273675905
1903	1.336861273675905
1904	1.336861273675905
1905	1.336861273675905
1906	0.1
1907	0.1
1908	0.1
1909	0.1
1910	0.1
1911	2.404939906944326
1912	2.404939906944326
1913	2.404939906944326
1914	2.404939906944326
1915	2.404939906944326
1916	3.2911239884233403
1917	3.2911239884233403
1918	3.2911239884233403
1919	3.2911239884233403
1920	3.2911239884233403
1921	0.8111276729030961
1922	0.8111276729030961
1923	3.3947583870455285
1924	3.3947583870455285
1925	3.3947583870455285
1926	3.3947583870455285
1927	3.3947583870455285
1928	2.237963101356171
1929	3.1843738753368074
1930	3.1843738753368074
1931	3.1843738753368074
1932	3.1843738753368074
1933	0.9047742176142669
1934	0.9047742176142669
1935	0.9047742176142669
1936	0.9047742176142669
1937	0.9047742176142669
1938	1.0956299039007915
1939	1.0956299039007915
1940	1.0956299039007915
1941	1.0956299039007915
1942	1.0956299039007915
1943	0.3752559031817996
1944	0.3752559031817996
1945	0.3752559031817996
1946	0.3752559031817996
1947	0.3752559031817996
1948	1.6360322101262605
1949	1.6360322101262605
1950	1.6360322101262605
1951	1.6360322101262605
1952	1.7555191594555473
1953	1.7555191594555473
1954	1.7555191594555473
1955	1.7555191594555473
1956	1.7555191594555473
1957	0.276190458438768
1958	0.276190458438768
1959	0.276190458438768
1960	0.276190458438768
1961	0.276190458438768
1962	2.722603407151678
1963	2.722603407151678
1964	2.722603407151678
1965	2.722603407151678
1966	2.722603407151678
1967	3.1801411773186192
1968	3.1801411773186192
1969	3.1801411773186192
1970	3.1801411773186192
1971	3.1801411773186192
1972	1.367699647603213
1973	0.1
1974	0.1
1975	0.1
1976	0.1
1977	0.1
1978	4.266924101786078
1979	4.266924101786078
1980	4.266924101786078
1981	4.266924101786078
1982	4.266924101786078
1983	2.584239770144597
1984	2.584239770144597
1985	2.584239770144597
1986	2.584239770144597
1987	2.584239770144597
1988	1.7565782012869722
1989	1.7565782012869722
1990	1.7565782012869722
1991	1.7565782012869722
1992	1.7565782012869722
1993	2.501283655322314
1994	2.501283655322314
1995	2.501283655322314
1996	2.501283655322314
1997	2.501283655322314
1998	2.2251241729150193
1999	2.2251241729150193
