0	1.65545542490515
1	1.65545542490515
2	1.9524774595421186
3	1.9524774595421186
4	2.774616081635438
5	2.774616081635438
6	2.6965402059482866
7	2.6965402059482866
8	2.644210126127789
9	2.644210126127789
10	2.201607198438133
11	2.201607198438133
12	2.104496549648994
13	2.104496549648994
14	2.1582424891259953
15	2.1582424891259953
16	1.4024247136874326
17	1.4024247136874326
18	1.9012728099143124
19	1.9012728099143124
20	2.6341428502236335
21	2.6341428502236335
22	3.369327816567078
23	3.369327816567078
24	2.3190819205188196
25	2.3190819205188196
26	2.586369418281078
27	2.586369418281078
28	1.383161330387046
29	1.383161330387046
30	3.515761685743845
31	3.515761685743845
32	2.524972589468905
33	2.524972589468905
34	2.0944453066594013
35	2.0944453066594013
36	1.8353671320472738
37	1.8353671320472738
38	3.436349566140673
39	3.436349566140673
40	2.1511467330683387
41	2.1511467330683387
42	2.0206036751092338
43	2.0206036751092338
44	2.552445177073947
45	2.552445177073947
46	1.6573854572195872
47	1.6573854572195872
48	2.3736496810680094
49	2.3736496810680094
50	2.032828759832521
51	2.032828759832521
52	1.4280154848216045
53	1.4280154848216045
54	1.7484937781102752
55	1.7484937781102752
56	1.5142130939830212
57	1.5142130939830212
58	2.601595028679332
59	2.601595028679332
60	1.7296993706681476
61	1.7296993706681476
62	1.2522118327688567
63	1.2522118327688567
64	1.4870065258723089
65	1.4870065258723089
66	0.2371564816855818
67	0.2371564816855818
68	1.8564219768217232
69	1.8564219768217232
70	1.6779228567808306
71	1.6779228567808306
72	1.8219603388563939
73	1.8219603388563939
74	2.0216377129794316
75	2.0216377129794316
76	1.876760231588158
77	1.876760231588158
78	1.3539926501231936
79	1.3539926501231936
80	0.8469758436363883
81	0.8469758436363883
82	0.6763551360510268
83	0.6763551360510268
84	2.0150732649584175
85	2.0150732649584175
86	1.8035546388846997
87	1.8035546388846997
88	1.0152843087765273
89	1.0152843087765273
90	0.9278017931284447
91	0.9278017931284447
92	1.9741662380434954
93	1.9741662380434954
94	1.956182033019111
95	1.956182033019111
96	0.8832473623489682
97	0.8832473623489682
98	1.2107835817663755
99	1.2107835817663755
100	2.326640221326671
101	2.326640221326671
102	2.0313030440435593
103	2.0313030440435593
104	1.9778360014374274
105	1.9778360014374274
106	1.3189890054418123
107	1.3189890054418123
108	2.0053170511192997
109	0.7953466792966866
110	0.7953466792966866
111	0.9931717138192744
112	0.9931717138192744
113	0.656419424701006
114	0.656419424701006
115	0.5820374685578842
116	0.5820374685578842
117	0.7629812354024216
118	0.7629812354024216
119	0.826271483565534
120	0.826271483565534
121	0.6454673778400282
122	0.6454673778400282
123	0.4476521550547629
124	0.4476521550547629
125	0.6465776507691797
126	0.6465776507691797
127	0.5629965077002178
128	0.5629965077002178
129	0.6177753826063798
130	0.6177753826063798
131	0.4997560239020412
132	0.4997560239020412
133	0.7067310181310553
134	0.7067310181310553
135	0.9140381595322062
136	0.9140381595322062
137	0.5512405769608003
138	0.5512405769608003
139	0.834946669459992
140	0.834946669459992
141	0.7793789234747905
142	0.7793789234747905
143	0.6267361542917886
144	0.6267361542917886
145	0.511285994199955
146	0.511285994199955
147	0.42282971281940773
148	0.42282971281940773
149	0.2296951832882541
150	0.2296951832882541
151	0.5829094594789785
152	0.5829094594789785
153	0.6185894236849844
154	0.6185894236849844
155	0.27550745875517013
156	0.27550745875517013
157	0.5261359690955395
158	0.5261359690955395
159	0.8867654758064312
160	0.8867654758064312
161	0.6825020051449758
162	0.6825020051449758
163	0.5359705053926926
164	0.5359705053926926
165	0.6122367457356854
166	0.6122367457356854
167	0.7448863928460332
168	0.7448863928460332
169	0.6729421680673301
170	0.6729421680673301
171	0.8640565610465949
172	0.8640565610465949
173	0.6836403688548499
174	0.6836403688548499
175	0.630757194002638
176	0.630757194002638
177	0.7494173624484852
178	0.7494173624484852
179	0.8892489800450931
180	0.8892489800450931
181	0.5816645834418059
182	0.5816645834418059
183	0.21726051397338525
184	0.21726051397338525
185	0.7105480329132032
186	0.7105480329132032
187	0.5799652328569718
188	0.5799652328569718
189	0.57270520205788
190	0.57270520205788
191	0.8614786453275626
192	0.8614786453275626
193	0.7926347272635634
194	0.7926347272635634
195	0.7796123877125896
196	0.7796123877125896
197	0.8327571585130751
198	0.8327571585130751
199	0.6111820034557041
200	0.6111820034557041
201	0.6122507594131003
202	0.6122507594131003
203	0.6554656071437864
204	0.6554656071437864
205	0.33104687183101206
206	0.33104687183101206
207	0.7673896370785265
208	0.7673896370785265
209	0.5020394913164793
210	0.5020394913164793
211	0.9102720251265508
212	0.9102720251265508
213	0.4531646235801495
214	0.4531646235801495
215	0.6483954311467509
216	0.6483954311467509
217	0.4704715812524376
218	0.4704715812524376
219	0.8617630477497153
220	0.8617630477497153
221	0.7189349803675175
222	0.7189349803675175
223	0.5216522074332488
224	0.5216522074332488
225	0.5522051325972168
226	0.5522051325972168
227	0.6616160316840646
228	0.6616160316840646
229	0.8268045028269526
230	0.8268045028269526
231	0.7664698507441625
232	0.7664698507441625
233	0.8827970866605549
234	0.8827970866605549
235	1.0624077605834779
236	1.0624077605834779
237	0.776470117237811
238	0.776470117237811
239	0.3567922151717471
240	0.3567922151717471
241	0.5406156270560558
242	0.5406156270560558
243	0.6439507552998736
244	0.6439507552998736
245	0.6936337819317547
246	0.6936337819317547
247	0.7013029426297174
248	0.7013029426297174
249	0.4560483207356001
250	0.4560483207356001
251	0.3025896002342524
252	0.3025896002342524
253	0.8532097628281835
254	0.8532097628281835
255	0.6747142407185206
256	0.6747142407185206
257	0.23381613581871385
258	0.23381613581871385
259	0.8303181492230285
260	0.8303181492230285
261	0.7332908225082728
262	0.7332908225082728
263	0.6883142683432639
264	0.6883142683432639
265	0.8302602685019247
266	0.8302602685019247
267	0.5202168855729705
268	0.5202168855729705
269	0.6802945047287636
270	0.6802945047287636
271	0.572623771919641
272	4.062701374505085
273	4.062701374505085
274	5.017949352368829
275	5.017949352368829
276	2.9688151113382424
277	2.9688151113382424
278	4.531869164679639
279	4.531869164679639
280	3.7092763229638814
281	3.7092763229638814
282	2.7537710603025003
283	2.7537710603025003
284	0.6983537943825335
285	0.6983537943825335
286	3.714941677579504
287	3.513527641319894
288	3.513527641319894
289	5.0884924069809685
290	5.0884924069809685
291	2.3276899929769446
292	2.3276899929769446
293	3.9947082771681885
294	3.9947082771681885
295	2.6561593677774047
296	2.6561593677774047
297	1.6811883046575091
298	1.6811883046575091
299	2.7089672068161073
300	2.7089672068161073
301	3.7814395848061753
302	3.7814395848061753
303	3.72676419404521
304	3.72676419404521
305	4.768226225668266
306	4.768226225668266
307	4.513888229762619
308	4.513888229762619
309	3.5698016142689037
310	3.5698016142689037
311	4.239025213485553
312	4.239025213485553
313	4.651840976161744
314	4.651840976161744
315	4.385913040549833
316	4.385913040549833
317	7.147688528385006
318	7.147688528385006
319	5.641073364364726
320	5.641073364364726
321	5.58372511111037
322	5.58372511111037
323	3.5887622193226716
324	3.5887622193226716
325	4.166757406939728
326	4.166757406939728
327	5.196196627413214
328	5.196196627413214
329	4.668860064758077
330	4.668860064758077
331	3.4579774510640133
332	3.4579774510640133
333	4.929696381024524
334	4.929696381024524
335	3.6408158400591892
336	3.6408158400591892
337	3.541962200023541
338	3.541962200023541
339	2.7174767154053594
340	2.7174767154053594
341	3.629684104731697
342	3.629684104731697
343	3.564890737283827
344	3.564890737283827
345	4.191055834115097
346	4.191055834115097
347	5.11316756627596
348	5.11316756627596
349	2.3731836084764817
350	2.3731836084764817
351	2.2923877933372525
352	2.2923877933372525
353	5.123130205947445
354	5.123130205947445
355	3.369803215973967
356	3.369803215973967
357	4.01053622023106
358	4.01053622023106
359	2.4008450649211746
360	2.4008450649211746
361	3.5927648871834785
362	3.5927648871834785
363	3.549358842110448
364	3.549358842110448
365	3.5054065840170723
366	3.5054065840170723
367	3.07359325734189
368	3.07359325734189
369	2.8507403596418412
370	2.8507403596418412
371	3.3634238089884536
372	3.3634238089884536
373	4.167170803234075
374	4.167170803234075
375	3.3350398409594018
376	3.3350398409594018
377	4.138685716620138
378	4.138685716620138
379	5.252245891934688
380	5.252245891934688
381	3.842745817624248
382	3.842745817624248
383	1.7348471084831534
384	1.7348471084831534
385	4.8121856803990175
386	4.8121856803990175
387	3.2245976730847152
388	3.2245976730847152
389	1.781651905203534
390	1.781651905203534
391	6.444732595627598
392	6.444732595627598
393	6.595704601430907
394	6.595704601430907
395	2.889453118695828
396	2.889453118695828
397	2.7117768654487024
398	2.7117768654487024
399	3.550278612803598
400	3.550278612803598
401	4.89750335504215
402	4.89750335504215
403	3.464334993554444
404	3.464334993554444
405	3.919828312781942
406	3.919828312781942
407	3.7602129331226197
408	3.7602129331226197
409	4.327613773152194
410	4.327613773152194
411	3.944235304789522
412	3.944235304789522
413	1.810872052619291
414	1.810872052619291
415	1.9987738828049404
416	1.9987738828049404
417	1.7302234022079381
418	1.7302234022079381
419	1.5979395595950852
420	1.5979395595950852
421	2.225875461708979
422	2.225875461708979
423	1.5676900964030844
424	1.5676900964030844
425	1.8940998181269386
426	1.8940998181269386
427	1.7265816457567855
428	1.7265816457567855
429	2.287821965407829
430	2.287821965407829
431	1.2831981249322202
432	1.2831981249322202
433	0.43419855226186654
434	0.43419855226186654
435	2.1989463550699386
436	2.1989463550699386
437	1.6411291712107368
438	1.6411291712107368
439	2.4056924998985862
440	2.4056924998985862
441	1.1633176053303638
442	1.1633176053303638
443	1.8078189939733589
444	1.8078189939733589
445	1.785405096148363
446	1.785405096148363
447	2.2098135922841857
448	2.2098135922841857
449	0.9101362717922937
450	0.9101362717922937
451	2.3865638644354563
452	1.2298886933573654
453	1.2298886933573654
454	1.028699804557548
455	1.028699804557548
456	1.3367868669985945
457	1.3367868669985945
458	1.5319291109529853
459	1.5319291109529853
460	1.0133991014106631
461	1.0133991014106631
462	0.7428536117671068
463	0.7428536117671068
464	1.0104886949335568
465	1.0104886949335568
466	1.4436278597213685
467	1.4436278597213685
468	0.8058103529999321
469	0.8058103529999321
470	0.8910751181878502
471	0.8910751181878502
472	1.1024037515738447
473	1.1024037515738447
474	0.4911407723434542
475	0.4911407723434542
476	1.1245351703742519
477	1.1245351703742519
478	1.2224326458125168
479	1.2224326458125168
480	1.0074285328405093
481	1.0074285328405093
482	1.8048131687450861
483	1.8048131687450861
484	0.787469553505098
485	0.787469553505098
486	0.7778060270596157
487	0.7778060270596157
488	1.2765503296582374
489	1.2765503296582374
490	0.4065595432891066
491	0.4065595432891066
492	0.7555809113171581
493	0.7555809113171581
494	1.3377258614399068
495	1.3377258614399068
496	1.5191224953978517
497	1.5191224953978517
498	1.4442745506381383
499	1.4442745506381383
500	1.1420152025962074
501	1.1420152025962074
502	0.7273456438904797
503	0.7273456438904797
504	1.0385471975876372
505	1.0385471975876372
506	1.2930310847523974
507	1.2930310847523974
508	0.6846792285814887
509	0.6846792285814887
510	0.7589195240929486
511	0.7589195240929486
512	1.6203705065407275
513	1.6203705065407275
514	1.1586490717044429
515	1.1586490717044429
516	1.8181945386883216
517	1.8181945386883216
518	0.6984241862026122
519	0.6984241862026122
520	1.527262820726785
521	1.527262820726785
522	0.2816193312512364
523	0.2816193312512364
524	1.3892034835319753
525	1.3892034835319753
526	1.2032930315784227
527	1.2032930315784227
528	1.3887207857780697
529	1.3887207857780697
530	0.1959891399350282
531	0.1959891399350282
532	1.2077508780107034
533	1.2077508780107034
534	1.039825113219394
535	1.039825113219394
536	1.770244997260247
537	1.770244997260247
538	0.4359129318203572
539	0.4359129318203572
540	1.2103822293889173
541	1.2103822293889173
542	0.9857955889269303
543	0.9857955889269303
544	1.2976540793310345
545	1.2976540793310345
546	0.6679420571446122
547	0.6679420571446122
548	1.062702465358286
549	1.062702465358286
550	0.8935253089948328
551	0.8935253089948328
552	0.7613820939145985
553	0.7613820939145985
554	1.1357860966705238
555	1.1357860966705238
556	1.531384762692185
557	1.531384762692185
558	0.37310368983550224
559	0.37310368983550224
560	1.0909878326094138
561	1.0909878326094138
562	0.9700007134371449
563	0.9700007134371449
564	1.0834552857141353
565	1.0834552857141353
566	1.1339408937552022
567	1.1339408937552022
568	1.002661173613884
569	1.002661173613884
570	1.2192177157039923
571	1.2192177157039923
572	1.4201252806774183
573	1.4201252806774183
574	0.6741613181972197
575	0.6741613181972197
576	0.7266043379225717
577	0.7266043379225717
578	0.9460662510213649
579	0.9460662510213649
580	1.5577799680610305
581	1.5577799680610305
582	1.3070085231680488
583	1.3070085231680488
584	1.3708240639917162
585	1.3708240639917162
586	1.3683591296841113
587	1.3683591296841113
588	1.2161081701467866
589	1.2161081701467866
590	0.9018100599217672
591	0.9018100599217672
592	1.2873035934909005
593	1.2873035934909005
594	1.4559295051801395
595	1.4559295051801395
596	1.557987691325153
597	1.557987691325153
598	1.3231351196732637
599	1.3231351196732637
600	0.9691984494281851
601	0.9691984494281851
602	1.201210962182653
603	1.201210962182653
604	1.2391104310886507
605	1.2391104310886507
606	0.7171848023478069
607	0.7171848023478069
608	1.2212375947120802
609	1.2212375947120802
610	0.7760277248758727
611	0.7760277248758727
612	1.481279395072223
613	1.481279395072223
614	1.2303403370049972
615	1.2303403370049972
616	1.5560404106669634
617	1.5560404106669634
618	1.173463731358749
619	1.173463731358749
620	1.2019530629926514
621	1.2019530629926514
622	0.9566275703102383
623	0.9566275703102383
624	0.9071029492028562
625	0.9071029492028562
626	1.2884549916744685
627	1.2884549916744685
628	1.4938468512128276
629	1.4938468512128276
630	0.6641716072639395
631	0.6641716072639395
632	0.8665486548009438
633	0.8665486548009438
634	0.5989875876669352
635	0.5989875876669352
636	0.7489233278821803
637	0.7489233278821803
638	1.5054195224290636
639	1.5054195224290636
640	1.3851233440404789
641	1.3851233440404789
642	1.4861793259979803
643	1.4861793259979803
644	0.7291238321898293
645	0.7291238321898293
646	0.7871006430560581
647	0.7871006430560581
648	2.0128530430466585
649	2.0128530430466585
650	0.799052460242027
651	0.799052460242027
652	1.506129826949493
653	1.506129826949493
654	2.8424009244350223
655	2.8424009244350223
656	2.2752175564843853
657	2.2752175564843853
658	1.9351092119462745
659	1.9351092119462745
660	1.2530988196856898
661	1.2530988196856898
662	1.8650538598223065
663	1.8650538598223065
664	1.9423809228347062
665	1.9423809228347062
666	2.302575875105951
667	2.302575875105951
668	2.1291309599522505
669	2.1291309599522505
670	1.9375898472948756
671	1.9375898472948756
672	2.49656551004674
673	2.49656551004674
674	3.0923232034763513
675	3.0923232034763513
676	3.1875042278605545
677	3.1875042278605545
678	3.6372964895796915
679	3.6372964895796915
680	3.5124337229884683
681	3.5124337229884683
682	2.3860706356595958
683	2.3860706356595958
684	3.088793143064672
685	3.088793143064672
686	1.5024014814464017
687	1.5024014814464017
688	2.8015861896741168
689	2.8015861896741168
690	3.46745516637432
691	3.46745516637432
692	3.0718890380464763
693	3.0718890380464763
694	2.2275121766592774
695	2.2275121766592774
696	3.5790276012496083
697	3.5790276012496083
698	1.542639489054882
699	1.542639489054882
700	1.9191656417553462
701	1.9191656417553462
702	3.155986051771425
703	3.155986051771425
704	1.7686728271198071
705	1.7686728271198071
706	1.7225300445618235
707	1.7225300445618235
708	2.7250725046450563
709	2.7250725046450563
710	1.805527019311735
711	1.805527019311735
712	1.8895654503142074
713	1.8895654503142074
714	2.198922061969007
715	2.198922061969007
716	0.7072487813072
717	0.7072487813072
718	1.9921430472604051
719	1.9921430472604051
720	0.8069913334060824
721	0.8069913334060824
722	1.6546503102704742
723	1.6546503102704742
724	1.3176826820146008
725	1.3176826820146008
726	1.9435399396202115
727	1.9435399396202115
728	1.906397952997306
729	1.906397952997306
730	2.181532873220835
731	2.181532873220835
732	0.6564896657260906
733	0.6564896657260906
734	2.4926992996579647
735	2.4926992996579647
736	0.9492073147823028
737	0.9492073147823028
738	2.101915783683518
739	2.101915783683518
740	1.261865602789198
741	1.261865602789198
742	1.934743031641747
743	1.934743031641747
744	1.2753686010029264
745	1.2753686010029264
746	2.1209625854449095
747	2.1209625854449095
748	2.144411423297737
749	2.144411423297737
750	2.252821779440238
751	2.252821779440238
752	1.8535267035373484
753	1.8535267035373484
754	1.48168943510561
755	1.48168943510561
756	2.1361805375048744
757	2.1361805375048744
758	1.735405804353617
759	1.735405804353617
760	1.5851024814217838
761	1.5851024814217838
762	3.29023178272654
763	3.29023178272654
764	1.181954590602909
765	1.181954590602909
766	2.0492056307026143
767	2.0492056307026143
768	1.5199255432979963
769	1.5199255432979963
770	1.1531563307283716
771	1.1531563307283716
772	1.813371117046464
773	1.813371117046464
774	1.598312368916282
775	1.598312368916282
776	1.0617550574127343
777	1.0617550574127343
778	1.621143954499214
779	1.621143954499214
780	1.8303977961281679
781	1.8303977961281679
782	1.6998477729980515
783	1.6998477729980515
784	1.0435461825213808
785	1.0435461825213808
786	1.3953456631677448
787	1.3953456631677448
788	0.837722689559833
789	0.837722689559833
790	1.3355313337819852
791	1.3355313337819852
792	0.8260794290556174
793	0.8260794290556174
794	1.4139235351640784
795	1.4139235351640784
796	2.7326271497085797
797	2.7326271497085797
798	1.5243126658264137
799	1.5243126658264137
800	0.8615746769725185
801	0.8615746769725185
802	1.6241758749355162
803	1.6241758749355162
804	1.2957995317470183
805	1.2957995317470183
806	0.9684833166475806
807	0.9684833166475806
808	1.4800552097155475
809	1.4800552097155475
810	1.238008181063278
811	1.238008181063278
812	1.8681980804185736
813	1.8681980804185736
814	1.8490337331378408
815	1.8490337331378408
816	1.8973184742142672
817	1.8973184742142672
818	1.4344650529572758
819	1.4344650529572758
820	1.2471854546087089
821	1.2471854546087089
822	2.0472964062997594
823	2.0472964062997594
824	1.4223658916050377
825	1.4223658916050377
826	1.0123715581640793
827	1.0123715581640793
828	1.4430465049382653
829	1.4430465049382653
830	1.5746644511269212
831	1.5746644511269212
832	1.3754281335455911
833	1.3754281335455911
834	1.827309134480667
835	1.827309134480667
836	1.7184200423211746
837	1.7184200423211746
838	2.072222803109563
839	2.072222803109563
840	2.091039510850231
841	2.091039510850231
842	1.7570751685491226
843	1.7570751685491226
844	1.7746742630358043
845	1.7746742630358043
846	1.3262701398245873
847	1.3262701398245873
848	1.1870547230383086
849	1.1870547230383086
850	1.288668961891614
851	1.288668961891614
852	0.49453704297278955
853	0.49453704297278955
854	0.4733845392249387
855	0.4733845392249387
856	1.2999151740018873
857	1.2999151740018873
858	2.0470293339428656
859	2.0470293339428656
860	1.8267075303690226
861	1.8267075303690226
862	3.041293528951602
863	3.041293528951602
864	3.3960976873477065
865	3.3960976873477065
866	3.1085121505852022
867	3.1085121505852022
868	4.90550292402467
869	4.90550292402467
870	3.677519773988343
871	3.677519773988343
872	2.431715803365016
873	2.431715803365016
874	2.7301084620964606
875	2.7301084620964606
876	3.353013066143279
877	3.353013066143279
878	1.896174978858591
879	1.896174978858591
880	3.673335720982371
881	3.673335720982371
882	4.602830796997154
883	4.602830796997154
884	2.160473044593508
885	2.160473044593508
886	3.333155592197973
887	3.333155592197973
888	2.1087032355883615
889	2.1087032355883615
890	2.4285487757950333
891	2.4285487757950333
892	4.0859080072059495
893	4.0859080072059495
894	2.6591590409536323
895	2.6591590409536323
896	5.0084465951490085
897	5.0084465951490085
898	3.60424384942885
899	3.60424384942885
900	3.123022998738336
901	3.123022998738336
902	4.063294538525568
903	4.063294538525568
904	3.332477086080433
905	3.332477086080433
906	3.423827335245558
907	3.423827335245558
908	2.751859293526711
909	2.751859293526711
910	4.057550169259145
911	4.057550169259145
912	4.384981379621784
913	4.384981379621784
914	3.4785371420865587
915	3.4785371420865587
916	4.867359847567205
917	4.867359847567205
918	3.3074910831045803
919	3.3074910831045803
920	2.110413244016187
921	2.110413244016187
922	3.977707255328845
923	3.977707255328845
924	3.5953389980438715
925	3.5953389980438715
926	3.676826411248691
927	3.676826411248691
928	5.366113317849612
929	5.366113317849612
930	4.115393489117292
931	4.115393489117292
932	1.688567617945913
933	1.688567617945913
934	3.5402036896021998
935	3.5402036896021998
936	3.023627065205155
937	3.023627065205155
938	2.041283688262377
939	2.041283688262377
940	5.072917203345061
941	5.072917203345061
942	2.8589875059543473
943	2.8589875059543473
944	4.69362398338937
945	4.69362398338937
946	2.7377354418050466
947	2.7377354418050466
948	4.231339468721398
949	4.231339468721398
950	4.481287655587829
951	4.481287655587829
952	3.6302503105192705
953	3.6302503105192705
954	4.082492203017414
955	4.082492203017414
956	2.683589419718155
957	2.683589419718155
958	3.864365028622152
959	3.864365028622152
960	2.45207714861529
961	2.45207714861529
962	3.8734591258107045
963	3.8734591258107045
964	4.453491010935112
965	4.453491010935112
966	3.2848905268236375
967	3.2848905268236375
968	3.033343682293453
969	3.033343682293453
970	3.6903661304885227
971	3.6903661304885227
972	1.8098270609657288
973	1.8098270609657288
974	3.766926209631601
975	3.766926209631601
976	4.543954499783894
977	4.543954499783894
978	5.676761910629683
979	5.676761910629683
980	3.6948713999628477
981	3.6948713999628477
982	3.640923740750755
983	3.640923740750755
984	2.836111374665003
985	2.836111374665003
986	4.111785788858683
987	4.111785788858683
988	5.03169774244818
989	5.03169774244818
990	4.4801902410881045
991	4.4801902410881045
992	3.650215377288131
993	3.650215377288131
994	6.188409190483793
995	6.188409190483793
996	4.2416545610568575
997	4.2416545610568575
998	1.8962108804371927
999	1.8962108804371927
1000	3.0008765485856665
1001	3.0008765485856665
1002	3.1918730346382067
1003	3.1918730346382067
1004	2.4557491655599373
1005	2.4557491655599373
1006	3.6580871719167956
1007	3.6580871719167956
1008	4.8310274691386565
1009	4.8310274691386565
1010	3.5357981991146272
1011	3.5357981991146272
1012	4.471292438546239
1013	4.471292438546239
1014	0.4692874981540296
1015	0.4692874981540296
1016	4.156713667572416
1017	4.156713667572416
1018	2.9979358808304197
1019	2.9979358808304197
1020	3.9944341405299526
1021	3.9944341405299526
1022	4.15639638031947
1023	4.15639638031947
1024	4.850104001385248
1025	4.850104001385248
1026	2.077944208605089
1027	2.077944208605089
1028	1.1893931526110535
1029	1.1893931526110535
1030	3.0024250172893865
1031	3.0024250172893865
1032	3.9042791937106007
1033	3.9042791937106007
1034	4.426293502052653
1035	4.426293502052653
1036	2.3204304838875056
1037	2.3204304838875056
1038	2.8016599936423363
1039	2.8016599936423363
1040	5.164708097168562
1041	5.164708097168562
1042	3.1215141930491965
1043	3.1215141930491965
1044	2.86625318117077
1045	2.86625318117077
1046	3.089529435347387
1047	3.089529435347387
1048	4.212865898392949
1049	4.212865898392949
1050	4.110829033640399
1051	4.110829033640399
1052	4.8151563714742665
1053	4.8151563714742665
1054	2.8223750801731193
1055	2.8223750801731193
1056	2.0782997053001933
1057	2.0782997053001933
1058	3.8707391148489023
1059	3.8707391148489023
1060	4.006549243761446
1061	4.006549243761446
1062	3.933558300253676
1063	3.933558300253676
1064	3.237561899439264
1065	3.237561899439264
1066	3.1712958276030534
1067	3.1712958276030534
1068	3.4120629078153732
1069	3.4120629078153732
1070	3.8978365075696204
1071	3.8978365075696204
1072	3.498547794960958
1073	3.498547794960958
1074	4.8008173525639855
1075	4.8008173525639855
1076	1.3462822137172248
1077	1.3462822137172248
1078	2.0730077946655454
1079	2.0730077946655454
1080	4.340104471261421
1081	4.340104471261421
1082	1.92949406941665
1083	1.92949406941665
1084	3.36523352139747
1085	3.36523352139747
1086	1.2842938233900347
1087	1.2842938233900347
1088	3.0354300931106204
1089	3.0354300931106204
1090	2.7350762065039254
1091	2.7350762065039254
1092	3.512052442598716
1093	3.512052442598716
1094	3.416363865035001
1095	3.416363865035001
1096	4.216685671047671
1097	4.216685671047671
1098	3.1563298863349316
1099	3.1563298863349316
1100	3.6722536133731243
1101	3.6722536133731243
1102	2.4441492372915485
1103	2.4441492372915485
1104	2.7104440157392276
1105	2.7104440157392276
1106	4.066544338009251
1107	4.066544338009251
1108	2.7151032371051254
1109	2.7151032371051254
1110	1.5819833406563821
1111	1.5819833406563821
1112	4.941502732373633
1113	4.941502732373633
1114	2.094385394106184
1115	2.094385394106184
1116	2.499295329216887
1117	2.499295329216887
1118	5.087754561801351
1119	5.087754561801351
1120	3.4244579122656247
1121	3.4244579122656247
1122	4.042412682507397
1123	4.042412682507397
1124	3.268264788854173
1125	3.268264788854173
1126	3.5995261913804844
1127	3.5995261913804844
1128	3.21916642835828
1129	3.21916642835828
1130	3.9163744709801795
1131	3.9163744709801795
1132	3.3769511316436396
1133	3.3769511316436396
1134	2.2811186862817254
1135	2.2811186862817254
1136	4.249765882817607
1137	4.249765882817607
1138	3.3291754862988574
1139	3.3291754862988574
1140	4.922081847857106
1141	4.922081847857106
1142	1.2389101768956903
1143	1.2389101768956903
1144	5.405707006125848
1145	5.405707006125848
1146	4.801534373251789
1147	4.801534373251789
1148	3.053769721118098
1149	3.053769721118098
1150	3.6056285856851242
1151	3.6056285856851242
1152	2.6636391800260735
1153	2.6636391800260735
1154	5.299603718594016
1155	5.299603718594016
1156	2.1060569677721244
1157	2.1060569677721244
1158	3.453954624588697
1159	3.453954624588697
1160	3.7337470069431697
1161	3.7337470069431697
1162	3.869233244042036
1163	3.869233244042036
1164	3.765085584844354
1165	3.765085584844354
1166	5.188633716858294
1167	5.188633716858294
1168	3.426735966414706
1169	3.426735966414706
1170	2.54314475376647
1171	0.585407742611371
1172	0.585407742611371
1173	0.8636526482093405
1174	0.8636526482093405
1175	0.46733576242392194
1176	0.46733576242392194
1177	0.3774889601049431
1178	0.3774889601049431
1179	0.29152211777011455
1180	0.29152211777011455
1181	0.8801755752413487
1182	0.8801755752413487
1183	0.9450638826858998
1184	0.9450638826858998
1185	0.2330334455763977
1186	0.2330334455763977
1187	0.5742742533055206
1188	0.5742742533055206
1189	0.5448287499316669
1190	0.5448287499316669
1191	0.8031658955421948
1192	0.8031658955421948
1193	0.675033364100758
1194	0.675033364100758
1195	0.42929881023795247
1196	0.42929881023795247
1197	0.7931246178574521
1198	0.7931246178574521
1199	0.8015098516981655
1200	0.8015098516981655
1201	0.6949374011403552
1202	0.6949374011403552
1203	0.9768666799645336
1204	0.9768666799645336
1205	0.451455302216602
1206	0.451455302216602
1207	0.5231751302053845
1208	0.5231751302053845
1209	0.7451477675817575
1210	0.7451477675817575
1211	0.714802537174442
1212	0.714802537174442
1213	0.7478855663171412
1214	0.7478855663171412
1215	0.6028048065265985
1216	0.6028048065265985
1217	0.7651166270165964
1218	0.7651166270165964
1219	0.6308453469654023
1220	0.6308453469654023
1221	0.3308545559370105
1222	0.3308545559370105
1223	0.7876818978650129
1224	0.7876818978650129
1225	0.7569581152893026
1226	0.7569581152893026
1227	0.8045487527348735
1228	0.8045487527348735
1229	0.6914003234598153
1230	0.6914003234598153
1231	0.8489782976210752
1232	0.8489782976210752
1233	0.9012589302886512
1234	0.9012589302886512
1235	0.7129345297310034
1236	0.7129345297310034
1237	0.5472616270384025
1238	0.5472616270384025
1239	0.7855880573263155
1240	0.7855880573263155
1241	0.3904063596781264
1242	0.3904063596781264
1243	0.8005866403913592
1244	0.8005866403913592
1245	2.6065011597483894
1246	2.6065011597483894
1247	3.5622166146879155
1248	3.5622166146879155
1249	2.3652279780868395
1250	2.3652279780868395
1251	3.669933745459628
1252	3.669933745459628
1253	3.196568435043636
1254	3.196568435043636
1255	4.578329082740296
1256	4.578329082740296
1257	2.386823459790448
1258	2.386823459790448
1259	3.656358553344586
1260	3.656358553344586
1261	3.268469462953719
1262	3.268469462953719
1263	4.5406181835007375
1264	4.5406181835007375
1265	5.45647240162819
1266	5.45647240162819
1267	3.516067949604155
1268	3.516067949604155
1269	4.23352065895233
1270	4.23352065895233
1271	2.40127720554685
1272	2.40127720554685
1273	6.006319435818691
1274	6.006319435818691
1275	2.558516918786467
1276	2.558516918786467
1277	3.694277151334853
1278	3.694277151334853
1279	2.526903225883386
1280	2.526903225883386
1281	2.590925729747707
1282	2.590925729747707
1283	1.789766471277504
1284	1.789766471277504
1285	3.6649493468732253
1286	3.6649493468732253
1287	2.518115193511238
1288	2.518115193511238
1289	3.331108519816289
1290	3.331108519816289
1291	1.882241719871515
1292	1.882241719871515
1293	3.40123426132401
1294	3.40123426132401
1295	3.072560045856176
1296	3.072560045856176
1297	2.7424505870558495
1298	2.7424505870558495
1299	4.021147295601841
1300	4.021147295601841
1301	3.597469182871035
1302	3.597469182871035
1303	4.48278133771311
1304	4.48278133771311
1305	2.5021711828509403
1306	2.5021711828509403
1307	3.5244797164981927
1308	3.5244797164981927
1309	3.84824970104622
1310	3.84824970104622
1311	2.8292768633199836
1312	2.8292768633199836
1313	4.496339286402883
1314	4.496339286402883
1315	2.7379850335295917
1316	2.7379850335295917
1317	2.8243927703200735
1318	2.8243927703200735
1319	2.976203561685706
1320	2.976203561685706
1321	2.6424178995924534
1322	2.6424178995924534
1323	2.429616513628325
1324	2.429616513628325
1325	2.6962293845472196
1326	2.6962293845472196
1327	2.7388054617711646
1328	2.7388054617711646
1329	2.9414030750081483
1330	2.9414030750081483
1331	3.4219611254748097
1332	3.4219611254748097
1333	2.6242060524669073
1334	2.6242060524669073
1335	3.026711068427003
1336	3.026711068427003
1337	3.9397140643367807
1338	3.9397140643367807
1339	3.4606864140916245
1340	3.4606864140916245
1341	1.0792148625402989
1342	1.0792148625402989
1343	3.195239255399833
1344	3.195239255399833
1345	0.4997223200917364
1346	0.4997223200917364
1347	0.8386861217207284
1348	0.8386861217207284
1349	0.8527164798791256
1350	0.8527164798791256
1351	0.5613422232502304
1352	0.5613422232502304
1353	0.6223834576272179
1354	0.6223834576272179
1355	0.6823470838565795
1356	0.6823470838565795
1357	0.4911731661143505
1358	0.4911731661143505
1359	0.7604398528847591
1360	0.7604398528847591
1361	0.5506345908119319
1362	0.5506345908119319
1363	0.6090088012418601
1364	0.6090088012418601
1365	0.715247451035618
1366	0.715247451035618
1367	0.5708424807302371
1368	0.5708424807302371
1369	0.522513318519003
1370	0.522513318519003
1371	0.7041108231398642
1372	0.7041108231398642
1373	0.5761728261205207
1374	0.5761728261205207
1375	0.813930926654628
1376	0.813930926654628
1377	0.5535548926577418
1378	0.5535548926577418
1379	0.7990957948850492
1380	0.7990957948850492
1381	0.6307620920984897
1382	0.6307620920984897
1383	0.6911312847760915
1384	0.6911312847760915
1385	0.5500485098428847
1386	0.5500485098428847
1387	0.7828502215787331
1388	0.7828502215787331
1389	0.9348522775096845
1390	0.9348522775096845
1391	0.8503354760979057
1392	0.8503354760979057
1393	0.1
1394	0.1
1395	0.8051149283798965
1396	0.8051149283798965
1397	0.5812399166871824
1398	0.5812399166871824
1399	0.992343707877549
1400	0.992343707877549
1401	0.3723130020485268
1402	0.3723130020485268
1403	0.6873074024704571
1404	0.6873074024704571
1405	1.0167080086676212
1406	1.0167080086676212
1407	0.41303583776161334
1408	0.41303583776161334
1409	0.6770096179104357
1410	0.6770096179104357
1411	0.5050540473979214
1412	0.5050540473979214
1413	0.7206873172952096
1414	0.7206873172952096
1415	0.9508717236591403
1416	0.9508717236591403
1417	0.8392038119830965
1418	0.8392038119830965
1419	0.706688399523226
1420	0.706688399523226
1421	0.8290375105771326
1422	0.8290375105771326
1423	0.5919318777236202
1424	0.5919318777236202
1425	0.31197777309118985
1426	0.31197777309118985
1427	0.8758877689231772
1428	0.8758877689231772
1429	0.7970694549007478
1430	0.7970694549007478
1431	0.8158390089961315
1432	0.8158390089961315
1433	0.2072445653539955
1434	0.2072445653539955
1435	0.6749369147220649
1436	0.6749369147220649
1437	0.20233355457413982
1438	0.20233355457413982
1439	0.17261346833859198
1440	0.17261346833859198
1441	0.1626802608854599
1442	0.1626802608854599
1443	0.178671998883409
1444	0.178671998883409
1445	0.2077541664682718
1446	0.2077541664682718
1447	0.21362935232812738
1448	0.21362935232812738
1449	0.17864160105296178
1450	0.17864160105296178
1451	0.13172848305600782
1452	0.13172848305600782
1453	0.2790275703101329
1454	0.2790275703101329
1455	0.1724808971421767
1456	0.1724808971421767
1457	0.26611104327075247
1458	0.26611104327075247
1459	0.10564854415491517
1460	0.10564854415491517
1461	0.1471736251672176
1462	0.1471736251672176
1463	0.20345018338236454
1464	0.20345018338236454
1465	0.2669225898240802
1466	0.2669225898240802
1467	0.20946800015462722
1468	0.20946800015462722
1469	0.24642647252993272
1470	0.24642647252993272
1471	0.2758871468959915
1472	0.2758871468959915
1473	0.2830512260862602
1474	0.2830512260862602
1475	0.23382720885794198
1476	0.23382720885794198
1477	0.2612779788848828
1478	0.2612779788848828
1479	0.11521780714421044
1480	0.11521780714421044
1481	0.26289783528513794
1482	0.26289783528513794
1483	0.21431428137880196
1484	0.21431428137880196
1485	0.17313167989110448
1486	0.17313167989110448
1487	0.2472671942404085
1488	0.2472671942404085
1489	0.1452042687980833
1490	2.759863298753254
1491	2.759863298753254
1492	2.6886928177862655
1493	2.6886928177862655
1494	2.382070899230474
1495	2.382070899230474
1496	2.7233270637176283
1497	2.7233270637176283
1498	3.517972985495119
1499	3.517972985495119
1500	1.3251970376485003
1501	1.3251970376485003
1502	2.409586264917866
1503	2.409586264917866
1504	3.3323738914734085
1505	3.3323738914734085
1506	2.5387275605292645
1507	2.5387275605292645
1508	1.678315843267015
1509	1.678315843267015
1510	1.9371958315898412
1511	1.9371958315898412
1512	2.5780186259197477
1513	2.5780186259197477
1514	1.839216753096227
1515	1.839216753096227
1516	3.195320305565957
1517	3.195320305565957
1518	2.0807551117968863
1519	2.0807551117968863
1520	2.5102687375584196
1521	2.5102687375584196
1522	3.0355381542532562
1523	3.0355381542532562
1524	3.6899603844993614
1525	3.6899603844993614
1526	3.3790449741936324
1527	3.3790449741936324
1528	2.6649708739958817
1529	2.6649708739958817
1530	1.6639205288948764
1531	1.6639205288948764
1532	3.906708540605118
1533	3.906708540605118
1534	1.9954359415879999
1535	1.9954359415879999
1536	2.924049712759274
1537	2.924049712759274
1538	1.245422949461229
1539	1.245422949461229
1540	2.573553604098964
1541	2.573553604098964
1542	2.689304079747039
1543	2.689304079747039
1544	2.2383610282952544
1545	2.2383610282952544
1546	2.1298385626318126
1547	2.1298385626318126
1548	2.3136369716380494
1549	2.3136369716380494
1550	3.5776107463957665
1551	3.5776107463957665
1552	1.6948129524056732
1553	1.6948129524056732
1554	2.457375331990368
1555	2.457375331990368
1556	3.023395776824164
1557	3.023395776824164
1558	1.223910309146758
1559	1.223910309146758
1560	2.992561095272463
1561	2.992561095272463
1562	3.3830602711181847
1563	3.3830602711181847
1564	2.36391205942929
1565	2.36391205942929
1566	1.989383975556217
1567	1.989383975556217
1568	3.1027968661967074
1569	3.1027968661967074
1570	2.5383776511180196
1571	2.5383776511180196
1572	2.693102146254462
1573	2.693102146254462
1574	2.0253086956233566
1575	2.0253086956233566
1576	2.001033255649939
1577	2.001033255649939
1578	1.541572023163976
1579	1.541572023163976
1580	1.433119725457109
1581	1.433119725457109
1582	2.0179200756825053
1583	2.0179200756825053
1584	2.7823118717163133
1585	2.7823118717163133
1586	1.374799959422959
1587	1.374799959422959
1588	3.20907706399807
1589	3.20907706399807
1590	1.7224026096777323
1591	1.7224026096777323
1592	2.55011020464429
1593	2.55011020464429
1594	2.4232193547284404
1595	2.4232193547284404
1596	2.637969220141811
1597	2.637969220141811
1598	2.661669246021661
1599	2.661669246021661
1600	1.0186026113079625
1601	1.0186026113079625
1602	2.1836055877746046
1603	2.1836055877746046
1604	1.3512617523574904
1605	1.3512617523574904
1606	1.78854182657106
1607	1.210357131341954
1608	1.210357131341954
1609	1.1308783546365087
1610	1.1308783546365087
1611	1.6404069440316327
1612	1.6404069440316327
1613	0.8837038730027558
1614	0.8837038730027558
1615	1.3169377245622302
1616	1.3169377245622302
1617	0.8914845305946077
1618	0.8914845305946077
1619	1.1030013598494839
1620	1.1030013598494839
1621	1.4150654313868132
1622	1.4150654313868132
1623	0.4154961350902402
1624	0.4154961350902402
1625	0.9908197126908274
1626	0.9908197126908274
1627	1.3194538177355566
1628	1.3194538177355566
1629	1.2362717442387214
1630	1.2362717442387214
1631	1.0141325048100076
1632	1.0141325048100076
1633	1.5513034986445642
1634	1.5513034986445642
1635	1.345794834487982
1636	1.345794834487982
1637	0.9397706614152407
1638	0.9397706614152407
1639	0.3251874257807209
1640	0.3251874257807209
1641	1.1434575587376643
1642	1.1434575587376643
1643	4.910458536924992
1644	4.910458536924992
1645	2.1452260578649396
1646	2.1452260578649396
1647	1.438266641239871
1648	1.438266641239871
1649	1.302348122272922
1650	1.302348122272922
1651	1.5094643471614253
1652	3.945756771542847
1653	3.945756771542847
1654	1.3723635108249148
1655	1.3723635108249148
1656	4.134970131721506
1657	4.134970131721506
1658	4.44936018200106
1659	4.44936018200106
1660	2.7387833718115786
1661	2.7387833718115786
1662	2.115128160197132
1663	2.115128160197132
1664	3.4578506781440055
1665	3.4578506781440055
1666	3.2286498469021
1667	3.2286498469021
1668	2.8716448941536723
1669	2.8716448941536723
1670	2.209924254582997
1671	2.209924254582997
1672	2.218917925304688
1673	2.218917925304688
1674	1.815789759488405
1675	1.815789759488405
1676	4.768527096842963
1677	4.768527096842963
1678	3.5324205576536083
1679	3.5324205576536083
1680	2.979912874076513
1681	2.979912874076513
1682	4.603844997542799
1683	4.603844997542799
1684	4.246979837246772
1685	4.246979837246772
1686	3.1744571974370173
1687	3.1744571974370173
1688	4.102640619768369
1689	1.1266641693174562
1690	1.1266641693174562
1691	3.9303850787013257
1692	3.9303850787013257
1693	3.167734590474373
1694	3.167734590474373
1695	2.102792019257632
1696	2.102792019257632
1697	2.3455418020990484
1698	2.3455418020990484
1699	2.80602639536321
1700	2.80602639536321
1701	2.780435226789403
1702	2.780435226789403
1703	4.027585009818212
1704	4.027585009818212
1705	2.9082797751704863
1706	2.9082797751704863
1707	1.7257232278933297
1708	1.7257232278933297
1709	2.2468402030222254
1710	2.2468402030222254
1711	1.343756229421468
1712	1.343756229421468
1713	3.791957495082104
1714	6.327602111766783
1715	6.327602111766783
1716	6.08706080532701
1717	6.08706080532701
1718	4.089664287528184
1719	4.089664287528184
1720	4.236492245775113
1721	4.236492245775113
1722	3.7227522233156147
1723	3.7227522233156147
1724	5.113485701592275
1725	5.113485701592275
1726	4.986686683294621
1727	4.986686683294621
1728	4.012986780011859
1729	4.012986780011859
1730	2.883049773885896
1731	2.883049773885896
1732	5.6558659537173614
1733	5.6558659537173614
1734	4.160549013872551
1735	4.160549013872551
1736	3.3738404147961174
1737	3.3738404147961174
1738	3.573226308922336
1739	3.573226308922336
1740	6.224106205555971
1741	6.224106205555971
1742	4.000343738836175
1743	4.000343738836175
1744	6.183957358465831
1745	6.183957358465831
1746	0.9214725510181903
1747	0.9214725510181903
1748	2.244238288894038
1749	2.244238288894038
1750	1.4139214224205618
1751	1.4139214224205618
1752	1.2561262345259172
1753	1.2561262345259172
1754	0.9929656509809799
1755	0.9929656509809799
1756	1.1988512288537279
1757	1.1988512288537279
1758	1.2083608674622879
1759	1.2083608674622879
1760	1.784632922745544
1761	1.784632922745544
1762	3.366272686370068
1763	3.366272686370068
1764	2.1372556658568125
1765	2.1372556658568125
1766	2.7718659752180685
1767	2.7718659752180685
1768	1.8720203877888473
1769	1.8720203877888473
1770	1.4535627369172328
1771	1.4535627369172328
1772	1.6089636941169447
1773	1.6089636941169447
1774	1.9672572140647135
1775	1.9672572140647135
1776	3.219599956266591
1777	3.219599956266591
1778	2.550493772262919
1779	2.550493772262919
1780	3.3180642816666754
1781	3.3180642816666754
1782	1.938828938810345
1783	1.938828938810345
1784	2.0194460732959647
1785	2.0194460732959647
1786	1.8292836850365446
1787	1.8292836850365446
1788	2.263483602362502
1789	2.263483602362502
1790	2.0264821705700253
1791	2.0264821705700253
1792	2.7812951700937174
1793	2.7812951700937174
1794	2.441344682427992
1795	2.441344682427992
1796	2.634933164535152
1797	2.634933164535152
1798	2.4518280657781713
1799	2.4518280657781713
1800	1.5198299092612166
1801	1.5198299092612166
1802	1.0420716774089107
1803	1.0420716774089107
1804	1.318686333976021
1805	1.318686333976021
1806	2.3890850371738046
1807	2.3890850371738046
1808	2.003996865502356
1809	2.003996865502356
1810	1.3679476033663809
1811	1.3679476033663809
1812	2.364101582903961
1813	2.364101582903961
1814	2.541217591266697
1815	2.541217591266697
1816	1.8267053132289108
1817	1.8267053132289108
1818	2.307119824040785
1819	2.307119824040785
1820	1.562196878617209
1821	1.562196878617209
1822	1.55626413184127
1823	1.55626413184127
1824	1.7301774660140663
1825	1.7301774660140663
1826	2.66801845481243
1827	2.66801845481243
1828	2.6576626903633613
1829	2.6576626903633613
1830	2.945980699592358
1831	2.945980699592358
1832	1.1790230366791523
1833	1.1790230366791523
1834	1.4937604535421802
1835	1.4937604535421802
1836	2.1800193341871834
1837	2.1800193341871834
1838	3.8101023965764735
1839	3.8101023965764735
1840	3.6760912463514814
1841	3.6760912463514814
1842	1.9118247916750053
1843	1.9118247916750053
1844	2.043181944053216
1845	2.043181944053216
1846	1.9565821811182411
1847	1.9565821811182411
1848	2.3130934352783785
1849	2.3130934352783785
1850	2.077875018759392
1851	2.077875018759392
1852	2.2701966597143426
1853	2.2701966597143426
1854	2.2330006662125848
1855	2.2330006662125848
1856	2.476152336252482
1857	2.476152336252482
1858	1.595773524887667
1859	1.595773524887667
1860	2.043896599011932
1861	2.043896599011932
1862	2.6234423631853385
1863	2.6234423631853385
1864	2.286298653859183
1865	2.286298653859183
1866	1.827668515551104
1867	1.827668515551104
1868	2.4321452515800956
1869	2.4321452515800956
1870	2.5259900174557712
1871	2.5259900174557712
1872	1.7550627563553012
1873	1.7550627563553012
1874	1.7101090428090817
1875	1.7101090428090817
1876	1.4937798606212276
1877	1.4937798606212276
1878	1.2497230678832008
1879	1.2497230678832008
1880	1.6839208457527683
1881	1.6839208457527683
1882	1.0688762738609678
1883	1.0688762738609678
1884	1.0282889307003442
1885	1.0282889307003442
1886	3.1646684630476134
1887	3.1646684630476134
1888	2.2278686167586477
1889	2.2278686167586477
1890	1.5926680250415273
1891	1.5926680250415273
1892	2.0257889163367286
1893	2.0257889163367286
1894	2.9929310322957963
1895	2.9929310322957963
1896	1.7911121791586144
1897	1.7911121791586144
1898	2.4866188684404777
1899	2.4866188684404777
1900	1.8659927453148217
1901	1.8659927453148217
1902	0.6895588882530049
1903	0.6895588882530049
1904	0.20772803449024307
1905	0.20772803449024307
1906	0.5307933772076058
1907	0.5307933772076058
1908	0.4266556091038867
1909	0.4266556091038867
1910	0.3339764898703399
1911	0.3339764898703399
1912	0.4767553762767296
1913	0.4767553762767296
1914	0.6369989429937051
1915	0.6369989429937051
1916	0.7256519307892346
1917	0.7256519307892346
1918	0.5219155460980808
1919	0.5219155460980808
1920	0.7889877142640077
1921	0.7889877142640077
1922	0.3679748777604128
1923	0.3679748777604128
1924	0.40198809803309465
1925	0.40198809803309465
1926	0.5733469912486475
1927	0.5733469912486475
1928	0.7132044339254656
1929	0.7132044339254656
1930	0.4615682590659709
1931	0.4615682590659709
1932	0.5482250547290621
1933	0.5482250547290621
1934	0.6991959158927089
1935	0.6991959158927089
1936	0.4668324209744532
1937	0.4668324209744532
1938	0.8084055003538544
1939	0.8084055003538544
1940	0.4948410212626254
1941	0.4948410212626254
1942	0.7827541584176636
1943	0.7827541584176636
1944	0.5010686380824921
1945	0.5010686380824921
1946	1.0029906757751856
1947	1.0029906757751856
1948	0.9153789435605697
1949	0.9153789435605697
1950	0.5862301819851111
1951	0.5862301819851111
1952	1.091881620576661
1953	1.091881620576661
1954	0.2679094840379924
1955	0.2679094840379924
1956	0.6709273258344499
1957	0.6709273258344499
1958	1.0331729452928786
1959	1.0331729452928786
1960	0.5589600149973077
1961	0.5589600149973077
1962	0.5097966540774866
1963	0.5097966540774866
1964	0.6085896384894106
1965	0.6085896384894106
1966	0.7044818407267756
1967	0.7044818407267756
1968	0.5353882402731014
1969	0.5353882402731014
1970	0.284775964772129
1971	0.284775964772129
1972	0.648143271659025
1973	0.648143271659025
1974	0.5752876360298486
1975	0.5752876360298486
1976	0.6401234383454794
1977	0.6401234383454794
1978	0.5539188124385681
1979	0.5539188124385681
1980	0.4341703247973986
1981	0.4341703247973986
1982	0.7147629806392132
1983	0.7147629806392132
1984	0.5320253982000499
1985	0.5320253982000499
1986	0.6657332967601031
1987	0.6657332967601031
1988	0.7534763003262827
1989	0.7534763003262827
1990	0.9378192208550586
1991	0.9378192208550586
1992	0.6149680581028347
1993	0.6149680581028347
1994	1.0159252717953666
1995	1.0159252717953666
1996	0.6202851801754099
1997	0.6202851801754099
1998	0.9058894601391794
1999	0.9058894601391794
