0	2.648626420038066
1	2.648626420038066
2	2.648626420038066
3	2.648626420038066
4	2.270797313618115
5	2.270797313618115
6	2.270797313618115
7	0.49212220955094216
8	0.49212220955094216
9	0.49212220955094216
10	0.49212220955094216
11	0.560303229779887
12	0.560303229779887
13	0.560303229779887
14	0.560303229779887
15	0.6777380817389902
16	0.6777380817389902
17	0.6777380817389902
18	0.6777380817389902
19	0.7671992102172547
20	0.7671992102172547
21	0.7671992102172547
22	0.7671992102172547
23	0.7350651820006351
24	0.7350651820006351
25	0.7350651820006351
26	0.7350651820006351
27	0.46572888214017655
28	0.46572888214017655
29	0.46572888214017655
30	0.46572888214017655
31	0.8646454138033963
32	0.8646454138033963
33	0.8646454138033963
34	0.8646454138033963
35	0.561232684197824
36	0.561232684197824
37	0.561232684197824
38	0.561232684197824
39	0.5296256107822124
40	0.5296256107822124
41	1.5781053555738365
42	1.5781053555738365
43	1.5781053555738365
44	1.5781053555738365
45	1.770214740244389
46	1.770214740244389
47	1.770214740244389
48	1.770214740244389
49	0.9152485063516648
50	0.9152485063516648
51	0.9152485063516648
52	0.9152485063516648
53	1.1991065123880906
54	1.1991065123880906
55	1.1991065123880906
56	1.1991065123880906
57	2.145178752574629
58	2.145178752574629
59	2.145178752574629
60	2.145178752574629
61	1.7412256152303578
62	1.7412256152303578
63	1.7412256152303578
64	1.7412256152303578
65	1.2149731236706547
66	1.2149731236706547
67	1.2149731236706547
68	1.2149731236706547
69	1.861406353382986
70	1.861406353382986
71	1.861406353382986
72	2.522381652104336
73	2.522381652104336
74	2.522381652104336
75	2.522381652104336
76	1.2138821441457142
77	1.2138821441457142
78	1.2138821441457142
79	1.2138821441457142
80	2.3314150222253422
81	2.3314150222253422
82	2.3314150222253422
83	2.3314150222253422
84	1.4433747568161857
85	1.4433747568161857
86	1.4433747568161857
87	1.4433747568161857
88	1.5136912015082045
89	3.3518425458916714
90	3.3518425458916714
91	3.3518425458916714
92	3.3518425458916714
93	3.0522650600846726
94	3.0522650600846726
95	3.0522650600846726
96	3.0522650600846726
97	2.905305509433234
98	2.905305509433234
99	2.905305509433234
100	2.905305509433234
101	4.056075897432773
102	4.056075897432773
103	4.056075897432773
104	4.056075897432773
105	3.861491713087865
106	3.861491713087865
107	3.861491713087865
108	3.861491713087865
109	1.9685889946103228
110	1.9685889946103228
111	1.9685889946103228
112	1.9685889946103228
113	2.8020967775371464
114	2.8020967775371464
115	2.8020967775371464
116	2.8020967775371464
117	6.360524838026869
118	6.360524838026869
119	6.360524838026869
120	6.360524838026869
121	4.439615238296759
122	2.7080923802590102
123	2.7080923802590102
124	2.7080923802590102
125	2.7080923802590102
126	2.2492136281390813
127	2.2492136281390813
128	2.2492136281390813
129	2.2492136281390813
130	1.9099096241542801
131	1.9099096241542801
132	1.1293168526606236
133	1.1293168526606236
134	1.1293168526606236
135	1.1293168526606236
136	1.309280292210524
137	1.309280292210524
138	1.309280292210524
139	1.309280292210524
140	1.104477911259728
141	1.104477911259728
142	1.104477911259728
143	1.104477911259728
144	0.9723105503106871
145	0.9723105503106871
146	0.9723105503106871
147	0.9723105503106871
148	1.228933081816562
149	1.228933081816562
150	1.228933081816562
151	1.228933081816562
152	1.1712434580118878
153	1.7925692413964083
154	1.7925692413964083
155	1.7925692413964083
156	4.4057665337233445
157	4.4057665337233445
158	4.4057665337233445
159	4.4057665337233445
160	2.7447940546252054
161	2.7447940546252054
162	2.7447940546252054
163	2.7447940546252054
164	2.8091762574237844
165	2.8091762574237844
166	2.8091762574237844
167	2.8091762574237844
168	3.6524485815008942
169	3.6524485815008942
170	3.6524485815008942
171	3.6524485815008942
172	4.330764235664011
173	4.330764235664011
174	4.330764235664011
175	4.330764235664011
176	3.5126223666057106
177	3.5126223666057106
178	3.5126223666057106
179	3.5126223666057106
180	5.0888565473986604
181	5.0888565473986604
182	5.0888565473986604
183	5.0888565473986604
184	3.726606374551923
185	3.726606374551923
186	3.726606374551923
187	3.726606374551923
188	4.511429419091132
189	4.511429419091132
190	4.511429419091132
191	4.511429419091132
192	5.131918786648506
193	5.131918786648506
194	5.131918786648506
195	5.131918786648506
196	3.109754634856337
197	3.109754634856337
198	3.109754634856337
199	3.109754634856337
200	5.330912043886608
201	5.330912043886608
202	5.330912043886608
203	5.330912043886608
204	6.695438354100141
205	6.695438354100141
206	6.695438354100141
207	6.695438354100141
208	4.479153432893718
209	4.479153432893718
210	4.479153432893718
211	4.479153432893718
212	3.862334870911117
213	3.862334870911117
214	3.862334870911117
215	1.7616501676740943
216	1.7616501676740943
217	1.7616501676740943
218	1.7616501676740943
219	2.0657695662352045
220	2.0657695662352045
221	2.0657695662352045
222	2.0657695662352045
223	1.624484924225279
224	1.624484924225279
225	1.624484924225279
226	1.624484924225279
227	2.113911018871505
228	2.113911018871505
229	2.113911018871505
230	2.113911018871505
231	1.542307366408833
232	1.542307366408833
233	1.542307366408833
234	1.542307366408833
235	1.841167052828427
236	1.841167052828427
237	1.841167052828427
238	1.841167052828427
239	1.539138370929028
240	0.752847411722546
241	0.752847411722546
242	0.752847411722546
243	0.752847411722546
244	0.4266142969885044
245	0.4266142969885044
246	0.4266142969885044
247	0.4266142969885044
248	0.5932489689414822
249	0.5932489689414822
250	0.5932489689414822
251	0.5932489689414822
252	0.6857871992465367
253	0.6857871992465367
254	2.4461334352105917
255	2.4461334352105917
256	2.4461334352105917
257	2.4461334352105917
258	1.5350301769418315
259	1.5350301769418315
260	0.5752008636143258
261	0.5752008636143258
262	0.5752008636143258
263	0.5752008636143258
264	0.6300701309334413
265	0.6300701309334413
266	0.6300701309334413
267	0.6300701309334413
268	0.6680600251221667
269	0.6680600251221667
270	0.6680600251221667
271	0.6680600251221667
272	0.4634664255403681
273	0.4634664255403681
274	0.4634664255403681
275	0.4634664255403681
276	0.6211739414222506
277	0.6211739414222506
278	0.6211739414222506
279	0.6211739414222506
280	0.6591071065403481
281	0.6591071065403481
282	0.6591071065403481
283	0.6591071065403481
284	0.7875615846264978
285	0.7875615846264978
286	0.7875615846264978
287	0.7875615846264978
288	0.431754680051214
289	0.431754680051214
290	0.431754680051214
291	0.431754680051214
292	0.38495256917035703
293	3.311666613478831
294	3.311666613478831
295	3.311666613478831
296	3.311666613478831
297	3.274049287957987
298	3.274049287957987
299	3.274049287957987
300	3.274049287957987
301	4.002697459389229
302	4.002697459389229
303	4.002697459389229
304	4.002697459389229
305	4.070081252081569
306	4.070081252081569
307	4.070081252081569
308	4.070081252081569
309	3.282213413803065
310	3.282213413803065
311	3.282213413803065
312	3.282213413803065
313	3.745096226282986
314	3.745096226282986
315	3.745096226282986
316	3.745096226282986
317	3.9732213024396574
318	3.9732213024396574
319	3.9732213024396574
320	3.9732213024396574
321	3.8778406784091755
322	3.8778406784091755
323	3.8778406784091755
324	3.8778406784091755
325	3.286574257895206
326	3.286574257895206
327	3.286574257895206
328	3.286574257895206
329	3.3910290374062617
330	3.3910290374062617
331	3.3910290374062617
332	3.3910290374062617
333	4.524885771240118
334	4.524885771240118
335	4.524885771240118
336	4.524885771240118
337	4.325916764598342
338	4.325916764598342
339	4.325916764598342
340	4.325916764598342
341	4.229601840030426
342	4.229601840030426
343	4.229601840030426
344	4.229601840030426
345	5.070368574660278
346	5.070368574660278
347	5.070368574660278
348	5.070368574660278
349	5.195175029746987
350	5.195175029746987
351	5.195175029746987
352	5.195175029746987
353	3.816272817488824
354	3.816272817488824
355	3.816272817488824
356	3.816272817488824
357	2.8724121953269126
358	2.8724121953269126
359	2.8724121953269126
360	2.8724121953269126
361	4.3484461081138654
362	4.3484461081138654
363	4.3484461081138654
364	4.3484461081138654
365	1.437435489261845
366	3.0838824938390426
367	3.0838824938390426
368	3.0838824938390426
369	3.0838824938390426
370	3.0916024135496936
371	3.0916024135496936
372	3.0916024135496936
373	3.0916024135496936
374	2.717639922437296
375	2.717639922437296
376	5.257553951056904
377	5.257553951056904
378	5.257553951056904
379	5.257553951056904
380	3.878294694653789
381	3.878294694653789
382	3.878294694653789
383	3.878294694653789
384	3.2315146439536444
385	3.2315146439536444
386	3.2315146439536444
387	3.2315146439536444
388	5.384238353605968
389	5.384238353605968
390	5.384238353605968
391	5.384238353605968
392	4.604999450672906
393	4.604999450672906
394	4.604999450672906
395	4.604999450672906
396	4.32809087233179
397	4.32809087233179
398	4.32809087233179
399	4.32809087233179
400	3.7160144534677606
401	3.7160144534677606
402	3.7160144534677606
403	3.7160144534677606
404	5.28637306684548
405	5.28637306684548
406	5.28637306684548
407	5.28637306684548
408	4.660328960389792
409	4.660328960389792
410	4.660328960389792
411	4.660328960389792
412	2.2257605025603606
413	2.2257605025603606
414	2.2257605025603606
415	2.2257605025603606
416	3.965033130873009
417	3.965033130873009
418	3.965033130873009
419	3.965033130873009
420	4.492296268407738
421	4.492296268407738
422	4.492296268407738
423	4.492296268407738
424	5.472974318835389
425	5.472974318835389
426	5.472974318835389
427	5.472974318835389
428	3.9600373917562073
429	1.4975383156605115
430	1.4975383156605115
431	1.4975383156605115
432	1.4975383156605115
433	1.106444053903615
434	1.106444053903615
435	1.106444053903615
436	1.106444053903615
437	0.7931338194259495
438	0.7931338194259495
439	0.7931338194259495
440	0.7931338194259495
441	0.7669598275257159
442	0.7669598275257159
443	0.7669598275257159
444	0.7669598275257159
445	1.1502727469061351
446	1.1502727469061351
447	1.1502727469061351
448	1.1502727469061351
449	0.874255694414507
450	0.874255694414507
451	0.874255694414507
452	0.874255694414507
453	1.007888448130431
454	1.007888448130431
455	1.007888448130431
456	1.007888448130431
457	1.4337635406200846
458	1.4337635406200846
459	1.4337635406200846
460	1.4337635406200846
461	1.1413724556452438
462	1.1413724556452438
463	1.1413724556452438
464	1.1413724556452438
465	1.4393579310072429
466	1.4393579310072429
467	1.4393579310072429
468	1.4393579310072429
469	0.985392539391637
470	0.985392539391637
471	0.985392539391637
472	0.985392539391637
473	3.7819223727832227
474	3.7819223727832227
475	3.7819223727832227
476	3.7819223727832227
477	2.1106880192783866
478	2.1106880192783866
479	2.1106880192783866
480	2.1106880192783866
481	2.6039977641598107
482	2.6039977641598107
483	2.6039977641598107
484	2.6039977641598107
485	2.1007191645168986
486	2.1007191645168986
487	2.1007191645168986
488	2.1007191645168986
489	3.0833068600335296
490	3.0833068600335296
491	3.0833068600335296
492	3.0833068600335296
493	2.3929563229319952
494	2.3929563229319952
495	2.3929563229319952
496	2.3929563229319952
497	2.7740301668222735
498	2.7740301668222735
499	2.7740301668222735
500	2.7740301668222735
501	3.556399380532713
502	3.556399380532713
503	3.556399380532713
504	3.556399380532713
505	2.5847888513899866
506	2.5847888513899866
507	2.5847888513899866
508	2.5847888513899866
509	3.4613129875179016
510	3.4613129875179016
511	3.4613129875179016
512	3.4613129875179016
513	3.536016780644058
514	3.536016780644058
515	3.536016780644058
516	3.536016780644058
517	3.830380280778924
518	3.830380280778924
519	3.830380280778924
520	3.830380280778924
521	2.648783974121245
522	2.648783974121245
523	2.648783974121245
524	2.648783974121245
525	3.4737148566480798
526	3.4737148566480798
527	3.4737148566480798
528	3.4737148566480798
529	2.4832976543018437
530	2.4832976543018437
531	2.4832976543018437
532	2.4832976543018437
533	3.355908357199384
534	3.355908357199384
535	3.355908357199384
536	3.355908357199384
537	2.9499927834462354
538	2.9499927834462354
539	2.9499927834462354
540	2.9499927834462354
541	3.909342230543948
542	3.909342230543948
543	3.909342230543948
544	3.909342230543948
545	3.834143909357208
546	3.834143909357208
547	3.834143909357208
548	3.834143909357208
549	2.4038879134135533
550	2.7721114021821363
551	2.7721114021821363
552	2.7721114021821363
553	2.7721114021821363
554	4.725205654795934
555	4.725205654795934
556	4.725205654795934
557	4.725205654795934
558	3.731687768853888
559	3.731687768853888
560	3.731687768853888
561	3.731687768853888
562	3.4038496612209075
563	3.4038496612209075
564	3.4038496612209075
565	3.4038496612209075
566	2.92025931876506
567	2.92025931876506
568	2.92025931876506
569	2.92025931876506
570	2.5698516086256125
571	2.5698516086256125
572	2.5698516086256125
573	2.5698516086256125
574	2.7249413051788784
575	2.7249413051788784
576	2.7249413051788784
577	2.7249413051788784
578	3.06507846487809
579	3.06507846487809
580	3.06507846487809
581	3.06507846487809
582	2.642631804275861
583	2.642631804275861
584	2.642631804275861
585	2.642631804275861
586	2.860019635594626
587	2.860019635594626
588	2.860019635594626
589	2.860019635594626
590	3.46823966903706
591	3.46823966903706
592	3.46823966903706
593	3.46823966903706
594	2.5445160984430313
595	2.5445160984430313
596	2.5445160984430313
597	2.5445160984430313
598	3.8045647633402226
599	3.8045647633402226
600	3.8045647633402226
601	3.8045647633402226
602	2.7146929805345827
603	2.7146929805345827
604	2.7146929805345827
605	2.7146929805345827
606	3.557777929941668
607	3.557777929941668
608	3.557777929941668
609	3.557777929941668
610	3.481871833474706
611	3.481871833474706
612	3.481871833474706
613	3.481871833474706
614	1.9251438958000322
615	1.9251438958000322
616	1.9251438958000322
617	1.9251438958000322
618	3.0679626397909567
619	3.0679626397909567
620	3.0679626397909567
621	3.0679626397909567
622	2.885236854200836
623	2.885236854200836
624	2.885236854200836
625	2.885236854200836
626	3.2605853830977174
627	3.2605853830977174
628	3.2605853830977174
629	3.2605853830977174
630	3.39197665137689
631	3.39197665137689
632	3.39197665137689
633	3.39197665137689
634	2.991682371628361
635	0.668051023029239
636	0.668051023029239
637	0.668051023029239
638	0.668051023029239
639	1.1482428017691406
640	1.1482428017691406
641	1.1482428017691406
642	1.1482428017691406
643	1.0103695306507339
644	1.0103695306507339
645	1.0103695306507339
646	1.0103695306507339
647	1.3577194356724178
648	1.3577194356724178
649	1.3577194356724178
650	1.3577194356724178
651	0.993171364525989
652	0.993171364525989
653	0.993171364525989
654	0.993171364525989
655	1.1450313234067198
656	1.1450313234067198
657	1.1450313234067198
658	1.1450313234067198
659	1.3747408114489716
660	1.3747408114489716
661	1.3747408114489716
662	1.3747408114489716
663	1.442733315375133
664	1.442733315375133
665	1.442733315375133
666	1.442733315375133
667	0.8788336438186004
668	0.8788336438186004
669	0.8788336438186004
670	0.8788336438186004
671	1.0139306048370844
672	1.0139306048370844
673	1.0139306048370844
674	1.0139306048370844
675	0.9845494806895254
676	0.9845494806895254
677	0.9845494806895254
678	0.9845494806895254
679	1.0345280654881102
680	1.0345280654881102
681	1.0345280654881102
682	1.0345280654881102
683	0.995015985225627
684	0.995015985225627
685	0.995015985225627
686	0.995015985225627
687	2.8352440256252827
688	2.8352440256252827
689	2.8352440256252827
690	2.8352440256252827
691	3.7483436266128027
692	3.7483436266128027
693	3.7483436266128027
694	3.7483436266128027
695	4.711521459619752
696	4.711521459619752
697	4.711521459619752
698	4.711521459619752
699	3.921848490995731
700	3.921848490995731
701	3.921848490995731
702	3.921848490995731
703	3.0661981099790876
704	3.0661981099790876
705	1.6387826851233231
706	1.6387826851233231
707	1.6387826851233231
708	1.6387826851233231
709	1.1280943290939476
710	1.1280943290939476
711	1.1280943290939476
712	1.1280943290939476
713	2.6128993528142264
714	1.9511588435788654
715	1.9511588435788654
716	1.9511588435788654
717	1.9511588435788654
718	1.3842484981607197
719	1.3842484981607197
720	1.3842484981607197
721	1.3842484981607197
722	1.6286315983224595
723	1.6286315983224595
724	1.6286315983224595
725	1.6286315983224595
726	1.90708760963631
727	1.90708760963631
728	1.90708760963631
729	1.90708760963631
730	1.8369995197691313
731	1.8369995197691313
732	1.8369995197691313
733	1.8369995197691313
734	1.7730609056423672
735	1.7730609056423672
736	1.7730609056423672
737	1.7730609056423672
738	1.9849768596182715
739	2.5086686575697614
740	2.5086686575697614
741	2.5086686575697614
742	2.5086686575697614
743	4.515154364499775
744	4.515154364499775
745	4.515154364499775
746	4.515154364499775
747	1.3746743390896534
748	1.3746743390896534
749	1.3746743390896534
750	1.3746743390896534
751	3.4497855965451194
752	3.4497855965451194
753	3.4497855965451194
754	3.4497855965451194
755	4.872742343980942
756	4.872742343980942
757	4.872742343980942
758	4.872742343980942
759	4.6360110023938805
760	4.6360110023938805
761	4.6360110023938805
762	4.6360110023938805
763	4.370883413273497
764	4.370883413273497
765	2.161731451251853
766	2.161731451251853
767	2.161731451251853
768	2.161731451251853
769	3.9403235664962537
770	3.9403235664962537
771	3.9403235664962537
772	3.9403235664962537
773	4.911450197026815
774	4.911450197026815
775	4.911450197026815
776	4.911450197026815
777	4.340696803233848
778	4.340696803233848
779	4.340696803233848
780	4.340696803233848
781	3.118496371820502
782	3.118496371820502
783	3.118496371820502
784	3.118496371820502
785	3.0010260240065203
786	3.0010260240065203
787	3.0010260240065203
788	1.4451368804352562
789	1.4451368804352562
790	1.4451368804352562
791	1.4451368804352562
792	1.9528458043801518
793	2.201293703515976
794	2.201293703515976
795	2.201293703515976
796	2.201293703515976
797	2.5271285793624805
798	2.5271285793624805
799	2.5271285793624805
800	2.5271285793624805
801	3.3119693875963643
802	3.3119693875963643
803	3.3119693875963643
804	4.724039688251869
805	4.724039688251869
806	4.724039688251869
807	4.724039688251869
808	3.259616778121396
809	3.259616778121396
810	3.259616778121396
811	3.259616778121396
812	4.7672332669322355
813	4.7672332669322355
814	4.7672332669322355
815	4.7672332669322355
816	2.670939325412552
817	2.670939325412552
818	2.670939325412552
819	2.670939325412552
820	3.6520457639090873
821	3.6520457639090873
822	3.6520457639090873
823	3.039810542231842
824	3.039810542231842
825	3.039810542231842
826	3.039810542231842
827	3.1379532154199365
828	3.1379532154199365
829	3.1379532154199365
830	3.1379532154199365
831	3.8587274472830604
832	3.8587274472830604
833	3.8587274472830604
834	3.8587274472830604
835	3.252820165763928
836	3.252820165763928
837	3.252820165763928
838	3.252820165763928
839	2.932095934130307
840	2.932095934130307
841	2.932095934130307
842	2.932095934130307
843	4.958969777393994
844	4.958969777393994
845	4.958969777393994
846	4.958969777393994
847	3.704851363744848
848	3.704851363744848
849	3.704851363744848
850	3.704851363744848
851	3.2644837952402157
852	3.2644837952402157
853	3.2644837952402157
854	3.2644837952402157
855	2.001298481017818
856	2.001298481017818
857	2.001298481017818
858	2.001298481017818
859	3.4761028339561455
860	3.4761028339561455
861	3.4761028339561455
862	3.4761028339561455
863	3.4092829337312973
864	3.4092829337312973
865	3.4092829337312973
866	3.4092829337312973
867	1.8053216865289339
868	1.8053216865289339
869	1.8053216865289339
870	1.8053216865289339
871	2.458171573432053
872	2.458171573432053
873	1.5438500660549201
874	1.5438500660549201
875	1.5438500660549201
876	1.5438500660549201
877	3.342962623881803
878	3.342962623881803
879	3.342962623881803
880	3.342962623881803
881	1.9197139049630216
882	1.9197139049630216
883	1.9197139049630216
884	1.9197139049630216
885	1.9244581246514234
886	1.9244581246514234
887	1.9244581246514234
888	1.9244581246514234
889	2.4781736448983382
890	2.4781736448983382
891	2.4781736448983382
892	2.4781736448983382
893	2.910329924973294
894	2.910329924973294
895	3.423037462063402
896	3.423037462063402
897	3.423037462063402
898	3.423037462063402
899	4.771901997865567
900	4.771901997865567
901	5.177015439629143
902	5.177015439629143
903	5.177015439629143
904	5.177015439629143
905	3.4007937221022138
906	3.4007937221022138
907	3.4007937221022138
908	3.4007937221022138
909	3.179288753549085
910	3.179288753549085
911	3.179288753549085
912	3.179288753549085
913	3.7076729418074383
914	1.1783286305686007
915	1.1783286305686007
916	1.1783286305686007
917	1.1783286305686007
918	0.8596039378359817
919	0.8596039378359817
920	0.8596039378359817
921	0.8596039378359817
922	0.813512287375157
923	0.813512287375157
924	0.813512287375157
925	0.813512287375157
926	1.0405303675399509
927	1.0405303675399509
928	1.0405303675399509
929	1.0405303675399509
930	0.982201373261736
931	0.982201373261736
932	0.982201373261736
933	0.982201373261736
934	1.0468111881059827
935	1.0468111881059827
936	1.0468111881059827
937	1.0468111881059827
938	0.9547213805616707
939	0.9547213805616707
940	0.9547213805616707
941	0.9547213805616707
942	1.4268947219989156
943	1.4268947219989156
944	1.4268947219989156
945	1.4268947219989156
946	2.052818743592528
947	2.052818743592528
948	2.052818743592528
949	3.358823392717453
950	3.358823392717453
951	3.358823392717453
952	3.358823392717453
953	2.5651314599625534
954	2.5651314599625534
955	2.5651314599625534
956	2.5651314599625534
957	3.114403821016103
958	3.114403821016103
959	3.114403821016103
960	3.114403821016103
961	2.6608685304054975
962	2.6608685304054975
963	2.6608685304054975
964	2.6608685304054975
965	3.8819374333828427
966	3.8819374333828427
967	3.8819374333828427
968	3.8819374333828427
969	2.664766339376044
970	2.664766339376044
971	2.664766339376044
972	2.664766339376044
973	2.270171454357616
974	2.270171454357616
975	2.270171454357616
976	2.270171454357616
977	1.9608550526096182
978	1.9608550526096182
979	1.9608550526096182
980	1.9608550526096182
981	3.289498855842309
982	3.289498855842309
983	3.289498855842309
984	3.289498855842309
985	3.24797683308037
986	3.24797683308037
987	3.24797683308037
988	0.797695686684665
989	0.797695686684665
990	0.797695686684665
991	0.797695686684665
992	0.49807317544803287
993	0.49807317544803287
994	0.49807317544803287
995	0.49807317544803287
996	0.5673787717363075
997	0.5673787717363075
998	0.5673787717363075
999	0.5673787717363075
1000	0.6576383951083382
1001	0.6576383951083382
1002	0.6576383951083382
1003	0.6576383951083382
1004	0.5615621718233633
1005	0.5615621718233633
1006	0.5615621718233633
1007	0.5615621718233633
1008	2.6636499934299986
1009	2.6636499934299986
1010	2.6636499934299986
1011	2.6636499934299986
1012	3.891396969945488
1013	3.891396969945488
1014	3.891396969945488
1015	3.891396969945488
1016	3.1351890812726864
1017	3.1351890812726864
1018	3.1351890812726864
1019	3.1351890812726864
1020	2.848546427280408
1021	2.848546427280408
1022	2.848546427280408
1023	2.848546427280408
1024	3.471595239931629
1025	3.471595239931629
1026	3.471595239931629
1027	3.471595239931629
1028	2.8155275790895056
1029	2.8155275790895056
1030	2.8155275790895056
1031	2.8155275790895056
1032	3.0895541979150467
1033	3.0895541979150467
1034	3.0895541979150467
1035	3.0895541979150467
1036	2.144778453964964
1037	1.3636250844137043
1038	1.3636250844137043
1039	1.3636250844137043
1040	1.3636250844137043
1041	1.267443074466549
1042	1.267443074466549
1043	1.267443074466549
1044	1.267443074466549
1045	1.072413684518375
1046	1.072413684518375
1047	1.072413684518375
1048	1.072413684518375
1049	0.9697406992469739
1050	0.9697406992469739
1051	0.9697406992469739
1052	0.9697406992469739
1053	2.9676665951934957
1054	2.9676665951934957
1055	2.9676665951934957
1056	2.9676665951934957
1057	4.154478962748556
1058	4.154478962748556
1059	4.154478962748556
1060	4.154478962748556
1061	3.4910260286228505
1062	3.4910260286228505
1063	3.4910260286228505
1064	3.4910260286228505
1065	4.3321801351587155
1066	4.3321801351587155
1067	4.3321801351587155
1068	4.3321801351587155
1069	2.965719506393064
1070	2.965719506393064
1071	2.965719506393064
1072	2.965719506393064
1073	3.274212135848958
1074	3.274212135848958
1075	3.274212135848958
1076	3.274212135848958
1077	4.651968092832171
1078	4.651968092832171
1079	4.651968092832171
1080	4.651968092832171
1081	2.521356128960896
1082	2.521356128960896
1083	2.521356128960896
1084	2.521356128960896
1085	4.187304335566394
1086	4.187304335566394
1087	4.187304335566394
1088	4.187304335566394
1089	2.5874311928955374
1090	2.497147298210675
1091	2.497147298210675
1092	2.497147298210675
1093	2.497147298210675
1094	2.6725505976107407
1095	2.6725505976107407
1096	2.6725505976107407
1097	2.6725505976107407
1098	3.332761862292329
1099	3.332761862292329
1100	3.332761862292329
1101	3.332761862292329
1102	3.8185882980681902
1103	1.9435078091550955
1104	1.9435078091550955
1105	1.9435078091550955
1106	1.9435078091550955
1107	1.6477989935627675
1108	1.6477989935627675
1109	1.6477989935627675
1110	1.6477989935627675
1111	2.8187143632471967
1112	2.8187143632471967
1113	2.8187143632471967
1114	1.230798198243543
1115	1.230798198243543
1116	1.230798198243543
1117	1.230798198243543
1118	0.9684948529563259
1119	0.9684948529563259
1120	0.9684948529563259
1121	0.9684948529563259
1122	1.3600841926901204
1123	1.3600841926901204
1124	1.3600841926901204
1125	1.3600841926901204
1126	1.188252836642327
1127	1.188252836642327
1128	1.188252836642327
1129	1.188252836642327
1130	1.0181646477306097
1131	1.0181646477306097
1132	1.0181646477306097
1133	1.0181646477306097
1134	1.2674320691343453
1135	1.2674320691343453
1136	1.2674320691343453
1137	1.2674320691343453
1138	1.2810601982074283
1139	1.2810601982074283
1140	1.2810601982074283
1141	1.2810601982074283
1142	1.6042478896909225
1143	1.6042478896909225
1144	1.6042478896909225
1145	1.6042478896909225
1146	0.6032233544915763
1147	0.6032233544915763
1148	0.6032233544915763
1149	0.6032233544915763
1150	0.8276681677489071
1151	0.8276681677489071
1152	0.8276681677489071
1153	0.8276681677489071
1154	0.8923179210085015
1155	0.8923179210085015
1156	4.614986900790525
1157	4.614986900790525
1158	4.614986900790525
1159	4.614986900790525
1160	4.174927553521381
1161	4.174927553521381
1162	4.174927553521381
1163	4.174927553521381
1164	3.5493383669077723
1165	3.5493383669077723
1166	3.5493383669077723
1167	3.5493383669077723
1168	3.0530180316969853
1169	3.0530180316969853
1170	3.0530180316969853
1171	3.0530180316969853
1172	4.591401925808457
1173	4.591401925808457
1174	4.591401925808457
1175	4.591401925808457
1176	4.179843413534634
1177	4.179843413534634
1178	4.179843413534634
1179	4.179843413534634
1180	1.5806777278493103
1181	1.5806777278493103
1182	1.5806777278493103
1183	1.5806777278493103
1184	3.02942646680187
1185	3.02942646680187
1186	3.02942646680187
1187	3.02942646680187
1188	3.711339706350989
1189	3.711339706350989
1190	2.854688832918408
1191	2.854688832918408
1192	2.854688832918408
1193	2.854688832918408
1194	2.8690677407812695
1195	2.8690677407812695
1196	2.8690677407812695
1197	2.8690677407812695
1198	1.2866703788852218
1199	1.2866703788852218
1200	1.1653473512021648
1201	1.1653473512021648
1202	1.1653473512021648
1203	1.1653473512021648
1204	1.0006218536144857
1205	1.0006218536144857
1206	1.0006218536144857
1207	1.0006218536144857
1208	0.7328060983513126
1209	0.7328060983513126
1210	0.7328060983513126
1211	0.7328060983513126
1212	0.554656774990452
1213	0.554656774990452
1214	0.554656774990452
1215	0.554656774990452
1216	0.7428687481064101
1217	0.7428687481064101
1218	0.7428687481064101
1219	0.7428687481064101
1220	0.7176037913309385
1221	4.387210174204992
1222	4.387210174204992
1223	4.387210174204992
1224	4.387210174204992
1225	3.751889203131121
1226	3.751889203131121
1227	3.751889203131121
1228	1.8172316710027552
1229	1.8172316710027552
1230	1.8172316710027552
1231	1.8172316710027552
1232	1.7532757585223255
1233	1.7532757585223255
1234	1.7532757585223255
1235	1.7532757585223255
1236	1.9434634290351909
1237	1.9434634290351909
1238	1.9434634290351909
1239	1.9434634290351909
1240	1.4595110120187775
1241	1.4595110120187775
1242	1.4595110120187775
1243	1.4595110120187775
1244	1.365911886929691
1245	2.3841006855690883
1246	2.3841006855690883
1247	2.3841006855690883
1248	2.3841006855690883
1249	2.0335216589557064
1250	2.0335216589557064
1251	2.0335216589557064
1252	2.0335216589557064
1253	1.9214906746228575
1254	1.9214906746228575
1255	1.9214906746228575
1256	1.9214906746228575
1257	2.102160828367726
1258	2.102160828367726
1259	2.102160828367726
1260	2.102160828367726
1261	2.302467783856348
1262	2.302467783856348
1263	2.302467783856348
1264	2.302467783856348
1265	1.4114962967380493
1266	1.4114962967380493
1267	1.4114962967380493
1268	1.4114962967380493
1269	3.0153104345774278
1270	3.0153104345774278
1271	3.0153104345774278
1272	3.0153104345774278
1273	3.453500665850843
1274	3.453500665850843
1275	3.453500665850843
1276	3.453500665850843
1277	2.6616457689966984
1278	2.6616457689966984
1279	2.6616457689966984
1280	2.6616457689966984
1281	2.910034404235482
1282	2.910034404235482
1283	2.910034404235482
1284	2.910034404235482
1285	1.806000110916354
1286	1.806000110916354
1287	1.806000110916354
1288	1.806000110916354
1289	3.0073714377590703
1290	3.0073714377590703
1291	3.0073714377590703
1292	3.0073714377590703
1293	1.8360542383701004
1294	1.8360542383701004
1295	1.8360542383701004
1296	1.8360542383701004
1297	3.1711089219693003
1298	3.1711089219693003
1299	3.1711089219693003
1300	3.1711089219693003
1301	2.4311394465741065
1302	2.4311394465741065
1303	2.4311394465741065
1304	2.4311394465741065
1305	3.9498729073278214
1306	3.9498729073278214
1307	3.9498729073278214
1308	3.9498729073278214
1309	2.5877361980177906
1310	2.5877361980177906
1311	2.5877361980177906
1312	2.5877361980177906
1313	1.8523482561936326
1314	1.8523482561936326
1315	1.8523482561936326
1316	1.8523482561936326
1317	2.471140225221637
1318	2.471140225221637
1319	2.471140225221637
1320	2.471140225221637
1321	2.6020150082508566
1322	2.6020150082508566
1323	2.6020150082508566
1324	2.6020150082508566
1325	3.0284626837104174
1326	3.0284626837104174
1327	3.0284626837104174
1328	3.0284626837104174
1329	1.5363057946507845
1330	1.5363057946507845
1331	1.5363057946507845
1332	1.5363057946507845
1333	2.689260796154662
1334	2.689260796154662
1335	2.689260796154662
1336	2.689260796154662
1337	4.938014685060569
1338	4.938014685060569
1339	4.938014685060569
1340	4.938014685060569
1341	3.1169134805375904
1342	3.1169134805375904
1343	3.1169134805375904
1344	3.1169134805375904
1345	4.35681135773472
1346	4.35681135773472
1347	4.35681135773472
1348	4.35681135773472
1349	3.2546596890161155
1350	3.2546596890161155
1351	3.2546596890161155
1352	3.2546596890161155
1353	3.792740969954309
1354	3.792740969954309
1355	3.792740969954309
1356	3.792740969954309
1357	4.117674946389973
1358	4.117674946389973
1359	4.117674946389973
1360	4.117674946389973
1361	3.813924526442295
1362	3.813924526442295
1363	3.813924526442295
1364	3.813924526442295
1365	5.095071816201932
1366	5.095071816201932
1367	5.095071816201932
1368	5.095071816201932
1369	2.964544031188371
1370	2.964544031188371
1371	2.964544031188371
1372	2.964544031188371
1373	4.939258079198411
1374	4.939258079198411
1375	4.939258079198411
1376	4.939258079198411
1377	3.2448358110189566
1378	3.2448358110189566
1379	3.2448358110189566
1380	3.2448358110189566
1381	3.308062877431736
1382	3.308062877431736
1383	3.308062877431736
1384	3.308062877431736
1385	3.2912095424153414
1386	3.2912095424153414
1387	3.2912095424153414
1388	3.2912095424153414
1389	3.2510515140799483
1390	3.2510515140799483
1391	3.2510515140799483
1392	3.2510515140799483
1393	3.6921543628206326
1394	3.6921543628206326
1395	3.6921543628206326
1396	3.6921543628206326
1397	3.7361580680093467
1398	3.7361580680093467
1399	3.7361580680093467
1400	3.7361580680093467
1401	3.094145269772587
1402	3.094145269772587
1403	3.094145269772587
1404	3.094145269772587
1405	2.0152110352045565
1406	2.0152110352045565
1407	2.0152110352045565
1408	2.0152110352045565
1409	4.371783059636808
1410	4.371783059636808
1411	4.371783059636808
1412	4.371783059636808
1413	2.148934952792494
1414	2.148934952792494
1415	2.148934952792494
1416	2.148934952792494
1417	4.003984681456155
1418	4.003984681456155
1419	4.003984681456155
1420	4.003984681456155
1421	3.13094771223839
1422	3.13094771223839
1423	3.13094771223839
1424	3.13094771223839
1425	2.33645890481405
1426	2.33645890481405
1427	2.33645890481405
1428	2.290157320584474
1429	2.290157320584474
1430	2.290157320584474
1431	2.290157320584474
1432	1.682170459155252
1433	1.682170459155252
1434	1.682170459155252
1435	1.682170459155252
1436	3.3585813751375677
1437	3.3585813751375677
1438	3.3585813751375677
1439	3.3585813751375677
1440	4.1016222833538825
1441	4.1016222833538825
1442	4.1016222833538825
1443	4.1016222833538825
1444	3.990091981839897
1445	3.990091981839897
1446	3.990091981839897
1447	3.990091981839897
1448	2.9419836489869025
1449	2.9419836489869025
1450	2.9419836489869025
1451	2.9419836489869025
1452	2.3772089670273218
1453	2.3772089670273218
1454	2.3772089670273218
1455	2.3772089670273218
1456	3.828054339428909
1457	3.828054339428909
1458	3.828054339428909
1459	3.828054339428909
1460	3.5744445856551597
1461	3.5744445856551597
1462	3.5744445856551597
1463	3.5744445856551597
1464	3.2718178995572282
1465	3.2718178995572282
1466	3.2718178995572282
1467	3.2718178995572282
1468	3.4614510797096303
1469	3.4614510797096303
1470	3.4614510797096303
1471	3.4614510797096303
1472	4.261249141442404
1473	4.261249141442404
1474	4.261249141442404
1475	4.261249141442404
1476	4.022905208070042
1477	4.022905208070042
1478	4.022905208070042
1479	4.022905208070042
1480	2.1816717352713164
1481	2.1816717352713164
1482	2.1816717352713164
1483	2.1816717352713164
1484	4.749394175097354
1485	4.749394175097354
1486	4.749394175097354
1487	4.749394175097354
1488	2.56797576584257
1489	2.56797576584257
1490	2.56797576584257
1491	2.56797576584257
1492	4.422872078094282
1493	4.422872078094282
1494	4.422872078094282
1495	4.422872078094282
1496	3.8997124771376734
1497	3.8997124771376734
1498	3.8997124771376734
1499	3.8997124771376734
1500	3.4403246104899514
1501	3.4403246104899514
1502	3.4403246104899514
1503	3.4403246104899514
1504	5.495540933137148
1505	5.495540933137148
1506	5.495540933137148
1507	5.495540933137148
1508	4.96614095346451
1509	4.96614095346451
1510	4.96614095346451
1511	4.96614095346451
1512	5.649604229251754
1513	5.649604229251754
1514	5.649604229251754
1515	5.649604229251754
1516	4.2956316955710125
1517	4.2956316955710125
1518	4.2956316955710125
1519	4.2956316955710125
1520	3.000339623334933
1521	3.000339623334933
1522	3.000339623334933
1523	3.000339623334933
1524	3.943813738285449
1525	3.943813738285449
1526	3.943813738285449
1527	3.943813738285449
1528	3.9946791663184316
1529	3.9946791663184316
1530	3.9946791663184316
1531	3.9946791663184316
1532	3.7685995891741855
1533	3.7685995891741855
1534	3.7685995891741855
1535	3.7685995891741855
1536	3.486226673518395
1537	3.486226673518395
1538	3.486226673518395
1539	3.486226673518395
1540	3.5400386975574683
1541	3.5400386975574683
1542	3.5400386975574683
1543	3.5400386975574683
1544	3.4123772156043306
1545	3.4123772156043306
1546	3.4123772156043306
1547	3.4123772156043306
1548	0.7643514617253029
1549	0.7643514617253029
1550	0.7643514617253029
1551	0.7643514617253029
1552	2.599867622112408
1553	2.599867622112408
1554	2.599867622112408
1555	2.599867622112408
1556	4.041194456503389
1557	4.041194456503389
1558	4.041194456503389
1559	4.041194456503389
1560	2.7797139566514923
1561	2.7797139566514923
1562	2.7797139566514923
1563	2.7797139566514923
1564	3.5423977635844937
1565	3.5423977635844937
1566	3.5423977635844937
1567	3.5423977635844937
1568	2.31688212896381
1569	2.31688212896381
1570	2.31688212896381
1571	2.31688212896381
1572	2.8953822925501522
1573	2.8953822925501522
1574	2.8953822925501522
1575	2.8953822925501522
1576	4.284374327836882
1577	4.284374327836882
1578	4.284374327836882
1579	4.284374327836882
1580	1.0165700682182972
1581	1.0165700682182972
1582	1.0165700682182972
1583	1.0165700682182972
1584	1.4393525840255044
1585	1.4393525840255044
1586	1.4393525840255044
1587	1.4393525840255044
1588	1.317754948021335
1589	1.317754948021335
1590	1.317754948021335
1591	1.317754948021335
1592	1.0279511007439877
1593	1.0279511007439877
1594	1.0279511007439877
1595	1.0279511007439877
1596	1.3627828864925209
1597	1.3627828864925209
1598	1.3627828864925209
1599	1.3627828864925209
1600	0.9997176255818092
1601	0.9997176255818092
1602	0.9997176255818092
1603	2.6552971598365
1604	2.6552971598365
1605	2.6552971598365
1606	2.6552971598365
1607	2.2981799997773815
1608	2.2981799997773815
1609	2.2981799997773815
1610	2.2981799997773815
1611	2.441310928832579
1612	2.441310928832579
1613	2.441310928832579
1614	2.441310928832579
1615	1.5892834434419718
1616	1.5892834434419718
1617	1.5892834434419718
1618	1.5892834434419718
1619	3.1527216532798237
1620	3.1527216532798237
1621	3.528629029969551
1622	3.528629029969551
1623	3.528629029969551
1624	3.528629029969551
1625	3.8876035209906425
1626	3.8876035209906425
1627	3.8876035209906425
1628	3.8876035209906425
1629	4.4274594606342
1630	4.4274594606342
1631	4.4274594606342
1632	4.4274594606342
1633	3.847399788863793
1634	3.847399788863793
1635	3.847399788863793
1636	3.847399788863793
1637	2.277648593814623
1638	3.1520637521411135
1639	2.385958111449031
1640	2.385958111449031
1641	2.385958111449031
1642	2.4904059042768387
1643	2.4904059042768387
1644	2.4904059042768387
1645	2.4904059042768387
1646	2.0182197196771865
1647	2.0182197196771865
1648	2.0182197196771865
1649	2.0182197196771865
1650	2.824990837042812
1651	2.824990837042812
1652	3.0415952614585784
1653	3.0415952614585784
1654	3.0415952614585784
1655	3.0415952614585784
1656	3.639217018681328
1657	3.639217018681328
1658	3.639217018681328
1659	3.639217018681328
1660	3.2413905046558735
1661	3.2413905046558735
1662	3.2413905046558735
1663	3.2413905046558735
1664	2.779393633244466
1665	2.779393633244466
1666	2.779393633244466
1667	2.779393633244466
1668	1.9865754900775978
1669	1.9865754900775978
1670	3.9377933647430194
1671	3.9377933647430194
1672	3.9377933647430194
1673	3.9377933647430194
1674	3.3928076086232766
1675	3.3928076086232766
1676	3.3928076086232766
1677	3.3928076086232766
1678	3.2814804251256207
1679	3.2814804251256207
1680	3.2814804251256207
1681	3.2814804251256207
1682	2.901273302738258
1683	2.901273302738258
1684	2.901273302738258
1685	2.901273302738258
1686	5.3572269733723585
1687	5.3572269733723585
1688	5.3572269733723585
1689	5.3572269733723585
1690	4.156436165087396
1691	4.156436165087396
1692	4.156436165087396
1693	4.156436165087396
1694	4.07838180197766
1695	4.07838180197766
1696	4.07838180197766
1697	4.07838180197766
1698	4.221473967317643
1699	4.221473967317643
1700	4.221473967317643
1701	4.221473967317643
1702	5.017390017390861
1703	2.4633532776018177
1704	2.4633532776018177
1705	2.4633532776018177
1706	2.4633532776018177
1707	2.6321578833745485
1708	2.6321578833745485
1709	2.6321578833745485
1710	2.6321578833745485
1711	2.683370477196149
1712	2.683370477196149
1713	2.683370477196149
1714	2.683370477196149
1715	2.137527729339059
1716	2.137527729339059
1717	2.137527729339059
1718	2.137527729339059
1719	1.8857935576327374
1720	1.8857935576327374
1721	1.8857935576327374
1722	1.8857935576327374
1723	3.09447491828563
1724	3.09447491828563
1725	3.09447491828563
1726	3.09447491828563
1727	3.0514824263513463
1728	3.0514824263513463
1729	3.0514824263513463
1730	3.0514824263513463
1731	1.483304807378438
1732	1.483304807378438
1733	1.483304807378438
1734	1.483304807378438
1735	3.022196960629596
1736	3.022196960629596
1737	3.022196960629596
1738	3.022196960629596
1739	2.7925633543438826
1740	2.7925633543438826
1741	2.7925633543438826
1742	2.7925633543438826
1743	2.066407791302618
1744	2.066407791302618
1745	2.066407791302618
1746	2.066407791302618
1747	2.066528486381957
1748	1.1506352059426264
1749	1.1506352059426264
1750	1.1506352059426264
1751	1.1506352059426264
1752	1.108268456822951
1753	1.108268456822951
1754	1.108268456822951
1755	1.108268456822951
1756	0.8414319135727215
1757	0.8414319135727215
1758	0.8414319135727215
1759	0.8414319135727215
1760	0.6867511170444898
1761	0.6867511170444898
1762	0.6867511170444898
1763	0.6867511170444898
1764	1.4161070474404744
1765	1.4161070474404744
1766	1.4161070474404744
1767	1.4161070474404744
1768	0.9497229827271887
1769	3.0448823265408778
1770	2.6265965132329234
1771	2.6265965132329234
1772	2.6265965132329234
1773	2.6265965132329234
1774	2.983679600699008
1775	2.983679600699008
1776	2.983679600699008
1777	2.983679600699008
1778	2.3552529174233245
1779	2.3552529174233245
1780	2.3552529174233245
1781	4.0434352217191245
1782	1.4977365059529606
1783	1.4977365059529606
1784	1.4977365059529606
1785	1.4977365059529606
1786	1.2949389244118845
1787	2.2823193170288394
1788	2.2823193170288394
1789	2.2823193170288394
1790	2.2823193170288394
1791	2.8403505653909527
1792	2.8403505653909527
1793	2.8403505653909527
1794	2.8403505653909527
1795	1.7529075533266196
1796	1.7529075533266196
1797	1.7529075533266196
1798	1.7529075533266196
1799	0.7610731607424102
1800	0.7610731607424102
1801	0.7610731607424102
1802	0.7610731607424102
1803	0.6598234456621688
1804	0.6598234456621688
1805	0.6598234456621688
1806	0.6598234456621688
1807	0.525048539030718
1808	0.525048539030718
1809	0.525048539030718
1810	0.525048539030718
1811	0.5264526125627094
1812	0.5264526125627094
1813	0.5264526125627094
1814	0.5264526125627094
1815	0.6880262705291615
1816	0.6880262705291615
1817	0.6880262705291615
1818	0.6880262705291615
1819	0.7461772674341142
1820	0.7461772674341142
1821	0.7461772674341142
1822	0.7461772674341142
1823	3.563950178393938
1824	3.563950178393938
1825	3.563950178393938
1826	3.563950178393938
1827	2.7920598901393086
1828	2.7920598901393086
1829	2.7920598901393086
1830	2.7920598901393086
1831	2.570299704883106
1832	2.570299704883106
1833	2.570299704883106
1834	2.570299704883106
1835	3.5582830520656525
1836	3.5582830520656525
1837	1.346436846163583
1838	1.346436846163583
1839	1.346436846163583
1840	1.346436846163583
1841	0.8529057109449988
1842	0.8529057109449988
1843	0.8529057109449988
1844	0.8529057109449988
1845	0.6651800383534979
1846	0.6651800383534979
1847	0.6651800383534979
1848	0.6651800383534979
1849	1.2049030109926646
1850	1.2049030109926646
1851	2.062149372132082
1852	2.062149372132082
1853	2.062149372132082
1854	2.062149372132082
1855	2.051670097929272
1856	2.051670097929272
1857	2.051670097929272
1858	2.051670097929272
1859	1.6342673652552846
1860	1.6342673652552846
1861	1.6342673652552846
1862	1.6342673652552846
1863	1.859057827926406
1864	1.859057827926406
1865	1.859057827926406
1866	1.859057827926406
1867	1.44647121334114
1868	1.44647121334114
1869	1.44647121334114
1870	1.44647121334114
1871	1.2430280448092734
1872	1.2430280448092734
1873	0.25205193412678834
1874	0.25205193412678834
1875	0.25205193412678834
1876	0.25205193412678834
1877	0.15532911341330197
1878	0.15532911341330197
1879	0.15532911341330197
1880	0.15532911341330197
1881	0.163171493277226
1882	0.163171493277226
1883	0.163171493277226
1884	0.163171493277226
1885	0.2590123414321348
1886	0.2590123414321348
1887	0.9207188333633509
1888	0.9207188333633509
1889	0.9207188333633509
1890	0.9207188333633509
1891	0.5271196217465276
1892	0.5271196217465276
1893	0.5271196217465276
1894	0.5271196217465276
1895	0.4557495016262747
1896	0.4557495016262747
1897	0.4557495016262747
1898	0.4557495016262747
1899	0.6741730703544969
1900	0.6741730703544969
1901	0.6741730703544969
1902	0.6741730703544969
1903	0.5717905919853603
1904	0.5717905919853603
1905	0.5717905919853603
1906	0.5717905919853603
1907	0.7853492686023101
1908	0.7853492686023101
1909	0.7853492686023101
1910	0.14339738002127606
1911	0.14339738002127606
1912	0.14339738002127606
1913	0.14339738002127606
1914	0.16864852798361035
1915	0.16864852798361035
1916	0.16864852798361035
1917	0.16864852798361035
1918	0.19665633683098963
1919	0.19665633683098963
1920	0.19665633683098963
1921	0.19665633683098963
1922	0.16862079763134596
1923	0.5857044370309519
1924	0.5857044370309519
1925	0.5857044370309519
1926	0.5857044370309519
1927	0.5411690985678467
1928	0.5411690985678467
1929	0.5411690985678467
1930	0.5411690985678467
1931	0.6948811557667925
1932	0.6948811557667925
1933	0.6948811557667925
1934	0.6948811557667925
1935	0.8028845845672906
1936	4.084414960262443
1937	4.084414960262443
1938	4.084414960262443
1939	4.084414960262443
1940	3.4029931564359575
1941	3.4029931564359575
1942	3.4029931564359575
1943	3.4029931564359575
1944	3.640755647566649
1945	3.640755647566649
1946	3.640755647566649
1947	3.640755647566649
1948	4.005684828942087
1949	4.005684828942087
1950	4.005684828942087
1951	4.005684828942087
1952	3.768096757649399
1953	3.768096757649399
1954	3.768096757649399
1955	3.768096757649399
1956	3.68193948748829
1957	3.68193948748829
1958	3.68193948748829
1959	3.68193948748829
1960	3.4465164605784144
1961	3.4465164605784144
1962	3.4465164605784144
1963	3.4465164605784144
1964	6.030705072782565
1965	6.030705072782565
1966	6.030705072782565
1967	6.030705072782565
1968	4.959889177257902
1969	4.959889177257902
1970	4.959889177257902
1971	4.959889177257902
1972	3.844493589386205
1973	3.844493589386205
1974	3.844493589386205
1975	3.844493589386205
1976	3.2976354328808553
1977	3.2976354328808553
1978	3.2976354328808553
1979	3.2976354328808553
1980	2.2001671942905165
1981	2.2001671942905165
1982	2.2001671942905165
1983	2.2001671942905165
1984	4.297421287285679
1985	4.297421287285679
1986	4.297421287285679
1987	4.297421287285679
1988	3.427601704071795
1989	3.427601704071795
1990	3.427601704071795
1991	3.427601704071795
1992	3.245032417418252
1993	3.245032417418252
1994	3.245032417418252
1995	1.98719484222859
1996	1.98719484222859
1997	1.98719484222859
1998	1.98719484222859
1999	1.8696781209345261
