0	0.5755528643925794
1	0.5755528643925794
2	0.5755528643925794
3	0.5755528643925794
4	0.5150044288284362
5	0.5150044288284362
6	0.5150044288284362
7	0.5150044288284362
8	0.49778139540035293
9	0.49778139540035293
10	0.49778139540035293
11	0.49778139540035293
12	0.6642580903799139
13	0.6642580903799139
14	0.6642580903799139
15	0.6642580903799139
16	0.6105434930902236
17	0.6105434930902236
18	0.6105434930902236
19	0.6105434930902236
20	0.4419642429759995
21	0.4419642429759995
22	0.4419642429759995
23	0.4419642429759995
24	1.0585475667508477
25	1.0585475667508477
26	1.0585475667508477
27	1.0585475667508477
28	0.7017519547958929
29	0.7017519547958929
30	0.7017519547958929
31	0.7017519547958929
32	0.3916143773203849
33	0.3916143773203849
34	0.3916143773203849
35	0.3916143773203849
36	0.5372704411119503
37	0.5372704411119503
38	0.5372704411119503
39	0.5372704411119503
40	0.771230451191686
41	0.771230451191686
42	0.771230451191686
43	0.771230451191686
44	0.5448504599213093
45	0.5448504599213093
46	0.5448504599213093
47	0.5448504599213093
48	0.7862766553888356
49	0.7862766553888356
50	0.7862766553888356
51	0.7862766553888356
52	0.7102141402863965
53	0.7102141402863965
54	0.7102141402863965
55	0.7102141402863965
56	1.0549350907072232
57	1.0549350907072232
58	1.0549350907072232
59	1.0549350907072232
60	0.7425819305770279
61	0.7425819305770279
62	0.7425819305770279
63	0.7425819305770279
64	1.0422829543961756
65	1.0422829543961756
66	1.0422829543961756
67	1.0422829543961756
68	0.8429389448374449
69	0.8429389448374449
70	0.8429389448374449
71	0.8429389448374449
72	0.7205944081827583
73	0.7205944081827583
74	0.7205944081827583
75	0.7205944081827583
76	0.5489437810489481
77	0.5489437810489481
78	0.5489437810489481
79	0.5489437810489481
80	0.8023834298723396
81	0.8023834298723396
82	0.8023834298723396
83	0.8023834298723396
84	0.4140774425520555
85	0.4140774425520555
86	0.4140774425520555
87	0.4140774425520555
88	0.5934811185102995
89	0.5934811185102995
90	0.5934811185102995
91	0.5934811185102995
92	0.6178850551028365
93	0.6178850551028365
94	3.727303132469449
95	3.727303132469449
96	3.727303132469449
97	3.727303132469449
98	3.5932841610738566
99	3.5932841610738566
100	3.5932841610738566
101	3.5932841610738566
102	1.7654377633265685
103	1.7654377633265685
104	1.7654377633265685
105	1.7654377633265685
106	3.7333915777796327
107	3.7333915777796327
108	3.7333915777796327
109	3.7333915777796327
110	5.80111962708717
111	5.80111962708717
112	5.80111962708717
113	5.80111962708717
114	5.039146050510842
115	5.039146050510842
116	5.039146050510842
117	5.039146050510842
118	3.6277616671551343
119	3.6277616671551343
120	3.6277616671551343
121	3.6277616671551343
122	4.689965135667964
123	4.689965135667964
124	4.689965135667964
125	4.689965135667964
126	3.6404850035335983
127	3.6404850035335983
128	3.6404850035335983
129	3.6404850035335983
130	4.398136036030827
131	4.398136036030827
132	4.398136036030827
133	4.398136036030827
134	2.963629054988466
135	2.963629054988466
136	2.963629054988466
137	2.963629054988466
138	5.274091670921768
139	5.274091670921768
140	5.274091670921768
141	5.274091670921768
142	2.7488156035726603
143	2.7488156035726603
144	2.7488156035726603
145	2.7488156035726603
146	4.576161898572841
147	4.576161898572841
148	4.576161898572841
149	4.576161898572841
150	4.158273386197848
151	4.158273386197848
152	4.158273386197848
153	4.158273386197848
154	4.729553533663518
155	4.729553533663518
156	4.729553533663518
157	4.729553533663518
158	4.569783567182327
159	4.569783567182327
160	4.569783567182327
161	4.569783567182327
162	1.807313903505495
163	1.807313903505495
164	1.807313903505495
165	1.807313903505495
166	4.118980577800532
167	4.118980577800532
168	4.118980577800532
169	4.118980577800532
170	4.4268194054208925
171	4.4268194054208925
172	4.4268194054208925
173	4.4268194054208925
174	3.427642435039627
175	3.427642435039627
176	3.427642435039627
177	3.427642435039627
178	3.1162464767781413
179	3.1162464767781413
180	3.1162464767781413
181	3.1162464767781413
182	5.075626391188787
183	5.075626391188787
184	5.075626391188787
185	5.075626391188787
186	2.4497051463539954
187	2.4497051463539954
188	2.4497051463539954
189	2.4497051463539954
190	4.157404590407164
191	4.157404590407164
192	4.157404590407164
193	4.157404590407164
194	4.741783893414377
195	4.741783893414377
196	4.741783893414377
197	4.741783893414377
198	3.833591958043379
199	3.833591958043379
200	3.833591958043379
201	3.833591958043379
202	4.248359619316664
203	0.655932016712661
204	0.655932016712661
205	0.655932016712661
206	0.655932016712661
207	1.0342603618579371
208	1.0342603618579371
209	1.0342603618579371
210	3.761056803490235
211	3.761056803490235
212	3.761056803490235
213	3.761056803490235
214	2.880221667441284
215	2.880221667441284
216	2.880221667441284
217	2.880221667441284
218	4.0092834802237824
219	4.0092834802237824
220	4.0092834802237824
221	4.0092834802237824
222	2.2487421475607166
223	2.2487421475607166
224	2.2487421475607166
225	2.2487421475607166
226	3.781820687383281
227	3.781820687383281
228	3.781820687383281
229	3.781820687383281
230	3.838261071796981
231	3.838261071796981
232	3.838261071796981
233	3.838261071796981
234	2.8418749472758655
235	2.8418749472758655
236	2.8418749472758655
237	2.8418749472758655
238	2.74795938504987
239	2.74795938504987
240	2.74795938504987
241	2.74795938504987
242	3.0378573240769913
243	3.0378573240769913
244	3.0378573240769913
245	3.0378573240769913
246	4.109128157083828
247	4.109128157083828
248	4.109128157083828
249	4.109128157083828
250	4.710004396057311
251	4.710004396057311
252	4.710004396057311
253	4.710004396057311
254	3.2058292209751555
255	3.2058292209751555
256	3.2058292209751555
257	3.2058292209751555
258	4.312123171508024
259	4.312123171508024
260	4.312123171508024
261	4.312123171508024
262	3.143457914639566
263	3.143457914639566
264	1.9815141332577102
265	1.9815141332577102
266	1.9815141332577102
267	1.9815141332577102
268	2.590842039672652
269	2.590842039672652
270	2.590842039672652
271	2.590842039672652
272	1.7736495727338988
273	1.7736495727338988
274	1.7736495727338988
275	1.7736495727338988
276	2.271195509536099
277	2.271195509536099
278	2.271195509536099
279	2.271195509536099
280	1.7893541293761852
281	1.7893541293761852
282	1.7893541293761852
283	1.7893541293761852
284	2.324777709855567
285	2.324777709855567
286	2.324777709855567
287	2.324777709855567
288	1.4688736491533996
289	1.4688736491533996
290	1.4688736491533996
291	1.4688736491533996
292	1.8393374401225158
293	1.8393374401225158
294	1.8393374401225158
295	1.8393374401225158
296	1.4240845407163127
297	1.4240845407163127
298	1.4240845407163127
299	1.4240845407163127
300	2.3325171025194615
301	2.3325171025194615
302	2.3325171025194615
303	2.3325171025194615
304	2.2320945433227433
305	2.2320945433227433
306	2.2320945433227433
307	2.2320945433227433
308	2.7803948164859555
309	2.7803948164859555
310	2.7803948164859555
311	2.7803948164859555
312	1.503747875294611
313	1.503747875294611
314	1.503747875294611
315	1.503747875294611
316	3.164484756348636
317	3.164484756348636
318	3.164484756348636
319	3.164484756348636
320	1.7238907898959845
321	1.7238907898959845
322	1.7238907898959845
323	1.7238907898959845
324	2.6230211850641427
325	2.6230211850641427
326	2.6230211850641427
327	2.6230211850641427
328	1.9146132383443226
329	1.9146132383443226
330	1.9146132383443226
331	1.9146132383443226
332	1.8688657521377199
333	1.8688657521377199
334	1.8688657521377199
335	1.8688657521377199
336	2.030935092035029
337	2.030935092035029
338	2.030935092035029
339	2.030935092035029
340	1.0329045603830003
341	1.0329045603830003
342	1.0329045603830003
343	1.0329045603830003
344	2.159752953947503
345	2.159752953947503
346	2.159752953947503
347	2.159752953947503
348	2.466196308549736
349	2.466196308549736
350	2.466196308549736
351	2.466196308549736
352	2.057893648578676
353	2.057893648578676
354	2.057893648578676
355	2.057893648578676
356	2.2320884108854906
357	2.2320884108854906
358	2.2320884108854906
359	2.2320884108854906
360	2.4855750939542256
361	2.4855750939542256
362	2.4855750939542256
363	2.4855750939542256
364	2.7813465640652826
365	2.7813465640652826
366	2.7813465640652826
367	2.7813465640652826
368	2.4004064958057594
369	2.4004064958057594
370	2.4004064958057594
371	2.4004064958057594
372	2.458690422032573
373	2.458690422032573
374	2.458690422032573
375	2.458690422032573
376	2.182299804084886
377	2.182299804084886
378	2.182299804084886
379	2.182299804084886
380	2.2025262268226706
381	2.2025262268226706
382	2.2025262268226706
383	2.2025262268226706
384	1.2545870747827021
385	1.2545870747827021
386	1.2545870747827021
387	1.2545870747827021
388	1.9434660998196498
389	1.9434660998196498
390	1.9434660998196498
391	1.9434660998196498
392	1.9185739857362236
393	1.9185739857362236
394	1.9185739857362236
395	1.9185739857362236
396	2.525052977949443
397	2.525052977949443
398	2.525052977949443
399	2.525052977949443
400	1.442818486183795
401	1.442818486183795
402	1.442818486183795
403	1.442818486183795
404	2.3472472684792374
405	2.3472472684792374
406	2.3472472684792374
407	2.3472472684792374
408	1.7561529797860356
409	1.7561529797860356
410	1.7561529797860356
411	1.7561529797860356
412	2.7563516767178236
413	2.7563516767178236
414	2.7563516767178236
415	2.7563516767178236
416	1.9524021074829456
417	1.9524021074829456
418	1.9524021074829456
419	1.9524021074829456
420	1.9237450889896752
421	1.9237450889896752
422	1.9237450889896752
423	1.9237450889896752
424	2.1619802130745303
425	2.1619802130745303
426	2.1619802130745303
427	2.1619802130745303
428	2.668005841100838
429	2.668005841100838
430	2.668005841100838
431	2.668005841100838
432	2.52301737798517
433	2.52301737798517
434	2.52301737798517
435	2.52301737798517
436	2.5644765463954924
437	2.5644765463954924
438	2.5644765463954924
439	2.5644765463954924
440	2.583652870652016
441	2.583652870652016
442	2.583652870652016
443	2.583652870652016
444	2.1792725858289446
445	2.1792725858289446
446	2.1792725858289446
447	2.1792725858289446
448	2.3591411328029923
449	2.3591411328029923
450	2.3591411328029923
451	2.3591411328029923
452	1.7846287908011544
453	1.7846287908011544
454	1.7846287908011544
455	1.7846287908011544
456	2.5976730684963067
457	2.5976730684963067
458	2.5976730684963067
459	2.5976730684963067
460	1.916207180305973
461	1.916207180305973
462	1.916207180305973
463	1.916207180305973
464	1.9118011019853807
465	1.9118011019853807
466	1.9118011019853807
467	1.9118011019853807
468	2.104249389072085
469	2.104249389072085
470	2.104249389072085
471	2.104249389072085
472	1.3999203700118756
473	1.3999203700118756
474	1.3999203700118756
475	1.3999203700118756
476	2.2112754908906185
477	2.2112754908906185
478	2.2112754908906185
479	2.2112754908906185
480	2.4203161736996526
481	2.4203161736996526
482	2.4203161736996526
483	2.4203161736996526
484	2.3853929382145505
485	2.3853929382145505
486	2.3853929382145505
487	2.3853929382145505
488	1.7860946401466393
489	1.7860946401466393
490	1.7860946401466393
491	1.7860946401466393
492	2.6073798059528577
493	2.6073798059528577
494	2.6073798059528577
495	2.6073798059528577
496	3.323318130364537
497	3.323318130364537
498	3.323318130364537
499	3.323318130364537
500	1.8039123570732016
501	1.8039123570732016
502	1.8039123570732016
503	1.8039123570732016
504	1.8765017777615531
505	1.8765017777615531
506	1.8765017777615531
507	1.8765017777615531
508	2.2822049575333847
509	2.2822049575333847
510	2.2822049575333847
511	2.2822049575333847
512	2.1361064196401855
513	2.1361064196401855
514	2.1361064196401855
515	2.1361064196401855
516	1.8094921256774152
517	1.8094921256774152
518	1.8094921256774152
519	1.8094921256774152
520	2.786181941874419
521	2.786181941874419
522	2.786181941874419
523	2.786181941874419
524	2.4156747909714382
525	2.4156747909714382
526	2.4156747909714382
527	2.4156747909714382
528	3.2271945963936943
529	3.2271945963936943
530	3.2271945963936943
531	3.2271945963936943
532	3.0468136133834505
533	3.0468136133834505
534	3.0468136133834505
535	3.0468136133834505
536	2.8922576549045522
537	2.8922576549045522
538	2.8922576549045522
539	2.8922576549045522
540	2.277696334479322
541	2.277696334479322
542	2.277696334479322
543	2.277696334479322
544	2.058082097281683
545	2.058082097281683
546	2.058082097281683
547	2.058082097281683
548	3.1464338734585526
549	3.1464338734585526
550	3.1464338734585526
551	3.1464338734585526
552	2.248111090887337
553	2.248111090887337
554	2.248111090887337
555	2.248111090887337
556	1.7048825724905532
557	1.7048825724905532
558	1.7048825724905532
559	1.7048825724905532
560	2.6506875957526814
561	2.6506875957526814
562	2.6506875957526814
563	2.6506875957526814
564	2.2942161749235552
565	2.2942161749235552
566	2.2942161749235552
567	2.2942161749235552
568	3.0557925032979405
569	3.0557925032979405
570	3.0557925032979405
571	3.0557925032979405
572	2.9737026386260847
573	2.9737026386260847
574	2.9737026386260847
575	2.9737026386260847
576	2.7255644308317963
577	2.7255644308317963
578	2.7255644308317963
579	2.7255644308317963
580	2.644042637773123
581	2.644042637773123
582	2.644042637773123
583	2.644042637773123
584	2.4999280151612298
585	2.4999280151612298
586	2.4999280151612298
587	2.4999280151612298
588	2.2280052496960545
589	2.2280052496960545
590	2.2280052496960545
591	2.2280052496960545
592	2.3749212318712116
593	2.3749212318712116
594	2.3749212318712116
595	2.3749212318712116
596	3.2766470756992594
597	3.2766470756992594
598	3.2766470756992594
599	3.2766470756992594
600	2.278752536028959
601	2.278752536028959
602	2.278752536028959
603	2.278752536028959
604	3.229111825434764
605	3.229111825434764
606	3.229111825434764
607	3.229111825434764
608	2.5361961922424636
609	2.5361961922424636
610	2.5361961922424636
611	2.5361961922424636
612	2.1828820647572305
613	2.1828820647572305
614	2.1828820647572305
615	2.1828820647572305
616	2.08020834314054
617	2.08020834314054
618	2.08020834314054
619	2.08020834314054
620	2.1037943054974004
621	2.1037943054974004
622	2.1037943054974004
623	2.1037943054974004
624	2.981614117594556
625	2.981614117594556
626	2.981614117594556
627	2.981614117594556
628	2.0367127766354622
629	2.0367127766354622
630	2.0367127766354622
631	2.0367127766354622
632	4.536378762015925
633	4.536378762015925
634	4.536378762015925
635	4.536378762015925
636	3.0717017117640366
637	3.0717017117640366
638	3.0717017117640366
639	3.0717017117640366
640	2.4271291468859078
641	2.4271291468859078
642	2.4271291468859078
643	2.4271291468859078
644	3.3333787908267003
645	3.3333787908267003
646	3.3333787908267003
647	3.3333787908267003
648	4.823754928361183
649	4.823754928361183
650	4.823754928361183
651	4.823754928361183
652	3.8005256595149137
653	3.8005256595149137
654	3.8005256595149137
655	3.8005256595149137
656	4.236032538191519
657	4.236032538191519
658	4.236032538191519
659	4.236032538191519
660	3.015824750486443
661	3.015824750486443
662	3.015824750486443
663	3.015824750486443
664	1.882676757512792
665	1.882676757512792
666	1.882676757512792
667	1.882676757512792
668	1.939356866164801
669	1.939356866164801
670	1.939356866164801
671	1.939356866164801
672	3.7618399546427277
673	3.7618399546427277
674	3.7618399546427277
675	3.7618399546427277
676	4.057742578952186
677	4.057742578952186
678	4.057742578952186
679	4.057742578952186
680	2.5960370152100225
681	2.5960370152100225
682	2.5960370152100225
683	2.5960370152100225
684	2.9150955917450867
685	2.9150955917450867
686	2.9150955917450867
687	2.9150955917450867
688	1.9756983677183695
689	1.9756983677183695
690	1.9756983677183695
691	1.9756983677183695
692	4.19079468711288
693	4.19079468711288
694	4.19079468711288
695	4.19079468711288
696	4.691351659990852
697	4.691351659990852
698	4.691351659990852
699	4.691351659990852
700	3.4654790734436975
701	3.4654790734436975
702	3.4654790734436975
703	3.4654790734436975
704	3.0822139475058745
705	3.0822139475058745
706	3.0822139475058745
707	3.0822139475058745
708	3.038982240493322
709	3.038982240493322
710	3.038982240493322
711	3.038982240493322
712	3.5152312961108345
713	3.5152312961108345
714	3.5152312961108345
715	3.5152312961108345
716	4.2283353177463665
717	4.2283353177463665
718	4.2283353177463665
719	4.2283353177463665
720	2.2093619543347067
721	2.2093619543347067
722	2.2093619543347067
723	2.2093619543347067
724	2.784595686689728
725	2.784595686689728
726	2.784595686689728
727	2.784595686689728
728	3.437146233658769
729	3.437146233658769
730	3.437146233658769
731	3.437146233658769
732	3.664120162119107
733	3.664120162119107
734	3.664120162119107
735	3.664120162119107
736	2.9760936973222583
737	2.9760936973222583
738	2.9760936973222583
739	2.9760936973222583
740	2.0940039239556385
741	2.0940039239556385
742	2.0940039239556385
743	2.0940039239556385
744	3.1671621015630658
745	3.1671621015630658
746	3.1671621015630658
747	3.1671621015630658
748	2.661864175528052
749	2.661864175528052
750	2.661864175528052
751	2.661864175528052
752	4.50093876922607
753	4.50093876922607
754	4.50093876922607
755	4.50093876922607
756	4.0436175906867735
757	4.0436175906867735
758	4.0436175906867735
759	4.0436175906867735
760	5.046205859047068
761	5.046205859047068
762	5.046205859047068
763	5.046205859047068
764	3.053807317982591
765	3.053807317982591
766	3.053807317982591
767	3.053807317982591
768	3.967161768934088
769	3.967161768934088
770	2.9034513174777956
771	2.9034513174777956
772	2.9034513174777956
773	2.9034513174777956
774	2.3025061020401085
775	2.3025061020401085
776	2.3025061020401085
777	2.3025061020401085
778	0.7512541522919509
779	0.7512541522919509
780	0.7512541522919509
781	0.7512541522919509
782	2.525762125370029
783	2.525762125370029
784	2.525762125370029
785	2.525762125370029
786	3.426980751469598
787	3.426980751469598
788	3.426980751469598
789	3.426980751469598
790	1.7000824801198415
791	1.7000824801198415
792	1.7000824801198415
793	1.7000824801198415
794	1.8581671596900708
795	1.8581671596900708
796	1.8581671596900708
797	1.8581671596900708
798	2.0699068994542236
799	2.0699068994542236
800	2.0699068994542236
801	2.0699068994542236
802	2.0880070905675883
803	2.0880070905675883
804	2.0880070905675883
805	2.0880070905675883
806	2.9187262531299862
807	2.9187262531299862
808	2.9187262531299862
809	2.9187262531299862
810	3.125322501010124
811	3.125322501010124
812	3.125322501010124
813	3.125322501010124
814	2.6345660818697136
815	2.6345660818697136
816	2.6345660818697136
817	2.6345660818697136
818	2.2836907990170072
819	2.2836907990170072
820	2.2836907990170072
821	2.2836907990170072
822	1.761435826644369
823	1.761435826644369
824	1.761435826644369
825	1.761435826644369
826	1.3117114481650267
827	1.3117114481650267
828	1.3117114481650267
829	1.3117114481650267
830	1.6692208990843236
831	1.6692208990843236
832	1.6692208990843236
833	1.6692208990843236
834	3.0975266871429152
835	3.0975266871429152
836	3.0975266871429152
837	3.0975266871429152
838	2.2947741903416445
839	2.2947741903416445
840	2.2947741903416445
841	2.2947741903416445
842	2.836720052248377
843	2.836720052248377
844	2.836720052248377
845	2.836720052248377
846	2.562173172049307
847	2.562173172049307
848	2.562173172049307
849	2.562173172049307
850	2.397730985284255
851	2.397730985284255
852	2.397730985284255
853	2.397730985284255
854	1.1057908980972995
855	1.1057908980972995
856	1.1057908980972995
857	1.1057908980972995
858	2.049085837084861
859	2.049085837084861
860	2.049085837084861
861	2.049085837084861
862	2.010567967509605
863	2.010567967509605
864	2.010567967509605
865	2.010567967509605
866	1.1106221923729753
867	1.1106221923729753
868	1.1106221923729753
869	1.1106221923729753
870	2.325877574991054
871	2.325877574991054
872	2.325877574991054
873	2.325877574991054
874	3.1654687017953025
875	3.1654687017953025
876	3.1654687017953025
877	3.1654687017953025
878	2.711973762225981
879	2.711973762225981
880	2.711973762225981
881	2.711973762225981
882	2.6817863013935446
883	2.6817863013935446
884	2.6817863013935446
885	2.6817863013935446
886	2.0992516087360715
887	2.0992516087360715
888	2.0992516087360715
889	2.0992516087360715
890	1.3079270394000893
891	1.3079270394000893
892	1.3079270394000893
893	1.3079270394000893
894	3.0926090889532984
895	3.0926090889532984
896	3.0926090889532984
897	3.0926090889532984
898	3.104570373590633
899	3.104570373590633
900	3.104570373590633
901	3.104570373590633
902	3.115700128295292
903	3.115700128295292
904	3.115700128295292
905	3.115700128295292
906	3.099362635408689
907	3.099362635408689
908	3.099362635408689
909	3.099362635408689
910	3.144103234444968
911	3.144103234444968
912	3.144103234444968
913	3.144103234444968
914	0.8922637617248577
915	0.8922637617248577
916	0.8922637617248577
917	0.8922637617248577
918	2.9510909407681347
919	2.9510909407681347
920	2.9510909407681347
921	2.9510909407681347
922	1.9054456708325986
923	1.9054456708325986
924	1.9054456708325986
925	1.9054456708325986
926	2.746782256242367
927	2.746782256242367
928	2.746782256242367
929	2.746782256242367
930	1.825626864358493
931	1.825626864358493
932	1.825626864358493
933	1.825626864358493
934	2.6276299499401805
935	2.6276299499401805
936	2.6276299499401805
937	2.6276299499401805
938	2.751431261448609
939	2.751431261448609
940	2.751431261448609
941	2.751431261448609
942	1.985823641115673
943	1.985823641115673
944	1.985823641115673
945	1.985823641115673
946	2.65507558265164
947	2.65507558265164
948	2.65507558265164
949	2.65507558265164
950	4.310265578541613
951	4.310265578541613
952	4.310265578541613
953	4.310265578541613
954	2.7518275983497817
955	2.7518275983497817
956	2.7518275983497817
957	2.7518275983497817
958	4.061601856178848
959	4.061601856178848
960	4.061601856178848
961	4.061601856178848
962	4.24683312710346
963	0.8276761355401581
964	0.8276761355401581
965	0.8276761355401581
966	0.8276761355401581
967	0.6303176912436611
968	0.6303176912436611
969	0.6303176912436611
970	0.6303176912436611
971	0.7537037826327153
972	0.7537037826327153
973	0.7537037826327153
974	0.7537037826327153
975	0.8453855256673862
976	0.8453855256673862
977	0.8453855256673862
978	0.8453855256673862
979	0.5321037681314809
980	0.5321037681314809
981	0.5321037681314809
982	0.5321037681314809
983	0.7987988952234394
984	0.7987988952234394
985	0.7987988952234394
986	0.7987988952234394
987	0.7527676188916831
988	0.7527676188916831
989	0.7527676188916831
990	0.7527676188916831
991	0.43799933634920574
992	0.43799933634920574
993	0.43799933634920574
994	0.43799933634920574
995	0.6705898938181339
996	0.6705898938181339
997	0.6705898938181339
998	0.6705898938181339
999	0.569263096320914
1000	0.569263096320914
1001	0.569263096320914
1002	0.569263096320914
1003	0.399354721561072
1004	0.399354721561072
1005	0.399354721561072
1006	0.399354721561072
1007	0.7007887675612674
1008	0.7007887675612674
1009	0.7007887675612674
1010	0.7007887675612674
1011	0.6365396637154336
1012	0.6365396637154336
1013	0.6365396637154336
1014	0.6365396637154336
1015	0.6137300319760352
1016	0.6137300319760352
1017	0.6137300319760352
1018	0.6137300319760352
1019	0.8984913124659554
1020	0.8984913124659554
1021	0.8984913124659554
1022	0.8984913124659554
1023	0.5706839172732899
1024	0.5706839172732899
1025	0.5706839172732899
1026	0.5706839172732899
1027	0.5173601737713753
1028	0.5173601737713753
1029	0.5173601737713753
1030	0.5173601737713753
1031	0.5658513648924045
1032	0.5658513648924045
1033	0.5658513648924045
1034	0.5658513648924045
1035	0.6053310496474729
1036	0.6053310496474729
1037	0.6053310496474729
1038	0.6053310496474729
1039	0.6790004409123347
1040	0.6790004409123347
1041	0.6790004409123347
1042	0.6790004409123347
1043	0.8535449322928385
1044	0.8535449322928385
1045	0.8535449322928385
1046	0.8535449322928385
1047	0.5017628852042971
1048	0.5017628852042971
1049	0.5017628852042971
1050	0.5017628852042971
1051	0.7841660038983129
1052	0.7841660038983129
1053	0.7841660038983129
1054	0.7841660038983129
1055	0.7602350686817088
1056	0.7602350686817088
1057	0.7602350686817088
1058	0.7602350686817088
1059	0.6380417716168999
1060	0.6380417716168999
1061	0.6380417716168999
1062	0.6380417716168999
1063	0.5587155549886702
1064	0.5587155549886702
1065	0.5587155549886702
1066	0.5587155549886702
1067	0.6807793052368276
1068	0.6807793052368276
1069	0.6807793052368276
1070	0.6807793052368276
1071	0.5250766180153814
1072	0.5250766180153814
1073	0.5250766180153814
1074	0.5250766180153814
1075	0.442525934616379
1076	0.442525934616379
1077	0.442525934616379
1078	0.442525934616379
1079	0.7157796234399803
1080	0.7157796234399803
1081	0.7157796234399803
1082	0.7157796234399803
1083	0.3380999411589507
1084	0.3380999411589507
1085	0.3380999411589507
1086	0.3380999411589507
1087	0.49451675652950344
1088	0.49451675652950344
1089	0.49451675652950344
1090	0.49451675652950344
1091	0.5686029500227058
1092	0.5686029500227058
1093	0.5686029500227058
1094	0.5686029500227058
1095	0.5905783476589967
1096	0.5905783476589967
1097	0.5905783476589967
1098	0.5905783476589967
1099	0.855880659184221
1100	0.855880659184221
1101	0.855880659184221
1102	0.855880659184221
1103	0.7823100189207393
1104	0.7823100189207393
1105	0.7823100189207393
1106	2.221671516608696
1107	2.221671516608696
1108	2.221671516608696
1109	2.221671516608696
1110	1.8390976999293047
1111	1.8390976999293047
1112	1.8390976999293047
1113	1.8390976999293047
1114	1.8481358655960345
1115	1.8481358655960345
1116	1.8481358655960345
1117	1.8481358655960345
1118	2.3703619535200455
1119	2.3703619535200455
1120	2.3703619535200455
1121	2.3703619535200455
1122	1.8631457162706826
1123	1.8631457162706826
1124	1.8631457162706826
1125	1.8631457162706826
1126	2.5694767723985366
1127	2.5694767723985366
1128	2.5694767723985366
1129	2.5694767723985366
1130	2.264059636809076
1131	2.264059636809076
1132	2.264059636809076
1133	2.264059636809076
1134	1.9087436366338102
1135	1.9087436366338102
1136	1.9087436366338102
1137	1.9087436366338102
1138	2.643204525641352
1139	2.643204525641352
1140	2.643204525641352
1141	2.643204525641352
1142	2.5703128422080743
1143	3.107854353758134
1144	3.107854353758134
1145	3.107854353758134
1146	3.107854353758134
1147	2.607566786572201
1148	2.607566786572201
1149	2.607566786572201
1150	2.607566786572201
1151	3.411797359694429
1152	3.411797359694429
1153	3.411797359694429
1154	3.411797359694429
1155	3.7156258031803153
1156	3.7156258031803153
1157	3.7156258031803153
1158	3.7156258031803153
1159	2.398461923051812
1160	2.398461923051812
1161	2.398461923051812
1162	2.398461923051812
1163	3.5195199665578247
1164	3.5195199665578247
1165	3.5195199665578247
1166	3.5195199665578247
1167	2.4621623050864696
1168	2.4621623050864696
1169	2.4621623050864696
1170	2.4621623050864696
1171	2.72845843552693
1172	2.72845843552693
1173	2.72845843552693
1174	2.72845843552693
1175	2.68995585471723
1176	2.68995585471723
1177	2.68995585471723
1178	2.68995585471723
1179	3.261190564497989
1180	3.261190564497989
1181	3.261190564497989
1182	3.261190564497989
1183	1.616754639294279
1184	1.616754639294279
1185	1.616754639294279
1186	1.616754639294279
1187	4.057195932977076
1188	4.057195932977076
1189	4.057195932977076
1190	4.057195932977076
1191	3.5362538260920644
1192	3.5362538260920644
1193	3.5362538260920644
1194	3.5362538260920644
1195	4.125737543079645
1196	4.125737543079645
1197	4.125737543079645
1198	4.125737543079645
1199	1.963604802094302
1200	1.963604802094302
1201	1.963604802094302
1202	1.963604802094302
1203	3.6326904219054232
1204	3.6326904219054232
1205	3.6326904219054232
1206	3.6326904219054232
1207	0.9408736220983042
1208	0.9408736220983042
1209	0.9408736220983042
1210	0.9408736220983042
1211	1.0900365660206
1212	1.0900365660206
1213	1.0900365660206
1214	1.0900365660206
1215	0.7408907027734869
1216	0.7408907027734869
1217	0.7408907027734869
1218	0.7408907027734869
1219	1.0685291584349192
1220	1.0685291584349192
1221	1.0685291584349192
1222	2.375796945050923
1223	2.375796945050923
1224	2.375796945050923
1225	2.375796945050923
1226	3.313466801607099
1227	3.313466801607099
1228	3.313466801607099
1229	0.43696893687212407
1230	0.43696893687212407
1231	0.43696893687212407
1232	0.43696893687212407
1233	0.6239864049791812
1234	0.6239864049791812
1235	0.6239864049791812
1236	0.6239864049791812
1237	0.1487880967980001
1238	0.1487880967980001
1239	0.1487880967980001
1240	0.1487880967980001
1241	0.9009472983385864
1242	0.9009472983385864
1243	0.9009472983385864
1244	0.9009472983385864
1245	0.7742621982884861
1246	0.7742621982884861
1247	0.7742621982884861
1248	0.7742621982884861
1249	0.5937444701391816
1250	0.5937444701391816
1251	0.5937444701391816
1252	0.5937444701391816
1253	0.8476177297387292
1254	0.8476177297387292
1255	0.8476177297387292
1256	0.8476177297387292
1257	0.5227896617422736
1258	0.5227896617422736
1259	0.5227896617422736
1260	2.851561029656105
1261	2.851561029656105
1262	2.851561029656105
1263	2.851561029656105
1264	3.3466838739469393
1265	3.3466838739469393
1266	3.3466838739469393
1267	3.3466838739469393
1268	0.9478990145817807
1269	0.9478990145817807
1270	0.9478990145817807
1271	0.9478990145817807
1272	1.999629821333745
1273	1.999629821333745
1274	1.999629821333745
1275	1.999629821333745
1276	2.833806615923122
1277	2.833806615923122
1278	2.833806615923122
1279	2.833806615923122
1280	4.150319611199151
1281	4.150319611199151
1282	4.150319611199151
1283	4.150319611199151
1284	3.6048225897228274
1285	3.6048225897228274
1286	3.1810421584313815
1287	3.1810421584313815
1288	3.1810421584313815
1289	3.1810421584313815
1290	2.4335756520863616
1291	2.4335756520863616
1292	2.4335756520863616
1293	2.4335756520863616
1294	2.7188481164200002
1295	2.7188481164200002
1296	2.7188481164200002
1297	2.7188481164200002
1298	3.4154443538830295
1299	3.4154443538830295
1300	3.4154443538830295
1301	3.4154443538830295
1302	3.3299610747507296
1303	3.3299610747507296
1304	3.3299610747507296
1305	3.3299610747507296
1306	2.6405735581214054
1307	2.6405735581214054
1308	2.6405735581214054
1309	2.6405735581214054
1310	2.946254043277936
1311	2.946254043277936
1312	2.946254043277936
1313	2.946254043277936
1314	2.4170362179978677
1315	2.4170362179978677
1316	2.4170362179978677
1317	2.4170362179978677
1318	2.296786516998665
1319	2.296786516998665
1320	2.296786516998665
1321	2.296786516998665
1322	2.407973414671603
1323	2.407973414671603
1324	2.407973414671603
1325	2.407973414671603
1326	3.7245171292194232
1327	3.7245171292194232
1328	3.7245171292194232
1329	3.7245171292194232
1330	1.8225572319426673
1331	1.8225572319426673
1332	1.8225572319426673
1333	1.8225572319426673
1334	1.6697941247548422
1335	1.6697941247548422
1336	1.6697941247548422
1337	2.750114763890752
1338	2.750114763890752
1339	2.750114763890752
1340	2.750114763890752
1341	2.318840012147378
1342	2.318840012147378
1343	2.318840012147378
1344	2.318840012147378
1345	1.5019349296623883
1346	1.5019349296623883
1347	1.5019349296623883
1348	1.5019349296623883
1349	1.9443381453702944
1350	1.9443381453702944
1351	1.9443381453702944
1352	1.9443381453702944
1353	2.813049663825109
1354	2.813049663825109
1355	2.813049663825109
1356	2.813049663825109
1357	0.985130165380611
1358	0.985130165380611
1359	0.985130165380611
1360	0.985130165380611
1361	1.9796997700592682
1362	1.9796997700592682
1363	1.9796997700592682
1364	1.9796997700592682
1365	1.7111441119268158
1366	1.7111441119268158
1367	1.7111441119268158
1368	1.7111441119268158
1369	1.455107792028522
1370	1.455107792028522
1371	1.455107792028522
1372	1.455107792028522
1373	2.7696026499634456
1374	2.7696026499634456
1375	2.7696026499634456
1376	2.7696026499634456
1377	1.8523130371532655
1378	1.8523130371532655
1379	1.8523130371532655
1380	1.8523130371532655
1381	2.6107380829248226
1382	2.6107380829248226
1383	2.6107380829248226
1384	2.6107380829248226
1385	2.63890281765961
1386	2.63890281765961
1387	2.63890281765961
1388	2.63890281765961
1389	1.3419343904271361
1390	1.3419343904271361
1391	1.3419343904271361
1392	1.3419343904271361
1393	1.5138868487712567
1394	1.5138868487712567
1395	1.5138868487712567
1396	1.5138868487712567
1397	1.255536228702156
1398	1.255536228702156
1399	1.255536228702156
1400	1.255536228702156
1401	1.4759613159801925
1402	1.4759613159801925
1403	1.4759613159801925
1404	1.4759613159801925
1405	2.0747950697147144
1406	2.0747950697147144
1407	2.0747950697147144
1408	2.0747950697147144
1409	2.1425438995811694
1410	2.1425438995811694
1411	2.1425438995811694
1412	2.1425438995811694
1413	1.9932150504118658
1414	1.9932150504118658
1415	1.9932150504118658
1416	1.9932150504118658
1417	2.5624527301269477
1418	2.5624527301269477
1419	2.5624527301269477
1420	2.5624527301269477
1421	0.5978401677066365
1422	0.5978401677066365
1423	0.5978401677066365
1424	0.5978401677066365
1425	2.1612588545173
1426	2.1612588545173
1427	2.1612588545173
1428	2.1612588545173
1429	1.6289396298698662
1430	1.6289396298698662
1431	1.6289396298698662
1432	1.6289396298698662
1433	2.089198511930708
1434	2.089198511930708
1435	2.089198511930708
1436	2.089198511930708
1437	2.202594122330555
1438	2.202594122330555
1439	2.202594122330555
1440	2.202594122330555
1441	1.751367389772703
1442	1.751367389772703
1443	1.751367389772703
1444	1.751367389772703
1445	1.6394595521006523
1446	1.6394595521006523
1447	1.6394595521006523
1448	1.6394595521006523
1449	1.6559107508624646
1450	1.2816048292088715
1451	1.2816048292088715
1452	1.2816048292088715
1453	1.2816048292088715
1454	1.6168144105971303
1455	1.6168144105971303
1456	1.6168144105971303
1457	1.6168144105971303
1458	1.30621815411721
1459	1.30621815411721
1460	1.30621815411721
1461	1.30621815411721
1462	1.2829498737172247
1463	1.2829498737172247
1464	1.2829498737172247
1465	1.2829498737172247
1466	1.8790176779352108
1467	1.8790176779352108
1468	1.8790176779352108
1469	1.8790176779352108
1470	1.918999716975394
1471	1.918999716975394
1472	1.918999716975394
1473	1.918999716975394
1474	1.2810881352185703
1475	1.2810881352185703
1476	1.2810881352185703
1477	1.2810881352185703
1478	1.7161328111272023
1479	1.7161328111272023
1480	1.7161328111272023
1481	1.7161328111272023
1482	1.9523861906038387
1483	1.9523861906038387
1484	1.9523861906038387
1485	1.9523861906038387
1486	2.0647801609786707
1487	2.0647801609786707
1488	2.0647801609786707
1489	2.0647801609786707
1490	1.5644952217488994
1491	1.5644952217488994
1492	1.5644952217488994
1493	1.5644952217488994
1494	2.108770490967102
1495	2.108770490967102
1496	2.108770490967102
1497	2.108770490967102
1498	1.7686724038995518
1499	1.7686724038995518
1500	1.7686724038995518
1501	1.7686724038995518
1502	1.2316244583758498
1503	1.2316244583758498
1504	1.2316244583758498
1505	1.2316244583758498
1506	2.2934486441877
1507	2.2934486441877
1508	2.2934486441877
1509	2.2934486441877
1510	1.4319710422310727
1511	1.4319710422310727
1512	1.4319710422310727
1513	1.4319710422310727
1514	1.6085457135304966
1515	1.6085457135304966
1516	1.6085457135304966
1517	1.6085457135304966
1518	1.5597604480994935
1519	1.5597604480994935
1520	1.5597604480994935
1521	1.5597604480994935
1522	1.5884958335086994
1523	1.5884958335086994
1524	1.5884958335086994
1525	1.5884958335086994
1526	2.0169698038392734
1527	2.0976125804662207
1528	2.0976125804662207
1529	2.0976125804662207
1530	2.0976125804662207
1531	3.0552729368838873
1532	3.0552729368838873
1533	3.0552729368838873
1534	3.0552729368838873
1535	3.524645102276237
1536	3.524645102276237
1537	3.524645102276237
1538	3.524645102276237
1539	3.9298079870826452
1540	3.9298079870826452
1541	3.9298079870826452
1542	3.9298079870826452
1543	2.179223146675691
1544	2.179223146675691
1545	2.179223146675691
1546	2.133025582196551
1547	2.133025582196551
1548	2.133025582196551
1549	2.133025582196551
1550	1.9521854676213335
1551	1.9521854676213335
1552	1.9521854676213335
1553	1.9521854676213335
1554	0.752967365684073
1555	0.752967365684073
1556	2.395164466936904
1557	2.395164466936904
1558	2.395164466936904
1559	2.395164466936904
1560	3.417935192223691
1561	3.417935192223691
1562	3.417935192223691
1563	3.417935192223691
1564	2.5701826479489998
1565	2.5701826479489998
1566	2.5701826479489998
1567	2.5701826479489998
1568	3.5889468150103707
1569	3.5889468150103707
1570	3.5889468150103707
1571	3.5889468150103707
1572	2.3691827389706765
1573	2.3691827389706765
1574	2.3691827389706765
1575	2.3691827389706765
1576	4.156663188227431
1577	4.156663188227431
1578	4.156663188227431
1579	4.156663188227431
1580	2.271936780915613
1581	2.271936780915613
1582	2.271936780915613
1583	2.271936780915613
1584	3.2744789118844246
1585	3.2744789118844246
1586	3.2744789118844246
1587	3.2744789118844246
1588	3.5200434444449273
1589	3.5200434444449273
1590	3.5200434444449273
1591	3.5200434444449273
1592	3.948991580561417
1593	3.948991580561417
1594	3.948991580561417
1595	3.948991580561417
1596	3.5906341734062366
1597	3.5906341734062366
1598	3.5906341734062366
1599	3.5906341734062366
1600	1.478828051564072
1601	1.478828051564072
1602	1.478828051564072
1603	1.478828051564072
1604	3.217915249006694
1605	3.217915249006694
1606	3.217915249006694
1607	3.217915249006694
1608	3.122394186203544
1609	3.122394186203544
1610	3.122394186203544
1611	3.122394186203544
1612	2.4034741465155327
1613	2.4034741465155327
1614	2.4034741465155327
1615	2.4034741465155327
1616	3.789345649305897
1617	3.789345649305897
1618	3.789345649305897
1619	3.789345649305897
1620	3.3422427749896975
1621	3.3422427749896975
1622	3.3422427749896975
1623	3.3422427749896975
1624	4.000632785540691
1625	4.000632785540691
1626	4.000632785540691
1627	4.000632785540691
1628	2.191935396133256
1629	2.191935396133256
1630	2.191935396133256
1631	2.191935396133256
1632	4.668517998121565
1633	4.668517998121565
1634	4.668517998121565
1635	4.668517998121565
1636	1.8397927702924877
1637	1.8397927702924877
1638	1.8397927702924877
1639	1.8397927702924877
1640	2.749022939656828
1641	2.749022939656828
1642	2.749022939656828
1643	2.749022939656828
1644	2.715014229244496
1645	2.715014229244496
1646	2.715014229244496
1647	2.715014229244496
1648	1.7123071971903827
1649	1.7123071971903827
1650	1.7123071971903827
1651	1.7123071971903827
1652	3.4631770727881963
1653	3.4631770727881963
1654	3.4631770727881963
1655	3.4631770727881963
1656	3.142291091113205
1657	3.142291091113205
1658	3.142291091113205
1659	3.142291091113205
1660	2.335517394934976
1661	2.335517394934976
1662	2.335517394934976
1663	2.335517394934976
1664	1.6397223701182622
1665	1.6397223701182622
1666	1.6397223701182622
1667	1.6397223701182622
1668	2.8073220999097086
1669	2.8073220999097086
1670	2.8073220999097086
1671	2.8073220999097086
1672	2.7392139855112343
1673	2.7392139855112343
1674	2.7392139855112343
1675	2.7392139855112343
1676	3.25185697364313
1677	3.25185697364313
1678	3.25185697364313
1679	3.25185697364313
1680	2.844226056524711
1681	2.844226056524711
1682	2.844226056524711
1683	2.844226056524711
1684	4.08983343099323
1685	4.08983343099323
1686	4.08983343099323
1687	4.08983343099323
1688	4.698874992543962
1689	4.698874992543962
1690	4.698874992543962
1691	4.698874992543962
1692	1.997958527423188
1693	1.997958527423188
1694	1.997958527423188
1695	1.997958527423188
1696	2.81839635923507
1697	2.81839635923507
1698	2.81839635923507
1699	2.81839635923507
1700	3.8351449671391338
1701	3.8351449671391338
1702	3.8351449671391338
1703	3.8351449671391338
1704	2.4581097965755845
1705	2.4581097965755845
1706	2.4581097965755845
1707	2.4581097965755845
1708	4.542178160228666
1709	4.542178160228666
1710	2.1214222772087994
1711	2.1214222772087994
1712	2.1214222772087994
1713	2.1214222772087994
1714	3.7354212016300576
1715	2.507296351786913
1716	2.507296351786913
1717	2.507296351786913
1718	2.507296351786913
1719	2.34079517519567
1720	2.34079517519567
1721	2.34079517519567
1722	2.34079517519567
1723	4.055820209290585
1724	4.055820209290585
1725	4.055820209290585
1726	4.055820209290585
1727	2.3604611963454216
1728	2.3604611963454216
1729	2.3604611963454216
1730	2.3604611963454216
1731	2.713717558692526
1732	2.713717558692526
1733	2.713717558692526
1734	2.713717558692526
1735	2.0016035075264296
1736	2.0016035075264296
1737	2.0016035075264296
1738	2.0016035075264296
1739	3.8892771157910095
1740	3.8892771157910095
1741	3.8892771157910095
1742	3.8892771157910095
1743	1.6846894945949695
1744	1.6846894945949695
1745	1.6846894945949695
1746	1.6846894945949695
1747	2.480889564217157
1748	2.480889564217157
1749	2.480889564217157
1750	2.480889564217157
1751	1.1002080978238733
1752	1.1002080978238733
1753	1.1002080978238733
1754	1.1002080978238733
1755	1.9748504449044368
1756	1.9748504449044368
1757	1.9748504449044368
1758	1.9748504449044368
1759	3.8533841022957067
1760	3.8533841022957067
1761	3.8533841022957067
1762	3.8533841022957067
1763	1.7712648648819591
1764	1.7712648648819591
1765	1.7712648648819591
1766	1.7712648648819591
1767	3.8126284734000606
1768	3.8126284734000606
1769	3.8126284734000606
1770	3.8126284734000606
1771	2.7302062790978003
1772	2.7302062790978003
1773	2.7302062790978003
1774	2.7302062790978003
1775	2.073603008317219
1776	2.073603008317219
1777	2.073603008317219
1778	2.073603008317219
1779	3.9867249972773253
1780	3.9867249972773253
1781	3.9867249972773253
1782	3.9867249972773253
1783	3.4877905146390966
1784	3.4877905146390966
1785	3.4877905146390966
1786	3.4877905146390966
1787	3.313745597586701
1788	3.313745597586701
1789	3.313745597586701
1790	3.313745597586701
1791	2.8075656801936715
1792	2.8075656801936715
1793	2.8075656801936715
1794	2.8075656801936715
1795	3.0366247461894855
1796	3.0366247461894855
1797	3.0366247461894855
1798	3.0366247461894855
1799	1.970247049740638
1800	1.970247049740638
1801	1.970247049740638
1802	1.970247049740638
1803	3.342438874365521
1804	4.653503761416654
1805	4.653503761416654
1806	4.653503761416654
1807	4.653503761416654
1808	2.862664157546832
1809	2.862664157546832
1810	2.862664157546832
1811	2.862664157546832
1812	3.389254260298408
1813	3.389254260298408
1814	3.389254260298408
1815	3.389254260298408
1816	3.910395093248317
1817	3.910395093248317
1818	3.910395093248317
1819	3.910395093248317
1820	2.6418944002390683
1821	2.6418944002390683
1822	2.6418944002390683
1823	1.369395136240589
1824	1.7720677696048683
1825	1.7720677696048683
1826	1.7720677696048683
1827	1.7720677696048683
1828	2.581815382128726
1829	2.581815382128726
1830	2.581815382128726
1831	2.581815382128726
1832	1.9884631479465784
1833	1.9884631479465784
1834	1.9884631479465784
1835	1.9884631479465784
1836	2.53975228997899
1837	2.53975228997899
1838	2.53975228997899
1839	2.53975228997899
1840	3.4161935441209694
1841	3.4161935441209694
1842	3.4161935441209694
1843	3.4161935441209694
1844	2.1747390901854544
1845	2.1747390901854544
1846	2.1747390901854544
1847	2.1747390901854544
1848	2.0666518901516393
1849	2.0666518901516393
1850	2.0666518901516393
1851	2.0666518901516393
1852	2.477802163409663
1853	2.477802163409663
1854	2.477802163409663
1855	2.477802163409663
1856	2.341096350635214
1857	2.341096350635214
1858	2.341096350635214
1859	2.341096350635214
1860	3.7206936560854045
1861	3.7206936560854045
1862	3.7206936560854045
1863	3.7206936560854045
1864	3.0308186222291513
1865	3.0308186222291513
1866	3.0308186222291513
1867	3.0308186222291513
1868	3.1321778091571213
1869	3.1321778091571213
1870	3.1321778091571213
1871	3.1321778091571213
1872	3.9712994027553403
1873	3.9712994027553403
1874	3.9712994027553403
1875	3.9712994027553403
1876	4.172409365967529
1877	4.172409365967529
1878	4.172409365967529
1879	4.172409365967529
1880	2.535716647278897
1881	2.535716647278897
1882	2.535716647278897
1883	2.535716647278897
1884	4.039965495811736
1885	4.039965495811736
1886	4.039965495811736
1887	4.039965495811736
1888	2.183181644278278
1889	2.183181644278278
1890	2.183181644278278
1891	2.183181644278278
1892	4.048587720283846
1893	4.048587720283846
1894	4.048587720283846
1895	4.048587720283846
1896	2.038840677926527
1897	2.038840677926527
1898	2.038840677926527
1899	2.038840677926527
1900	3.040503045938401
1901	5.495159184707383
1902	5.495159184707383
1903	5.495159184707383
1904	5.495159184707383
1905	3.2671885815301183
1906	3.2671885815301183
1907	3.2671885815301183
1908	3.2671885815301183
1909	3.127169310062624
1910	3.127169310062624
1911	3.127169310062624
1912	3.127169310062624
1913	5.561084022807279
1914	5.561084022807279
1915	5.561084022807279
1916	5.561084022807279
1917	3.62641713677346
1918	3.62641713677346
1919	3.62641713677346
1920	3.62641713677346
1921	6.496550706114554
1922	6.496550706114554
1923	6.496550706114554
1924	6.496550706114554
1925	5.700664865873167
1926	5.700664865873167
1927	5.700664865873167
1928	5.700664865873167
1929	5.1240857961633965
1930	5.1240857961633965
1931	5.1240857961633965
1932	5.1240857961633965
1933	1.8720394884224638
1934	1.8720394884224638
1935	1.8720394884224638
1936	1.8720394884224638
1937	3.303016157575995
1938	3.303016157575995
1939	3.303016157575995
1940	3.303016157575995
1941	4.315499612465866
1942	4.315499612465866
1943	4.315499612465866
1944	4.315499612465866
1945	3.1790439008919096
1946	3.1790439008919096
1947	3.1790439008919096
1948	3.1790439008919096
1949	4.883352824912854
1950	4.883352824912854
1951	4.883352824912854
1952	4.883352824912854
1953	4.188480024716306
1954	4.188480024716306
1955	4.188480024716306
1956	4.188480024716306
1957	3.763521853119737
1958	3.763521853119737
1959	3.763521853119737
1960	3.763521853119737
1961	4.037643310114846
1962	4.037643310114846
1963	4.037643310114846
1964	4.037643310114846
1965	4.638342122161751
1966	4.638342122161751
1967	4.638342122161751
1968	4.638342122161751
1969	5.175966228415443
1970	5.175966228415443
1971	5.175966228415443
1972	5.175966228415443
1973	2.421998163991077
1974	2.421998163991077
1975	2.421998163991077
1976	2.421998163991077
1977	5.333136860658854
1978	5.333136860658854
1979	5.333136860658854
1980	5.333136860658854
1981	3.907721228659775
1982	3.907721228659775
1983	3.907721228659775
1984	3.907721228659775
1985	4.110997431386363
1986	4.110997431386363
1987	4.110997431386363
1988	4.110997431386363
1989	3.6761369714325967
1990	3.6761369714325967
1991	3.6761369714325967
1992	3.6761369714325967
1993	4.579439668357988
1994	4.579439668357988
1995	4.579439668357988
1996	4.579439668357988
1997	4.8375511906666695
1998	4.8375511906666695
1999	4.8375511906666695
