0	0.6036696873324365
1	0.6036696873324365
2	0.6036696873324365
3	0.6579005538528554
4	0.6579005538528554
5	0.6579005538528554
6	0.49542433155604104
7	0.49542433155604104
8	0.49542433155604104
9	0.7083940901672825
10	0.7083940901672825
11	0.7083940901672825
12	0.655219796238195
13	0.655219796238195
14	0.655219796238195
15	0.6157754958052997
16	0.6157754958052997
17	0.6157754958052997
18	0.5511806910473865
19	0.5511806910473865
20	0.5511806910473865
21	0.6595752310738269
22	0.6595752310738269
23	0.6595752310738269
24	0.6040608882971467
25	0.6040608882971467
26	0.6040608882971467
27	0.7079277324270707
28	0.7079277324270707
29	0.7079277324270707
30	0.6114171287298195
31	0.6114171287298195
32	1.9689261677850778
33	1.9689261677850778
34	1.9689261677850778
35	1.9924921594260645
36	1.9924921594260645
37	1.9924921594260645
38	1.9915688184648108
39	1.9915688184648108
40	1.9915688184648108
41	1.8473210021843662
42	1.8473210021843662
43	1.8473210021843662
44	1.717588658631977
45	1.717588658631977
46	1.717588658631977
47	2.0366562626302858
48	2.0366562626302858
49	2.0366562626302858
50	1.8858929000362599
51	1.8858929000362599
52	1.8858929000362599
53	2.150304582843485
54	2.150304582843485
55	2.150304582843485
56	1.9473156378679461
57	1.9473156378679461
58	1.9473156378679461
59	1.6131675072161133
60	1.6131675072161133
61	1.6131675072161133
62	1.8845971701388862
63	1.8845971701388862
64	1.8845971701388862
65	1.9500869374194063
66	1.9500869374194063
67	1.9500869374194063
68	1.8728134423694458
69	1.8728134423694458
70	1.8728134423694458
71	1.9585380300927833
72	1.9585380300927833
73	1.9585380300927833
74	2.0618780078714725
75	2.0618780078714725
76	2.0618780078714725
77	1.9929901810068509
78	1.9929901810068509
79	1.9929901810068509
80	1.8248674595927008
81	1.8248674595927008
82	1.8248674595927008
83	2.0965883787411483
84	2.0965883787411483
85	2.0965883787411483
86	1.9551878748659013
87	1.9551878748659013
88	1.9551878748659013
89	2.051304985185979
90	2.051304985185979
91	2.051304985185979
92	2.027773518174407
93	2.027773518174407
94	2.027773518174407
95	1.732358206402648
96	1.732358206402648
97	1.732358206402648
98	2.2082211048808813
99	2.2082211048808813
100	2.2082211048808813
101	1.9067400555974612
102	1.9067400555974612
103	1.9067400555974612
104	1.7856867331683268
105	1.7856867331683268
106	1.7856867331683268
107	2.0547701305970265
108	2.0547701305970265
109	2.0547701305970265
110	1.9993644152768315
111	1.9993644152768315
112	1.9993644152768315
113	2.0140312301846897
114	2.0140312301846897
115	2.0140312301846897
116	1.8847998263550902
117	1.8847998263550902
118	1.8847998263550902
119	2.0868374925943582
120	2.0868374925943582
121	2.0868374925943582
122	1.9618431565076047
123	1.9618431565076047
124	1.9618431565076047
125	2.2624929125673745
126	2.2624929125673745
127	2.2624929125673745
128	1.675152511658962
129	1.675152511658962
130	1.675152511658962
131	2.0760659946078452
132	2.0760659946078452
133	2.0760659946078452
134	2.135667820401658
135	2.135667820401658
136	2.135667820401658
137	2.0793033917399284
138	2.0793033917399284
139	2.0793033917399284
140	2.1737021553516755
141	2.1737021553516755
142	2.1737021553516755
143	2.027658691965099
144	2.027658691965099
145	2.027658691965099
146	1.8242935948829244
147	1.8242935948829244
148	1.8242935948829244
149	2.1578725245706614
150	2.1578725245706614
151	2.1578725245706614
152	2.2726543598182465
153	2.2726543598182465
154	2.2726543598182465
155	2.078898277202257
156	2.078898277202257
157	2.078898277202257
158	2.1839224299716915
159	2.1839224299716915
160	2.1839224299716915
161	1.9228300506572973
162	1.9228300506572973
163	1.9228300506572973
164	2.1901202671028726
165	2.1901202671028726
166	2.1901202671028726
167	1.7270738654168272
168	1.7270738654168272
169	1.7270738654168272
170	2.115132925474792
171	2.115132925474792
172	2.115132925474792
173	2.2971303710957507
174	2.2971303710957507
175	2.2971303710957507
176	1.7594339471168294
177	1.7594339471168294
178	1.7594339471168294
179	2.0291834430847286
180	2.0291834430847286
181	2.0291834430847286
182	1.9184556225840774
183	1.9184556225840774
184	1.9184556225840774
185	1.7996306033112621
186	1.7996306033112621
187	1.7996306033112621
188	1.9108491938201033
189	1.9108491938201033
190	1.9108491938201033
191	1.7828891914082423
192	1.7828891914082423
193	1.7828891914082423
194	2.3226299835057342
195	2.3226299835057342
196	2.3226299835057342
197	2.056188921814259
198	2.056188921814259
199	2.056188921814259
200	1.9962878801396355
201	1.9962878801396355
202	1.9962878801396355
203	2.14397310299379
204	2.14397310299379
205	2.14397310299379
206	2.2720660048157693
207	2.2720660048157693
208	2.2720660048157693
209	2.065624801330036
210	2.065624801330036
211	2.065624801330036
212	2.131619342831728
213	2.131619342831728
214	2.131619342831728
215	2.290959655565379
216	2.290959655565379
217	2.290959655565379
218	2.249477115993494
219	2.249477115993494
220	2.249477115993494
221	1.879780343896025
222	1.879780343896025
223	1.879780343896025
224	1.8997712181662134
225	1.8997712181662134
226	1.8997712181662134
227	1.886128459598175
228	1.886128459598175
229	1.886128459598175
230	2.075470728710175
231	2.075470728710175
232	2.075470728710175
233	2.1969141145487003
234	2.1969141145487003
235	2.1969141145487003
236	1.9158741820765006
237	1.9158741820765006
238	1.9158741820765006
239	2.0870976150425986
240	2.0870976150425986
241	2.0870976150425986
242	2.156613787087297
243	2.156613787087297
244	2.156613787087297
245	2.2707104736917527
246	2.2707104736917527
247	2.2707104736917527
248	1.9290331100067257
249	1.9290331100067257
250	1.9290331100067257
251	2.11992200021142
252	2.11992200021142
253	2.11992200021142
254	2.2168012836497257
255	2.2168012836497257
256	2.2168012836497257
257	2.086063090663542
258	2.086063090663542
259	2.086063090663542
260	1.8929515467907132
261	1.8929515467907132
262	1.8929515467907132
263	1.6232178636414216
264	1.6232178636414216
265	1.6232178636414216
266	1.8435538440693748
267	1.8435538440693748
268	1.8435538440693748
269	2.098577165469976
270	2.098577165469976
271	2.098577165469976
272	2.135693208079507
273	2.135693208079507
274	2.135693208079507
275	2.0276942172940404
276	2.0276942172940404
277	2.0276942172940404
278	1.7654225678782094
279	1.7654225678782094
280	1.7654225678782094
281	2.0926751794254352
282	2.0926751794254352
283	2.0926751794254352
284	2.2135903995223574
285	2.2135903995223574
286	2.2135903995223574
287	1.971612464652609
288	1.971612464652609
289	1.971612464652609
290	2.1009714497519116
291	2.1009714497519116
292	2.1009714497519116
293	1.7520768097369324
294	1.7520768097369324
295	1.7520768097369324
296	2.054450804744222
297	2.054450804744222
298	2.054450804744222
299	1.8673924283080325
300	1.8673924283080325
301	1.8673924283080325
302	1.9401718375955161
303	1.9401718375955161
304	1.9401718375955161
305	1.6823322976629809
306	1.6823322976629809
307	1.6823322976629809
308	2.1846439541985907
309	2.1846439541985907
310	2.1846439541985907
311	2.0813744438119053
312	2.0813744438119053
313	2.0813744438119053
314	2.045349893321183
315	2.045349893321183
316	2.045349893321183
317	2.0677993144241573
318	2.0677993144241573
319	2.0677993144241573
320	2.1961290081857188
321	2.1961290081857188
322	2.1961290081857188
323	1.91398667601871
324	1.91398667601871
325	1.91398667601871
326	1.9722394887521681
327	1.9722394887521681
328	1.9722394887521681
329	2.004431091216736
330	2.004431091216736
331	2.004431091216736
332	1.9044631428096401
333	1.9044631428096401
334	1.9044631428096401
335	1.959110202913003
336	1.959110202913003
337	1.959110202913003
338	1.9006874688720155
339	1.9006874688720155
340	1.9006874688720155
341	1.7810116428994445
342	1.7810116428994445
343	1.7810116428994445
344	2.0049302908932534
345	2.0049302908932534
346	2.0049302908932534
347	2.0804392372170364
348	2.0804392372170364
349	2.0804392372170364
350	2.1021936898206026
351	2.1021936898206026
352	2.1021936898206026
353	2.323492756821378
354	2.323492756821378
355	2.323492756821378
356	2.324015320301637
357	2.324015320301637
358	2.324015320301637
359	1.9496412159885392
360	1.9496412159885392
361	1.9496412159885392
362	1.8088367926032338
363	1.8088367926032338
364	1.8088367926032338
365	1.8799982902137748
366	1.8799982902137748
367	1.8799982902137748
368	1.9764009250946923
369	1.9764009250946923
370	1.9764009250946923
371	1.8670324934800693
372	1.8670324934800693
373	1.8670324934800693
374	2.0870961970936612
375	2.0870961970936612
376	2.0870961970936612
377	2.158723666705681
378	2.158723666705681
379	2.158723666705681
380	2.1836530082635095
381	2.1836530082635095
382	2.1836530082635095
383	1.8261352400985076
384	1.8261352400985076
385	1.8261352400985076
386	2.181959913151461
387	2.181959913151461
388	2.181959913151461
389	2.053407342668474
390	2.053407342668474
391	2.053407342668474
392	2.153068915415843
393	2.153068915415843
394	2.153068915415843
395	2.461521646164717
396	2.461521646164717
397	2.461521646164717
398	2.1549457121127182
399	2.1549457121127182
400	2.1549457121127182
401	1.840084973990443
402	1.840084973990443
403	1.840084973990443
404	1.8288664823141954
405	1.8288664823141954
406	1.8288664823141954
407	2.019226939916945
408	2.019226939916945
409	2.019226939916945
410	2.1802231658353204
411	2.1802231658353204
412	2.1802231658353204
413	2.4834846309412333
414	2.4834846309412333
415	2.4834846309412333
416	2.357037405496979
417	2.357037405496979
418	2.357037405496979
419	2.4094263920442733
420	2.4094263920442733
421	2.4094263920442733
422	2.54154030123385
423	2.54154030123385
424	2.54154030123385
425	2.307957071093184
426	2.307957071093184
427	2.307957071093184
428	2.682750707025501
429	2.682750707025501
430	2.682750707025501
431	2.689015626778869
432	2.689015626778869
433	2.689015626778869
434	2.2676021300353058
435	2.2676021300353058
436	2.2676021300353058
437	2.582691802881571
438	2.582691802881571
439	2.582691802881571
440	2.310668049144432
441	2.310668049144432
442	2.310668049144432
443	2.2682043723105085
444	2.2682043723105085
445	2.2682043723105085
446	2.367672478728341
447	2.367672478728341
448	2.367672478728341
449	2.37462406792364
450	2.37462406792364
451	2.37462406792364
452	2.4906826240434534
453	2.4906826240434534
454	2.4906826240434534
455	2.7744013174639353
456	2.7744013174639353
457	2.7744013174639353
458	1.95217483755669
459	1.95217483755669
460	1.95217483755669
461	2.5651055849930984
462	2.5651055849930984
463	2.5651055849930984
464	2.273333867624446
465	2.273333867624446
466	2.273333867624446
467	2.0442034938418088
468	2.0442034938418088
469	2.0442034938418088
470	2.522396831008274
471	2.522396831008274
472	2.522396831008274
473	2.2384487969026923
474	2.2384487969026923
475	2.2384487969026923
476	2.482343691411979
477	2.482343691411979
478	2.482343691411979
479	2.4324884115892083
480	2.4324884115892083
481	2.4324884115892083
482	2.3293223018591434
483	2.3293223018591434
484	2.3293223018591434
485	2.58630798687978
486	2.58630798687978
487	2.58630798687978
488	2.4165053121598468
489	2.4165053121598468
490	2.4165053121598468
491	2.4812966652810116
492	2.4812966652810116
493	2.4812966652810116
494	2.6095307412263606
495	2.6095307412263606
496	2.6095307412263606
497	2.2093197925356503
498	2.2093197925356503
499	2.2093197925356503
500	2.908768443768338
501	2.908768443768338
502	2.908768443768338
503	2.457015457554535
504	2.457015457554535
505	2.457015457554535
506	2.444559665134017
507	2.444559665134017
508	2.444559665134017
509	2.455108597777945
510	2.455108597777945
511	2.455108597777945
512	2.426622633553145
513	2.426622633553145
514	2.426622633553145
515	2.2350388511047026
516	2.2350388511047026
517	2.2350388511047026
518	2.551840811892473
519	2.551840811892473
520	2.551840811892473
521	2.5207983900662057
522	2.5207983900662057
523	2.5207983900662057
524	2.60533053228601
525	2.60533053228601
526	2.60533053228601
527	2.5380598602766953
528	2.5380598602766953
529	2.5380598602766953
530	2.3202280963529747
531	2.3202280963529747
532	2.3202280963529747
533	2.4221700775553194
534	2.4221700775553194
535	2.4221700775553194
536	2.5149816241023517
537	2.5149816241023517
538	2.5149816241023517
539	2.4924519969310657
540	2.4924519969310657
541	2.4924519969310657
542	2.6956007533365276
543	2.6956007533365276
544	2.6956007533365276
545	2.267837893123985
546	2.267837893123985
547	2.267837893123985
548	2.716330127775993
549	2.716330127775993
550	2.716330127775993
551	2.5510032808577026
552	2.5510032808577026
553	2.5510032808577026
554	2.537969638595058
555	2.537969638595058
556	2.537969638595058
557	2.381234496288908
558	2.381234496288908
559	2.381234496288908
560	2.5598439617259285
561	2.5598439617259285
562	2.5598439617259285
563	2.4757810241423597
564	2.4757810241423597
565	2.4757810241423597
566	2.268228393246439
567	2.268228393246439
568	2.268228393246439
569	2.531894712041373
570	2.531894712041373
571	2.531894712041373
572	2.343143262763128
573	2.343143262763128
574	2.343143262763128
575	2.2911191121649157
576	2.2911191121649157
577	2.2911191121649157
578	2.354545509729186
579	2.354545509729186
580	2.354545509729186
581	2.5529698680187347
582	2.5529698680187347
583	2.5529698680187347
584	2.649940259499216
585	2.649940259499216
586	2.649940259499216
587	2.3780841163350126
588	2.3780841163350126
589	2.3780841163350126
590	2.4133698313359275
591	2.4133698313359275
592	2.4133698313359275
593	2.644899316308008
594	2.644899316308008
595	2.644899316308008
596	2.227390226071169
597	2.227390226071169
598	2.227390226071169
599	2.546155511546662
600	2.546155511546662
601	2.546155511546662
602	2.496560040156498
603	2.496560040156498
604	2.496560040156498
605	3.0610345300477695
606	3.0610345300477695
607	3.0610345300477695
608	2.442975084544453
609	2.442975084544453
610	2.442975084544453
611	2.362090108084026
612	2.362090108084026
613	2.362090108084026
614	2.532690878922561
615	2.532690878922561
616	2.532690878922561
617	2.6996386711604887
618	2.6996386711604887
619	2.6996386711604887
620	2.482289414198898
621	2.482289414198898
622	2.482289414198898
623	2.414265484563917
624	2.414265484563917
625	2.414265484563917
626	2.5734355750628963
627	2.5734355750628963
628	2.5734355750628963
629	2.352278873377382
630	2.352278873377382
631	2.352278873377382
632	2.8115852647813573
633	2.8115852647813573
634	2.8115852647813573
635	2.5771225098990116
636	2.5771225098990116
637	2.5771225098990116
638	2.281054437593985
639	2.281054437593985
640	2.281054437593985
641	1.9776415343923837
642	1.9776415343923837
643	1.9776415343923837
644	2.436965628152837
645	2.436965628152837
646	2.436965628152837
647	2.4274036097295775
648	2.4274036097295775
649	2.4274036097295775
650	2.253664406945399
651	2.253664406945399
652	2.253664406945399
653	2.8946141835569437
654	2.8946141835569437
655	2.8946141835569437
656	2.775893351130986
657	2.775893351130986
658	2.775893351130986
659	2.280268530053628
660	2.280268530053628
661	2.280268530053628
662	2.4391727582803195
663	2.4391727582803195
664	2.4391727582803195
665	2.258743568217963
666	2.258743568217963
667	2.258743568217963
668	2.2767796955250983
669	2.2767796955250983
670	2.2767796955250983
671	2.428060843122899
672	2.428060843122899
673	2.428060843122899
674	2.468960395893096
675	2.468960395893096
676	2.468960395893096
677	2.5559880545841933
678	2.5559880545841933
679	2.5559880545841933
680	2.3197195513127618
681	2.3197195513127618
682	2.3197195513127618
683	2.4042429444220965
684	2.4042429444220965
685	2.4042429444220965
686	2.497580905386839
687	2.497580905386839
688	2.497580905386839
689	2.300548347914931
690	2.300548347914931
691	2.300548347914931
692	2.4621827228718542
693	2.4621827228718542
694	2.4621827228718542
695	2.3545990567966544
696	2.3545990567966544
697	2.3545990567966544
698	2.3232046116413976
699	2.3232046116413976
700	2.3232046116413976
701	2.619437468480651
702	2.619437468480651
703	2.619437468480651
704	2.33389918792379
705	2.33389918792379
706	2.33389918792379
707	2.595502552779757
708	2.595502552779757
709	2.595502552779757
710	2.140558289686302
711	2.140558289686302
712	2.140558289686302
713	2.5379386113489306
714	2.5379386113489306
715	2.5379386113489306
716	2.4367282551609857
717	2.4367282551609857
718	2.4367282551609857
719	2.376378160615032
720	2.376378160615032
721	2.376378160615032
722	2.397701522403609
723	2.397701522403609
724	2.397701522403609
725	2.8634889564970587
726	2.8634889564970587
727	2.8634889564970587
728	2.474989768235992
729	2.474989768235992
730	2.474989768235992
731	2.2521005208429865
732	2.2521005208429865
733	2.2521005208429865
734	2.608265449839219
735	2.608265449839219
736	2.608265449839219
737	2.2929183482662783
738	2.2929183482662783
739	2.2929183482662783
740	2.589689284964298
741	2.589689284964298
742	2.589689284964298
743	2.433473868792965
744	2.433473868792965
745	2.433473868792965
746	2.0388040397628147
747	2.0388040397628147
748	2.0388040397628147
749	2.7155117383150404
750	2.7155117383150404
751	2.7155117383150404
752	2.3991060233540766
753	2.3991060233540766
754	2.3991060233540766
755	2.610292571204211
756	2.610292571204211
757	2.610292571204211
758	2.2848554405560586
759	2.2848554405560586
760	2.2848554405560586
761	2.7030863264480005
762	2.7030863264480005
763	2.7030863264480005
764	2.3768856243633274
765	2.3768856243633274
766	2.3768856243633274
767	2.2555185757313585
768	2.2555185757313585
769	2.2555185757313585
770	2.190981571468262
771	2.190981571468262
772	2.190981571468262
773	2.2183931985502596
774	2.2183931985502596
775	2.2183931985502596
776	2.279222985420697
777	2.279222985420697
778	2.279222985420697
779	2.1190101409492454
780	2.1190101409492454
781	2.1190101409492454
782	2.3227838377485237
783	2.3227838377485237
784	2.3227838377485237
785	2.4509495151848797
786	2.4509495151848797
787	2.4509495151848797
788	2.9110496976770106
789	2.9110496976770106
790	0.9238309597820991
791	0.9238309597820991
792	0.9238309597820991
793	1.1164625495664877
794	1.1164625495664877
795	1.1164625495664877
796	1.2188633717684816
797	1.2188633717684816
798	1.2188633717684816
799	1.1022441426816068
800	1.1022441426816068
801	1.1022441426816068
802	1.117206320818556
803	1.117206320818556
804	1.117206320818556
805	1.1369700629015946
806	1.1369700629015946
807	1.1369700629015946
808	1.2388542472711679
809	1.2388542472711679
810	1.2388542472711679
811	1.028358196425832
812	1.028358196425832
813	1.028358196425832
814	1.1665362515924869
815	1.1665362515924869
816	1.1665362515924869
817	1.0311580039656791
818	1.0311580039656791
819	1.0311580039656791
820	1.1415945224976842
821	1.1415945224976842
822	1.1415945224976842
823	1.001615556721537
824	1.001615556721537
825	1.001615556721537
826	1.0463312326566097
827	1.0463312326566097
828	1.0463312326566097
829	1.0948655912326744
830	1.0948655912326744
831	1.0948655912326744
832	1.1017464487341508
833	1.1017464487341508
834	1.1017464487341508
835	1.0701972162772202
836	1.0701972162772202
837	1.0701972162772202
838	1.1872546384794767
839	1.1872546384794767
840	1.1872546384794767
841	1.0205500821958902
842	1.0205500821958902
843	1.0205500821958902
844	1.151683600513947
845	1.151683600513947
846	1.151683600513947
847	1.0981216097467459
848	1.0981216097467459
849	1.0981216097467459
850	0.9232243115889314
851	0.9232243115889314
852	0.9232243115889314
853	1.1825446286038812
854	1.1825446286038812
855	1.1825446286038812
856	1.1091751849179892
857	1.1091751849179892
858	1.1091751849179892
859	1.0868748813928932
860	1.0868748813928932
861	1.0868748813928932
862	1.0378345133737157
863	1.0378345133737157
864	1.0378345133737157
865	1.0036865580051393
866	1.0036865580051393
867	1.0036865580051393
868	1.1313744776394432
869	1.1313744776394432
870	1.1313744776394432
871	1.3127265731343818
872	1.3127265731343818
873	1.3127265731343818
874	1.3080864468404831
875	1.3080864468404831
876	1.3080864468404831
877	1.2325549963286968
878	1.2325549963286968
879	1.2325549963286968
880	1.1918245986191744
881	1.1918245986191744
882	1.1918245986191744
883	0.9987248090270294
884	0.9987248090270294
885	0.9987248090270294
886	1.1031634789185896
887	1.1031634789185896
888	1.1031634789185896
889	1.2801991483064126
890	1.2801991483064126
891	1.2801991483064126
892	1.1025902912759895
893	1.1025902912759895
894	1.1025902912759895
895	0.9625419522438
896	0.9625419522438
897	0.9625419522438
898	1.1043177900038261
899	1.1043177900038261
900	1.1043177900038261
901	1.3720224266372645
902	1.3720224266372645
903	1.3720224266372645
904	1.0585895680825677
905	1.0585895680825677
906	1.0585895680825677
907	1.2769997130351403
908	1.2769997130351403
909	1.2769997130351403
910	1.0802054273740145
911	1.0802054273740145
912	1.0802054273740145
913	1.1045633790957265
914	1.1045633790957265
915	1.1045633790957265
916	1.2986720053219283
917	1.2986720053219283
918	1.2986720053219283
919	1.2790015792654867
920	1.2790015792654867
921	1.2790015792654867
922	1.1214156545300393
923	1.1214156545300393
924	1.1214156545300393
925	1.1725012111237245
926	1.1725012111237245
927	1.1725012111237245
928	1.0520018260929351
929	1.0520018260929351
930	1.0520018260929351
931	1.1111410600932545
932	1.1111410600932545
933	1.1111410600932545
934	1.2325314251278296
935	1.2325314251278296
936	1.2325314251278296
937	1.1997684793884733
938	1.1997684793884733
939	1.1997684793884733
940	1.1345277582544069
941	2.25208084289977
942	2.25208084289977
943	2.25208084289977
944	2.077111396725296
945	2.077111396725296
946	2.077111396725296
947	2.3922075312673465
948	2.3922075312673465
949	2.3922075312673465
950	2.561238812151309
951	2.561238812151309
952	2.561238812151309
953	2.662536837095254
954	2.662536837095254
955	2.662536837095254
956	2.54439566322149
957	2.54439566322149
958	2.54439566322149
959	2.470459689460173
960	2.470459689460173
961	2.470459689460173
962	2.6611356430918307
963	2.6611356430918307
964	2.082525170834694
965	2.082525170834694
966	2.082525170834694
967	1.990769493248499
968	1.990769493248499
969	1.990769493248499
970	1.8218273132180223
971	1.8218273132180223
972	1.8218273132180223
973	2.0847303450607604
974	2.0847303450607604
975	2.0847303450607604
976	2.102609691254722
977	2.102609691254722
978	2.102609691254722
979	2.045949365506864
980	2.045949365506864
981	2.045949365506864
982	2.2651828397038445
983	2.2651828397038445
984	2.2651828397038445
985	1.9278328548654482
986	1.9278328548654482
987	1.9278328548654482
988	1.9953931842224175
989	1.9953931842224175
990	1.9953931842224175
991	1.8386428373791437
992	1.8386428373791437
993	1.8386428373791437
994	1.976019031898476
995	1.976019031898476
996	1.976019031898476
997	1.8709734331476107
998	1.8709734331476107
999	1.8709734331476107
1000	2.004832500518074
1001	2.004832500518074
1002	2.004832500518074
1003	1.701367092267802
1004	1.701367092267802
1005	1.701367092267802
1006	2.1633363618695345
1007	2.1633363618695345
1008	2.1633363618695345
1009	1.9818380002843445
1010	1.9818380002843445
1011	1.9818380002843445
1012	2.0525006495720293
1013	2.0525006495720293
1014	2.0525006495720293
1015	2.1754897570721723
1016	2.1754897570721723
1017	2.1754897570721723
1018	1.9926134743575885
1019	1.9926134743575885
1020	1.9926134743575885
1021	2.037951705801066
1022	2.037951705801066
1023	2.037951705801066
1024	2.154088929866585
1025	2.154088929866585
1026	2.154088929866585
1027	2.000267277145441
1028	2.000267277145441
1029	2.000267277145441
1030	2.202444340994165
1031	2.202444340994165
1032	2.202444340994165
1033	2.083008617537204
1034	2.083008617537204
1035	2.083008617537204
1036	1.9163259994087924
1037	1.9163259994087924
1038	1.9163259994087924
1039	2.32083431620684
1040	2.32083431620684
1041	2.32083431620684
1042	2.181354472231725
1043	2.181354472231725
1044	2.181354472231725
1045	2.027699809710683
1046	2.027699809710683
1047	2.027699809710683
1048	1.977403421974218
1049	1.977403421974218
1050	1.977403421974218
1051	1.796497107227162
1052	1.796497107227162
1053	1.796497107227162
1054	2.0836970757531685
1055	2.0836970757531685
1056	2.0836970757531685
1057	1.8299588741859378
1058	1.8299588741859378
1059	1.8299588741859378
1060	2.0057683707537066
1061	2.0057683707537066
1062	2.0057683707537066
1063	2.0987004499835824
1064	2.0987004499835824
1065	2.0987004499835824
1066	1.9219836509039092
1067	1.9219836509039092
1068	1.9219836509039092
1069	1.790360119133396
1070	1.790360119133396
1071	1.790360119133396
1072	1.951116946697176
1073	1.951116946697176
1074	1.951116946697176
1075	2.108628019118841
1076	2.108628019118841
1077	2.108628019118841
1078	2.0403108422555505
1079	2.0403108422555505
1080	2.0403108422555505
1081	1.9907011916266821
1082	1.9907011916266821
1083	1.9907011916266821
1084	1.7605766100726548
1085	1.7605766100726548
1086	1.7605766100726548
1087	2.2911447250993047
1088	2.2911447250993047
1089	2.2911447250993047
1090	2.0356110375601832
1091	2.0356110375601832
1092	2.0356110375601832
1093	2.006727613866792
1094	2.006727613866792
1095	2.006727613866792
1096	2.0080323916748055
1097	2.0080323916748055
1098	2.0080323916748055
1099	1.870525193003917
1100	1.870525193003917
1101	1.870525193003917
1102	2.0292723416997345
1103	2.0292723416997345
1104	2.0292723416997345
1105	1.7359848220625316
1106	1.7359848220625316
1107	1.7359848220625316
1108	1.9983876995766863
1109	1.9983876995766863
1110	1.9983876995766863
1111	1.8820843610021316
1112	1.8820843610021316
1113	1.8820843610021316
1114	2.025134968606827
1115	2.025134968606827
1116	2.025134968606827
1117	2.071941046787346
1118	2.071941046787346
1119	2.071941046787346
1120	2.0204695723315336
1121	2.0204695723315336
1122	2.0204695723315336
1123	2.2771384207416285
1124	2.2771384207416285
1125	2.2771384207416285
1126	2.219675520068587
1127	2.219675520068587
1128	2.219675520068587
1129	2.1650497156170796
1130	2.1650497156170796
1131	2.1650497156170796
1132	1.9414541756019226
1133	1.9414541756019226
1134	1.9414541756019226
1135	2.231000338582263
1136	2.231000338582263
1137	2.231000338582263
1138	1.7131182124512083
1139	1.7131182124512083
1140	1.7131182124512083
1141	2.066981635329362
1142	2.066981635329362
1143	2.066981635329362
1144	1.9752297688674938
1145	1.9752297688674938
1146	1.9752297688674938
1147	2.092022136252371
1148	2.092022136252371
1149	2.092022136252371
1150	2.104550003601621
1151	2.104550003601621
1152	2.104550003601621
1153	2.151403363975721
1154	2.151403363975721
1155	2.151403363975721
1156	2.1803316108660287
1157	2.1803316108660287
1158	2.1803316108660287
1159	2.016918720731009
1160	2.016918720731009
1161	2.016918720731009
1162	1.99870046096135
1163	1.99870046096135
1164	1.99870046096135
1165	1.971101910497547
1166	1.971101910497547
1167	1.971101910497547
1168	2.145583604995338
1169	2.145583604995338
1170	2.145583604995338
1171	2.2379997502946587
1172	2.2379997502946587
1173	2.2379997502946587
1174	2.1667239798486677
1175	2.1667239798486677
1176	2.1667239798486677
1177	2.058881453020088
1178	2.058881453020088
1179	2.058881453020088
1180	2.188025696661224
1181	2.188025696661224
1182	2.188025696661224
1183	2.350451561237836
1184	2.350451561237836
1185	2.350451561237836
1186	1.665300121028092
1187	1.665300121028092
1188	1.665300121028092
1189	2.1361068614326664
1190	2.1361068614326664
1191	2.1361068614326664
1192	2.1923887882794943
1193	2.1923887882794943
1194	2.1923887882794943
1195	1.8735638675878565
1196	1.8735638675878565
1197	1.8735638675878565
1198	1.95219530355942
1199	1.95219530355942
1200	1.95219530355942
1201	1.9351206821709577
1202	1.9351206821709577
1203	1.9351206821709577
1204	2.006250602804136
1205	2.006250602804136
1206	2.006250602804136
1207	2.0838470114850436
1208	2.0838470114850436
1209	2.0838470114850436
1210	2.1057736461566363
1211	2.4338352265444727
1212	2.4338352265444727
1213	2.4338352265444727
1214	2.6008157138737733
1215	2.6008157138737733
1216	2.6008157138737733
1217	2.6370034610948903
1218	2.6370034610948903
1219	2.6370034610948903
1220	2.62944347836096
1221	2.62944347836096
1222	2.62944347836096
1223	2.2343048239345698
1224	2.2343048239345698
1225	2.2343048239345698
1226	2.3140639023701093
1227	2.3140639023701093
1228	2.3140639023701093
1229	2.408796033392971
1230	2.408796033392971
1231	2.408796033392971
1232	2.7351735532495054
1233	2.7351735532495054
1234	2.7351735532495054
1235	2.835418220350766
1236	2.835418220350766
1237	2.835418220350766
1238	2.33758347417879
1239	2.33758347417879
1240	2.33758347417879
1241	2.494361638006952
1242	2.494361638006952
1243	2.494361638006952
1244	2.2644003174750007
1245	2.2644003174750007
1246	2.2644003174750007
1247	2.4617463020206767
1248	2.4617463020206767
1249	2.4617463020206767
1250	2.3058893461354724
1251	2.3058893461354724
1252	2.3058893461354724
1253	2.3239957746887763
1254	2.3239957746887763
1255	2.3239957746887763
1256	2.2881455616194923
1257	2.2881455616194923
1258	2.2881455616194923
1259	2.2736478514484904
1260	2.2736478514484904
1261	2.2736478514484904
1262	2.4283261668205856
1263	2.4283261668205856
1264	2.4283261668205856
1265	2.1303541758465627
1266	2.1303541758465627
1267	2.1303541758465627
1268	2.487616588553664
1269	2.487616588553664
1270	2.487616588553664
1271	2.3187043892345867
1272	2.3187043892345867
1273	2.3187043892345867
1274	2.3017857749339687
1275	2.3017857749339687
1276	2.3017857749339687
1277	2.3651044827822036
1278	2.3651044827822036
1279	2.3651044827822036
1280	2.524703058284302
1281	2.524703058284302
1282	2.524703058284302
1283	2.5726650234045514
1284	2.5726650234045514
1285	2.5726650234045514
1286	2.5590923381686226
1287	2.5590923381686226
1288	2.5590923381686226
1289	2.2055316882305633
1290	2.2055316882305633
1291	2.2055316882305633
1292	2.4827756547559097
1293	2.4827756547559097
1294	2.4827756547559097
1295	2.4682509286322523
1296	2.4682509286322523
1297	2.4682509286322523
1298	2.4807000630315126
1299	2.4807000630315126
1300	2.4807000630315126
1301	2.633278165431694
1302	2.633278165431694
1303	2.633278165431694
1304	2.7969653573892006
1305	2.7969653573892006
1306	2.7969653573892006
1307	2.6428371150527266
1308	2.6428371150527266
1309	2.6428371150527266
1310	2.4666688159599053
1311	2.4666688159599053
1312	2.4666688159599053
1313	2.303163877418486
1314	2.303163877418486
1315	2.303163877418486
1316	2.407902812697147
1317	2.407902812697147
1318	2.407902812697147
1319	2.240791195728166
1320	2.240791195728166
1321	2.240791195728166
1322	2.6777812757034183
1323	2.6777812757034183
1324	2.6777812757034183
1325	2.337818182588505
1326	2.337818182588505
1327	2.337818182588505
1328	2.4821389180255853
1329	2.4821389180255853
1330	2.4821389180255853
1331	2.847192272423656
1332	2.847192272423656
1333	2.847192272423656
1334	2.490245014343298
1335	2.490245014343298
1336	2.490245014343298
1337	2.498632114064086
1338	2.498632114064086
1339	2.498632114064086
1340	2.594866844111873
1341	2.594866844111873
1342	2.594866844111873
1343	2.4890555110431665
1344	2.4890555110431665
1345	2.4890555110431665
1346	2.704551465745932
1347	2.704551465745932
1348	2.704551465745932
1349	2.677304868228882
1350	2.677304868228882
1351	2.677304868228882
1352	2.785351355342061
1353	2.785351355342061
1354	2.785351355342061
1355	2.460308035264226
1356	2.460308035264226
1357	2.460308035264226
1358	2.6107235967512494
1359	2.6107235967512494
1360	2.6107235967512494
1361	2.6047186704442176
1362	2.6047186704442176
1363	2.6047186704442176
1364	2.709069487853247
1365	2.709069487853247
1366	2.709069487853247
1367	2.818901439956567
1368	2.818901439956567
1369	2.818901439956567
1370	2.3801772185679004
1371	2.3801772185679004
1372	2.3801772185679004
1373	2.516212851048472
1374	2.516212851048472
1375	2.516212851048472
1376	2.593869015205064
1377	2.593869015205064
1378	2.593869015205064
1379	2.4887680783326336
1380	2.4887680783326336
1381	2.4887680783326336
1382	2.546487153847001
1383	2.546487153847001
1384	2.546487153847001
1385	1.9736645145986027
1386	1.9736645145986027
1387	1.9736645145986027
1388	2.5697288696132112
1389	2.5697288696132112
1390	2.5697288696132112
1391	2.6956811696124388
1392	2.6956811696124388
1393	2.6956811696124388
1394	2.643954462406976
1395	2.643954462406976
1396	2.643954462406976
1397	2.4187633225436387
1398	2.4187633225436387
1399	2.4187633225436387
1400	2.67750485180696
1401	2.67750485180696
1402	2.67750485180696
1403	2.204228122836455
1404	2.204228122836455
1405	2.204228122836455
1406	2.611492737682621
1407	2.611492737682621
1408	2.611492737682621
1409	2.494172635861278
1410	2.494172635861278
1411	2.494172635861278
1412	2.41483227848096
1413	2.41483227848096
1414	2.41483227848096
1415	2.3371286612815534
1416	2.3371286612815534
1417	2.3371286612815534
1418	2.568697443689862
1419	2.568697443689862
1420	2.568697443689862
1421	2.420601994926973
1422	2.420601994926973
1423	2.420601994926973
1424	2.5073710067719546
1425	2.5073710067719546
1426	2.5073710067719546
1427	2.8097793733391985
1428	2.8097793733391985
1429	2.8097793733391985
1430	2.3687479401326206
1431	2.3687479401326206
1432	2.3687479401326206
1433	2.400049507716261
1434	2.400049507716261
1435	2.400049507716261
1436	2.305865582600477
1437	2.305865582600477
1438	2.305865582600477
1439	2.6899775006133066
1440	2.6899775006133066
1441	2.6899775006133066
1442	2.516776042517117
1443	2.516776042517117
1444	2.516776042517117
1445	2.5898199094733947
1446	2.5898199094733947
1447	2.5898199094733947
1448	2.3503532204859967
1449	2.3503532204859967
1450	2.3503532204859967
1451	2.599915819604794
1452	2.599915819604794
1453	1.8906325224659117
1454	1.8906325224659117
1455	1.8906325224659117
1456	2.28862562243654
1457	2.28862562243654
1458	2.28862562243654
1459	1.7421777539987848
1460	1.7421777539987848
1461	1.7421777539987848
1462	1.9230460612026992
1463	1.9230460612026992
1464	1.9230460612026992
1465	1.8051795901538876
1466	1.8051795901538876
1467	1.8051795901538876
1468	2.0328054819420505
1469	2.0328054819420505
1470	2.0328054819420505
1471	2.3445199565853785
1472	2.3445199565853785
1473	2.3445199565853785
1474	2.062126876736463
1475	2.062126876736463
1476	2.062126876736463
1477	1.906387463263084
1478	1.906387463263084
1479	1.906387463263084
1480	2.0635933032683336
1481	2.0635933032683336
1482	2.0635933032683336
1483	2.0073067685285935
1484	2.0073067685285935
1485	2.0073067685285935
1486	0.18648979725337436
1487	0.18648979725337436
1488	0.18648979725337436
1489	0.22079369898291232
1490	0.22079369898291232
1491	0.22079369898291232
1492	0.22784540186258528
1493	0.22784540186258528
1494	0.22784540186258528
1495	0.18761091428229112
1496	0.18761091428229112
1497	0.18761091428229112
1498	0.20149284961414693
1499	0.20149284961414693
1500	0.20149284961414693
1501	0.22188702431502813
1502	0.22188702431502813
1503	0.22188702431502813
1504	0.18508694508137086
1505	0.18508694508137086
1506	0.18508694508137086
1507	0.20573851889162412
1508	0.20573851889162412
1509	0.20573851889162412
1510	0.2003101520340977
1511	0.2003101520340977
1512	0.2003101520340977
1513	0.22839726341758146
1514	0.22839726341758146
1515	0.22839726341758146
1516	0.19413036045776996
1517	0.19413036045776996
1518	0.19413036045776996
1519	0.18124632473458496
1520	0.18124632473458496
1521	0.18124632473458496
1522	0.20083618996413347
1523	0.20083618996413347
1524	0.20083618996413347
1525	0.21574061851666923
1526	0.21574061851666923
1527	0.21574061851666923
1528	0.19023633756057604
1529	0.19023633756057604
1530	0.19023633756057604
1531	0.22599528146130116
1532	0.22599528146130116
1533	0.22599528146130116
1534	0.18644330887084953
1535	0.18644330887084953
1536	0.18644330887084953
1537	0.17329110746941012
1538	0.17329110746941012
1539	0.17329110746941012
1540	0.1850372259588163
1541	0.1850372259588163
1542	0.1850372259588163
1543	0.22291442675029588
1544	0.22291442675029588
1545	0.22291442675029588
1546	0.20190403562241888
1547	0.20190403562241888
1548	0.20190403562241888
1549	0.21804124812765807
1550	0.21804124812765807
1551	0.21804124812765807
1552	0.19774981806330744
1553	0.19774981806330744
1554	0.19774981806330744
1555	0.21158660514597089
1556	0.21158660514597089
1557	0.21158660514597089
1558	0.20177815458829856
1559	0.20177815458829856
1560	0.20177815458829856
1561	0.20695175070634678
1562	0.20695175070634678
1563	0.20695175070634678
1564	0.2215312804303731
1565	0.2215312804303731
1566	0.2215312804303731
1567	0.17373161394414585
1568	0.17373161394414585
1569	0.17373161394414585
1570	0.20440979840881068
1571	0.20440979840881068
1572	0.20440979840881068
1573	0.20052185050327026
1574	0.20052185050327026
1575	0.20052185050327026
1576	0.22066510511371917
1577	0.22066510511371917
1578	0.22066510511371917
1579	0.18190343171647433
1580	0.18190343171647433
1581	0.18190343171647433
1582	0.19441303392228793
1583	0.19441303392228793
1584	0.19441303392228793
1585	0.23674888416031392
1586	0.23674888416031392
1587	0.23674888416031392
1588	0.22510736384136654
1589	0.22510736384136654
1590	0.22510736384136654
1591	0.21509974745923058
1592	0.21509974745923058
1593	0.21509974745923058
1594	0.17717805958560348
1595	0.17717805958560348
1596	0.17717805958560348
1597	0.1914093221762591
1598	0.1914093221762591
1599	0.1914093221762591
1600	0.18815306347012112
1601	0.18815306347012112
1602	0.18815306347012112
1603	0.20361404673496392
1604	0.20361404673496392
1605	0.20361404673496392
1606	0.1940487500289683
1607	0.1940487500289683
1608	0.1940487500289683
1609	0.21657374285129247
1610	0.21657374285129247
1611	0.21657374285129247
1612	0.18092179995094212
1613	0.18092179995094212
1614	0.18092179995094212
1615	0.19023575327209155
1616	0.19023575327209155
1617	0.19023575327209155
1618	0.18341391290909329
1619	0.18341391290909329
1620	0.18341391290909329
1621	0.20774902860589173
1622	0.20774902860589173
1623	0.20774902860589173
1624	3.9420970805511946
1625	3.9420970805511946
1626	3.9420970805511946
1627	3.39294566673756
1628	3.39294566673756
1629	3.39294566673756
1630	3.243889527602065
1631	3.243889527602065
1632	3.243889527602065
1633	3.861930158056601
1634	3.861930158056601
1635	3.861930158056601
1636	3.218394337659599
1637	3.218394337659599
1638	3.218394337659599
1639	3.3147753003097313
1640	3.3147753003097313
1641	3.3147753003097313
1642	3.1136083497860554
1643	3.1136083497860554
1644	3.1136083497860554
1645	3.3414185055675025
1646	3.3414185055675025
1647	3.3414185055675025
1648	3.2350311111538317
1649	3.2350311111538317
1650	3.2350311111538317
1651	3.6814816945563424
1652	3.6814816945563424
1653	3.6814816945563424
1654	3.2958509071265474
1655	3.2958509071265474
1656	3.2958509071265474
1657	3.5921805273738516
1658	3.5921805273738516
1659	3.5921805273738516
1660	2.99111368814679
1661	2.99111368814679
1662	2.99111368814679
1663	3.3519115450051005
1664	3.3519115450051005
1665	3.3519115450051005
1666	3.140913738070795
1667	3.140913738070795
1668	3.140913738070795
1669	3.0442758031592287
1670	3.0442758031592287
1671	3.0442758031592287
1672	3.0851370178312183
1673	3.0851370178312183
1674	3.0851370178312183
1675	3.635662092225032
1676	3.635662092225032
1677	3.635662092225032
1678	3.422791390996793
1679	3.422791390996793
1680	3.422791390996793
1681	2.721572507439375
1682	2.721572507439375
1683	2.721572507439375
1684	3.3764899143153038
1685	3.3764899143153038
1686	3.3764899143153038
1687	3.189528937717071
1688	3.189528937717071
1689	3.189528937717071
1690	3.575728926618137
1691	3.575728926618137
1692	3.575728926618137
1693	3.073473612390207
1694	3.073473612390207
1695	3.073473612390207
1696	3.5774110867085476
1697	2.1159474926917987
1698	2.1159474926917987
1699	2.1159474926917987
1700	1.8445410588042213
1701	1.8445410588042213
1702	1.8445410588042213
1703	2.097888732781318
1704	2.097888732781318
1705	2.097888732781318
1706	1.9543629292918132
1707	1.9543629292918132
1708	1.9543629292918132
1709	2.0956713457010148
1710	2.0956713457010148
1711	2.0956713457010148
1712	1.9220048904972389
1713	1.9220048904972389
1714	1.9220048904972389
1715	2.030480104674643
1716	2.030480104674643
1717	2.030480104674643
1718	2.029582492700804
1719	2.029582492700804
1720	2.029582492700804
1721	2.2154626670294713
1722	2.2154626670294713
1723	2.2154626670294713
1724	1.831065277814608
1725	1.831065277814608
1726	1.831065277814608
1727	2.279667583419786
1728	2.279667583419786
1729	2.279667583419786
1730	1.8721432771702915
1731	1.8721432771702915
1732	1.8721432771702915
1733	1.9696465310566393
1734	1.9696465310566393
1735	1.9696465310566393
1736	2.1903827052664564
1737	2.1903827052664564
1738	2.1903827052664564
1739	1.931810542736102
1740	1.931810542736102
1741	1.931810542736102
1742	1.8659726495239215
1743	1.8659726495239215
1744	1.8659726495239215
1745	2.213294831464687
1746	2.213294831464687
1747	2.213294831464687
1748	2.1257573262835807
1749	2.1257573262835807
1750	2.1257573262835807
1751	2.129735533437747
1752	2.129735533437747
1753	2.129735533437747
1754	2.1137365603167266
1755	2.1137365603167266
1756	2.1137365603167266
1757	1.8054699931081792
1758	1.8054699931081792
1759	1.8054699931081792
1760	2.042591829878065
1761	2.042591829878065
1762	2.042591829878065
1763	2.0808667485095085
1764	2.0808667485095085
1765	2.0808667485095085
1766	1.9827748962326144
1767	1.9827748962326144
1768	1.9827748962326144
1769	1.9315748076214048
1770	1.9315748076214048
1771	1.9315748076214048
1772	1.9940282204867794
1773	1.9940282204867794
1774	1.9940282204867794
1775	1.8149186300632998
1776	1.8149186300632998
1777	1.8149186300632998
1778	2.082538313562088
1779	2.082538313562088
1780	2.082538313562088
1781	1.9957457764070736
1782	1.9957457764070736
1783	1.9957457764070736
1784	1.942154197835161
1785	1.942154197835161
1786	1.942154197835161
1787	2.11771859123737
1788	2.11771859123737
1789	2.11771859123737
1790	1.920353018321227
1791	1.920353018321227
1792	1.920353018321227
1793	1.6403029566341008
1794	1.6403029566341008
1795	1.6403029566341008
1796	2.018244193235479
1797	2.018244193235479
1798	2.018244193235479
1799	2.071095115464326
1800	2.071095115464326
1801	2.071095115464326
1802	1.9823695068719938
1803	1.9823695068719938
1804	1.9823695068719938
1805	3.738061283217241
1806	3.738061283217241
1807	3.738061283217241
1808	3.888133634339209
1809	3.888133634339209
1810	3.888133634339209
1811	3.3444664902743004
1812	3.3444664902743004
1813	3.3444664902743004
1814	3.855560169921628
1815	3.855560169921628
1816	3.855560169921628
1817	4.235348181335
1818	4.235348181335
1819	4.235348181335
1820	3.7024858017675406
1821	3.7024858017675406
1822	3.7024858017675406
1823	3.207946068880798
1824	3.207946068880798
1825	3.207946068880798
1826	4.548738882037512
1827	4.548738882037512
1828	4.548738882037512
1829	3.402906125291068
1830	3.402906125291068
1831	3.402906125291068
1832	3.6259565090252197
1833	3.6259565090252197
1834	3.6259565090252197
1835	4.067895957007443
1836	4.067895957007443
1837	4.067895957007443
1838	3.2664412662026527
1839	3.2664412662026527
1840	3.2664412662026527
1841	3.839498788765176
1842	3.839498788765176
1843	3.839498788765176
1844	4.636509793645688
1845	4.636509793645688
1846	4.636509793645688
1847	3.875393662289438
1848	3.875393662289438
1849	3.875393662289438
1850	3.586123016475637
1851	3.586123016475637
1852	3.586123016475637
1853	3.6596352368704905
1854	3.6596352368704905
1855	3.6596352368704905
1856	3.40295230822306
1857	3.40295230822306
1858	3.40295230822306
1859	3.7571961859553773
1860	3.7571961859553773
1861	3.7571961859553773
1862	3.5257567036838733
1863	3.5257567036838733
1864	3.5257567036838733
1865	3.68741763807574
1866	3.68741763807574
1867	3.68741763807574
1868	3.7843563157762485
1869	3.7843563157762485
1870	3.7843563157762485
1871	3.7779120263991453
1872	3.7779120263991453
1873	3.7779120263991453
1874	3.7619119781156383
1875	3.7619119781156383
1876	3.7619119781156383
1877	3.8150298142084402
1878	3.8150298142084402
1879	3.8150298142084402
1880	4.0951382599601915
1881	4.0951382599601915
1882	4.0951382599601915
1883	3.760021854896769
1884	3.760021854896769
1885	3.760021854896769
1886	4.447159020681453
1887	4.447159020681453
1888	4.447159020681453
1889	3.81468810846015
1890	3.81468810846015
1891	3.81468810846015
1892	4.842072466480101
1893	4.842072466480101
1894	4.842072466480101
1895	3.5908156078168325
1896	3.5908156078168325
1897	3.5908156078168325
1898	3.7226180271688336
1899	3.7226180271688336
1900	3.7226180271688336
1901	4.042026511736406
1902	4.042026511736406
1903	4.042026511736406
1904	4.056451541069184
1905	4.056451541069184
1906	4.056451541069184
1907	3.9247131592836286
1908	3.9247131592836286
1909	3.9247131592836286
1910	3.8246370657046627
1911	3.8246370657046627
1912	3.8246370657046627
1913	3.7175043806947343
1914	3.7175043806947343
1915	3.7175043806947343
1916	3.791956158726795
1917	3.791956158726795
1918	3.791956158726795
1919	3.865836645174472
1920	3.865836645174472
1921	3.865836645174472
1922	3.939897379082836
1923	1.1099687241856402
1924	1.1099687241856402
1925	1.1099687241856402
1926	1.2128362088871185
1927	1.2128362088871185
1928	1.2128362088871185
1929	1.205311883233631
1930	1.205311883233631
1931	1.205311883233631
1932	1.0908543539330242
1933	1.0908543539330242
1934	1.0908543539330242
1935	0.9616719414812603
1936	0.9616719414812603
1937	0.9616719414812603
1938	1.1599275890629999
1939	1.1599275890629999
1940	1.1599275890629999
1941	0.9859588702753945
1942	0.9859588702753945
1943	0.9859588702753945
1944	1.2184261271982924
1945	1.2184261271982924
1946	1.2184261271982924
1947	1.1016180254399035
1948	1.1016180254399035
1949	1.1016180254399035
1950	1.1977866213101749
1951	1.1977866213101749
1952	1.1977866213101749
1953	1.0006531417358655
1954	1.0006531417358655
1955	1.0006531417358655
1956	1.1416019694946242
1957	1.1416019694946242
1958	1.1416019694946242
1959	0.91558670607718
1960	0.91558670607718
1961	0.91558670607718
1962	1.1858170195785476
1963	1.1858170195785476
1964	1.1858170195785476
1965	1.0664717943015813
1966	1.0664717943015813
1967	1.0664717943015813
1968	1.2346193402263879
1969	1.2346193402263879
1970	1.2346193402263879
1971	0.9899481685717928
1972	0.9899481685717928
1973	0.9899481685717928
1974	1.0874098603981932
1975	1.0874098603981932
1976	2.3675857309817707
1977	2.3675857309817707
1978	2.3675857309817707
1979	2.495246197751748
1980	2.495246197751748
1981	2.495246197751748
1982	2.590270159003027
1983	2.590270159003027
1984	2.590270159003027
1985	2.2646227404535706
1986	2.2646227404535706
1987	2.2646227404535706
1988	2.803047505808766
1989	2.803047505808766
1990	2.803047505808766
1991	2.54999111308374
1992	2.54999111308374
1993	2.54999111308374
1994	2.5194468898153617
1995	2.5194468898153617
1996	2.5194468898153617
1997	2.657473776210038
1998	2.657473776210038
1999	2.657473776210038
