0	6.0263752688444425
1	6.0263752688444425
2	6.0263752688444425
3	6.0263752688444425
4	2.8521795628827635
5	2.8521795628827635
6	2.8521795628827635
7	2.8521795628827635
8	4.894746560201135
9	4.894746560201135
10	4.894746560201135
11	4.894746560201135
12	6.445115020119774
13	6.445115020119774
14	6.445115020119774
15	6.445115020119774
16	2.960210612167061
17	2.960210612167061
18	2.960210612167061
19	2.960210612167061
20	2.7379909704151677
21	2.7379909704151677
22	2.7379909704151677
23	2.7379909704151677
24	4.297002507976331
25	4.297002507976331
26	4.297002507976331
27	4.297002507976331
28	4.748786240471179
29	4.748786240471179
30	4.748786240471179
31	4.748786240471179
32	4.120387737751348
33	4.120387737751348
34	4.120387737751348
35	4.120387737751348
36	4.992202097827803
37	4.992202097827803
38	4.992202097827803
39	4.992202097827803
40	0.1
41	0.1
42	0.1
43	0.1
44	4.888354210227243
45	4.888354210227243
46	4.888354210227243
47	4.888354210227243
48	5.374775162740004
49	5.374775162740004
50	5.374775162740004
51	5.374775162740004
52	4.48441972845332
53	4.48441972845332
54	4.48441972845332
55	4.48441972845332
56	5.4385604672271715
57	5.4385604672271715
58	5.4385604672271715
59	5.4385604672271715
60	6.21459362244404
61	6.21459362244404
62	6.21459362244404
63	6.21459362244404
64	3.0094078911652797
65	3.0094078911652797
66	3.0094078911652797
67	3.0094078911652797
68	0.4593791187617038
69	0.4593791187617038
70	0.4593791187617038
71	0.4593791187617038
72	8.663658202845955
73	8.663658202845955
74	8.663658202845955
75	8.663658202845955
76	6.175714383183472
77	6.175714383183472
78	6.175714383183472
79	0.31790027544188204
80	0.31790027544188204
81	0.31790027544188204
82	0.31790027544188204
83	4.309421320035361
84	4.309421320035361
85	4.309421320035361
86	4.309421320035361
87	3.145510886631234
88	4.095490614894835
89	4.095490614894835
90	4.095490614894835
91	4.095490614894835
92	2.859565517302214
93	2.859565517302214
94	2.859565517302214
95	2.859565517302214
96	4.947009775291913
97	4.947009775291913
98	4.947009775291913
99	4.947009775291913
100	1.017853885440625
101	1.017853885440625
102	1.017853885440625
103	1.017853885440625
104	3.882853469219934
105	3.882853469219934
106	3.882853469219934
107	3.882853469219934
108	3.3737141855259978
109	3.3737141855259978
110	3.3737141855259978
111	3.3737141855259978
112	3.6245073420553218
113	3.6245073420553218
114	3.6245073420553218
115	3.6245073420553218
116	1.5644842966705
117	1.5644842966705
118	1.5644842966705
119	1.5644842966705
120	1.412363521036547
121	1.412363521036547
122	1.412363521036547
123	1.412363521036547
124	4.550837557755655
125	4.550837557755655
126	4.550837557755655
127	4.550837557755655
128	1.0044436804941608
129	1.0044436804941608
130	1.0044436804941608
131	1.0044436804941608
132	2.6482211141118297
133	2.6482211141118297
134	2.6482211141118297
135	2.6482211141118297
136	0.9813629786286198
137	0.9813629786286198
138	0.9813629786286198
139	0.9813629786286198
140	3.8879604882123164
141	3.8879604882123164
142	3.8879604882123164
143	3.8879604882123164
144	4.398957992517996
145	4.398957992517996
146	4.398957992517996
147	4.398957992517996
148	4.19476928842964
149	4.19476928842964
150	4.19476928842964
151	4.19476928842964
152	2.3647047426175787
153	2.3647047426175787
154	2.3647047426175787
155	2.3647047426175787
156	0.1
157	0.1
158	0.1
159	0.1
160	4.502240252752473
161	4.502240252752473
162	4.502240252752473
163	4.502240252752473
164	3.758427466357667
165	3.758427466357667
166	3.758427466357667
167	3.758427466357667
168	4.996232847509445
169	4.996232847509445
170	4.996232847509445
171	4.996232847509445
172	3.8070365833893804
173	3.8070365833893804
174	3.8070365833893804
175	3.8070365833893804
176	2.0199096782901185
177	2.0199096782901185
178	2.0199096782901185
179	2.0199096782901185
180	3.007344315131322
181	3.007344315131322
182	3.007344315131322
183	3.007344315131322
184	0.9246814390698246
185	0.9246814390698246
186	0.9246814390698246
187	0.9246814390698246
188	5.760361956555224
189	5.760361956555224
190	5.760361956555224
191	5.760361956555224
192	4.463535111807465
193	4.463535111807465
194	4.463535111807465
195	4.463535111807465
196	1.0488455130618384
197	1.0488455130618384
198	1.0488455130618384
199	0.1
200	0.1
201	0.1
202	0.1
203	5.022744149282396
204	5.022744149282396
205	0.8143201986604734
206	0.8143201986604734
207	0.8143201986604734
208	0.8143201986604734
209	1.0937357942248065
210	1.0937357942248065
211	1.0937357942248065
212	0.12769655748128034
213	0.12769655748128034
214	0.12769655748128034
215	0.12769655748128034
216	3.0292755362841803
217	3.0292755362841803
218	3.0292755362841803
219	3.0292755362841803
220	4.500054735461726
221	4.500054735461726
222	4.500054735461726
223	4.500054735461726
224	2.1375486394534566
225	2.1375486394534566
226	2.1375486394534566
227	2.1375486394534566
228	4.96728008186081
229	4.96728008186081
230	4.96728008186081
231	4.96728008186081
232	4.277825658367657
233	4.277825658367657
234	4.277825658367657
235	4.277825658367657
236	3.3862890959577663
237	3.3862890959577663
238	3.3862890959577663
239	3.3862890959577663
240	3.2480396636851627
241	3.2480396636851627
242	3.2480396636851627
243	3.2480396636851627
244	2.5685001950672066
245	2.5685001950672066
246	2.5685001950672066
247	2.5685001950672066
248	3.3123914211016263
249	3.3123914211016263
250	3.3123914211016263
251	3.3123914211016263
252	3.6980056131755954
253	3.6980056131755954
254	3.6980056131755954
255	3.6980056131755954
256	5.046346148102938
257	5.046346148102938
258	5.046346148102938
259	5.046346148102938
260	3.3001360185922306
261	3.3001360185922306
262	3.3001360185922306
263	3.3001360185922306
264	4.863096763114879
265	4.863096763114879
266	4.863096763114879
267	4.863096763114879
268	1.7244541551222095
269	1.7244541551222095
270	1.7244541551222095
271	1.7244541551222095
272	5.5638948995695685
273	5.5638948995695685
274	5.5638948995695685
275	5.5638948995695685
276	4.382638199345887
277	4.382638199345887
278	4.382638199345887
279	4.382638199345887
280	2.0114175756023998
281	2.0114175756023998
282	2.0114175756023998
283	2.0114175756023998
284	2.325845121575583
285	2.325845121575583
286	2.325845121575583
287	2.325845121575583
288	0.394561086159138
289	0.394561086159138
290	0.394561086159138
291	0.394561086159138
292	2.6458550340794393
293	2.6458550340794393
294	2.6458550340794393
295	2.6458550340794393
296	0.37480698356792974
297	0.37480698356792974
298	0.37480698356792974
299	0.37480698356792974
300	3.601162734226545
301	3.601162734226545
302	3.601162734226545
303	3.601162734226545
304	4.928955664052703
305	4.928955664052703
306	4.928955664052703
307	4.928955664052703
308	2.3368205784605367
309	2.3368205784605367
310	2.3368205784605367
311	2.3368205784605367
312	1.4566254729547874
313	1.4566254729547874
314	1.4566254729547874
315	1.6201531952291353
316	1.6201531952291353
317	1.6201531952291353
318	1.6201531952291353
319	0.6889823830479491
320	0.6889823830479491
321	0.6889823830479491
322	0.6889823830479491
323	0.7194125365441029
324	0.7194125365441029
325	0.7194125365441029
326	0.7194125365441029
327	0.8592732233336189
328	0.8592732233336189
329	0.8592732233336189
330	0.8592732233336189
331	1.3178822845761353
332	1.3178822845761353
333	1.3178822845761353
334	1.3178822845761353
335	1.5108453028708122
336	1.5108453028708122
337	1.5108453028708122
338	1.5108453028708122
339	0.4576749577054585
340	0.4576749577054585
341	0.4576749577054585
342	0.4576749577054585
343	1.3054829178822474
344	1.3054829178822474
345	1.3054829178822474
346	1.3054829178822474
347	0.8829614813221657
348	0.8829614813221657
349	0.8829614813221657
350	0.8829614813221657
351	0.571225366447276
352	0.571225366447276
353	0.571225366447276
354	0.571225366447276
355	1.2681845644504928
356	1.2681845644504928
357	1.2681845644504928
358	1.2681845644504928
359	0.9122926514111336
360	0.9122926514111336
361	0.9122926514111336
362	0.9122926514111336
363	0.7759971135267982
364	0.7759971135267982
365	0.7759971135267982
366	0.7759971135267982
367	1.5063936693789446
368	1.5063936693789446
369	1.5063936693789446
370	1.5063936693789446
371	0.5536484709170211
372	0.5536484709170211
373	0.5536484709170211
374	0.5536484709170211
375	0.9517055399461931
376	0.9517055399461931
377	0.9517055399461931
378	0.9517055399461931
379	1.4329264582608419
380	1.4329264582608419
381	1.4329264582608419
382	1.4329264582608419
383	0.5285274149244822
384	0.5285274149244822
385	0.5285274149244822
386	0.5285274149244822
387	1.745698942259855
388	1.745698942259855
389	1.745698942259855
390	1.745698942259855
391	1.6475875464049492
392	2.5430541429789426
393	2.5430541429789426
394	2.5430541429789426
395	2.5430541429789426
396	4.530236272010681
397	4.530236272010681
398	4.530236272010681
399	4.530236272010681
400	2.3564966436750345
401	2.3564966436750345
402	2.3564966436750345
403	2.3564966436750345
404	3.3316942833635412
405	3.3316942833635412
406	3.3316942833635412
407	3.3316942833635412
408	2.1342480674702475
409	2.1342480674702475
410	2.1342480674702475
411	2.1342480674702475
412	2.638792417282307
413	2.638792417282307
414	2.638792417282307
415	2.638792417282307
416	3.2815201301674306
417	3.2815201301674306
418	3.2815201301674306
419	3.2815201301674306
420	3.5307989664229065
421	3.5307989664229065
422	3.5307989664229065
423	3.5307989664229065
424	2.215034442460392
425	2.215034442460392
426	2.215034442460392
427	2.215034442460392
428	1.2574805452533124
429	1.2574805452533124
430	1.2574805452533124
431	1.2574805452533124
432	1.9182878425201855
433	1.9182878425201855
434	1.9182878425201855
435	1.9182878425201855
436	1.2172252526704348
437	1.2172252526704348
438	1.2172252526704348
439	1.2172252526704348
440	3.3877548170673073
441	3.3877548170673073
442	3.3877548170673073
443	3.3877548170673073
444	1.4347775711306339
445	1.4347775711306339
446	1.4347775711306339
447	1.4347775711306339
448	0.3042080124660327
449	0.3042080124660327
450	0.3042080124660327
451	0.3042080124660327
452	1.1145521542219088
453	1.1145521542219088
454	1.1145521542219088
455	1.1145521542219088
456	2.780370439707474
457	2.780370439707474
458	2.780370439707474
459	2.780370439707474
460	1.6142307002748049
461	1.6142307002748049
462	1.6142307002748049
463	1.6142307002748049
464	2.2967696390273478
465	2.2967696390273478
466	2.2967696390273478
467	2.2967696390273478
468	2.844986557863125
469	2.844986557863125
470	2.844986557863125
471	2.844986557863125
472	2.6944797722739855
473	2.6944797722739855
474	2.6944797722739855
475	2.6944797722739855
476	2.021345798095408
477	2.021345798095408
478	2.021345798095408
479	2.021345798095408
480	2.1016172098002506
481	2.1016172098002506
482	2.1016172098002506
483	2.1016172098002506
484	3.1001278305424917
485	3.1001278305424917
486	3.1001278305424917
487	3.1001278305424917
488	1.1602087076265992
489	1.1602087076265992
490	1.1602087076265992
491	1.1602087076265992
492	2.943165267539718
493	2.943165267539718
494	2.943165267539718
495	2.943165267539718
496	2.443026225287579
497	2.443026225287579
498	2.443026225287579
499	2.443026225287579
500	2.5072002274851877
501	2.5072002274851877
502	2.5072002274851877
503	2.5072002274851877
504	2.9712420129994825
505	2.9712420129994825
506	2.9712420129994825
507	2.9712420129994825
508	2.553311281184196
509	2.553311281184196
510	2.553311281184196
511	2.553311281184196
512	1.7314033451806088
513	1.7314033451806088
514	1.7314033451806088
515	1.7314033451806088
516	1.3643707490647516
517	1.3643707490647516
518	1.3643707490647516
519	1.3643707490647516
520	1.5426937603650916
521	1.5426937603650916
522	1.5426937603650916
523	1.5426937603650916
524	0.35629423771230706
525	0.35629423771230706
526	0.35629423771230706
527	0.35629423771230706
528	1.6448566275733172
529	1.6448566275733172
530	1.6448566275733172
531	1.6448566275733172
532	2.932302138693611
533	2.932302138693611
534	2.932302138693611
535	2.932302138693611
536	1.8591893776568666
537	1.8591893776568666
538	1.8591893776568666
539	1.8591893776568666
540	3.6738462542871098
541	3.6738462542871098
542	3.6738462542871098
543	3.6738462542871098
544	2.330633981614432
545	2.330633981614432
546	2.330633981614432
547	2.330633981614432
548	1.4623390381215147
549	1.4623390381215147
550	1.4623390381215147
551	1.4623390381215147
552	0.9945989337650576
553	0.9945989337650576
554	0.9945989337650576
555	0.9945989337650576
556	1.4770055269256206
557	1.4770055269256206
558	1.4770055269256206
559	1.4770055269256206
560	3.9262143462171757
561	3.9262143462171757
562	3.9262143462171757
563	3.9262143462171757
564	1.1210296582628034
565	1.1210296582628034
566	1.1210296582628034
567	1.1210296582628034
568	1.0346559687731094
569	1.0346559687731094
570	1.0346559687731094
571	1.0346559687731094
572	1.0254940279252676
573	1.0254940279252676
574	1.0254940279252676
575	1.0254940279252676
576	2.6681010864963857
577	0.4525086400022178
578	0.4525086400022178
579	0.4525086400022178
580	0.4525086400022178
581	4.921403551917208
582	4.921403551917208
583	4.921403551917208
584	4.921403551917208
585	3.9041185543533987
586	3.9041185543533987
587	3.9041185543533987
588	3.9041185543533987
589	4.420558701646602
590	4.420558701646602
591	4.420558701646602
592	4.420558701646602
593	3.952391554766991
594	3.952391554766991
595	3.952391554766991
596	3.952391554766991
597	3.370614491719097
598	3.370614491719097
599	3.370614491719097
600	3.370614491719097
601	2.1381052163787766
602	2.1381052163787766
603	2.1381052163787766
604	2.1381052163787766
605	2.9265461021098775
606	2.9265461021098775
607	2.9265461021098775
608	2.9265461021098775
609	1.8882391616631518
610	1.8882391616631518
611	1.8882391616631518
612	1.8882391616631518
613	4.925975336883588
614	4.925975336883588
615	4.925975336883588
616	4.925975336883588
617	1.340127006370905
618	1.340127006370905
619	1.340127006370905
620	1.340127006370905
621	2.9021385361883656
622	2.9021385361883656
623	2.9021385361883656
624	2.9021385361883656
625	4.6151750826990074
626	4.6151750826990074
627	2.372471915120019
628	2.372471915120019
629	2.372471915120019
630	2.372471915120019
631	0.8073341149888084
632	0.8073341149888084
633	0.8073341149888084
634	0.8073341149888084
635	1.1621619073101295
636	1.1621619073101295
637	1.1621619073101295
638	1.1621619073101295
639	1.0397136228562087
640	1.0397136228562087
641	1.0397136228562087
642	1.0397136228562087
643	0.3250096930730051
644	0.3250096930730051
645	0.3250096930730051
646	0.3250096930730051
647	1.6583894781815063
648	1.6583894781815063
649	1.6583894781815063
650	1.6583894781815063
651	1.0530855026402188
652	1.0530855026402188
653	1.0530855026402188
654	1.0530855026402188
655	2.685466756131576
656	2.685466756131576
657	2.685466756131576
658	2.685466756131576
659	0.749616158535041
660	0.749616158535041
661	0.749616158535041
662	0.749616158535041
663	1.7136956139598203
664	1.7136956139598203
665	1.7136956139598203
666	1.7136956139598203
667	2.8275318921401964
668	2.8275318921401964
669	2.8275318921401964
670	2.8275318921401964
671	0.9291076602083598
672	0.9291076602083598
673	0.9291076602083598
674	0.9291076602083598
675	1.8343134184050154
676	1.8343134184050154
677	1.8343134184050154
678	1.8343134184050154
679	1.7161674799193722
680	1.7161674799193722
681	1.7161674799193722
682	1.7161674799193722
683	0.7026843612064573
684	0.7026843612064573
685	0.7026843612064573
686	0.7026843612064573
687	2.2717429255227994
688	2.2717429255227994
689	2.2717429255227994
690	2.2717429255227994
691	1.9501671244215624
692	1.9501671244215624
693	1.9501671244215624
694	1.9501671244215624
695	2.7408623775255476
696	2.7408623775255476
697	2.7408623775255476
698	2.7408623775255476
699	1.1458640963054967
700	1.1458640963054967
701	1.1458640963054967
702	1.1458640963054967
703	1.3599144965713497
704	1.3599144965713497
705	1.3599144965713497
706	1.3599144965713497
707	0.8792306018862399
708	0.8792306018862399
709	0.8792306018862399
710	0.8792306018862399
711	1.0884209205225666
712	1.0884209205225666
713	1.0884209205225666
714	1.0884209205225666
715	0.5907078120062977
716	0.5907078120062977
717	0.5907078120062977
718	0.5907078120062977
719	1.8684255137996448
720	1.8684255137996448
721	1.8684255137996448
722	1.8684255137996448
723	1.842907651983039
724	1.842907651983039
725	1.842907651983039
726	1.842907651983039
727	2.7913226303268317
728	2.7913226303268317
729	2.7913226303268317
730	2.7913226303268317
731	1.5035964192305757
732	1.5035964192305757
733	1.5035964192305757
734	1.5035964192305757
735	0.6904598685863179
736	0.6904598685863179
737	0.6904598685863179
738	0.6904598685863179
739	2.9330240742274283
740	2.9330240742274283
741	2.9330240742274283
742	2.9330240742274283
743	0.5078551244359477
744	0.5078551244359477
745	0.5078551244359477
746	0.5078551244359477
747	0.7882737667155528
748	0.7882737667155528
749	0.7882737667155528
750	0.7882737667155528
751	2.086363427399876
752	2.086363427399876
753	2.086363427399876
754	2.086363427399876
755	1.9310599205763972
756	1.9310599205763972
757	1.9310599205763972
758	1.9310599205763972
759	1.5694761861989335
760	1.5694761861989335
761	1.5694761861989335
762	1.5694761861989335
763	1.244700090056997
764	1.244700090056997
765	1.244700090056997
766	1.244700090056997
767	2.24227421346348
768	2.24227421346348
769	2.24227421346348
770	2.24227421346348
771	2.4651668984201005
772	2.4651668984201005
773	2.4651668984201005
774	2.4651668984201005
775	1.0029701838244889
776	1.0029701838244889
777	1.0029701838244889
778	6.370688129302884
779	6.370688129302884
780	6.370688129302884
781	6.370688129302884
782	2.939650149215736
783	2.939650149215736
784	2.939650149215736
785	2.939650149215736
786	3.4258781157347418
787	3.4258781157347418
788	3.4258781157347418
789	3.4258781157347418
790	4.501132446151659
791	4.501132446151659
792	4.501132446151659
793	4.501132446151659
794	2.3631437148900907
795	2.3631437148900907
796	2.3631437148900907
797	2.3631437148900907
798	1.5656914584292085
799	1.5656914584292085
800	1.5656914584292085
801	1.5656914584292085
802	0.543540883749503
803	0.543540883749503
804	0.543540883749503
805	0.543540883749503
806	2.116729796780165
807	2.116729796780165
808	2.116729796780165
809	2.116729796780165
810	6.062820664893675
811	6.062820664893675
812	6.062820664893675
813	6.062820664893675
814	3.0386546389222264
815	3.0386546389222264
816	3.0386546389222264
817	3.0386546389222264
818	3.3538455159566096
819	3.3538455159566096
820	3.3538455159566096
821	3.3538455159566096
822	2.988023921145293
823	2.988023921145293
824	2.988023921145293
825	2.988023921145293
826	3.951367634494266
827	3.951367634494266
828	3.951367634494266
829	3.951367634494266
830	4.948914182564701
831	4.948914182564701
832	4.948914182564701
833	4.948914182564701
834	7.750402035897271
835	7.750402035897271
836	7.750402035897271
837	7.750402035897271
838	1.6497769448616966
839	1.6497769448616966
840	1.6497769448616966
841	1.6497769448616966
842	2.0191589532399354
843	2.0191589532399354
844	2.0191589532399354
845	2.0191589532399354
846	5.914647261516947
847	5.914647261516947
848	5.914647261516947
849	5.914647261516947
850	2.173385871878141
851	2.173385871878141
852	2.173385871878141
853	2.173385871878141
854	4.105064909843562
855	4.105064909843562
856	4.105064909843562
857	4.105064909843562
858	4.514934945899923
859	4.514934945899923
860	4.514934945899923
861	4.514934945899923
862	4.803865457833145
863	4.803865457833145
864	4.803865457833145
865	4.803865457833145
866	1.777932433353516
867	1.777932433353516
868	1.777932433353516
869	1.777932433353516
870	2.3308226018488787
871	2.3308226018488787
872	2.3308226018488787
873	2.3308226018488787
874	4.159554606077762
875	4.159554606077762
876	4.159554606077762
877	4.159554606077762
878	4.859913455418694
879	4.859913455418694
880	4.859913455418694
881	4.859913455418694
882	3.480677182592608
883	3.480677182592608
884	3.480677182592608
885	3.480677182592608
886	4.801553959267784
887	1.2444490919380455
888	1.2444490919380455
889	1.2444490919380455
890	1.2444490919380455
891	1.4375446572432977
892	1.4375446572432977
893	1.4375446572432977
894	1.4375446572432977
895	1.5900370777456165
896	1.5900370777456165
897	1.5900370777456165
898	1.5900370777456165
899	0.7271875219429154
900	0.7271875219429154
901	0.7271875219429154
902	0.7271875219429154
903	2.365239452224943
904	2.365239452224943
905	2.365239452224943
906	2.365239452224943
907	2.2605425260952137
908	2.2605425260952137
909	2.2605425260952137
910	2.2605425260952137
911	1.72736114059781
912	1.72736114059781
913	1.72736114059781
914	1.72736114059781
915	2.4061106473205736
916	2.4061106473205736
917	2.4061106473205736
918	2.4061106473205736
919	2.737979208935655
920	2.737979208935655
921	2.737979208935655
922	2.737979208935655
923	0.1
924	0.1
925	0.1
926	0.1
927	3.128712970761107
928	3.128712970761107
929	3.128712970761107
930	3.128712970761107
931	4.456885689014483
932	4.456885689014483
933	4.456885689014483
934	4.456885689014483
935	2.5847073494490096
936	2.5847073494490096
937	2.5847073494490096
938	2.5847073494490096
939	2.272547147579999
940	2.272547147579999
941	2.272547147579999
942	2.272547147579999
943	2.0795805392578144
944	2.0795805392578144
945	2.0795805392578144
946	2.0795805392578144
947	0.1
948	0.1
949	0.1
950	0.1
951	0.4849584349925138
952	0.4849584349925138
953	0.4849584349925138
954	0.4849584349925138
955	0.8689149898941846
956	0.8689149898941846
957	0.8689149898941846
958	0.8689149898941846
959	0.9127660209991947
960	0.9127660209991947
961	0.9127660209991947
962	0.9127660209991947
963	0.3277050507635379
964	0.3277050507635379
965	0.3277050507635379
966	0.3277050507635379
967	0.4208833605400555
968	0.4208833605400555
969	0.4208833605400555
970	0.4208833605400555
971	0.7364456650041359
972	0.7364456650041359
973	0.7364456650041359
974	0.7364456650041359
975	0.6204672875467477
976	0.6204672875467477
977	0.6204672875467477
978	0.6204672875467477
979	0.6564799956543552
980	0.6564799956543552
981	0.6564799956543552
982	0.6564799956543552
983	0.9373471309605421
984	0.9373471309605421
985	0.9373471309605421
986	0.9373471309605421
987	0.7409255352010378
988	0.7409255352010378
989	0.7409255352010378
990	0.7409255352010378
991	0.6709002593085248
992	0.6709002593085248
993	0.6709002593085248
994	0.6709002593085248
995	0.5827143247743116
996	0.5827143247743116
997	0.5827143247743116
998	0.5827143247743116
999	0.3838450049544959
1000	0.3838450049544959
1001	0.3838450049544959
1002	0.3838450049544959
1003	0.32946229500589574
1004	0.32946229500589574
1005	0.32946229500589574
1006	0.32946229500589574
1007	0.6460866798588284
1008	0.6460866798588284
1009	0.6460866798588284
1010	0.6460866798588284
1011	0.2636718537764822
1012	0.2636718537764822
1013	0.2636718537764822
1014	0.2636718537764822
1015	0.8434011217928431
1016	0.8434011217928431
1017	0.8434011217928431
1018	1.4667024981211458
1019	1.4667024981211458
1020	1.4667024981211458
1021	1.4667024981211458
1022	4.115137810234325
1023	4.115137810234325
1024	4.115137810234325
1025	4.115137810234325
1026	3.556013530750149
1027	3.556013530750149
1028	3.556013530750149
1029	3.556013530750149
1030	6.494854247372885
1031	6.494854247372885
1032	6.494854247372885
1033	6.494854247372885
1034	6.040214477846917
1035	6.040214477846917
1036	6.040214477846917
1037	6.040214477846917
1038	4.095787348220995
1039	4.095787348220995
1040	4.095787348220995
1041	4.095787348220995
1042	0.1
1043	0.1
1044	0.1
1045	0.1
1046	6.206639549882816
1047	6.206639549882816
1048	6.206639549882816
1049	6.206639549882816
1050	2.48366244439977
1051	2.48366244439977
1052	2.48366244439977
1053	2.48366244439977
1054	7.67753457570592
1055	7.67753457570592
1056	7.67753457570592
1057	7.67753457570592
1058	7.0433526683720435
1059	7.0433526683720435
1060	7.0433526683720435
1061	7.0433526683720435
1062	2.6376239404695383
1063	2.6376239404695383
1064	2.6376239404695383
1065	2.6376239404695383
1066	5.626603529019276
1067	5.626603529019276
1068	5.626603529019276
1069	5.626603529019276
1070	3.701751568696069
1071	3.701751568696069
1072	3.701751568696069
1073	3.701751568696069
1074	4.436527168911712
1075	4.436527168911712
1076	4.436527168911712
1077	4.436527168911712
1078	2.5786092596532892
1079	2.5786092596532892
1080	2.5786092596532892
1081	2.5786092596532892
1082	4.977118157303201
1083	4.977118157303201
1084	4.977118157303201
1085	4.977118157303201
1086	3.1851784792965994
1087	3.1851784792965994
1088	3.1851784792965994
1089	3.1851784792965994
1090	2.41990473946544
1091	2.41990473946544
1092	2.41990473946544
1093	2.41990473946544
1094	2.861743715980622
1095	2.861743715980622
1096	2.861743715980622
1097	2.861743715980622
1098	4.06314555023466
1099	4.06314555023466
1100	4.06314555023466
1101	4.06314555023466
1102	4.821008148344272
1103	4.821008148344272
1104	4.821008148344272
1105	4.821008148344272
1106	0.1
1107	0.1
1108	0.1
1109	0.1
1110	3.4993487803806973
1111	3.4993487803806973
1112	3.4993487803806973
1113	3.4993487803806973
1114	3.620059691009671
1115	3.620059691009671
1116	3.620059691009671
1117	3.620059691009671
1118	3.9277470286706255
1119	3.9277470286706255
1120	3.9277470286706255
1121	3.9277470286706255
1122	8.303187276388519
1123	8.303187276388519
1124	8.303187276388519
1125	8.303187276388519
1126	5.736405832343677
1127	5.736405832343677
1128	5.736405832343677
1129	5.736405832343677
1130	4.490384362377405
1131	4.490384362377405
1132	4.490384362377405
1133	4.490384362377405
1134	4.620262832928996
1135	4.620262832928996
1136	4.620262832928996
1137	4.620262832928996
1138	7.7483622679964475
1139	7.7483622679964475
1140	7.7483622679964475
1141	7.7483622679964475
1142	3.263050842742618
1143	3.263050842742618
1144	3.263050842742618
1145	3.263050842742618
1146	3.202473389398892
1147	3.202473389398892
1148	3.202473389398892
1149	3.202473389398892
1150	5.711634739901993
1151	5.711634739901993
1152	5.711634739901993
1153	5.711634739901993
1154	5.2685579426941915
1155	5.2685579426941915
1156	5.2685579426941915
1157	5.2685579426941915
1158	4.180701495643837
1159	4.180701495643837
1160	4.180701495643837
1161	4.180701495643837
1162	1.7368991730307792
1163	1.7368991730307792
1164	1.7368991730307792
1165	1.7368991730307792
1166	3.4119169716143505
1167	3.4119169716143505
1168	3.4119169716143505
1169	3.4119169716143505
1170	3.3291385038112686
1171	3.3291385038112686
1172	3.3291385038112686
1173	3.3291385038112686
1174	6.015013137287317
1175	6.015013137287317
1176	6.015013137287317
1177	6.015013137287317
1178	6.0768241138907495
1179	2.8919335013034315
1180	2.8919335013034315
1181	2.8919335013034315
1182	2.8919335013034315
1183	1.627820668163338
1184	1.627820668163338
1185	1.627820668163338
1186	1.627820668163338
1187	3.2713174944846304
1188	3.2713174944846304
1189	3.2713174944846304
1190	3.2713174944846304
1191	0.9547429780780055
1192	0.9547429780780055
1193	0.9547429780780055
1194	0.9547429780780055
1195	2.035882452104443
1196	2.035882452104443
1197	2.035882452104443
1198	2.035882452104443
1199	3.435488794227174
1200	3.435488794227174
1201	3.435488794227174
1202	3.435488794227174
1203	3.4793700277679847
1204	3.4793700277679847
1205	3.4793700277679847
1206	3.4793700277679847
1207	1.5133865067583456
1208	1.5133865067583456
1209	1.5133865067583456
1210	1.5133865067583456
1211	1.243989821138329
1212	1.243989821138329
1213	1.243989821138329
1214	1.243989821138329
1215	1.3135317561227058
1216	1.3135317561227058
1217	1.3135317561227058
1218	1.3135317561227058
1219	3.356611198582369
1220	3.356611198582369
1221	3.356611198582369
1222	3.356611198582369
1223	2.3205181423603336
1224	2.3205181423603336
1225	2.3205181423603336
1226	2.3205181423603336
1227	4.329093963435267
1228	4.329093963435267
1229	4.329093963435267
1230	4.329093963435267
1231	2.850457917656622
1232	2.850457917656622
1233	2.850457917656622
1234	2.850457917656622
1235	4.46645721782456
1236	4.46645721782456
1237	4.46645721782456
1238	4.46645721782456
1239	2.31853663826072
1240	2.31853663826072
1241	2.31853663826072
1242	2.31853663826072
1243	1.796961123466113
1244	1.796961123466113
1245	1.796961123466113
1246	1.796961123466113
1247	3.81088360350652
1248	3.81088360350652
1249	3.81088360350652
1250	3.81088360350652
1251	4.361583161237402
1252	4.361583161237402
1253	4.361583161237402
1254	4.361583161237402
1255	1.2562161711992703
1256	1.2562161711992703
1257	1.2562161711992703
1258	1.2562161711992703
1259	4.058588656306467
1260	4.058588656306467
1261	4.058588656306467
1262	4.058588656306467
1263	3.446654402607328
1264	2.5975434364762133
1265	2.5975434364762133
1266	2.5975434364762133
1267	2.5975434364762133
1268	1.613589009458771
1269	1.613589009458771
1270	1.613589009458771
1271	1.613589009458771
1272	2.396900913759944
1273	2.396900913759944
1274	2.396900913759944
1275	2.396900913759944
1276	2.5770761345023705
1277	2.5770761345023705
1278	2.5770761345023705
1279	2.5770761345023705
1280	1.7124897386383486
1281	1.7124897386383486
1282	1.7124897386383486
1283	1.7124897386383486
1284	2.050675433325766
1285	2.050675433325766
1286	2.050675433325766
1287	2.050675433325766
1288	2.0077608587438873
1289	2.0077608587438873
1290	2.0077608587438873
1291	2.0077608587438873
1292	2.741450552999197
1293	2.741450552999197
1294	2.741450552999197
1295	2.741450552999197
1296	2.131809178696219
1297	2.131809178696219
1298	2.131809178696219
1299	2.131809178696219
1300	0.8545823200989349
1301	0.8545823200989349
1302	0.8545823200989349
1303	0.8545823200989349
1304	2.040923619667653
1305	2.040923619667653
1306	2.040923619667653
1307	2.040923619667653
1308	2.987561843283447
1309	4.5264016288440025
1310	4.5264016288440025
1311	4.5264016288440025
1312	4.5264016288440025
1313	6.377490549655153
1314	6.377490549655153
1315	6.377490549655153
1316	6.377490549655153
1317	6.271329476709454
1318	6.271329476709454
1319	6.271329476709454
1320	6.271329476709454
1321	5.0243376390368715
1322	5.0243376390368715
1323	5.0243376390368715
1324	5.0243376390368715
1325	2.5589651909436424
1326	2.5589651909436424
1327	2.5589651909436424
1328	2.5589651909436424
1329	2.4351981828434264
1330	2.4351981828434264
1331	5.695668676986782
1332	5.695668676986782
1333	5.695668676986782
1334	5.695668676986782
1335	3.734475396517485
1336	3.734475396517485
1337	5.107180615369506
1338	5.107180615369506
1339	5.107180615369506
1340	5.107180615369506
1341	1.8912813836380005
1342	1.8912813836380005
1343	1.8912813836380005
1344	1.8912813836380005
1345	3.632894023703738
1346	3.632894023703738
1347	3.632894023703738
1348	3.632894023703738
1349	4.772728471939422
1350	4.772728471939422
1351	4.772728471939422
1352	4.772728471939422
1353	2.805725159125763
1354	2.805725159125763
1355	2.805725159125763
1356	2.805725159125763
1357	2.31766188426499
1358	2.31766188426499
1359	2.31766188426499
1360	2.31766188426499
1361	2.559162317225757
1362	2.559162317225757
1363	2.559162317225757
1364	2.559162317225757
1365	1.5996677700210864
1366	1.5996677700210864
1367	1.5996677700210864
1368	1.5996677700210864
1369	3.073964274395441
1370	3.073964274395441
1371	3.073964274395441
1372	3.073964274395441
1373	4.127668708885444
1374	4.127668708885444
1375	4.127668708885444
1376	4.127668708885444
1377	3.4480806970874514
1378	3.4480806970874514
1379	3.4480806970874514
1380	3.4480806970874514
1381	3.6479408078193267
1382	3.6479408078193267
1383	3.6479408078193267
1384	3.6479408078193267
1385	2.5323230364605815
1386	2.5323230364605815
1387	2.5323230364605815
1388	2.5323230364605815
1389	2.417590696267818
1390	2.417590696267818
1391	2.417590696267818
1392	2.417590696267818
1393	0.8416180451283948
1394	0.8416180451283948
1395	0.8416180451283948
1396	0.8416180451283948
1397	1.6829076518915926
1398	1.6829076518915926
1399	1.6829076518915926
1400	1.6829076518915926
1401	3.4306209484590453
1402	3.4306209484590453
1403	3.4306209484590453
1404	3.4306209484590453
1405	4.639711050657122
1406	4.639711050657122
1407	4.639711050657122
1408	4.639711050657122
1409	2.9221845619991544
1410	2.9221845619991544
1411	2.9221845619991544
1412	2.9221845619991544
1413	5.864567795175093
1414	5.864567795175093
1415	5.864567795175093
1416	5.864567795175093
1417	4.737511610812043
1418	4.737511610812043
1419	4.737511610812043
1420	4.737511610812043
1421	4.880063842505532
1422	4.880063842505532
1423	4.880063842505532
1424	2.53731199881323
1425	2.53731199881323
1426	2.53731199881323
1427	2.53731199881323
1428	2.615309065894604
1429	2.615309065894604
1430	2.615309065894604
1431	2.615309065894604
1432	2.060926260739799
1433	2.060926260739799
1434	2.060926260739799
1435	2.060926260739799
1436	0.6151875590420826
1437	0.6151875590420826
1438	0.6151875590420826
1439	0.6151875590420826
1440	1.291848277811701
1441	1.291848277811701
1442	1.291848277811701
1443	1.291848277811701
1444	3.297811796212415
1445	3.297811796212415
1446	3.297811796212415
1447	3.297811796212415
1448	0.6463927097546789
1449	0.6463927097546789
1450	0.6463927097546789
1451	0.6463927097546789
1452	4.161990176780062
1453	4.161990176780062
1454	4.161990176780062
1455	4.161990176780062
1456	3.953248213454455
1457	3.953248213454455
1458	3.953248213454455
1459	3.953248213454455
1460	2.1356659384582337
1461	2.1356659384582337
1462	2.1356659384582337
1463	2.1356659384582337
1464	3.741026022136367
1465	3.741026022136367
1466	3.741026022136367
1467	3.741026022136367
1468	4.420361511838498
1469	4.420361511838498
1470	4.420361511838498
1471	1.7872907865032885
1472	1.7872907865032885
1473	1.7872907865032885
1474	1.7872907865032885
1475	1.0554203707622676
1476	1.0554203707622676
1477	1.0554203707622676
1478	1.0554203707622676
1479	1.448301115926777
1480	1.448301115926777
1481	1.448301115926777
1482	1.448301115926777
1483	3.2884154334987192
1484	3.2884154334987192
1485	3.2884154334987192
1486	3.2884154334987192
1487	1.9737759882699115
1488	1.9737759882699115
1489	1.9737759882699115
1490	1.9737759882699115
1491	2.0755395087846784
1492	2.0755395087846784
1493	2.0755395087846784
1494	2.0755395087846784
1495	3.093651469321988
1496	3.093651469321988
1497	1.8182880677211704
1498	1.8182880677211704
1499	1.8182880677211704
1500	1.8182880677211704
1501	2.3184128794828878
1502	2.3184128794828878
1503	2.3184128794828878
1504	2.3184128794828878
1505	4.168136101492577
1506	4.168136101492577
1507	4.168136101492577
1508	4.168136101492577
1509	2.08178202982479
1510	2.08178202982479
1511	2.08178202982479
1512	2.08178202982479
1513	3.7107776023843084
1514	3.7107776023843084
1515	3.7107776023843084
1516	3.7107776023843084
1517	1.9806204252127082
1518	1.9806204252127082
1519	1.9806204252127082
1520	1.9806204252127082
1521	0.8552539762356712
1522	0.8552539762356712
1523	0.8552539762356712
1524	0.8552539762356712
1525	4.914270665116669
1526	4.914270665116669
1527	4.914270665116669
1528	4.914270665116669
1529	2.2514494249792505
1530	2.2514494249792505
1531	2.2514494249792505
1532	2.2514494249792505
1533	3.36553299214573
1534	3.36553299214573
1535	3.36553299214573
1536	3.36553299214573
1537	2.588723862971125
1538	2.588723862971125
1539	2.588723862971125
1540	2.588723862971125
1541	0.7210389694196098
1542	0.7210389694196098
1543	0.7210389694196098
1544	0.7210389694196098
1545	1.011933569856658
1546	1.011933569856658
1547	1.011933569856658
1548	1.011933569856658
1549	3.255192695467071
1550	3.255192695467071
1551	3.255192695467071
1552	3.255192695467071
1553	2.379602738206434
1554	2.379602738206434
1555	2.379602738206434
1556	2.379602738206434
1557	1.1509470811581899
1558	1.1509470811581899
1559	1.1509470811581899
1560	1.1509470811581899
1561	1.091048558816992
1562	1.091048558816992
1563	1.091048558816992
1564	1.091048558816992
1565	1.5691154866115573
1566	1.5691154866115573
1567	1.5691154866115573
1568	1.5691154866115573
1569	2.0934382112184675
1570	2.0934382112184675
1571	2.0934382112184675
1572	2.0934382112184675
1573	1.380503747177132
1574	1.380503747177132
1575	1.380503747177132
1576	1.380503747177132
1577	1.7166256736305796
1578	1.7166256736305796
1579	1.7166256736305796
1580	1.7166256736305796
1581	3.8887790494667596
1582	3.8887790494667596
1583	3.8887790494667596
1584	3.8887790494667596
1585	0.31180960632725263
1586	0.31180960632725263
1587	0.31180960632725263
1588	0.31180960632725263
1589	1.3486568986053287
1590	1.3486568986053287
1591	1.3486568986053287
1592	1.3486568986053287
1593	3.871356470597412
1594	3.871356470597412
1595	3.871356470597412
1596	3.871356470597412
1597	2.9143803227019225
1598	2.9143803227019225
1599	2.9143803227019225
1600	2.9143803227019225
1601	1.8089664469530544
1602	1.8089664469530544
1603	1.8089664469530544
1604	1.8089664469530544
1605	0.1
1606	0.1
1607	0.1
1608	0.1
1609	2.39316973169135
1610	2.39316973169135
1611	2.39316973169135
1612	2.39316973169135
1613	3.4322083005893034
1614	3.4322083005893034
1615	3.4322083005893034
1616	3.4322083005893034
1617	3.1970647917417274
1618	3.1970647917417274
1619	3.1970647917417274
1620	3.1970647917417274
1621	2.9001534822987445
1622	2.9001534822987445
1623	2.9001534822987445
1624	2.9001534822987445
1625	5.057603632367178
1626	5.057603632367178
1627	5.057603632367178
1628	5.057603632367178
1629	1.2013384456658511
1630	1.2013384456658511
1631	1.2013384456658511
1632	1.2013384456658511
1633	0.8108030565001074
1634	0.8108030565001074
1635	0.8108030565001074
1636	0.8108030565001074
1637	1.8153537925872376
1638	1.8153537925872376
1639	1.8153537925872376
1640	1.8153537925872376
1641	0.9496498769007606
1642	0.9496498769007606
1643	0.9496498769007606
1644	0.9496498769007606
1645	2.0718156620166988
1646	2.0718156620166988
1647	2.0718156620166988
1648	2.0718156620166988
1649	2.7308220926930584
1650	2.7308220926930584
1651	2.7308220926930584
1652	2.7308220926930584
1653	2.0429335498427057
1654	2.0429335498427057
1655	2.0429335498427057
1656	2.0429335498427057
1657	2.9653310560782895
1658	2.9653310560782895
1659	2.9653310560782895
1660	2.9653310560782895
1661	2.9996309944792765
1662	2.9996309944792765
1663	2.9996309944792765
1664	2.9996309944792765
1665	2.48053240104512
1666	2.48053240104512
1667	2.48053240104512
1668	2.48053240104512
1669	1.2553094676747507
1670	1.2553094676747507
1671	1.2553094676747507
1672	1.2553094676747507
1673	0.9597194478594542
1674	0.9597194478594542
1675	0.9597194478594542
1676	0.9597194478594542
1677	3.1395360543975848
1678	3.1395360543975848
1679	3.1395360543975848
1680	3.1395360543975848
1681	1.518546056662836
1682	1.518546056662836
1683	1.518546056662836
1684	1.518546056662836
1685	2.605511214423685
1686	2.605511214423685
1687	2.605511214423685
1688	2.605511214423685
1689	1.627795333472093
1690	1.627795333472093
1691	1.627795333472093
1692	1.627795333472093
1693	1.0195945465297849
1694	1.0195945465297849
1695	1.0195945465297849
1696	1.0195945465297849
1697	2.5511912482287697
1698	2.5511912482287697
1699	2.5511912482287697
1700	2.5511912482287697
1701	1.3361329819172192
1702	1.3361329819172192
1703	1.3361329819172192
1704	1.3361329819172192
1705	4.062064387043796
1706	4.062064387043796
1707	4.062064387043796
1708	4.062064387043796
1709	2.9866064854051046
1710	2.9866064854051046
1711	2.9866064854051046
1712	2.9866064854051046
1713	1.8130671578597155
1714	1.8130671578597155
1715	1.8130671578597155
1716	1.8130671578597155
1717	3.3994605387059416
1718	3.3994605387059416
1719	3.3994605387059416
1720	3.3994605387059416
1721	0.6693625635178924
1722	0.6693625635178924
1723	0.6693625635178924
1724	0.6693625635178924
1725	2.296412461469462
1726	2.296412461469462
1727	2.296412461469462
1728	2.296412461469462
1729	0.11066658927543571
1730	0.11066658927543571
1731	0.11066658927543571
1732	0.11066658927543571
1733	2.0357429612303815
1734	2.0357429612303815
1735	2.0357429612303815
1736	2.0357429612303815
1737	1.401621479573608
1738	1.401621479573608
1739	1.401621479573608
1740	1.401621479573608
1741	0.8807072648290404
1742	0.8807072648290404
1743	0.8807072648290404
1744	4.211436108293132
1745	4.211436108293132
1746	4.211436108293132
1747	4.211436108293132
1748	3.2668076991158363
1749	3.2668076991158363
1750	3.2668076991158363
1751	3.2668076991158363
1752	2.6738152765206564
1753	2.6738152765206564
1754	2.6738152765206564
1755	2.6738152765206564
1756	0.6742612652473827
1757	0.6742612652473827
1758	0.6742612652473827
1759	0.6742612652473827
1760	3.2852926754567986
1761	3.2852926754567986
1762	3.2852926754567986
1763	3.2852926754567986
1764	2.255055860405806
1765	2.255055860405806
1766	2.255055860405806
1767	2.255055860405806
1768	4.309651911071338
1769	4.309651911071338
1770	4.309651911071338
1771	4.309651911071338
1772	3.5044386049240135
1773	3.5044386049240135
1774	3.5044386049240135
1775	3.5044386049240135
1776	3.3215187418474557
1777	3.3215187418474557
1778	3.3215187418474557
1779	3.3215187418474557
1780	0.46075611699391406
1781	0.46075611699391406
1782	0.46075611699391406
1783	0.46075611699391406
1784	2.2323796822324047
1785	2.2323796822324047
1786	2.2323796822324047
1787	2.2323796822324047
1788	4.953876727179484
1789	4.953876727179484
1790	4.953876727179484
1791	4.953876727179484
1792	2.7410849986808365
1793	2.7410849986808365
1794	2.7410849986808365
1795	2.7410849986808365
1796	2.6899897998493163
1797	2.6899897998493163
1798	2.6899897998493163
1799	2.6899897998493163
1800	3.571868199579198
1801	3.571868199579198
1802	3.571868199579198
1803	3.571868199579198
1804	1.01977707105394
1805	1.01977707105394
1806	1.01977707105394
1807	1.01977707105394
1808	1.9078303175126416
1809	1.9078303175126416
1810	1.9078303175126416
1811	1.9078303175126416
1812	2.7509763107239977
1813	2.7509763107239977
1814	2.7509763107239977
1815	2.7509763107239977
1816	2.5417492414675067
1817	2.5417492414675067
1818	2.5417492414675067
1819	2.5417492414675067
1820	4.619027440803018
1821	4.619027440803018
1822	4.619027440803018
1823	4.619027440803018
1824	2.9570587740765895
1825	2.9570587740765895
1826	2.9570587740765895
1827	2.9570587740765895
1828	4.132276390044518
1829	4.132276390044518
1830	4.132276390044518
1831	4.132276390044518
1832	1.2078955303481396
1833	1.2078955303481396
1834	1.2078955303481396
1835	1.2078955303481396
1836	3.288607769827362
1837	3.288607769827362
1838	3.288607769827362
1839	3.288607769827362
1840	3.554151278568818
1841	3.554151278568818
1842	3.554151278568818
1843	3.554151278568818
1844	1.7726272442584958
1845	1.7726272442584958
1846	1.7726272442584958
1847	1.7726272442584958
1848	1.3890326997783506
1849	1.3890326997783506
1850	1.3890326997783506
1851	1.3890326997783506
1852	1.1874068065917458
1853	1.1874068065917458
1854	1.1874068065917458
1855	1.1874068065917458
1856	1.7726109370367604
1857	1.7726109370367604
1858	1.7726109370367604
1859	1.7726109370367604
1860	3.6336116658318964
1861	3.6336116658318964
1862	3.6336116658318964
1863	3.6336116658318964
1864	1.6888839530157322
1865	1.6888839530157322
1866	1.6888839530157322
1867	1.6888839530157322
1868	3.2797450486786746
1869	3.2797450486786746
1870	3.2797450486786746
1871	3.2797450486786746
1872	2.79302792038509
1873	2.79302792038509
1874	2.79302792038509
1875	2.79302792038509
1876	3.8687728191518582
1877	3.8687728191518582
1878	3.8687728191518582
1879	3.8687728191518582
1880	3.157871017246139
1881	3.157871017246139
1882	3.157871017246139
1883	3.157871017246139
1884	2.765830699918257
1885	2.765830699918257
1886	2.765830699918257
1887	2.765830699918257
1888	0.7954123640360629
1889	0.7954123640360629
1890	0.7954123640360629
1891	0.7954123640360629
1892	2.9249902121089244
1893	2.9249902121089244
1894	2.9249902121089244
1895	2.9249902121089244
1896	2.7754050118133278
1897	2.7754050118133278
1898	2.7754050118133278
1899	2.7754050118133278
1900	4.827156135994979
1901	4.827156135994979
1902	4.827156135994979
1903	4.827156135994979
1904	3.347013708953222
1905	3.347013708953222
1906	3.347013708953222
1907	3.347013708953222
1908	2.029521197180812
1909	2.029521197180812
1910	2.029521197180812
1911	2.029521197180812
1912	2.7951885702712
1913	2.7951885702712
1914	2.7951885702712
1915	2.7951885702712
1916	2.121131030569824
1917	2.121131030569824
1918	2.121131030569824
1919	2.121131030569824
1920	3.4848948121074135
1921	3.4848948121074135
1922	3.4848948121074135
1923	3.4848948121074135
1924	3.069374353963226
1925	3.069374353963226
1926	3.069374353963226
1927	3.069374353963226
1928	2.121110245486816
1929	2.121110245486816
1930	2.121110245486816
1931	2.121110245486816
1932	2.573704772604553
1933	2.573704772604553
1934	2.573704772604553
1935	2.573704772604553
1936	4.849903812862844
1937	4.849903812862844
1938	4.849903812862844
1939	4.849903812862844
1940	1.0928415047238584
1941	1.0928415047238584
1942	1.0928415047238584
1943	1.0928415047238584
1944	1.635488222458648
1945	1.635488222458648
1946	1.635488222458648
1947	1.635488222458648
1948	1.8829825428024636
1949	1.8829825428024636
1950	1.8829825428024636
1951	1.8829825428024636
1952	3.9317897497619922
1953	3.9317897497619922
1954	3.9317897497619922
1955	3.9317897497619922
1956	4.186085706556654
1957	4.186085706556654
1958	4.186085706556654
1959	4.186085706556654
1960	2.5837992522849613
1961	2.5837992522849613
1962	2.5837992522849613
1963	7.483366495415192
1964	7.483366495415192
1965	7.483366495415192
1966	7.483366495415192
1967	6.053044921279704
1968	6.053044921279704
1969	6.053044921279704
1970	6.053044921279704
1971	4.017085126475945
1972	4.017085126475945
1973	4.017085126475945
1974	4.017085126475945
1975	2.514052515228203
1976	2.514052515228203
1977	2.514052515228203
1978	2.514052515228203
1979	1.1155198916857039
1980	1.1155198916857039
1981	1.1155198916857039
1982	1.1155198916857039
1983	3.1282185307353694
1984	3.1282185307353694
1985	3.1282185307353694
1986	3.1282185307353694
1987	3.8766937801188996
1988	3.8766937801188996
1989	3.8766937801188996
1990	3.8766937801188996
1991	5.358036599434197
1992	5.358036599434197
1993	5.358036599434197
1994	5.358036599434197
1995	6.375134515163619
1996	6.375134515163619
1997	6.375134515163619
1998	6.375134515163619
1999	2.1275914985690445
