0	2.494753109566049
1	2.494753109566049
2	2.494753109566049
3	1.904696167691831
4	1.904696167691831
5	1.904696167691831
6	2.679544099292677
7	2.679544099292677
8	2.679544099292677
9	2.922647325732151
10	2.922647325732151
11	2.922647325732151
12	1.0956947080252668
13	1.0956947080252668
14	1.0956947080252668
15	2.9572692829902643
16	2.9572692829902643
17	2.9572692829902643
18	2.9923176813023162
19	2.9923176813023162
20	2.9923176813023162
21	2.270061090848831
22	2.270061090848831
23	2.270061090848831
24	1.7343531196997835
25	1.7343531196997835
26	1.7343531196997835
27	1.7301923111099606
28	1.7301923111099606
29	1.7301923111099606
30	3.3952601695298323
31	3.3952601695298323
32	3.3952601695298323
33	1.5560097600998803
34	1.5560097600998803
35	1.5560097600998803
36	2.2645240904850494
37	2.2645240904850494
38	3.3474133589814663
39	3.3474133589814663
40	3.3474133589814663
41	2.62784719469897
42	2.62784719469897
43	2.62784719469897
44	3.2674549363691927
45	3.2674549363691927
46	3.2674549363691927
47	2.6093341856970573
48	2.6093341856970573
49	2.6093341856970573
50	3.593989189310593
51	3.593989189310593
52	3.593989189310593
53	2.855185052716368
54	2.855185052716368
55	2.855185052716368
56	1.30429291008786
57	1.30429291008786
58	1.30429291008786
59	3.5717576696466193
60	3.5717576696466193
61	3.5717576696466193
62	3.2831426599705527
63	3.2831426599705527
64	3.2831426599705527
65	2.470202193840953
66	2.470202193840953
67	2.470202193840953
68	3.1013225489645455
69	3.1013225489645455
70	3.1013225489645455
71	1.9929002369033213
72	1.9929002369033213
73	1.9929002369033213
74	3.669046490148123
75	3.669046490148123
76	3.669046490148123
77	2.295332415456315
78	2.295332415456315
79	2.295332415456315
80	2.5603895847440956
81	2.5603895847440956
82	2.5603895847440956
83	2.6515887161133116
84	2.6515887161133116
85	2.6515887161133116
86	3.345564446528211
87	3.345564446528211
88	3.345564446528211
89	2.562672184394758
90	2.562672184394758
91	2.562672184394758
92	2.7862391598159326
93	2.7862391598159326
94	2.7862391598159326
95	2.7111411305766158
96	2.7111411305766158
97	2.7111411305766158
98	3.7997460072517057
99	3.7997460072517057
100	3.7997460072517057
101	4.531744506614977
102	4.531744506614977
103	4.531744506614977
104	3.0222032337565374
105	3.0222032337565374
106	3.0222032337565374
107	2.3142067262240937
108	2.3142067262240937
109	2.3142067262240937
110	2.0960282858904122
111	2.0960282858904122
112	2.0960282858904122
113	1.890729843052171
114	1.890729843052171
115	1.890729843052171
116	1.972582362835324
117	1.972582362835324
118	1.972582362835324
119	2.6457220325420128
120	2.6457220325420128
121	2.6457220325420128
122	1.3875547305587586
123	1.3875547305587586
124	1.3875547305587586
125	3.36276275048589
126	3.36276275048589
127	3.36276275048589
128	0.6898165508301533
129	0.6898165508301533
130	0.6898165508301533
131	0.8523105850117633
132	0.8523105850117633
133	0.8523105850117633
134	0.9620524703734133
135	0.9620524703734133
136	0.9620524703734133
137	0.5944446045041549
138	0.5944446045041549
139	0.5944446045041549
140	0.7231407833813531
141	0.7231407833813531
142	0.7231407833813531
143	0.5701720665293081
144	0.5701720665293081
145	0.5701720665293081
146	0.9665492484240492
147	0.9665492484240492
148	0.9665492484240492
149	0.490742106913485
150	0.490742106913485
151	0.490742106913485
152	0.8073758067501565
153	0.8073758067501565
154	0.8073758067501565
155	0.9431156182044842
156	0.9431156182044842
157	0.9431156182044842
158	0.5144322218618024
159	0.5144322218618024
160	0.5144322218618024
161	0.777055470985872
162	0.777055470985872
163	0.777055470985872
164	0.4996534731650206
165	0.4996534731650206
166	0.4996534731650206
167	0.46152200611396377
168	0.46152200611396377
169	2.8933263591119425
170	2.8933263591119425
171	2.8933263591119425
172	2.337347753361382
173	2.337347753361382
174	2.337347753361382
175	3.0429000468031027
176	3.0429000468031027
177	3.0429000468031027
178	2.3080978169556827
179	2.3080978169556827
180	2.3080978169556827
181	2.8603538787523366
182	2.8603538787523366
183	2.8603538787523366
184	3.0536309636549115
185	3.0536309636549115
186	3.0536309636549115
187	3.040553769979352
188	3.040553769979352
189	3.040553769979352
190	2.516084688753568
191	2.516084688753568
192	2.516084688753568
193	3.10255957439938
194	3.10255957439938
195	3.10255957439938
196	3.2137712036013637
197	3.2137712036013637
198	3.2137712036013637
199	3.8300073242204427
200	3.8300073242204427
201	3.8300073242204427
202	2.821676527733336
203	2.821676527733336
204	2.821676527733336
205	3.8014103358537206
206	3.8014103358537206
207	3.8014103358537206
208	1.439099122419571
209	1.439099122419571
210	1.439099122419571
211	4.039612900010091
212	4.039612900010091
213	4.039612900010091
214	2.768636509373346
215	2.768636509373346
216	2.768636509373346
217	2.8276537639893964
218	2.8276537639893964
219	2.8276537639893964
220	2.952239801569346
221	2.952239801569346
222	2.952239801569346
223	3.4628692573941193
224	3.4628692573941193
225	3.4628692573941193
226	2.5374983563993636
227	2.5374983563993636
228	2.5374983563993636
229	5.355142314600109
230	5.355142314600109
231	5.355142314600109
232	4.9548746879539705
233	4.9548746879539705
234	4.9548746879539705
235	4.2751887469753855
236	4.2751887469753855
237	4.2751887469753855
238	5.845854877052384
239	5.845854877052384
240	5.845854877052384
241	3.442143416690766
242	3.442143416690766
243	3.442143416690766
244	1.7061720478864313
245	1.7061720478864313
246	1.8784813960821893
247	1.8784813960821893
248	1.8784813960821893
249	2.7490564326214995
250	2.7490564326214995
251	2.7490564326214995
252	3.5404995544665936
253	3.5404995544665936
254	3.5404995544665936
255	3.287008834195897
256	3.287008834195897
257	3.287008834195897
258	2.242885742061333
259	2.242885742061333
260	2.242885742061333
261	2.0947944809403825
262	2.0947944809403825
263	2.0947944809403825
264	2.0758791309235374
265	2.0758791309235374
266	2.0758791309235374
267	4.1784334943703065
268	4.1784334943703065
269	4.1784334943703065
270	3.4018920124456264
271	3.4018920124456264
272	3.4018920124456264
273	4.217282275393396
274	4.217282275393396
275	4.217282275393396
276	2.0917076578051237
277	2.0917076578051237
278	2.0917076578051237
279	3.4358487816662944
280	3.4358487816662944
281	3.4358487816662944
282	2.6046620158395495
283	2.6046620158395495
284	2.6046620158395495
285	2.611643532005443
286	2.611643532005443
287	2.611643532005443
288	5.025287433798651
289	5.025287433798651
290	5.025287433798651
291	2.4236257269743735
292	2.4236257269743735
293	2.4236257269743735
294	4.168632639170497
295	4.168632639170497
296	4.168632639170497
297	2.573427999385758
298	2.573427999385758
299	2.573427999385758
300	3.830717849302938
301	3.830717849302938
302	3.830717849302938
303	5.585471180845741
304	5.585471180845741
305	5.585471180845741
306	3.025441018502505
307	3.025441018502505
308	3.025441018502505
309	4.375765106788299
310	4.375765106788299
311	4.375765106788299
312	3.3533659617147205
313	3.3533659617147205
314	3.3533659617147205
315	3.983368011319713
316	3.983368011319713
317	3.983368011319713
318	3.936453852492394
319	3.936453852492394
320	3.936453852492394
321	4.533843802343833
322	4.533843802343833
323	4.533843802343833
324	3.789847520052528
325	3.789847520052528
326	0.4416486435895375
327	0.4416486435895375
328	0.4416486435895375
329	0.5434238490260968
330	0.5434238490260968
331	0.5434238490260968
332	0.6338478465100515
333	0.6338478465100515
334	0.6338478465100515
335	0.432476650706037
336	0.432476650706037
337	0.432476650706037
338	0.6119560032789869
339	0.6119560032789869
340	0.6119560032789869
341	0.7654621374622479
342	0.7654621374622479
343	0.7654621374622479
344	0.8433078740926665
345	0.8433078740926665
346	0.8433078740926665
347	4.292965144020849
348	4.292965144020849
349	4.292965144020849
350	4.42763735082386
351	4.42763735082386
352	4.42763735082386
353	5.248091452809392
354	5.248091452809392
355	5.248091452809392
356	4.61586734446901
357	4.61586734446901
358	4.61586734446901
359	3.017578356292994
360	3.017578356292994
361	3.017578356292994
362	3.819999676728475
363	3.819999676728475
364	3.819999676728475
365	1.905762414578212
366	1.905762414578212
367	1.905762414578212
368	2.9268308085608816
369	2.9268308085608816
370	2.9268308085608816
371	3.566862380320753
372	3.566862380320753
373	3.566862380320753
374	3.6086601899535338
375	3.6086601899535338
376	3.6086601899535338
377	3.0713601475431194
378	3.0713601475431194
379	3.0713601475431194
380	3.375402213607177
381	3.375402213607177
382	3.375402213607177
383	3.3768178527230766
384	3.3768178527230766
385	3.3768178527230766
386	5.077965866606145
387	5.077965866606145
388	1.485843727391435
389	1.485843727391435
390	1.485843727391435
391	1.2028164937899786
392	1.2028164937899786
393	1.2028164937899786
394	1.6404716235086225
395	1.6404716235086225
396	1.6404716235086225
397	1.6157207459859564
398	1.6157207459859564
399	1.6157207459859564
400	1.547815564936319
401	1.547815564936319
402	1.547815564936319
403	1.6357710685037636
404	1.6357710685037636
405	1.6357710685037636
406	1.5794240853422796
407	1.5794240853422796
408	1.5794240853422796
409	2.5485754564441145
410	2.5485754564441145
411	2.5485754564441145
412	1.311779776970111
413	1.311779776970111
414	1.311779776970111
415	1.2835143338224357
416	1.2835143338224357
417	1.2835143338224357
418	1.417580385054701
419	1.417580385054701
420	1.417580385054701
421	2.2933245533903377
422	2.2933245533903377
423	2.2933245533903377
424	1.1739677015846433
425	1.1739677015846433
426	1.1739677015846433
427	1.1296123246947314
428	1.1296123246947314
429	1.1296123246947314
430	0.8226406225002243
431	0.8226406225002243
432	0.8226406225002243
433	1.6744729084329761
434	1.6744729084329761
435	1.6744729084329761
436	1.7617221222298225
437	1.7617221222298225
438	1.7617221222298225
439	2.074272766207735
440	2.074272766207735
441	2.074272766207735
442	1.9373274168459926
443	1.9373274168459926
444	1.9373274168459926
445	1.8686180915777229
446	1.8686180915777229
447	4.626886730351165
448	4.626886730351165
449	4.626886730351165
450	3.1725632513309687
451	3.1725632513309687
452	3.1725632513309687
453	4.199844280806291
454	4.199844280806291
455	4.199844280806291
456	2.5633345288833933
457	2.5633345288833933
458	2.5633345288833933
459	3.038455686461717
460	3.038455686461717
461	3.038455686461717
462	3.287792938423264
463	3.287792938423264
464	3.287792938423264
465	2.676560404751129
466	2.676560404751129
467	2.676560404751129
468	3.674288611921916
469	3.674288611921916
470	3.674288611921916
471	3.7233725842568215
472	3.7233725842568215
473	3.7233725842568215
474	2.764280940556802
475	2.764280940556802
476	2.764280940556802
477	4.776182258632251
478	4.776182258632251
479	4.776182258632251
480	3.061234809695212
481	2.0697523156115616
482	2.0697523156115616
483	2.0697523156115616
484	2.8732128713011553
485	2.8732128713011553
486	2.8732128713011553
487	1.3878326757358366
488	1.3878326757358366
489	1.3878326757358366
490	1.9497794551403587
491	1.9497794551403587
492	1.9497794551403587
493	1.7732324435464681
494	3.6885552346945705
495	3.6885552346945705
496	3.6885552346945705
497	0.7241011294083588
498	0.7241011294083588
499	0.7241011294083588
500	2.8707252014018163
501	2.8707252014018163
502	2.8707252014018163
503	2.7542336107556356
504	2.7542336107556356
505	2.7542336107556356
506	3.8803732001131115
507	3.8803732001131115
508	3.8803732001131115
509	3.4238208025885886
510	3.4238208025885886
511	3.4238208025885886
512	2.541002165357293
513	2.541002165357293
514	2.541002165357293
515	3.0926636436401544
516	3.0926636436401544
517	3.0926636436401544
518	2.918024471126387
519	2.918024471126387
520	2.918024471126387
521	3.6867905780637216
522	3.6867905780637216
523	3.6867905780637216
524	2.6485270386341666
525	2.6485270386341666
526	1.5857705434552425
527	1.5857705434552425
528	1.5857705434552425
529	2.3640559297999513
530	2.3640559297999513
531	2.3640559297999513
532	2.4032701792647577
533	2.4032701792647577
534	2.4032701792647577
535	0.7349810182586529
536	0.7349810182586529
537	0.7349810182586529
538	2.806222098760661
539	2.806222098760661
540	2.806222098760661
541	2.355869597466081
542	2.355869597466081
543	2.355869597466081
544	2.407223512076869
545	2.831271133815203
546	2.831271133815203
547	2.831271133815203
548	2.0158760985074546
549	2.0158760985074546
550	2.0158760985074546
551	3.3511041732695706
552	2.0320447636885492
553	2.0320447636885492
554	2.0320447636885492
555	2.482124918979204
556	2.482124918979204
557	1.5262459078264263
558	1.5262459078264263
559	1.5262459078264263
560	1.330368116220726
561	1.330368116220726
562	1.330368116220726
563	1.6498214582086745
564	1.6498214582086745
565	1.6498214582086745
566	1.6322445300690493
567	1.6322445300690493
568	1.6322445300690493
569	1.0542832472676165
570	1.0542832472676165
571	3.1910368557814377
572	3.1910368557814377
573	3.1910368557814377
574	4.701356770405272
575	4.701356770405272
576	0.7829861728271101
577	0.7829861728271101
578	0.9683841524599014
579	0.9683841524599014
580	0.9683841524599014
581	1.2766227319646708
582	1.2766227319646708
583	1.2766227319646708
584	1.3442601105868763
585	1.3442601105868763
586	1.3442601105868763
587	3.442012274103333
588	3.442012274103333
589	3.442012274103333
590	1.5570265135941863
591	1.5570265135941863
592	1.5570265135941863
593	2.4924964915534327
594	2.4924964915534327
595	2.4924964915534327
596	2.2535739037133653
597	2.2535739037133653
598	2.2535739037133653
599	4.981003706402283
600	4.981003706402283
601	4.981003706402283
602	4.3425792747126115
603	4.3425792747126115
604	4.3425792747126115
605	4.559441302729121
606	4.559441302729121
607	4.559441302729121
608	2.8946749063864816
609	2.8946749063864816
610	4.041716987331745
611	4.041716987331745
612	4.041716987331745
613	5.904876486592535
614	5.904876486592535
615	5.904876486592535
616	4.66055266138802
617	4.66055266138802
618	4.66055266138802
619	2.3359958780087693
620	2.3359958780087693
621	2.3359958780087693
622	4.396201943613927
623	4.396201943613927
624	4.396201943613927
625	3.0867478397022583
626	3.0867478397022583
627	3.0867478397022583
628	3.8348659709451014
629	3.8348659709451014
630	2.6152854504926633
631	2.6152854504926633
632	2.6152854504926633
633	2.770791201754173
634	2.770791201754173
635	2.770791201754173
636	3.228287079677573
637	3.228287079677573
638	3.228287079677573
639	2.9238772530285795
640	2.9238772530285795
641	2.9238772530285795
642	2.357688633294636
643	2.357688633294636
644	2.357688633294636
645	2.4414384396692204
646	2.255415435061189
647	2.255415435061189
648	2.255415435061189
649	1.6835113779035042
650	1.6835113779035042
651	1.6835113779035042
652	1.8649682726504537
653	1.8649682726504537
654	1.8649682726504537
655	1.3706339386809543
656	1.3706339386809543
657	1.3706339386809543
658	1.8516892303846555
659	2.871665759959989
660	2.871665759959989
661	2.871665759959989
662	2.6522667341047153
663	2.6522667341047153
664	2.6522667341047153
665	1.9537196661407812
666	1.9537196661407812
667	1.9537196661407812
668	2.6294305069517656
669	2.6294305069517656
670	2.6294305069517656
671	2.3679834568237785
672	2.3679834568237785
673	2.3679834568237785
674	0.9114800798404821
675	0.9114800798404821
676	0.9114800798404821
677	1.8436511773872706
678	1.8436511773872706
679	1.8436511773872706
680	1.8788628978635185
681	5.485448934834868
682	5.485448934834868
683	5.485448934834868
684	5.067343089906343
685	5.067343089906343
686	5.067343089906343
687	3.878846291288162
688	3.878846291288162
689	3.878846291288162
690	5.379038775832686
691	5.379038775832686
692	5.379038775832686
693	3.588527020478036
694	3.588527020478036
695	3.588527020478036
696	4.351358575081453
697	4.351358575081453
698	4.351358575081453
699	5.76791836632963
700	5.76791836632963
701	5.76791836632963
702	4.554210908054372
703	4.554210908054372
704	4.554210908054372
705	2.977381127315387
706	2.977381127315387
707	2.977381127315387
708	5.8664069207062735
709	5.8664069207062735
710	5.8664069207062735
711	4.590230551465516
712	4.590230551465516
713	4.590230551465516
714	5.437425544888168
715	5.437425544888168
716	5.437425544888168
717	1.9050892675560676
718	1.9050892675560676
719	1.9050892675560676
720	1.8088621315206617
721	1.8088621315206617
722	1.8088621315206617
723	1.8559533807666144
724	1.8559533807666144
725	1.8559533807666144
726	1.454769096211759
727	1.454769096211759
728	1.454769096211759
729	1.670666076473754
730	1.670666076473754
731	1.670666076473754
732	1.3069263690084552
733	1.3069263690084552
734	1.3069263690084552
735	1.9704383885498877
736	1.9704383885498877
737	1.9704383885498877
738	1.721858433563317
739	1.721858433563317
740	1.721858433563317
741	5.28864114488453
742	5.28864114488453
743	5.28864114488453
744	3.5605977115689944
745	3.5605977115689944
746	3.5605977115689944
747	3.529748087708722
748	3.529748087708722
749	3.529748087708722
750	3.718725585966179
751	3.718725585966179
752	3.718725585966179
753	2.845674990021075
754	2.845674990021075
755	2.845674990021075
756	2.8974026916489115
757	2.8974026916489115
758	2.8974026916489115
759	3.7605700330613874
760	3.7605700330613874
761	3.7605700330613874
762	3.8023072083847174
763	3.8023072083847174
764	3.8023072083847174
765	3.011092772444517
766	3.011092772444517
767	3.011092772444517
768	3.8468724631927804
769	3.8468724631927804
770	3.8468724631927804
771	3.616561341362166
772	3.616561341362166
773	3.616561341362166
774	4.043031317379334
775	4.043031317379334
776	4.043031317379334
777	2.534591478386674
778	4.899951427482232
779	4.899951427482232
780	4.899951427482232
781	5.260098819073651
782	5.260098819073651
783	5.260098819073651
784	4.283214275817167
785	4.283214275817167
786	4.283214275817167
787	3.7352160120073306
788	3.7352160120073306
789	3.7352160120073306
790	2.863489211259401
791	0.9605544049890251
792	0.9605544049890251
793	3.0580560580071965
794	3.0580560580071965
795	3.0580560580071965
796	3.3813725304491546
797	3.3813725304491546
798	3.3813725304491546
799	4.072789496123615
800	4.072789496123615
801	4.072789496123615
802	4.397805592668379
803	4.397805592668379
804	4.397805592668379
805	5.051969696869447
806	5.051969696869447
807	5.051969696869447
808	2.8519003401961855
809	2.8519003401961855
810	2.8519003401961855
811	2.314144785448428
812	2.314144785448428
813	2.314144785448428
814	4.781177514527419
815	4.781177514527419
816	4.781177514527419
817	2.437363228585286
818	2.437363228585286
819	2.437363228585286
820	4.0626692969724925
821	4.0626692969724925
822	4.0626692969724925
823	3.111148252103673
824	3.111148252103673
825	3.111148252103673
826	3.630244807381122
827	3.630244807381122
828	2.1780922841596206
829	2.1780922841596206
830	2.1780922841596206
831	2.3366262863613487
832	2.3366262863613487
833	2.3366262863613487
834	2.2300201472857184
835	2.2300201472857184
836	2.2300201472857184
837	2.4115694827506635
838	2.4115694827506635
839	2.4115694827506635
840	2.364515636859381
841	2.364515636859381
842	2.364515636859381
843	1.364673453045497
844	1.364673453045497
845	1.364673453045497
846	1.9275246558170405
847	1.9275246558170405
848	1.9275246558170405
849	2.064537400629853
850	2.064537400629853
851	2.064537400629853
852	2.3152676973313913
853	2.3152676973313913
854	2.3152676973313913
855	1.9421571476033765
856	1.9421571476033765
857	1.9421571476033765
858	1.4965307460298014
859	1.4965307460298014
860	1.4965307460298014
861	2.5681133249435075
862	2.5681133249435075
863	3.687716870316468
864	3.687716870316468
865	3.687716870316468
866	1.882303085861991
867	1.882303085861991
868	1.882303085861991
869	2.710592578797664
870	2.710592578797664
871	2.710592578797664
872	2.389038984936658
873	2.389038984936658
874	2.389038984936658
875	1.8765464295671983
876	1.8765464295671983
877	1.8765464295671983
878	1.7258085118738946
879	1.7258085118738946
880	1.7258085118738946
881	1.913454769768414
882	1.913454769768414
883	1.913454769768414
884	1.579136490858939
885	1.579136490858939
886	1.579136490858939
887	2.4345892095202575
888	2.4345892095202575
889	2.4345892095202575
890	3.168703719940063
891	3.168703719940063
892	3.168703719940063
893	1.0432825531888588
894	1.0432825531888588
895	1.0432825531888588
896	1.4789842079240585
897	1.4789842079240585
898	1.4789842079240585
899	1.6823323745443093
900	1.6823323745443093
901	1.6823323745443093
902	2.202879477062103
903	2.202879477062103
904	2.202879477062103
905	2.0362938120042746
906	2.0362938120042746
907	2.0362938120042746
908	1.0598981068689963
909	1.0598981068689963
910	1.0598981068689963
911	2.0213623576785102
912	2.0213623576785102
913	2.0213623576785102
914	3.205683208171388
915	3.205683208171388
916	3.205683208171388
917	1.6406255159242342
918	1.6406255159242342
919	1.6406255159242342
920	1.7145728358240064
921	1.7145728358240064
922	1.7145728358240064
923	2.9127395011169304
924	2.9127395011169304
925	2.9127395011169304
926	2.2270711758017745
927	2.2270711758017745
928	2.2270711758017745
929	3.5093709273290843
930	3.5093709273290843
931	3.5093709273290843
932	2.5644606784609962
933	2.5644606784609962
934	2.5644606784609962
935	1.917337466998641
936	1.917337466998641
937	1.917337466998641
938	2.4619264218893235
939	2.7427059099464532
940	2.7427059099464532
941	2.7427059099464532
942	2.4637689950025865
943	2.4637689950025865
944	2.4637689950025865
945	2.1562025323159686
946	2.1562025323159686
947	2.1562025323159686
948	3.297684667368854
949	3.297684667368854
950	3.297684667368854
951	2.7548296119854245
952	2.7548296119854245
953	2.7548296119854245
954	2.541429612713982
955	2.541429612713982
956	1.0880078140493574
957	1.0880078140493574
958	1.0880078140493574
959	1.3752289631386492
960	1.3752289631386492
961	1.3752289631386492
962	1.1575796274015795
963	1.1575796274015795
964	1.1575796274015795
965	1.0482645158658024
966	1.0482645158658024
967	1.0482645158658024
968	0.8834035549873696
969	2.1598277901800427
970	2.1598277901800427
971	2.1598277901800427
972	2.685085087910742
973	2.685085087910742
974	2.685085087910742
975	3.3879261976438846
976	3.3879261976438846
977	3.3879261976438846
978	2.4357538469235998
979	2.4357538469235998
980	2.4357538469235998
981	3.4842579943025433
982	3.4842579943025433
983	3.4842579943025433
984	2.4137248633914483
985	2.4137248633914483
986	2.4137248633914483
987	1.636084286512588
988	1.636084286512588
989	1.636084286512588
990	3.0173665528475677
991	3.0173665528475677
992	3.0173665528475677
993	3.267841866977801
994	3.267841866977801
995	3.267841866977801
996	2.6201133840980333
997	2.6201133840980333
998	2.6201133840980333
999	3.617931734574758
1000	3.617931734574758
1001	3.617931734574758
1002	3.530659285641225
1003	3.530659285641225
1004	3.530659285641225
1005	1.6242203831554445
1006	1.6242203831554445
1007	1.6242203831554445
1008	3.2105571113241433
1009	3.2105571113241433
1010	3.2105571113241433
1011	0.5801012565131114
1012	2.247420226614091
1013	2.247420226614091
1014	2.247420226614091
1015	2.3310635439774696
1016	2.3310635439774696
1017	2.3310635439774696
1018	2.6768932860048538
1019	2.6768932860048538
1020	2.6768932860048538
1021	2.291361584685923
1022	2.291361584685923
1023	2.291361584685923
1024	3.2494194332141833
1025	3.2494194332141833
1026	3.2494194332141833
1027	2.1222457778561803
1028	2.1222457778561803
1029	2.1222457778561803
1030	3.562659250967637
1031	3.562659250967637
1032	3.562659250967637
1033	1.8790937117775783
1034	1.8790937117775783
1035	1.8790937117775783
1036	2.4993597138815757
1037	2.4993597138815757
1038	2.4993597138815757
1039	2.6237667303216408
1040	2.6237667303216408
1041	2.6237667303216408
1042	3.3693940583960997
1043	3.3693940583960997
1044	3.3693940583960997
1045	1.8533995175957816
1046	1.8533995175957816
1047	1.8533995175957816
1048	1.7515296535812677
1049	1.7515296535812677
1050	1.7515296535812677
1051	3.1642591444677155
1052	3.1642591444677155
1053	3.1642591444677155
1054	0.921279030751444
1055	0.921279030751444
1056	0.921279030751444
1057	2.8160274273103014
1058	2.8160274273103014
1059	2.8160274273103014
1060	3.1808206821981737
1061	3.1808206821981737
1062	3.1808206821981737
1063	2.6116803023971054
1064	2.6116803023971054
1065	2.6116803023971054
1066	3.1064222923759233
1067	3.1064222923759233
1068	3.1064222923759233
1069	2.49466742862033
1070	2.49466742862033
1071	2.49466742862033
1072	3.2902583454042627
1073	3.2902583454042627
1074	3.2902583454042627
1075	1.359041566747483
1076	1.359041566747483
1077	1.359041566747483
1078	2.1389971321151653
1079	2.1389971321151653
1080	2.1389971321151653
1081	3.03273298266958
1082	3.03273298266958
1083	3.03273298266958
1084	2.4902591655935873
1085	2.4902591655935873
1086	2.4902591655935873
1087	3.8069457402393008
1088	3.8069457402393008
1089	3.8069457402393008
1090	0.9667288717652822
1091	0.9667288717652822
1092	0.9667288717652822
1093	3.068536337200141
1094	3.068536337200141
1095	3.068536337200141
1096	2.5854308674875246
1097	2.5854308674875246
1098	2.5854308674875246
1099	1.9769360015550026
1100	1.9769360015550026
1101	1.9769360015550026
1102	2.6023397487715414
1103	2.6023397487715414
1104	2.6023397487715414
1105	2.42617169583655
1106	2.42617169583655
1107	2.42617169583655
1108	2.5350773628222347
1109	2.5350773628222347
1110	2.5350773628222347
1111	2.5400627595949374
1112	2.5400627595949374
1113	2.5400627595949374
1114	1.9537000641994249
1115	1.9537000641994249
1116	1.9537000641994249
1117	3.4842846771319156
1118	3.4842846771319156
1119	3.4842846771319156
1120	2.766826181071777
1121	2.766826181071777
1122	2.766826181071777
1123	1.7308235166520467
1124	1.7308235166520467
1125	1.7308235166520467
1126	2.374093561961717
1127	2.374093561961717
1128	2.374093561961717
1129	1.9367837918938622
1130	1.9367837918938622
1131	1.9367837918938622
1132	1.8851311772911972
1133	1.8851311772911972
1134	1.8851311772911972
1135	2.418453685480494
1136	2.418453685480494
1137	2.418453685480494
1138	2.971233726200308
1139	2.971233726200308
1140	2.971233726200308
1141	1.8854608450896988
1142	1.8854608450896988
1143	1.8854608450896988
1144	1.5871026663986436
1145	1.5871026663986436
1146	1.5871026663986436
1147	3.1975041299984093
1148	3.1975041299984093
1149	3.9348908163188545
1150	3.9348908163188545
1151	3.9348908163188545
1152	4.343612006286796
1153	4.343612006286796
1154	4.343612006286796
1155	3.9331064095581474
1156	3.9331064095581474
1157	3.9331064095581474
1158	4.306241232980641
1159	4.306241232980641
1160	4.306241232980641
1161	4.884532940665605
1162	4.884532940665605
1163	4.884532940665605
1164	3.717046757619176
1165	3.717046757619176
1166	3.717046757619176
1167	3.683656705931678
1168	3.683656705931678
1169	3.683656705931678
1170	4.263233663662589
1171	4.263233663662589
1172	4.263233663662589
1173	3.8634398419667253
1174	3.8634398419667253
1175	3.8634398419667253
1176	3.670672035255584
1177	3.670672035255584
1178	3.670672035255584
1179	2.805221992654824
1180	2.805221992654824
1181	2.805221992654824
1182	5.04004331013424
1183	5.04004331013424
1184	5.04004331013424
1185	2.032400465604506
1186	2.032400465604506
1187	2.032400465604506
1188	2.99973965961813
1189	2.99973965961813
1190	2.99973965961813
1191	5.8029026565585085
1192	5.8029026565585085
1193	5.8029026565585085
1194	2.799024057092005
1195	2.799024057092005
1196	2.799024057092005
1197	2.956463800402067
1198	2.956463800402067
1199	2.956463800402067
1200	5.5277029275200045
1201	5.5277029275200045
1202	5.5277029275200045
1203	5.1695002884575265
1204	5.1695002884575265
1205	5.1695002884575265
1206	5.351580561722405
1207	5.351580561722405
1208	5.351580561722405
1209	3.457484431371947
1210	3.457484431371947
1211	3.457484431371947
1212	3.925687534771328
1213	3.925687534771328
1214	3.925687534771328
1215	3.7267595825238953
1216	3.7267595825238953
1217	3.7267595825238953
1218	4.961421348229019
1219	4.961421348229019
1220	4.961421348229019
1221	4.3283186184852696
1222	4.3283186184852696
1223	4.3283186184852696
1224	2.8068247852707837
1225	2.8068247852707837
1226	2.8068247852707837
1227	4.584222156274645
1228	4.584222156274645
1229	4.584222156274645
1230	5.552946195679915
1231	5.552946195679915
1232	5.552946195679915
1233	5.281067056209668
1234	5.281067056209668
1235	5.281067056209668
1236	3.7418245167132294
1237	3.7418245167132294
1238	3.7418245167132294
1239	6.442740246766636
1240	6.442740246766636
1241	6.442740246766636
1242	3.1222012006132696
1243	3.1222012006132696
1244	3.1222012006132696
1245	2.3562058595466717
1246	2.3562058595466717
1247	2.3562058595466717
1248	3.1152872533886926
1249	3.1152872533886926
1250	3.1152872533886926
1251	2.513411797669264
1252	2.513411797669264
1253	2.513411797669264
1254	3.3991233700297747
1255	1.3713431784510302
1256	1.3713431784510302
1257	1.3713431784510302
1258	1.1985759864505436
1259	1.1985759864505436
1260	1.1985759864505436
1261	1.2609590007740246
1262	1.2609590007740246
1263	1.2609590007740246
1264	1.0336877997793568
1265	1.0336877997793568
1266	1.0336877997793568
1267	1.2027853715918608
1268	1.2027853715918608
1269	1.2027853715918608
1270	1.0129263053789828
1271	1.0129263053789828
1272	1.0129263053789828
1273	0.9046191967586045
1274	0.9046191967586045
1275	0.9046191967586045
1276	0.9983660117451764
1277	0.9983660117451764
1278	0.9983660117451764
1279	1.3106014103620316
1280	1.3106014103620316
1281	1.3106014103620316
1282	1.4971505926134023
1283	1.4971505926134023
1284	1.4971505926134023
1285	1.425513998703853
1286	1.425513998703853
1287	1.425513998703853
1288	0.7546228790582872
1289	0.7546228790582872
1290	0.7546228790582872
1291	0.7851791861760928
1292	0.7851791861760928
1293	0.7851791861760928
1294	0.873036873425535
1295	0.873036873425535
1296	0.873036873425535
1297	1.3192915120005548
1298	1.3192915120005548
1299	1.3192915120005548
1300	0.7524675413358477
1301	0.7524675413358477
1302	0.7524675413358477
1303	1.1332694754064254
1304	1.1332694754064254
1305	3.1833805572005014
1306	3.1833805572005014
1307	3.1833805572005014
1308	4.18837304308967
1309	4.18837304308967
1310	4.18837304308967
1311	3.1420928521729667
1312	3.1420928521729667
1313	3.1420928521729667
1314	3.710564107168146
1315	3.710564107168146
1316	3.710564107168146
1317	2.2132136133546103
1318	2.2132136133546103
1319	2.2132136133546103
1320	3.774135019707728
1321	3.774135019707728
1322	3.774135019707728
1323	3.3707505462860534
1324	3.3707505462860534
1325	3.3707505462860534
1326	2.665251475816643
1327	2.665251475816643
1328	2.665251475816643
1329	3.6642122107869137
1330	3.6642122107869137
1331	3.6642122107869137
1332	2.862157085540835
1333	2.862157085540835
1334	2.862157085540835
1335	3.7384681233369093
1336	3.7384681233369093
1337	3.7384681233369093
1338	4.953596089274284
1339	4.953596089274284
1340	4.953596089274284
1341	2.284978777277443
1342	2.284978777277443
1343	2.284978777277443
1344	4.165086642435368
1345	4.165086642435368
1346	4.165086642435368
1347	2.859106325977998
1348	2.859106325977998
1349	0.709068553484582
1350	0.709068553484582
1351	0.709068553484582
1352	2.5619948104247836
1353	2.5619948104247836
1354	2.5619948104247836
1355	4.965509315009987
1356	4.965509315009987
1357	4.965509315009987
1358	5.655012361217041
1359	3.8032791274115967
1360	3.8032791274115967
1361	3.8032791274115967
1362	3.6143465874733396
1363	3.6143465874733396
1364	3.6143465874733396
1365	3.0122967628041435
1366	3.0122967628041435
1367	3.0122967628041435
1368	3.7558367300585473
1369	3.7558367300585473
1370	3.7558367300585473
1371	5.9887192285438235
1372	5.9887192285438235
1373	5.9887192285438235
1374	4.3409022299165745
1375	4.3409022299165745
1376	4.3409022299165745
1377	3.4755092992927343
1378	3.4755092992927343
1379	0.5479163512395397
1380	0.5479163512395397
1381	0.5479163512395397
1382	0.5557695340455975
1383	0.5557695340455975
1384	0.5557695340455975
1385	0.49177556657901533
1386	0.49177556657901533
1387	0.49177556657901533
1388	0.5847212923678307
1389	0.5847212923678307
1390	0.5847212923678307
1391	0.8754990134877305
1392	0.8754990134877305
1393	0.8754990134877305
1394	0.70447002654324
1395	0.70447002654324
1396	0.70447002654324
1397	0.7430676090348716
1398	0.7430676090348716
1399	0.7430676090348716
1400	0.7212766688768081
1401	0.7212766688768081
1402	0.7212766688768081
1403	0.6192074557465319
1404	0.6192074557465319
1405	0.6192074557465319
1406	0.4172301763366333
1407	0.4172301763366333
1408	0.4172301763366333
1409	0.5314993798490029
1410	0.5314993798490029
1411	0.5314993798490029
1412	0.7723868525567711
1413	0.7723868525567711
1414	0.7723868525567711
1415	0.8785613207210016
1416	0.8785613207210016
1417	0.8785613207210016
1418	0.3396559499518313
1419	0.3396559499518313
1420	0.3396559499518313
1421	0.6410894889447235
1422	2.0859119116897853
1423	2.0859119116897853
1424	2.0859119116897853
1425	3.137034957442101
1426	3.137034957442101
1427	3.137034957442101
1428	0.5081014796761831
1429	0.5081014796761831
1430	0.5081014796761831
1431	0.6370375042546037
1432	0.6370375042546037
1433	0.6370375042546037
1434	0.6758486077430194
1435	0.6758486077430194
1436	0.6758486077430194
1437	0.8400422285341405
1438	0.8400422285341405
1439	0.8400422285341405
1440	0.6568373483564213
1441	0.6568373483564213
1442	0.6568373483564213
1443	0.7329935844699307
1444	0.7329935844699307
1445	0.7329935844699307
1446	0.744693315684397
1447	0.744693315684397
1448	0.744693315684397
1449	0.6143143892375342
1450	0.6143143892375342
1451	0.6143143892375342
1452	0.6705229216300057
1453	0.6705229216300057
1454	0.6705229216300057
1455	0.4430289492369698
1456	0.4430289492369698
1457	0.4430289492369698
1458	0.8325909527471576
1459	0.8325909527471576
1460	0.8325909527471576
1461	0.3911325320201352
1462	0.3911325320201352
1463	0.3911325320201352
1464	0.64611773454115
1465	0.64611773454115
1466	0.64611773454115
1467	0.646144640076575
1468	0.646144640076575
1469	0.646144640076575
1470	1.0748362413870542
1471	1.0748362413870542
1472	1.0748362413870542
1473	0.760467153080123
1474	0.760467153080123
1475	0.760467153080123
1476	0.7072987889198051
1477	0.7072987889198051
1478	0.7072987889198051
1479	0.6324949699150723
1480	0.6324949699150723
1481	0.6324949699150723
1482	0.9442929191676134
1483	0.9442929191676134
1484	0.9442929191676134
1485	0.712957477267149
1486	0.712957477267149
1487	0.712957477267149
1488	0.6814600867349585
1489	0.6814600867349585
1490	0.6814600867349585
1491	0.7228594679949555
1492	0.7228594679949555
1493	0.7228594679949555
1494	0.6396115360518884
1495	0.6396115360518884
1496	0.6396115360518884
1497	0.6823626440953935
1498	0.6823626440953935
1499	0.6823626440953935
1500	0.48750392080578175
1501	0.48750392080578175
1502	0.48750392080578175
1503	0.6860512517638981
1504	0.6860512517638981
1505	0.6860512517638981
1506	0.581345908194733
1507	0.581345908194733
1508	0.581345908194733
1509	0.8189454480563485
1510	0.8189454480563485
1511	0.8189454480563485
1512	0.4009075034501985
1513	0.4009075034501985
1514	0.4009075034501985
1515	0.821820097139641
1516	0.821820097139641
1517	0.821820097139641
1518	0.9577557567321016
1519	0.9577557567321016
1520	0.9577557567321016
1521	0.48162819304889154
1522	0.48162819304889154
1523	0.48162819304889154
1524	0.624309046090791
1525	0.624309046090791
1526	0.624309046090791
1527	0.6452875165146618
1528	0.6452875165146618
1529	0.6452875165146618
1530	0.6069200296385509
1531	0.6069200296385509
1532	0.6069200296385509
1533	0.5766268348564793
1534	0.5766268348564793
1535	0.5766268348564793
1536	0.4171990476822671
1537	0.4171990476822671
1538	4.714943824755817
1539	4.714943824755817
1540	4.714943824755817
1541	3.499854266277363
1542	3.499854266277363
1543	3.499854266277363
1544	3.771930726758686
1545	3.771930726758686
1546	2.4950771212180096
1547	3.5583195401255585
1548	3.5583195401255585
1549	3.5583195401255585
1550	2.325552172071271
1551	2.325552172071271
1552	2.325552172071271
1553	3.7877285543743415
1554	3.7877285543743415
1555	3.7877285543743415
1556	4.7567094393673806
1557	4.7567094393673806
1558	4.7567094393673806
1559	3.785703208398512
1560	3.785703208398512
1561	3.785703208398512
1562	3.7885831906821883
1563	3.7885831906821883
1564	3.7885831906821883
1565	4.274828392704521
1566	4.274828392704521
1567	4.274828392704521
1568	3.596510144253316
1569	3.596510144253316
1570	3.596510144253316
1571	2.6543523248851626
1572	2.6543523248851626
1573	2.6543523248851626
1574	2.9393993517763315
1575	2.9393993517763315
1576	2.9393993517763315
1577	5.189877956524719
1578	5.189877956524719
1579	5.189877956524719
1580	4.188227000494663
1581	4.188227000494663
1582	4.188227000494663
1583	4.021550648557111
1584	4.021550648557111
1585	4.021550648557111
1586	5.240157808830416
1587	5.240157808830416
1588	5.240157808830416
1589	4.162147413388745
1590	2.7746195453000704
1591	2.7746195453000704
1592	2.7746195453000704
1593	2.442421235632499
1594	2.442421235632499
1595	2.442421235632499
1596	1.855814758928468
1597	1.855814758928468
1598	1.855814758928468
1599	2.2726886112991753
1600	2.2726886112991753
1601	2.2726886112991753
1602	1.5960427719202892
1603	1.5960427719202892
1604	1.5960427719202892
1605	1.715069730396432
1606	1.715069730396432
1607	1.715069730396432
1608	1.78708040373823
1609	1.78708040373823
1610	0.5530132575620444
1611	0.5530132575620444
1612	0.5530132575620444
1613	0.7129372845517525
1614	0.7129372845517525
1615	0.7129372845517525
1616	0.7921177764849721
1617	0.7921177764849721
1618	0.7921177764849721
1619	0.6098095834454507
1620	0.6098095834454507
1621	0.6098095834454507
1622	0.5112627845044022
1623	0.5112627845044022
1624	0.5112627845044022
1625	0.5799995706828966
1626	0.5799995706828966
1627	0.5799995706828966
1628	0.613423947287214
1629	0.613423947287214
1630	0.613423947287214
1631	0.6174823535647788
1632	0.6174823535647788
1633	0.6174823535647788
1634	0.6355480696273594
1635	0.6355480696273594
1636	0.6355480696273594
1637	0.5876427370445819
1638	0.5876427370445819
1639	0.5876427370445819
1640	0.40991945526716167
1641	0.40991945526716167
1642	0.40991945526716167
1643	0.7685027855486827
1644	0.7685027855486827
1645	0.7685027855486827
1646	0.8315566454592469
1647	0.8315566454592469
1648	0.8315566454592469
1649	0.5874139216867673
1650	0.5874139216867673
1651	0.5874139216867673
1652	0.6889853063747218
1653	0.6889853063747218
1654	0.6889853063747218
1655	0.7077958044166631
1656	0.7077958044166631
1657	0.7077958044166631
1658	0.956599489980904
1659	0.956599489980904
1660	0.956599489980904
1661	0.6087398086767025
1662	0.6087398086767025
1663	0.6087398086767025
1664	0.7858868121788312
1665	0.7858868121788312
1666	0.7858868121788312
1667	0.4175217989979047
1668	0.4175217989979047
1669	0.4175217989979047
1670	0.6694729430103575
1671	0.6694729430103575
1672	0.6694729430103575
1673	0.5560532012149941
1674	0.5560532012149941
1675	0.5560532012149941
1676	0.41769658536495363
1677	0.41769658536495363
1678	0.41769658536495363
1679	0.537067279195913
1680	0.537067279195913
1681	0.537067279195913
1682	0.878747208074675
1683	0.878747208074675
1684	0.878747208074675
1685	0.5210929737700769
1686	0.5210929737700769
1687	0.5210929737700769
1688	0.36159923285916673
1689	0.36159923285916673
1690	0.36159923285916673
1691	1.1130739115912411
1692	1.1130739115912411
1693	1.1130739115912411
1694	0.7443408336598824
1695	0.7443408336598824
1696	0.7443408336598824
1697	0.6112355027035542
1698	0.6112355027035542
1699	0.6112355027035542
1700	0.5852337337016582
1701	0.5852337337016582
1702	0.5852337337016582
1703	0.5851593017587253
1704	0.5851593017587253
1705	0.5851593017587253
1706	0.5719024739440981
1707	0.5719024739440981
1708	0.5719024739440981
1709	0.5763345457547248
1710	0.5763345457547248
1711	0.5763345457547248
1712	0.7177791439506982
1713	0.7177791439506982
1714	0.7177791439506982
1715	0.37754844467092424
1716	0.37754844467092424
1717	0.37754844467092424
1718	0.7112734478904817
1719	0.1968644355929666
1720	0.1968644355929666
1721	0.1968644355929666
1722	0.23315000339178374
1723	0.23315000339178374
1724	0.23315000339178374
1725	0.20166002370450933
1726	0.20166002370450933
1727	0.20166002370450933
1728	0.2485533319705506
1729	0.2485533319705506
1730	0.2485533319705506
1731	0.16523938164109606
1732	0.16523938164109606
1733	0.16523938164109606
1734	0.1608901072533486
1735	0.1608901072533486
1736	0.1608901072533486
1737	0.20107468636852827
1738	0.20107468636852827
1739	0.20107468636852827
1740	0.16056211669309378
1741	0.16056211669309378
1742	0.16056211669309378
1743	0.17048035130060404
1744	0.17048035130060404
1745	0.17048035130060404
1746	0.1385006083894595
1747	0.1385006083894595
1748	0.1385006083894595
1749	0.14842832368771708
1750	0.14842832368771708
1751	0.14842832368771708
1752	0.12311980279148743
1753	0.12311980279148743
1754	0.12311980279148743
1755	0.20284002927187722
1756	0.20284002927187722
1757	0.20284002927187722
1758	0.1764349155304887
1759	0.1764349155304887
1760	0.1764349155304887
1761	0.221232678266988
1762	0.221232678266988
1763	0.221232678266988
1764	0.19186586651519422
1765	0.19186586651519422
1766	0.19186586651519422
1767	0.25142071289077106
1768	0.25142071289077106
1769	0.25142071289077106
1770	0.15302071113166552
1771	0.15302071113166552
1772	0.15302071113166552
1773	0.26437290970050237
1774	0.26437290970050237
1775	0.26437290970050237
1776	0.23682287752480952
1777	0.23682287752480952
1778	0.23682287752480952
1779	0.2834445017448328
1780	0.2834445017448328
1781	0.2834445017448328
1782	0.22536912474445997
1783	0.22536912474445997
1784	0.22536912474445997
1785	0.21127715363241986
1786	0.21127715363241986
1787	0.21127715363241986
1788	0.26296162887454855
1789	0.26296162887454855
1790	0.26296162887454855
1791	0.21098018778145194
1792	0.21098018778145194
1793	0.21098018778145194
1794	0.18067271201145432
1795	0.18067271201145432
1796	0.18067271201145432
1797	0.2026422908364215
1798	0.2026422908364215
1799	0.2026422908364215
1800	0.18024643595551204
1801	0.18024643595551204
1802	0.18024643595551204
1803	0.2586346420557189
1804	0.2586346420557189
1805	0.2586346420557189
1806	0.1625565776994895
1807	0.1625565776994895
1808	0.1625565776994895
1809	0.19400463896229408
1810	0.19400463896229408
1811	0.19400463896229408
1812	0.2653634619637962
1813	0.2653634619637962
1814	0.2653634619637962
1815	0.21764854655050558
1816	0.21764854655050558
1817	0.21764854655050558
1818	0.21126696570134515
1819	1.5664155595047358
1820	1.5664155595047358
1821	1.5664155595047358
1822	1.0706789098519929
1823	1.0706789098519929
1824	1.0706789098519929
1825	1.03410183745288
1826	1.03410183745288
1827	1.03410183745288
1828	0.9654979891934654
1829	0.9654979891934654
1830	0.9654979891934654
1831	1.5324208462778806
1832	1.5324208462778806
1833	1.5324208462778806
1834	1.507224163975942
1835	1.507224163975942
1836	1.507224163975942
1837	2.581983284689775
1838	2.581983284689775
1839	2.581983284689775
1840	3.085460715693618
1841	3.085460715693618
1842	3.085460715693618
1843	2.74711201301196
1844	2.74711201301196
1845	2.74711201301196
1846	2.440004979901364
1847	2.440004979901364
1848	2.440004979901364
1849	1.9570290755612865
1850	1.9570290755612865
1851	1.9570290755612865
1852	2.566075871889127
1853	2.566075871889127
1854	2.566075871889127
1855	1.6563895502790316
1856	1.6563895502790316
1857	1.6563895502790316
1858	3.5838762466896252
1859	3.5838762466896252
1860	5.564298225042266
1861	5.564298225042266
1862	2.2894863895712314
1863	2.2894863895712314
1864	2.2894863895712314
1865	3.6025346468166806
1866	2.2970190981206975
1867	2.2970190981206975
1868	2.2970190981206975
1869	4.3924460714010145
1870	4.3924460714010145
1871	4.3924460714010145
1872	2.938064921202988
1873	2.938064921202988
1874	2.938064921202988
1875	2.692007359022293
1876	2.692007359022293
1877	2.692007359022293
1878	3.4998064500609822
1879	3.4998064500609822
1880	3.4998064500609822
1881	3.9832323459486685
1882	3.9832323459486685
1883	3.9832323459486685
1884	3.0844514905656024
1885	3.0844514905656024
1886	3.0844514905656024
1887	2.5717011651969974
1888	2.5717011651969974
1889	2.5717011651969974
1890	2.3695971816414825
1891	2.3695971816414825
1892	2.3695971816414825
1893	1.5240464917032437
1894	1.5240464917032437
1895	1.5240464917032437
1896	2.8505875628163992
1897	2.8505875628163992
1898	2.8505875628163992
1899	3.149660351771748
1900	3.149660351771748
1901	3.149660351771748
1902	2.865001660886829
1903	2.865001660886829
1904	2.865001660886829
1905	3.009131347646154
1906	3.009131347646154
1907	3.009131347646154
1908	3.119051522806956
1909	3.119051522806956
1910	3.119051522806956
1911	3.838536409786313
1912	3.838536409786313
1913	3.838536409786313
1914	3.987365240033342
1915	3.987365240033342
1916	3.987365240033342
1917	3.862941780313969
1918	3.862941780313969
1919	3.862941780313969
1920	2.5355537019631362
1921	2.5355537019631362
1922	2.5355537019631362
1923	3.7814933769107384
1924	3.7814933769107384
1925	3.7814933769107384
1926	3.325843749096466
1927	5.695159525328047
1928	5.695159525328047
1929	1.3717709700503142
1930	1.3717709700503142
1931	1.3717709700503142
1932	2.5033715618333385
1933	2.5033715618333385
1934	2.5033715618333385
1935	2.5138394440349767
1936	2.5138394440349767
1937	2.5138394440349767
1938	1.9291510222294581
1939	1.9291510222294581
1940	1.9291510222294581
1941	1.5051562333818604
1942	1.5051562333818604
1943	1.5051562333818604
1944	2.556814306061085
1945	2.556814306061085
1946	2.556814306061085
1947	1.5829970109708462
1948	1.5829970109708462
1949	1.5829970109708462
1950	1.6406995293152982
1951	1.6406995293152982
1952	1.6406995293152982
1953	2.1163631447247986
1954	2.1163631447247986
1955	2.1163631447247986
1956	1.7422446253634627
1957	1.7422446253634627
1958	1.7422446253634627
1959	1.5925635377025227
1960	1.5925635377025227
1961	1.5925635377025227
1962	1.8751466727140227
1963	1.8751466727140227
1964	1.8751466727140227
1965	3.0037983294470245
1966	3.0037983294470245
1967	3.0037983294470245
1968	2.2488795205255743
1969	0.15188742113469353
1970	0.15188742113469353
1971	0.15188742113469353
1972	0.18301312027557717
1973	0.18301312027557717
1974	0.18301312027557717
1975	0.17433937947050243
1976	0.17433937947050243
1977	0.17433937947050243
1978	0.23468562441985735
1979	0.23468562441985735
1980	0.23468562441985735
1981	0.2645233984315163
1982	0.2645233984315163
1983	0.2645233984315163
1984	0.22652429889842915
1985	0.22652429889842915
1986	0.22652429889842915
1987	0.2798563278412967
1988	0.2798563278412967
1989	0.2798563278412967
1990	0.25719834604740166
1991	0.25719834604740166
1992	0.25719834604740166
1993	0.1
1994	0.1
1995	0.1
1996	0.2176646747474343
1997	0.2176646747474343
1998	0.2176646747474343
1999	0.18362565356157376
