0	2.8725149613649386
1	2.8725149613649386
2	2.8725149613649386
3	3.1778878634503176
4	3.1778878634503176
5	3.1778878634503176
6	3.6537939022337813
7	3.6537939022337813
8	3.6537939022337813
9	2.825349250968098
10	2.825349250968098
11	2.825349250968098
12	2.9490808632340064
13	2.9490808632340064
14	2.9490808632340064
15	3.8916782183464846
16	3.8916782183464846
17	3.8916782183464846
18	1.7271937269967759
19	1.7271937269967759
20	1.7271937269967759
21	2.9084102646538765
22	2.9084102646538765
23	2.9084102646538765
24	5.257502406400322
25	5.257502406400322
26	5.257502406400322
27	3.713264855264679
28	3.713264855264679
29	3.713264855264679
30	3.705388716202467
31	3.705388716202467
32	3.705388716202467
33	5.829616574595099
34	5.829616574595099
35	5.829616574595099
36	5.192061050601541
37	5.192061050601541
38	5.192061050601541
39	4.718991123345586
40	4.718991123345586
41	4.718991123345586
42	3.8883175119077547
43	3.8883175119077547
44	3.8883175119077547
45	2.153562376945296
46	2.153562376945296
47	2.153562376945296
48	4.981654317785807
49	4.981654317785807
50	4.981654317785807
51	3.5920018795987185
52	3.5920018795987185
53	3.5920018795987185
54	2.9159430357791263
55	2.9159430357791263
56	2.9159430357791263
57	4.527204362768911
58	4.527204362768911
59	4.527204362768911
60	4.533109896654722
61	4.533109896654722
62	4.533109896654722
63	4.358632939416615
64	4.358632939416615
65	4.358632939416615
66	3.1858679679543807
67	3.1858679679543807
68	3.1858679679543807
69	3.9164342079205974
70	3.9164342079205974
71	3.9164342079205974
72	2.624212279244407
73	2.624212279244407
74	2.624212279244407
75	1.3484379751318025
76	1.3484379751318025
77	1.3484379751318025
78	2.5782094440580408
79	2.5782094440580408
80	2.5782094440580408
81	4.091071538222292
82	4.091071538222292
83	4.091071538222292
84	5.527387872501567
85	5.527387872501567
86	5.527387872501567
87	3.0921579174940357
88	3.0921579174940357
89	3.0921579174940357
90	3.26201031021491
91	3.26201031021491
92	3.26201031021491
93	4.725545992119109
94	4.725545992119109
95	4.725545992119109
96	2.9016856657987695
97	2.9016856657987695
98	2.9016856657987695
99	1.8329735086262753
100	1.8329735086262753
101	1.8329735086262753
102	2.6454545296987417
103	2.6454545296987417
104	2.6454545296987417
105	4.556374786274348
106	1.750979529957503
107	1.750979529957503
108	1.750979529957503
109	1.6454866556606467
110	1.6454866556606467
111	1.6454866556606467
112	3.5247379734033952
113	3.5247379734033952
114	3.5247379734033952
115	1.5955245238078595
116	1.5955245238078595
117	1.5955245238078595
118	2.610935999457834
119	2.610935999457834
120	2.610935999457834
121	3.2477467715445303
122	3.2477467715445303
123	3.2477467715445303
124	2.8852128739952274
125	2.8852128739952274
126	2.8852128739952274
127	1.547580415016946
128	1.547580415016946
129	1.547580415016946
130	3.277967588253642
131	3.277967588253642
132	3.277967588253642
133	3.287623557577162
134	3.287623557577162
135	3.287623557577162
136	2.1709681191219476
137	0.8280351133908697
138	0.8280351133908697
139	0.8280351133908697
140	0.6163813361546667
141	0.6163813361546667
142	0.6163813361546667
143	0.28450370699308913
144	0.28450370699308913
145	0.28450370699308913
146	0.15266745952601313
147	1.382121808541847
148	1.382121808541847
149	1.382121808541847
150	2.6913953409067988
151	0.5111896392371533
152	0.5111896392371533
153	0.5111896392371533
154	0.75646419510008
155	0.75646419510008
156	0.75646419510008
157	0.7479548553750729
158	0.7479548553750729
159	3.370711979906661
160	3.370711979906661
161	3.370711979906661
162	1.854149241341839
163	1.854149241341839
164	1.854149241341839
165	0.9669280564281729
166	0.9669280564281729
167	0.9669280564281729
168	2.2981769202624385
169	2.2981769202624385
170	2.2981769202624385
171	2.380930418001597
172	2.380930418001597
173	2.380930418001597
174	1.6934722038560373
175	1.6934722038560373
176	1.6934722038560373
177	1.2412158781732012
178	1.2412158781732012
179	1.2412158781732012
180	1.7769989557598704
181	1.7769989557598704
182	1.7769989557598704
183	1.5862743438068332
184	1.5862743438068332
185	1.5862743438068332
186	1.1584780382560074
187	1.1584780382560074
188	1.1584780382560074
189	1.7402829065777043
190	1.7402829065777043
191	1.7402829065777043
192	1.298119883695283
193	1.298119883695283
194	1.298119883695283
195	1.3639817403081809
196	1.3639817403081809
197	1.3639817403081809
198	2.0515856887471076
199	2.0515856887471076
200	2.0515856887471076
201	1.8388989808281384
202	1.8388989808281384
203	1.8388989808281384
204	2.290429458273772
205	2.290429458273772
206	2.290429458273772
207	1.339096383587959
208	1.339096383587959
209	1.339096383587959
210	1.606147537884689
211	1.606147537884689
212	1.606147537884689
213	1.6965681407696498
214	1.6965681407696498
215	1.6965681407696498
216	1.0913869061406993
217	1.0913869061406993
218	1.0913869061406993
219	1.7278109702960174
220	1.7278109702960174
221	1.7278109702960174
222	2.6555032243024477
223	2.6555032243024477
224	2.6555032243024477
225	0.9254224106982303
226	0.9254224106982303
227	0.9254224106982303
228	1.729172867949016
229	1.729172867949016
230	1.729172867949016
231	0.8880952920561852
232	0.8880952920561852
233	0.8880952920561852
234	2.0757702039813166
235	2.0757702039813166
236	2.0757702039813166
237	1.7223649602903326
238	1.7223649602903326
239	1.7223649602903326
240	1.883446030076854
241	1.883446030076854
242	1.883446030076854
243	1.9556009162099217
244	1.9556009162099217
245	1.9556009162099217
246	0.8776627439392357
247	0.8776627439392357
248	0.8776627439392357
249	1.932813638070805
250	1.932813638070805
251	0.6839020227010677
252	0.6839020227010677
253	0.6839020227010677
254	0.7427448950322871
255	0.7427448950322871
256	0.7427448950322871
257	0.4302053154072916
258	0.4302053154072916
259	0.4302053154072916
260	0.1
261	0.1
262	0.1
263	0.31156896561013153
264	0.31156896561013153
265	0.31156896561013153
266	0.46328277401731965
267	0.46328277401731965
268	0.46328277401731965
269	0.45899208567376026
270	0.45899208567376026
271	0.45899208567376026
272	0.7152430009111984
273	0.7152430009111984
274	0.7152430009111984
275	0.8287841191401257
276	0.8287841191401257
277	0.8287841191401257
278	0.7568239402527315
279	0.7568239402527315
280	0.7568239402527315
281	0.2890275017595782
282	0.2890275017595782
283	0.2890275017595782
284	0.6174337483210539
285	0.6174337483210539
286	0.6174337483210539
287	0.7102025482813418
288	0.7102025482813418
289	0.7102025482813418
290	0.9409587987653459
291	0.9409587987653459
292	0.9409587987653459
293	0.422658072210477
294	0.422658072210477
295	0.422658072210477
296	0.8508977133413373
297	0.8508977133413373
298	0.8508977133413373
299	0.9615220079038893
300	0.9615220079038893
301	0.9615220079038893
302	1.0691708943566784
303	1.0691708943566784
304	0.21996620046300888
305	0.21996620046300888
306	0.21996620046300888
307	0.2782589734987805
308	0.2782589734987805
309	0.2782589734987805
310	0.18862217502549478
311	0.18862217502549478
312	0.18862217502549478
313	0.11883673436672315
314	0.11883673436672315
315	0.11883673436672315
316	0.20286996676372
317	0.20286996676372
318	0.20286996676372
319	0.20098740947688418
320	0.20098740947688418
321	0.20098740947688418
322	0.21223999278826855
323	0.21223999278826855
324	0.21223999278826855
325	0.1075680955635748
326	0.1075680955635748
327	0.1075680955635748
328	0.10862876378035
329	0.10862876378035
330	0.10862876378035
331	0.25176913852303795
332	0.25176913852303795
333	0.25176913852303795
334	0.18646125382927217
335	0.18646125382927217
336	0.18646125382927217
337	0.21228784087791217
338	0.21228784087791217
339	0.21228784087791217
340	0.22246482143653445
341	0.22246482143653445
342	0.22246482143653445
343	0.2229584453281953
344	0.2229584453281953
345	0.2229584453281953
346	0.16150787530855676
347	0.16150787530855676
348	0.16150787530855676
349	0.20442223191702022
350	0.20442223191702022
351	0.20442223191702022
352	0.13575358890466271
353	0.13575358890466271
354	0.13575358890466271
355	0.219997244390626
356	0.219997244390626
357	0.219997244390626
358	0.2025387561494785
359	0.2025387561494785
360	0.2025387561494785
361	0.23926099940830678
362	0.23926099940830678
363	0.23926099940830678
364	0.20747665929307393
365	0.20747665929307393
366	0.20747665929307393
367	0.16803794424177318
368	0.16803794424177318
369	0.16803794424177318
370	0.1
371	0.1
372	0.1
373	0.2639559310846582
374	0.2639559310846582
375	5.282978539049964
376	0.8573297849821555
377	0.8573297849821555
378	0.8573297849821555
379	1.727573576074532
380	1.727573576074532
381	1.727573576074532
382	0.7025722998864248
383	0.7025722998864248
384	0.7025722998864248
385	2.337644378241126
386	2.337644378241126
387	2.337644378241126
388	1.0600419955635054
389	1.0600419955635054
390	1.0600419955635054
391	1.4503812185467297
392	1.4503812185467297
393	1.4503812185467297
394	2.2367159086619703
395	2.2367159086619703
396	2.2367159086619703
397	2.2651115376411632
398	2.2651115376411632
399	2.2651115376411632
400	2.0498420886427207
401	2.0498420886427207
402	2.0498420886427207
403	2.1607183966164594
404	2.1607183966164594
405	2.1607183966164594
406	1.557119417971593
407	1.557119417971593
408	1.557119417971593
409	2.48006426128253
410	2.48006426128253
411	2.48006426128253
412	2.2782498383940846
413	2.2782498383940846
414	2.2782498383940846
415	1.997581343971651
416	1.997581343971651
417	1.997581343971651
418	1.4191450674986137
419	1.4191450674986137
420	1.4191450674986137
421	3.0906018894692413
422	3.0906018894692413
423	3.0906018894692413
424	1.7305232468203513
425	1.7305232468203513
426	1.7305232468203513
427	2.1773275420672693
428	2.1773275420672693
429	2.1773275420672693
430	2.8170823752190843
431	2.8170823752190843
432	2.8170823752190843
433	2.499817055625935
434	2.499817055625935
435	2.499817055625935
436	2.0312780726640063
437	2.0312780726640063
438	2.0312780726640063
439	1.5864209353113075
440	1.5864209353113075
441	1.5864209353113075
442	1.4965769323683014
443	1.4965769323683014
444	1.4965769323683014
445	2.887428887865818
446	2.887428887865818
447	2.887428887865818
448	1.9912062860289237
449	1.9912062860289237
450	1.9912062860289237
451	1.8695324840234935
452	3.8073037294017857
453	2.516625280361296
454	2.516625280361296
455	2.516625280361296
456	3.67980359517614
457	3.67980359517614
458	3.67980359517614
459	2.6012144556264314
460	2.6012144556264314
461	2.6012144556264314
462	3.451900738257453
463	3.451900738257453
464	3.451900738257453
465	3.599065603964876
466	3.599065603964876
467	3.599065603964876
468	3.702080928286319
469	3.702080928286319
470	3.702080928286319
471	1.9393626692005712
472	1.9393626692005712
473	1.9393626692005712
474	4.171960740289501
475	4.171960740289501
476	4.171960740289501
477	3.390090812209659
478	3.390090812209659
479	3.390090812209659
480	2.8243425497989714
481	2.8243425497989714
482	2.8243425497989714
483	2.9296613327284966
484	2.9296613327284966
485	2.9296613327284966
486	2.8863131271073805
487	2.8863131271073805
488	2.8863131271073805
489	3.0805351326144814
490	3.0805351326144814
491	3.0805351326144814
492	5.132933144615528
493	5.132933144615528
494	5.132933144615528
495	4.091003449980054
496	4.091003449980054
497	4.091003449980054
498	2.782443847878882
499	2.782443847878882
500	2.782443847878882
501	2.6732070236560164
502	0.7932909433392977
503	0.7932909433392977
504	0.7932909433392977
505	0.9863270490234731
506	0.9863270490234731
507	0.9863270490234731
508	0.9960166744284271
509	0.9960166744284271
510	0.9960166744284271
511	1.1686594417089953
512	1.1686594417089953
513	1.1686594417089953
514	0.9276432928295367
515	0.9276432928295367
516	0.9276432928295367
517	0.914393262411888
518	0.914393262411888
519	0.914393262411888
520	0.7236043013367774
521	0.7236043013367774
522	0.7236043013367774
523	0.5827636804999413
524	0.5827636804999413
525	0.5827636804999413
526	0.8910660779126448
527	0.8910660779126448
528	0.8910660779126448
529	1.2063909506261556
530	1.2063909506261556
531	1.2063909506261556
532	1.073060586097668
533	1.073060586097668
534	1.073060586097668
535	1.3651710189937556
536	1.3651710189937556
537	1.3651710189937556
538	0.8692726518912491
539	0.21630472966591152
540	0.21630472966591152
541	0.21630472966591152
542	0.30462828019805366
543	0.30462828019805366
544	0.30462828019805366
545	0.9718474209485454
546	0.9718474209485454
547	0.9718474209485454
548	0.8661509356093369
549	0.8661509356093369
550	0.8661509356093369
551	0.7356756331909339
552	0.7356756331909339
553	0.7356756331909339
554	1.2275346595438017
555	1.2275346595438017
556	1.2275346595438017
557	1.2904829817030845
558	1.2904829817030845
559	1.2904829817030845
560	1.4558034470956587
561	1.4558034470956587
562	1.4558034470956587
563	2.19521154998556
564	2.19521154998556
565	2.19521154998556
566	1.4715407591428367
567	1.4715407591428367
568	1.4715407591428367
569	1.502253995088831
570	1.502253995088831
571	1.502253995088831
572	0.2982243402702158
573	0.2982243402702158
574	0.2982243402702158
575	1.8561438276613649
576	1.8561438276613649
577	1.8561438276613649
578	1.6448016940180061
579	1.6448016940180061
580	1.6448016940180061
581	1.5080713111124309
582	5.331321385885729
583	5.331321385885729
584	5.331321385885729
585	2.7091879910080845
586	1.1802055810786176
587	3.389180084680429
588	3.389180084680429
589	3.389180084680429
590	2.173354656712609
591	2.173354656712609
592	2.173354656712609
593	0.7208717672187746
594	0.7208717672187746
595	0.7208717672187746
596	1.0068482640723067
597	1.0068482640723067
598	1.0068482640723067
599	1.9939306885400678
600	1.9939306885400678
601	1.9939306885400678
602	2.357436412442427
603	3.350419836040491
604	3.350419836040491
605	3.350419836040491
606	2.679633213695871
607	2.679633213695871
608	2.679633213695871
609	2.7100376005048155
610	2.7100376005048155
611	2.7100376005048155
612	0.40467205162649544
613	0.40467205162649544
614	0.40467205162649544
615	0.7862332541915382
616	0.7862332541915382
617	0.7862332541915382
618	0.620259628332718
619	0.620259628332718
620	0.620259628332718
621	0.5249190114873385
622	0.5249190114873385
623	0.5249190114873385
624	0.6880702181450054
625	0.6880702181450054
626	0.6880702181450054
627	3.4312322829963704
628	3.4312322829963704
629	3.4312322829963704
630	3.6696355358740234
631	3.6696355358740234
632	3.6696355358740234
633	3.224268140333887
634	3.224268140333887
635	3.224268140333887
636	4.7156470414187
637	4.7156470414187
638	4.7156470414187
639	0.6750588199488683
640	0.6750588199488683
641	4.080499802926251
642	1.988173681909982
643	1.988173681909982
644	1.988173681909982
645	1.4409286804903458
646	1.4409286804903458
647	1.4409286804903458
648	1.4375060459799154
649	1.4375060459799154
650	1.4375060459799154
651	2.5854708968240594
652	2.5854708968240594
653	2.5854708968240594
654	1.3718483015312277
655	1.3718483015312277
656	1.3718483015312277
657	0.6618997284512821
658	0.6618997284512821
659	0.6618997284512821
660	1.0223845407621686
661	1.0223845407621686
662	1.0223845407621686
663	1.65563490426717
664	1.65563490426717
665	1.65563490426717
666	2.087466995671889
667	2.087466995671889
668	2.087466995671889
669	2.0940460564829624
670	2.0940460564829624
671	2.0940460564829624
672	1.8078971181022958
673	1.8078971181022958
674	1.8078971181022958
675	1.9529085231616647
676	1.9529085231616647
677	1.9529085231616647
678	2.4758832565939777
679	2.4758832565939777
680	2.4758832565939777
681	1.2026480075983903
682	3.294740123698464
683	3.294740123698464
684	3.294740123698464
685	2.0495790299876506
686	2.0495790299876506
687	2.0495790299876506
688	3.1203261494206274
689	3.1203261494206274
690	3.1203261494206274
691	2.311176404283515
692	2.311176404283515
693	2.311176404283515
694	2.2422123812560084
695	2.2422123812560084
696	2.2422123812560084
697	1.7282633510672238
698	1.7282633510672238
699	1.7282633510672238
700	2.2164821504646004
701	2.2164821504646004
702	2.2164821504646004
703	2.6584716377315925
704	2.6584716377315925
705	2.6584716377315925
706	3.0999500896172676
707	3.0999500896172676
708	3.0999500896172676
709	3.086978836628486
710	3.086978836628486
711	3.086978836628486
712	0.8543475207124442
713	0.8543475207124442
714	0.8543475207124442
715	3.0393346271699997
716	3.0393346271699997
717	3.0393346271699997
718	2.975018012635335
719	2.975018012635335
720	2.975018012635335
721	1.6669568105900048
722	1.6669568105900048
723	1.6669568105900048
724	1.7894515096101558
725	1.7894515096101558
726	1.7894515096101558
727	2.2609337176030544
728	2.2609337176030544
729	2.2609337176030544
730	2.581827721623032
731	2.581827721623032
732	2.581827721623032
733	2.6357944108389257
734	2.6357944108389257
735	2.6357944108389257
736	2.005422853880863
737	2.005422853880863
738	2.005422853880863
739	2.9929672877682916
740	2.9929672877682916
741	2.9929672877682916
742	2.93798846781487
743	2.93798846781487
744	2.93798846781487
745	1.7614076026512921
746	1.7614076026512921
747	1.7614076026512921
748	1.3545427922704343
749	1.3545427922704343
750	1.3545427922704343
751	2.8917833452490345
752	2.8917833452490345
753	2.8917833452490345
754	1.8866702967840672
755	1.8866702967840672
756	1.8866702967840672
757	1.275091789131185
758	1.275091789131185
759	1.275091789131185
760	2.0009628216870534
761	2.0009628216870534
762	2.0009628216870534
763	3.642875936496215
764	3.642875936496215
765	1.0779682560308363
766	1.0779682560308363
767	1.0779682560308363
768	1.3568927724657858
769	1.3568927724657858
770	1.3568927724657858
771	0.8554256826103221
772	0.8554256826103221
773	0.8554256826103221
774	1.2124714371859482
775	1.2124714371859482
776	1.2124714371859482
777	1.4918048656200433
778	1.4918048656200433
779	1.4918048656200433
780	0.7291875826728086
781	0.7291875826728086
782	0.7291875826728086
783	1.2213606249396183
784	1.2213606249396183
785	1.2213606249396183
786	1.010041413369496
787	1.010041413369496
788	1.010041413369496
789	1.156212227472027
790	1.156212227472027
791	1.156212227472027
792	1.725341577596582
793	1.725341577596582
794	1.725341577596582
795	1.4150251621284151
796	1.4150251621284151
797	1.4150251621284151
798	1.1012692949052354
799	1.1012692949052354
800	1.1012692949052354
801	1.0149899117998056
802	1.0149899117998056
803	1.0149899117998056
804	1.3480032202334629
805	1.3480032202334629
806	1.3480032202334629
807	0.5213547047033148
808	0.5213547047033148
809	0.5213547047033148
810	1.2622042912562403
811	1.2622042912562403
812	1.2622042912562403
813	1.0835490075812593
814	1.0835490075812593
815	1.0835490075812593
816	1.3626552986948937
817	1.3626552986948937
818	1.3626552986948937
819	1.387698451290196
820	1.387698451290196
821	1.387698451290196
822	1.7781670622663277
823	1.7781670622663277
824	1.7781670622663277
825	1.475944671546303
826	1.475944671546303
827	1.475944671546303
828	1.2736686259419014
829	1.2736686259419014
830	1.2736686259419014
831	2.0678871625833963
832	2.0678871625833963
833	2.0678871625833963
834	2.406311726177713
835	2.406311726177713
836	2.406311726177713
837	0.807719573831655
838	0.807719573831655
839	0.807719573831655
840	1.3942896685410764
841	1.3942896685410764
842	1.3942896685410764
843	3.1494366802439644
844	3.1494366802439644
845	3.1494366802439644
846	1.74498727214013
847	1.74498727214013
848	1.74498727214013
849	1.374676451121825
850	1.374676451121825
851	1.374676451121825
852	1.0664095971833172
853	1.0664095971833172
854	1.0664095971833172
855	1.2811368055106027
856	1.2811368055106027
857	1.2811368055106027
858	1.8341694685486072
859	1.8341694685486072
860	1.8341694685486072
861	2.4523922373176097
862	2.4523922373176097
863	2.4523922373176097
864	1.8934670776128721
865	1.8934670776128721
866	1.8934670776128721
867	1.248453309989453
868	1.248453309989453
869	1.248453309989453
870	1.098307140453874
871	1.098307140453874
872	1.098307140453874
873	1.6313149868178656
874	1.6313149868178656
875	1.6313149868178656
876	3.299634305123455
877	3.299634305123455
878	3.299634305123455
879	3.783607959814266
880	3.783607959814266
881	3.783607959814266
882	3.3786925968946218
883	3.3786925968946218
884	3.3786925968946218
885	1.2617744356280511
886	1.2617744356280511
887	1.2617744356280511
888	4.346148041496313
889	4.346148041496313
890	4.346148041496313
891	3.1221790601488926
892	3.1221790601488926
893	3.1221790601488926
894	2.6198812956835775
895	2.6198812956835775
896	2.1163430260291674
897	2.1163430260291674
898	2.1163430260291674
899	4.837882243817497
900	4.837882243817497
901	4.837882243817497
902	4.98213285963542
903	4.98213285963542
904	4.98213285963542
905	4.174199296934716
906	4.174199296934716
907	4.174199296934716
908	8.352326472836182
909	8.352326472836182
910	8.352326472836182
911	4.47205356817734
912	4.47205356817734
913	4.47205356817734
914	4.985643070169874
915	4.985643070169874
916	4.985643070169874
917	3.8427543911243087
918	3.8427543911243087
919	3.8427543911243087
920	2.3412610949350072
921	2.3412610949350072
922	2.9540115503566566
923	2.9540115503566566
924	2.9540115503566566
925	3.7051844488535597
926	3.7051844488535597
927	3.7051844488535597
928	3.4303946899735247
929	2.05600479549201
930	2.05600479549201
931	2.05600479549201
932	1.5673600078123597
933	1.5673600078123597
934	1.5673600078123597
935	3.57316341868626
936	3.57316341868626
937	3.57316341868626
938	0.8916175238243509
939	0.8916175238243509
940	2.893651846875397
941	2.893651846875397
942	2.893651846875397
943	2.5863920609145343
944	1.6460716039401513
945	1.6460716039401513
946	1.6460716039401513
947	1.8508655649405537
948	1.8508655649405537
949	1.8508655649405537
950	0.942401783837134
951	0.942401783837134
952	0.942401783837134
953	1.5698813173685768
954	1.5698813173685768
955	2.4499431265637908
956	2.4499431265637908
957	2.4499431265637908
958	1.6097982366560535
959	1.6097982366560535
960	1.6097982366560535
961	1.0536529264622492
962	1.0536529264622492
963	0.6462150756838467
964	0.6462150756838467
965	0.6462150756838467
966	0.823734715474657
967	0.823734715474657
968	0.823734715474657
969	0.5989219808638311
970	0.5989219808638311
971	0.5989219808638311
972	1.0749245457838648
973	1.0749245457838648
974	1.0749245457838648
975	0.5108227306810033
976	0.5108227306810033
977	0.5108227306810033
978	0.7524899309637242
979	0.7524899309637242
980	0.7524899309637242
981	0.8341010478353634
982	0.8341010478353634
983	0.8341010478353634
984	0.32749063008221724
985	0.32749063008221724
986	0.32749063008221724
987	0.7508452121747605
988	0.7508452121747605
989	0.7508452121747605
990	0.5806764650213116
991	0.5806764650213116
992	0.5806764650213116
993	0.7605866710972377
994	0.7605866710972377
995	0.7605866710972377
996	0.6138080327099733
997	0.6138080327099733
998	0.6138080327099733
999	0.44229718195354173
1000	0.44229718195354173
1001	0.44229718195354173
1002	0.47078586043866455
1003	0.47078586043866455
1004	0.47078586043866455
1005	1.287778726567326
1006	1.287778726567326
1007	1.287778726567326
1008	0.3871857280544762
1009	0.3871857280544762
1010	1.198419747679245
1011	1.198419747679245
1012	1.198419747679245
1013	1.3049200395990144
1014	1.3049200395990144
1015	1.3049200395990144
1016	1.4047421500789734
1017	1.4047421500789734
1018	1.4047421500789734
1019	1.133815105520714
1020	1.133815105520714
1021	1.133815105520714
1022	0.9710855545116195
1023	0.9710855545116195
1024	0.9710855545116195
1025	0.7012696130544563
1026	0.7012696130544563
1027	0.7012696130544563
1028	0.9094963426039134
1029	0.9094963426039134
1030	0.9094963426039134
1031	0.9378791950914402
1032	0.9378791950914402
1033	0.9378791950914402
1034	0.9684607449419755
1035	0.9684607449419755
1036	0.9684607449419755
1037	1.6882997029235691
1038	1.6882997029235691
1039	1.6882997029235691
1040	1.0780750710481208
1041	1.0780750710481208
1042	1.0780750710481208
1043	0.8599964737209087
1044	0.8599964737209087
1045	0.8599964737209087
1046	0.989852336065984
1047	0.989852336065984
1048	0.989852336065984
1049	1.1034612000361972
1050	1.1034612000361972
1051	1.1034612000361972
1052	1.1272106989425372
1053	1.1272106989425372
1054	1.1272106989425372
1055	1.0656460954781
1056	3.9204097319064855
1057	3.9204097319064855
1058	3.9204097319064855
1059	4.341459018669851
1060	4.341459018669851
1061	4.341459018669851
1062	4.585353165604825
1063	4.585353165604825
1064	4.585353165604825
1065	2.737981574643759
1066	2.737981574643759
1067	2.737981574643759
1068	3.548705975288417
1069	3.548705975288417
1070	3.548705975288417
1071	3.6218296773429084
1072	3.6218296773429084
1073	3.6218296773429084
1074	2.1316642740057965
1075	2.1316642740057965
1076	2.1316642740057965
1077	2.665735915839207
1078	2.665735915839207
1079	2.665735915839207
1080	3.8856280396623526
1081	3.8856280396623526
1082	3.8856280396623526
1083	4.226775901914072
1084	4.226775901914072
1085	4.226775901914072
1086	1.4487004394938594
1087	1.4487004394938594
1088	3.3434032546936736
1089	3.3434032546936736
1090	3.3434032546936736
1091	1.4811542622496154
1092	1.4811542622496154
1093	1.4811542622496154
1094	2.6107509924174357
1095	2.6107509924174357
1096	2.6107509924174357
1097	3.026201536391456
1098	3.026201536391456
1099	3.026201536391456
1100	2.1106591548894373
1101	2.1106591548894373
1102	2.1106591548894373
1103	2.888707108904394
1104	2.888707108904394
1105	2.888707108904394
1106	0.5544154210117014
1107	0.5544154210117014
1108	0.5544154210117014
1109	2.464856387203685
1110	2.464856387203685
1111	2.464856387203685
1112	2.5717641947332988
1113	2.5717641947332988
1114	2.5717641947332988
1115	3.121227853666496
1116	3.121227853666496
1117	3.121227853666496
1118	3.742702208358187
1119	3.742702208358187
1120	3.742702208358187
1121	3.1153932773728323
1122	3.1153932773728323
1123	3.1153932773728323
1124	2.541147953522463
1125	2.541147953522463
1126	2.541147953522463
1127	1.5873326449976952
1128	1.5873326449976952
1129	1.5873326449976952
1130	3.251159419538592
1131	3.251159419538592
1132	3.251159419538592
1133	2.9725100708471484
1134	2.9725100708471484
1135	2.9725100708471484
1136	3.2755359182077735
1137	3.2755359182077735
1138	3.2755359182077735
1139	2.7719090631927497
1140	2.7719090631927497
1141	2.7719090631927497
1142	2.8669370638561675
1143	1.9078685148224925
1144	1.9078685148224925
1145	1.9078685148224925
1146	1.806034476804663
1147	1.806034476804663
1148	1.806034476804663
1149	3.0398422783407466
1150	3.0398422783407466
1151	3.0398422783407466
1152	1.6856655669078118
1153	1.6856655669078118
1154	1.6856655669078118
1155	1.1536792810440863
1156	1.1536792810440863
1157	1.1536792810440863
1158	2.2351706219436
1159	2.2351706219436
1160	2.2351706219436
1161	1.959360652561731
1162	1.959360652561731
1163	1.959360652561731
1164	1.3600430010298015
1165	1.3600430010298015
1166	1.3600430010298015
1167	2.3954082983033045
1168	2.3954082983033045
1169	2.3954082983033045
1170	2.503617752673605
1171	2.503617752673605
1172	2.503617752673605
1173	0.8004824841330123
1174	0.8004824841330123
1175	0.8004824841330123
1176	0.9852489230060887
1177	0.9852489230060887
1178	0.9852489230060887
1179	1.3688788077745853
1180	1.3688788077745853
1181	1.3688788077745853
1182	1.0604246267171824
1183	1.0604246267171824
1184	1.0604246267171824
1185	1.111790470623261
1186	1.111790470623261
1187	1.111790470623261
1188	2.0404014118278866
1189	2.0404014118278866
1190	2.0404014118278866
1191	0.4118016398766262
1192	0.4118016398766262
1193	0.4118016398766262
1194	0.9086287483847243
1195	0.9086287483847243
1196	0.9086287483847243
1197	1.1438131615136344
1198	1.1438131615136344
1199	1.1438131615136344
1200	1.535698858615117
1201	1.535698858615117
1202	1.535698858615117
1203	0.9359283428650457
1204	0.9359283428650457
1205	0.9359283428650457
1206	2.1863687318750262
1207	2.1863687318750262
1208	2.1863687318750262
1209	1.2877157077763586
1210	1.2877157077763586
1211	1.2877157077763586
1212	1.765664771831328
1213	1.765664771831328
1214	1.765664771831328
1215	1.137839475151386
1216	1.137839475151386
1217	3.509276697185306
1218	3.509276697185306
1219	3.509276697185306
1220	5.795467656794255
1221	5.795467656794255
1222	5.795467656794255
1223	3.1324617971063233
1224	3.1324617971063233
1225	3.1324617971063233
1226	7.1809238013244485
1227	7.1809238013244485
1228	7.1809238013244485
1229	5.390706290001338
1230	5.390706290001338
1231	5.390706290001338
1232	5.280286908786774
1233	2.91074003598736
1234	2.91074003598736
1235	2.91074003598736
1236	3.74200462404925
1237	3.74200462404925
1238	3.74200462404925
1239	3.1456823857405576
1240	3.1456823857405576
1241	3.1456823857405576
1242	3.130811617177857
1243	3.130811617177857
1244	3.130811617177857
1245	2.547989707233513
1246	2.547989707233513
1247	2.547989707233513
1248	4.13879497413642
1249	4.13879497413642
1250	4.13879497413642
1251	2.8971684951703005
1252	2.8971684951703005
1253	2.8971684951703005
1254	2.398531374093614
1255	2.398531374093614
1256	2.398531374093614
1257	3.805349010855405
1258	3.805349010855405
1259	3.805349010855405
1260	0.4411295385739047
1261	0.4411295385739047
1262	0.4411295385739047
1263	4.28941804974836
1264	4.28941804974836
1265	4.28941804974836
1266	3.0123053104148716
1267	3.0123053104148716
1268	3.0123053104148716
1269	0.8705812308403451
1270	0.8705812308403451
1271	0.8705812308403451
1272	4.04706424597056
1273	4.04706424597056
1274	4.04706424597056
1275	4.688524770305763
1276	4.688524770305763
1277	4.688524770305763
1278	2.3801752086508534
1279	2.3801752086508534
1280	2.3801752086508534
1281	4.046577959362281
1282	4.046577959362281
1283	4.046577959362281
1284	3.986352542572394
1285	3.986352542572394
1286	3.986352542572394
1287	4.2971630862068695
1288	4.2971630862068695
1289	4.2971630862068695
1290	3.137387444084706
1291	3.137387444084706
1292	3.137387444084706
1293	3.963940836307095
1294	3.963940836307095
1295	3.963940836307095
1296	2.43059572386567
1297	2.43059572386567
1298	2.43059572386567
1299	5.01621339011514
1300	5.01621339011514
1301	5.01621339011514
1302	4.403028038463837
1303	4.403028038463837
1304	4.403028038463837
1305	3.7573105044134643
1306	3.7573105044134643
1307	3.7573105044134643
1308	1.9300486619594472
1309	1.9300486619594472
1310	1.9300486619594472
1311	3.3551990456347944
1312	3.3551990456347944
1313	3.3551990456347944
1314	1.840837811516214
1315	1.840837811516214
1316	1.840837811516214
1317	2.471734155825594
1318	2.471734155825594
1319	2.471734155825594
1320	4.467856984164089
1321	4.467856984164089
1322	4.467856984164089
1323	3.8747200679223823
1324	3.8747200679223823
1325	3.8747200679223823
1326	3.075646689569205
1327	3.075646689569205
1328	3.075646689569205
1329	4.639282914351028
1330	4.639282914351028
1331	4.639282914351028
1332	3.8798607317105365
1333	3.8798607317105365
1334	3.8798607317105365
1335	6.119142395010826
1336	6.119142395010826
1337	6.119142395010826
1338	3.5778093499497903
1339	3.5778093499497903
1340	3.5778093499497903
1341	4.348936323446216
1342	4.348936323446216
1343	4.348936323446216
1344	3.553462551471617
1345	3.553462551471617
1346	3.553462551471617
1347	2.661289809572006
1348	2.661289809572006
1349	2.661289809572006
1350	4.150190533908102
1351	4.150190533908102
1352	4.150190533908102
1353	3.2738343493105213
1354	3.2738343493105213
1355	3.2738343493105213
1356	3.0353644450269206
1357	3.0353644450269206
1358	3.0353644450269206
1359	4.507573749065644
1360	4.507573749065644
1361	4.507573749065644
1362	2.9842851599861953
1363	2.9842851599861953
1364	2.9842851599861953
1365	2.40688872282036
1366	2.40688872282036
1367	2.40688872282036
1368	3.271371003178928
1369	3.271371003178928
1370	3.271371003178928
1371	3.8215332318326913
1372	3.8215332318326913
1373	3.8215332318326913
1374	1.0061190438764003
1375	1.0061190438764003
1376	1.0061190438764003
1377	2.3042344020999233
1378	2.3042344020999233
1379	2.3042344020999233
1380	3.0255316430105164
1381	3.0255316430105164
1382	3.0255316430105164
1383	4.737521482799346
1384	4.737521482799346
1385	4.737521482799346
1386	3.1667795689562053
1387	3.1667795689562053
1388	3.1667795689562053
1389	4.834484674168844
1390	4.834484674168844
1391	4.834484674168844
1392	4.979296199785281
1393	4.979296199785281
1394	4.979296199785281
1395	3.283579059204727
1396	3.283579059204727
1397	3.283579059204727
1398	3.732767064706286
1399	3.732767064706286
1400	3.732767064706286
1401	3.089663958339202
1402	3.089663958339202
1403	3.089663958339202
1404	4.293915389762174
1405	4.293915389762174
1406	4.293915389762174
1407	4.280278943494566
1408	4.280278943494566
1409	4.280278943494566
1410	3.751739983056157
1411	3.751739983056157
1412	3.751739983056157
1413	3.3529212502456263
1414	3.3529212502456263
1415	3.3529212502456263
1416	4.954802896467536
1417	4.954802896467536
1418	4.954802896467536
1419	5.180972524810821
1420	5.180972524810821
1421	5.180972524810821
1422	5.651895365387848
1423	5.651895365387848
1424	5.651895365387848
1425	4.309008081161636
1426	4.309008081161636
1427	4.309008081161636
1428	3.5830976672021206
1429	3.5830976672021206
1430	3.5830976672021206
1431	6.794952727282109
1432	6.794952727282109
1433	6.794952727282109
1434	3.9434892859129262
1435	3.9434892859129262
1436	3.9434892859129262
1437	3.2938876160256187
1438	3.2938876160256187
1439	3.2938876160256187
1440	4.101020937445123
1441	4.101020937445123
1442	4.101020937445123
1443	3.0246798701727493
1444	3.0246798701727493
1445	3.0246798701727493
1446	1.4137789663329579
1447	1.4137789663329579
1448	1.4137789663329579
1449	3.9438188926455795
1450	3.9438188926455795
1451	3.9438188926455795
1452	4.276775586019466
1453	4.276775586019466
1454	4.276775586019466
1455	2.4954866053799885
1456	2.4954866053799885
1457	2.4954866053799885
1458	3.146883259376638
1459	3.146883259376638
1460	3.146883259376638
1461	3.7203164989966737
1462	3.7203164989966737
1463	3.7203164989966737
1464	3.399674255931265
1465	3.399674255931265
1466	3.399674255931265
1467	5.063723603732574
1468	5.063723603732574
1469	5.063723603732574
1470	2.28748319862179
1471	2.28748319862179
1472	2.28748319862179
1473	4.907940556691413
1474	4.907940556691413
1475	4.907940556691413
1476	1.801385745134789
1477	1.801385745134789
1478	1.801385745134789
1479	4.473133179972551
1480	4.473133179972551
1481	4.473133179972551
1482	3.6508524308049766
1483	3.6508524308049766
1484	3.6508524308049766
1485	1.2685638608736989
1486	1.2685638608736989
1487	1.2685638608736989
1488	1.0481472381011787
1489	1.0481472381011787
1490	1.0481472381011787
1491	0.6106394377288508
1492	0.6106394377288508
1493	0.6106394377288508
1494	0.987442814189277
1495	0.987442814189277
1496	0.987442814189277
1497	0.678999363726658
1498	0.678999363726658
1499	0.678999363726658
1500	1.1710146563414134
1501	1.1710146563414134
1502	1.1710146563414134
1503	1.3678984745988632
1504	1.3678984745988632
1505	1.3678984745988632
1506	1.0260142718809573
1507	1.0260142718809573
1508	1.0260142718809573
1509	1.1474138237821048
1510	1.1474138237821048
1511	1.1474138237821048
1512	1.1590220892775023
1513	1.1590220892775023
1514	1.1590220892775023
1515	0.9298401833692772
1516	0.9298401833692772
1517	0.9298401833692772
1518	0.7650880776586368
1519	0.7650880776586368
1520	0.7650880776586368
1521	1.4699079511185673
1522	1.4699079511185673
1523	1.4699079511185673
1524	1.1229096471625397
1525	1.1229096471625397
1526	1.1229096471625397
1527	1.122009786367545
1528	1.122009786367545
1529	1.122009786367545
1530	1.3117718882309923
1531	1.3117718882309923
1532	1.3117718882309923
1533	1.4250122540736925
1534	1.4250122540736925
1535	1.4250122540736925
1536	1.181437729003904
1537	1.181437729003904
1538	1.181437729003904
1539	1.0556103366522147
1540	1.0556103366522147
1541	1.0556103366522147
1542	0.6520129510387236
1543	0.6520129510387236
1544	0.6520129510387236
1545	1.0668377170272096
1546	1.0668377170272096
1547	1.0668377170272096
1548	1.2027775972959045
1549	1.2027775972959045
1550	1.2027775972959045
1551	0.8356008214554635
1552	0.8356008214554635
1553	0.8356008214554635
1554	0.7409998979974544
1555	0.7409998979974544
1556	0.7409998979974544
1557	1.9674284546122518
1558	1.9674284546122518
1559	1.9674284546122518
1560	1.264501850362014
1561	1.264501850362014
1562	1.264501850362014
1563	1.2185464312135923
1564	1.2185464312135923
1565	1.2185464312135923
1566	1.079466246721011
1567	1.079466246721011
1568	1.079466246721011
1569	0.34800944193100625
1570	0.34800944193100625
1571	0.34800944193100625
1572	1.5882820236093078
1573	1.5882820236093078
1574	1.5882820236093078
1575	1.2852610396176667
1576	1.2852610396176667
1577	1.2852610396176667
1578	1.2798737016122312
1579	1.2798737016122312
1580	1.2798737016122312
1581	2.798451943739307
1582	2.798451943739307
1583	2.798451943739307
1584	2.1693591786745716
1585	2.1693591786745716
1586	2.1693591786745716
1587	3.2561278631639965
1588	3.2561278631639965
1589	3.2561278631639965
1590	4.082370805083981
1591	4.082370805083981
1592	4.082370805083981
1593	2.513776463210796
1594	2.513776463210796
1595	2.513776463210796
1596	1.2488675061393097
1597	1.2488675061393097
1598	1.2488675061393097
1599	1.1694267090168462
1600	1.1694267090168462
1601	0.8207809285158814
1602	0.8207809285158814
1603	0.8207809285158814
1604	0.6468400157348
1605	0.6468400157348
1606	0.6468400157348
1607	0.4906253738834685
1608	0.4906253738834685
1609	0.4906253738834685
1610	1.1460083791241105
1611	1.1460083791241105
1612	1.1460083791241105
1613	0.636696365856548
1614	0.636696365856548
1615	0.636696365856548
1616	0.8017923894865817
1617	0.8017923894865817
1618	0.8017923894865817
1619	0.3380715021973032
1620	0.3380715021973032
1621	0.3380715021973032
1622	0.18352447720347437
1623	0.18352447720347437
1624	0.18352447720347437
1625	0.5319001268949045
1626	0.5319001268949045
1627	0.5319001268949045
1628	0.7896338888683241
1629	0.7896338888683241
1630	0.7896338888683241
1631	0.5438569910310821
1632	0.5438569910310821
1633	0.5438569910310821
1634	0.5315081423558901
1635	0.5315081423558901
1636	0.5315081423558901
1637	0.8812994578773857
1638	0.8812994578773857
1639	0.8812994578773857
1640	0.7156017652120198
1641	0.7156017652120198
1642	0.7156017652120198
1643	0.7186772958358284
1644	0.7186772958358284
1645	0.7186772958358284
1646	1.1050743745208533
1647	1.1050743745208533
1648	1.1050743745208533
1649	0.54221368314493
1650	0.54221368314493
1651	3.5116319305138495
1652	3.5116319305138495
1653	3.5116319305138495
1654	2.69403355357302
1655	2.69403355357302
1656	2.69403355357302
1657	2.202107690453817
1658	2.202107690453817
1659	2.202107690453817
1660	2.9202677301626663
1661	2.9202677301626663
1662	2.9202677301626663
1663	2.0726373195426415
1664	2.0726373195426415
1665	2.0726373195426415
1666	1.7919578532665204
1667	1.7919578532665204
1668	1.7919578532665204
1669	1.495353451291682
1670	1.495353451291682
1671	1.495353451291682
1672	2.362557794458758
1673	2.362557794458758
1674	2.362557794458758
1675	1.8885559760951804
1676	1.8885559760951804
1677	1.8885559760951804
1678	1.9372942127886903
1679	1.9372942127886903
1680	1.9372942127886903
1681	3.0220298932829266
1682	3.0220298932829266
1683	3.0220298932829266
1684	1.4236288009336753
1685	1.4236288009336753
1686	1.4236288009336753
1687	3.845552744419768
1688	3.845552744419768
1689	3.845552744419768
1690	1.2545047516950507
1691	1.2545047516950507
1692	1.2545047516950507
1693	3.0994958072133736
1694	3.0994958072133736
1695	3.0994958072133736
1696	2.60017234258823
1697	2.60017234258823
1698	2.60017234258823
1699	2.368619629594117
1700	2.368619629594117
1701	2.368619629594117
1702	3.629720031403907
1703	3.629720031403907
1704	3.629720031403907
1705	2.1408699910230253
1706	2.1408699910230253
1707	2.1408699910230253
1708	3.3339903211990363
1709	3.3339903211990363
1710	3.3339903211990363
1711	2.276115704693561
1712	2.276115704693561
1713	2.276115704693561
1714	3.465729428379655
1715	3.465729428379655
1716	3.465729428379655
1717	1.8212832123810538
1718	1.8212832123810538
1719	0.60423790577047
1720	3.284913251715185
1721	3.284913251715185
1722	3.284913251715185
1723	2.360962692222585
1724	2.360962692222585
1725	2.360962692222585
1726	3.3600713849716115
1727	3.3600713849716115
1728	3.3600713849716115
1729	2.491327519201137
1730	2.491327519201137
1731	2.491327519201137
1732	3.0649652347190663
1733	3.0649652347190663
1734	3.0649652347190663
1735	3.5598076464044466
1736	3.5598076464044466
1737	3.5598076464044466
1738	2.465067676859294
1739	2.465067676859294
1740	2.465067676859294
1741	3.6365759139610883
1742	3.6365759139610883
1743	3.6365759139610883
1744	3.1749473155845567
1745	3.1749473155845567
1746	3.1749473155845567
1747	3.513099844436394
1748	3.513099844436394
1749	3.513099844436394
1750	3.9791905104174825
1751	3.9791905104174825
1752	3.9791905104174825
1753	2.5232011314221836
1754	2.5232011314221836
1755	2.5232011314221836
1756	3.2330883372917443
1757	3.2330883372917443
1758	3.2330883372917443
1759	3.555572094694364
1760	3.555572094694364
1761	3.555572094694364
1762	2.734521253893754
1763	2.734521253893754
1764	3.161977138250079
1765	3.161977138250079
1766	3.161977138250079
1767	4.4778356854498576
1768	4.4778356854498576
1769	4.4778356854498576
1770	1.6094886535623862
1771	1.6094886535623862
1772	1.6094886535623862
1773	3.1639114598179603
1774	3.1639114598179603
1775	3.1639114598179603
1776	3.7072416931237178
1777	1.4600832053470858
1778	1.4600832053470858
1779	1.4600832053470858
1780	0.7432994260083321
1781	0.7432994260083321
1782	0.7432994260083321
1783	1.978029585384982
1784	1.978029585384982
1785	1.978029585384982
1786	2.246231679995976
1787	2.246231679995976
1788	2.246231679995976
1789	1.696008486475003
1790	1.696008486475003
1791	1.696008486475003
1792	2.2113951842886603
1793	2.2113951842886603
1794	2.2113951842886603
1795	1.9054778490078763
1796	1.9054778490078763
1797	1.9054778490078763
1798	1.6519617498552683
1799	1.6519617498552683
1800	1.6519617498552683
1801	1.7952330956629607
1802	1.7952330956629607
1803	1.7952330956629607
1804	2.0151939715564104
1805	2.0151939715564104
1806	2.0151939715564104
1807	2.398347925734681
1808	2.398347925734681
1809	4.930785252403437
1810	4.930785252403437
1811	4.930785252403437
1812	5.4584231427095515
1813	5.4584231427095515
1814	5.4584231427095515
1815	2.1097980872339166
1816	2.1097980872339166
1817	2.1097980872339166
1818	2.4513617925302045
1819	2.4513617925302045
1820	2.4513617925302045
1821	4.486285131971519
1822	4.486285131971519
1823	4.486285131971519
1824	4.059340228629445
1825	4.059340228629445
1826	4.059340228629445
1827	4.3120197554797315
1828	4.3120197554797315
1829	4.3120197554797315
1830	3.339960549417346
1831	3.339960549417346
1832	3.339960549417346
1833	3.1699327829018946
1834	3.1699327829018946
1835	3.1699327829018946
1836	3.8146860262771165
1837	3.8146860262771165
1838	3.8146860262771165
1839	0.7651829285242688
1840	0.7651829285242688
1841	0.7651829285242688
1842	5.311584302454875
1843	5.311584302454875
1844	5.311584302454875
1845	4.820107984974989
1846	4.820107984974989
1847	4.820107984974989
1848	3.8353624195354046
1849	3.8353624195354046
1850	3.8353624195354046
1851	2.0467869273763775
1852	2.0467869273763775
1853	2.0467869273763775
1854	4.863944032928222
1855	4.863944032928222
1856	4.863944032928222
1857	5.073891479656972
1858	5.073891479656972
1859	5.073891479656972
1860	2.9246755284232933
1861	2.9246755284232933
1862	2.9246755284232933
1863	3.428376094523152
1864	3.428376094523152
1865	3.428376094523152
1866	3.6366512765339305
1867	3.6366512765339305
1868	3.6366512765339305
1869	2.9766193180753597
1870	2.9766193180753597
1871	2.9766193180753597
1872	3.5704128627243397
1873	3.5704128627243397
1874	3.5704128627243397
1875	3.7214501551586077
1876	0.3380261943327624
1877	5.7789707139754825
1878	5.7789707139754825
1879	5.7789707139754825
1880	4.299543176682013
1881	4.299543176682013
1882	4.299543176682013
1883	4.548302605725011
1884	4.548302605725011
1885	4.548302605725011
1886	5.3987707177973405
1887	5.3987707177973405
1888	5.3987707177973405
1889	3.6420100453462845
1890	3.6420100453462845
1891	3.6420100453462845
1892	3.8185401817277325
1893	3.8185401817277325
1894	3.8185401817277325
1895	4.561391329031363
1896	4.561391329031363
1897	4.561391329031363
1898	3.980335470954816
1899	3.980335470954816
1900	3.980335470954816
1901	1.8421034332808601
1902	1.8421034332808601
1903	1.8421034332808601
1904	3.8518433012544033
1905	3.8518433012544033
1906	3.8518433012544033
1907	3.668800803836034
1908	3.668800803836034
1909	3.668800803836034
1910	2.1408129576705184
1911	2.1408129576705184
1912	2.1408129576705184
1913	3.1436394068840334
1914	3.1436394068840334
1915	3.1436394068840334
1916	4.607044046167684
1917	4.607044046167684
1918	4.607044046167684
1919	3.0150510457951776
1920	3.0150510457951776
1921	3.0150510457951776
1922	2.6947308993360504
1923	2.6947308993360504
1924	2.6947308993360504
1925	2.8044803479898475
1926	2.8044803479898475
1927	2.8044803479898475
1928	2.249935744052276
1929	2.249935744052276
1930	2.249935744052276
1931	3.30461738436053
1932	2.3138402071042807
1933	2.3138402071042807
1934	2.3138402071042807
1935	1.8980540261206325
1936	1.8980540261206325
1937	1.8980540261206325
1938	1.5773585774354075
1939	1.5773585774354075
1940	1.5773585774354075
1941	1.4170421009997698
1942	1.4170421009997698
1943	1.4170421009997698
1944	1.062084245749654
1945	1.062084245749654
1946	1.062084245749654
1947	1.9919777280689224
1948	1.9919777280689224
1949	1.9919777280689224
1950	0.3869529212249212
1951	0.3869529212249212
1952	0.3869529212249212
1953	2.0364947452195845
1954	2.0364947452195845
1955	2.0364947452195845
1956	1.3552514380147218
1957	1.3552514380147218
1958	1.3552514380147218
1959	1.3806086471603656
1960	1.3806086471603656
1961	1.3806086471603656
1962	1.3704359472125929
1963	1.3704359472125929
1964	1.3704359472125929
1965	1.22180689753715
1966	1.22180689753715
1967	1.22180689753715
1968	1.1454565962273615
1969	1.1454565962273615
1970	1.1454565962273615
1971	1.8581245011346141
1972	1.8581245011346141
1973	1.8581245011346141
1974	0.7092111388242004
1975	0.7092111388242004
1976	0.7092111388242004
1977	0.644114221468609
1978	0.644114221468609
1979	0.644114221468609
1980	0.2685428879362861
1981	0.2685428879362861
1982	0.2685428879362861
1983	0.42197040149733434
1984	0.42197040149733434
1985	0.42197040149733434
1986	0.5942181707519879
1987	0.5942181707519879
1988	0.5942181707519879
1989	0.47119917915535414
1990	0.47119917915535414
1991	0.47119917915535414
1992	0.49016634820605587
1993	0.49016634820605587
1994	0.49016634820605587
1995	0.7399077747105879
1996	0.7399077747105879
1997	0.7399077747105879
1998	0.32236805160932475
1999	0.32236805160932475
