0	1.8716452438777078
1	1.8716452438777078
2	1.8716452438777078
3	1.8716452438777078
4	1.8716452438777078
5	0.6688336864519424
6	0.6688336864519424
7	0.6688336864519424
8	0.6688336864519424
9	0.6688336864519424
10	3.680898663980144
11	3.680898663980144
12	3.680898663980144
13	3.680898663980144
14	3.680898663980144
15	2.6545362159097743
16	2.6545362159097743
17	2.6545362159097743
18	2.6545362159097743
19	2.6545362159097743
20	2.7108670709452074
21	2.7108670709452074
22	2.7108670709452074
23	2.7108670709452074
24	2.7108670709452074
25	2.7556077992379366
26	1.4181066172082768
27	1.4181066172082768
28	1.4181066172082768
29	1.8698915581662174
30	1.8698915581662174
31	1.8698915581662174
32	1.8698915581662174
33	1.8698915581662174
34	1.7465229529831594
35	1.7465229529831594
36	1.7465229529831594
37	1.7465229529831594
38	1.7465229529831594
39	1.937007838018684
40	1.937007838018684
41	1.937007838018684
42	1.937007838018684
43	1.937007838018684
44	2.134203685737734
45	2.134203685737734
46	2.134203685737734
47	2.134203685737734
48	2.134203685737734
49	0.9235446617897396
50	0.9235446617897396
51	0.9235446617897396
52	0.9235446617897396
53	0.9235446617897396
54	2.174348964977567
55	2.174348964977567
56	2.174348964977567
57	2.174348964977567
58	2.174348964977567
59	2.067292045019699
60	2.067292045019699
61	2.067292045019699
62	2.067292045019699
63	2.067292045019699
64	2.854870238670115
65	2.854870238670115
66	2.854870238670115
67	2.854870238670115
68	2.854870238670115
69	2.1609860227368056
70	2.1609860227368056
71	2.1609860227368056
72	2.1609860227368056
73	2.1609860227368056
74	3.1412237188693903
75	3.1412237188693903
76	3.1412237188693903
77	3.1412237188693903
78	3.1412237188693903
79	1.5579869341121326
80	1.5579869341121326
81	1.5579869341121326
82	1.5579869341121326
83	1.5579869341121326
84	1.53630255679255
85	1.53630255679255
86	1.53630255679255
87	0.7992354099599508
88	0.7992354099599508
89	0.7992354099599508
90	0.7992354099599508
91	0.7992354099599508
92	0.6196268551561214
93	0.6196268551561214
94	0.6196268551561214
95	0.6196268551561214
96	0.6196268551561214
97	0.8127111825293956
98	0.8127111825293956
99	0.8127111825293956
100	0.8127111825293956
101	0.8127111825293956
102	0.3668263798045827
103	0.3668263798045827
104	0.3668263798045827
105	0.3668263798045827
106	0.3668263798045827
107	0.5230875741347331
108	0.5230875741347331
109	0.5230875741347331
110	0.5230875741347331
111	0.5230875741347331
112	3.0284923172052656
113	3.0284923172052656
114	3.0284923172052656
115	3.0284923172052656
116	3.0284923172052656
117	3.0675737406411785
118	3.0675737406411785
119	3.0675737406411785
120	3.0675737406411785
121	3.0675737406411785
122	4.76955669097212
123	4.76955669097212
124	4.76955669097212
125	4.76955669097212
126	4.76955669097212
127	4.435136196771166
128	4.435136196771166
129	4.435136196771166
130	4.435136196771166
131	4.435136196771166
132	5.605677429846145
133	5.605677429846145
134	5.605677429846145
135	5.605677429846145
136	5.605677429846145
137	2.829138047420922
138	2.829138047420922
139	2.829138047420922
140	2.829138047420922
141	2.829138047420922
142	4.937514020118943
143	4.937514020118943
144	4.937514020118943
145	4.937514020118943
146	4.937514020118943
147	2.3061953622854654
148	2.3061953622854654
149	2.212070155965597
150	2.212070155965597
151	2.212070155965597
152	2.212070155965597
153	2.212070155965597
154	2.7224269376034305
155	2.7224269376034305
156	2.7224269376034305
157	2.7224269376034305
158	2.7224269376034305
159	1.3287010648973407
160	1.3287010648973407
161	1.3287010648973407
162	1.3287010648973407
163	1.3287010648973407
164	3.2106937003493257
165	1.1227420493754752
166	1.1227420493754752
167	1.1227420493754752
168	1.1227420493754752
169	2.683700748997984
170	2.683700748997984
171	2.683700748997984
172	2.683700748997984
173	2.683700748997984
174	2.868562584029562
175	2.868562584029562
176	2.868562584029562
177	0.3335223512195724
178	0.3335223512195724
179	0.3335223512195724
180	0.3335223512195724
181	0.3335223512195724
182	1.236640255070442
183	1.236640255070442
184	1.236640255070442
185	1.236640255070442
186	1.236640255070442
187	0.8609339977187
188	0.8609339977187
189	0.8609339977187
190	0.8609339977187
191	0.8609339977187
192	0.6345788975703205
193	0.6345788975703205
194	0.6345788975703205
195	0.6345788975703205
196	0.6345788975703205
197	0.6625095689773249
198	0.6625095689773249
199	0.6625095689773249
200	0.6625095689773249
201	0.6625095689773249
202	0.5288882763356426
203	0.5288882763356426
204	0.5288882763356426
205	0.5288882763356426
206	0.5288882763356426
207	0.39698790381042665
208	0.39698790381042665
209	0.39698790381042665
210	0.39698790381042665
211	0.39698790381042665
212	0.9181542982223707
213	0.9181542982223707
214	0.9181542982223707
215	0.9181542982223707
216	0.9181542982223707
217	0.620892391332879
218	0.620892391332879
219	0.620892391332879
220	0.620892391332879
221	0.620892391332879
222	0.6119924291658176
223	0.6119924291658176
224	0.6119924291658176
225	0.6119924291658176
226	0.6119924291658176
227	0.7362668059878045
228	0.7362668059878045
229	0.7362668059878045
230	0.7362668059878045
231	0.7362668059878045
232	0.86284842136782
233	0.86284842136782
234	0.86284842136782
235	0.86284842136782
236	0.86284842136782
237	0.5587945680813031
238	0.5587945680813031
239	0.5587945680813031
240	0.5587945680813031
241	0.5587945680813031
242	0.6331857061869105
243	0.6331857061869105
244	0.6331857061869105
245	0.6331857061869105
246	0.6331857061869105
247	0.9256309595080052
248	0.9256309595080052
249	0.9256309595080052
250	0.9256309595080052
251	0.9256309595080052
252	0.5375878895729648
253	0.5375878895729648
254	0.5375878895729648
255	0.5375878895729648
256	0.5375878895729648
257	0.5963909806537998
258	0.5963909806537998
259	0.5963909806537998
260	0.5963909806537998
261	0.5963909806537998
262	0.48315909150508696
263	0.48315909150508696
264	0.48315909150508696
265	0.48315909150508696
266	0.48315909150508696
267	0.9003293680892379
268	0.9003293680892379
269	0.9003293680892379
270	0.9003293680892379
271	0.9003293680892379
272	0.8552691184542942
273	0.8552691184542942
274	0.8552691184542942
275	0.8552691184542942
276	0.8552691184542942
277	0.6569589916510676
278	0.6569589916510676
279	0.6569589916510676
280	0.6569589916510676
281	0.6569589916510676
282	0.4701918996931752
283	0.4701918996931752
284	0.4701918996931752
285	0.4701918996931752
286	0.4701918996931752
287	0.4599945356404904
288	0.4599945356404904
289	0.4599945356404904
290	0.4599945356404904
291	0.4599945356404904
292	0.6120904630841604
293	0.6120904630841604
294	0.6120904630841604
295	0.6120904630841604
296	0.6120904630841604
297	0.575292595623315
298	0.575292595623315
299	0.575292595623315
300	0.575292595623315
301	0.575292595623315
302	0.6325750539508673
303	2.5887878635329566
304	2.5887878635329566
305	2.5887878635329566
306	2.5887878635329566
307	2.5887878635329566
308	1.8602865091070062
309	1.8602865091070062
310	5.240848236423258
311	5.240848236423258
312	5.240848236423258
313	5.240848236423258
314	5.240848236423258
315	3.070361772370396
316	3.070361772370396
317	3.070361772370396
318	3.070361772370396
319	3.070361772370396
320	3.0092764838798267
321	3.0092764838798267
322	3.0092764838798267
323	3.0092764838798267
324	3.0092764838798267
325	7.137057142437686
326	7.137057142437686
327	7.137057142437686
328	7.137057142437686
329	7.137057142437686
330	3.651333989831682
331	3.651333989831682
332	3.651333989831682
333	3.651333989831682
334	3.651333989831682
335	2.5745405001397774
336	2.5745405001397774
337	2.5745405001397774
338	2.5745405001397774
339	2.5745405001397774
340	3.628833319983921
341	3.628833319983921
342	3.628833319983921
343	3.628833319983921
344	3.628833319983921
345	4.3373509249993125
346	4.3373509249993125
347	4.3373509249993125
348	4.3373509249993125
349	1.4558711298075337
350	1.4558711298075337
351	1.4558711298075337
352	1.4558711298075337
353	1.4558711298075337
354	2.6539380596387288
355	2.6539380596387288
356	2.6539380596387288
357	2.6539380596387288
358	2.6539380596387288
359	3.1815403595906435
360	3.1815403595906435
361	3.1815403595906435
362	3.1815403595906435
363	3.1815403595906435
364	1.6119125328375585
365	1.6119125328375585
366	1.6119125328375585
367	1.6119125328375585
368	1.6119125328375585
369	2.2965754307758623
370	2.2965754307758623
371	0.7641127574806963
372	0.7641127574806963
373	0.7641127574806963
374	0.7641127574806963
375	0.7641127574806963
376	0.9042006113921834
377	0.9042006113921834
378	0.9042006113921834
379	0.9042006113921834
380	0.9042006113921834
381	1.4318525908363262
382	5.075980345097419
383	5.075980345097419
384	5.075980345097419
385	5.075980345097419
386	5.075980345097419
387	3.233472501849809
388	3.233472501849809
389	3.233472501849809
390	3.233472501849809
391	3.233472501849809
392	3.047493267673996
393	3.047493267673996
394	3.047493267673996
395	3.047493267673996
396	3.047493267673996
397	0.2534735982600981
398	0.2534735982600981
399	0.2534735982600981
400	0.2534735982600981
401	0.2534735982600981
402	0.8031568364359805
403	0.8031568364359805
404	0.8031568364359805
405	0.8031568364359805
406	0.8031568364359805
407	0.5947359844208961
408	0.5947359844208961
409	0.5947359844208961
410	0.5947359844208961
411	0.5947359844208961
412	0.5898010594637269
413	0.5898010594637269
414	0.5898010594637269
415	0.5898010594637269
416	0.5898010594637269
417	0.12837792510498092
418	0.12837792510498092
419	0.12837792510498092
420	0.12837792510498092
421	0.12837792510498092
422	0.827770565971166
423	0.827770565971166
424	0.827770565971166
425	0.827770565971166
426	0.827770565971166
427	0.8767100429672012
428	0.8767100429672012
429	0.8767100429672012
430	0.8767100429672012
431	0.8767100429672012
432	0.7093220116531507
433	0.7093220116531507
434	0.7093220116531507
435	0.7093220116531507
436	0.7093220116531507
437	0.3862301514026432
438	0.3862301514026432
439	1.365235370172214
440	1.365235370172214
441	1.365235370172214
442	1.365235370172214
443	1.365235370172214
444	1.9768776056126585
445	1.9768776056126585
446	1.9768776056126585
447	1.9768776056126585
448	1.9768776056126585
449	1.0619861677158713
450	1.0619861677158713
451	1.0619861677158713
452	1.0619861677158713
453	1.0619861677158713
454	0.80097652318093
455	0.80097652318093
456	0.80097652318093
457	0.80097652318093
458	0.80097652318093
459	0.259118833090082
460	0.259118833090082
461	0.259118833090082
462	0.259118833090082
463	0.259118833090082
464	1.5141733198565315
465	1.5141733198565315
466	5.088174184011661
467	5.088174184011661
468	5.088174184011661
469	5.088174184011661
470	5.088174184011661
471	3.2436837951776143
472	3.2436837951776143
473	3.2436837951776143
474	3.2436837951776143
475	3.2436837951776143
476	2.496001638511136
477	2.496001638511136
478	2.496001638511136
479	2.496001638511136
480	2.496001638511136
481	1.3311077730559697
482	1.3311077730559697
483	1.3311077730559697
484	1.3311077730559697
485	1.3311077730559697
486	2.983265634297589
487	2.983265634297589
488	2.983265634297589
489	2.983265634297589
490	2.983265634297589
491	5.7656256701243125
492	5.7656256701243125
493	5.7656256701243125
494	5.7656256701243125
495	5.7656256701243125
496	1.29373275188505
497	1.29373275188505
498	1.29373275188505
499	1.29373275188505
500	1.29373275188505
501	3.8671158486987505
502	3.8671158486987505
503	3.8671158486987505
504	3.8671158486987505
505	3.8671158486987505
506	2.837606473370971
507	2.837606473370971
508	2.837606473370971
509	2.837606473370971
510	2.837606473370971
511	6.3302612744470315
512	6.3302612744470315
513	6.3302612744470315
514	3.4330361200327815
515	3.4330361200327815
516	3.4330361200327815
517	3.4330361200327815
518	3.4330361200327815
519	2.4005580382933287
520	2.4005580382933287
521	2.4005580382933287
522	2.4005580382933287
523	2.4005580382933287
524	1.8357547542670858
525	1.8357547542670858
526	1.8357547542670858
527	1.8357547542670858
528	1.8357547542670858
529	3.766103466204994
530	3.766103466204994
531	3.766103466204994
532	3.766103466204994
533	3.766103466204994
534	4.910025466847454
535	4.910025466847454
536	4.910025466847454
537	4.910025466847454
538	4.910025466847454
539	2.563500595965877
540	2.563500595965877
541	2.563500595965877
542	2.563500595965877
543	2.563500595965877
544	1.2300117047272465
545	1.2300117047272465
546	1.2300117047272465
547	1.2300117047272465
548	1.2300117047272465
549	4.3711015240514115
550	4.3711015240514115
551	4.3711015240514115
552	4.3711015240514115
553	4.3711015240514115
554	2.985298995934389
555	2.985298995934389
556	2.985298995934389
557	2.985298995934389
558	2.985298995934389
559	3.2589214835002265
560	3.2589214835002265
561	3.2589214835002265
562	3.2589214835002265
563	3.2589214835002265
564	3.222072991130081
565	3.222072991130081
566	3.222072991130081
567	3.222072991130081
568	3.222072991130081
569	3.816767023093531
570	3.816767023093531
571	3.816767023093531
572	1.8219636595839772
573	1.8219636595839772
574	1.8219636595839772
575	1.8219636595839772
576	1.8219636595839772
577	3.4025753817767246
578	3.4025753817767246
579	3.4025753817767246
580	3.4025753817767246
581	3.4025753817767246
582	2.9384000709906575
583	2.9384000709906575
584	2.9384000709906575
585	2.9384000709906575
586	2.9384000709906575
587	3.096902567113808
588	3.096902567113808
589	3.096902567113808
590	3.096902567113808
591	3.096902567113808
592	1.9818896002923045
593	1.9818896002923045
594	1.9818896002923045
595	1.9818896002923045
596	1.9818896002923045
597	3.6637359232190274
598	3.6637359232190274
599	3.6637359232190274
600	3.6637359232190274
601	3.6637359232190274
602	2.4635476165789045
603	2.4635476165789045
604	2.4635476165789045
605	2.4635476165789045
606	2.4635476165789045
607	2.3291603897916096
608	2.3291603897916096
609	2.3291603897916096
610	2.3291603897916096
611	2.3291603897916096
612	0.8218714662459328
613	0.8218714662459328
614	0.8218714662459328
615	5.786688621818574
616	5.786688621818574
617	5.786688621818574
618	5.786688621818574
619	5.786688621818574
620	5.877646844026822
621	5.877646844026822
622	5.877646844026822
623	5.877646844026822
624	5.877646844026822
625	4.076760985241307
626	4.076760985241307
627	4.076760985241307
628	4.076760985241307
629	4.076760985241307
630	0.7599681419145252
631	0.7599681419145252
632	0.7599681419145252
633	0.7599681419145252
634	0.7599681419145252
635	2.7200325599601642
636	2.7200325599601642
637	2.7200325599601642
638	2.7200325599601642
639	2.7200325599601642
640	4.135056048034612
641	4.135056048034612
642	4.135056048034612
643	4.135056048034612
644	4.135056048034612
645	5.895470861209144
646	5.895470861209144
647	5.895470861209144
648	5.895470861209144
649	5.895470861209144
650	4.834186700263805
651	4.834186700263805
652	4.834186700263805
653	4.834186700263805
654	4.834186700263805
655	3.6707402033530236
656	3.6707402033530236
657	3.6707402033530236
658	3.6707402033530236
659	3.6707402033530236
660	3.6716469292929936
661	3.6716469292929936
662	3.6716469292929936
663	3.6716469292929936
664	3.6716469292929936
665	4.307395026009773
666	4.307395026009773
667	4.307395026009773
668	4.307395026009773
669	4.307395026009773
670	3.1193982589105063
671	3.1193982589105063
672	3.1193982589105063
673	3.1193982589105063
674	3.1193982589105063
675	5.540558772203283
676	5.540558772203283
677	5.540558772203283
678	5.540558772203283
679	5.540558772203283
680	6.647472280319391
681	6.647472280319391
682	6.647472280319391
683	6.647472280319391
684	6.647472280319391
685	2.7655185480954785
686	2.7655185480954785
687	2.7655185480954785
688	2.7655185480954785
689	2.7655185480954785
690	4.7504887053484035
691	4.7504887053484035
692	4.7504887053484035
693	4.7504887053484035
694	4.7504887053484035
695	2.0173140619844023
696	2.0173140619844023
697	2.0173140619844023
698	2.0173140619844023
699	2.0173140619844023
700	2.6059514859198445
701	2.6059514859198445
702	2.6059514859198445
703	2.6059514859198445
704	2.6059514859198445
705	4.239900204339513
706	4.239900204339513
707	4.239900204339513
708	4.239900204339513
709	4.239900204339513
710	5.305921025612401
711	5.305921025612401
712	5.305921025612401
713	5.305921025612401
714	5.305921025612401
715	6.394595257346468
716	6.394595257346468
717	6.394595257346468
718	6.394595257346468
719	6.394595257346468
720	4.161732703395783
721	4.161732703395783
722	1.4592748707250918
723	1.4592748707250918
724	1.4592748707250918
725	1.4592748707250918
726	1.4592748707250918
727	1.698650142496679
728	1.698650142496679
729	1.698650142496679
730	1.698650142496679
731	1.698650142496679
732	1.1089571906728954
733	1.1089571906728954
734	1.1089571906728954
735	1.1089571906728954
736	1.1089571906728954
737	3.8402024738098333
738	3.8402024738098333
739	3.8402024738098333
740	3.8402024738098333
741	3.8402024738098333
742	4.3612987687004345
743	4.3612987687004345
744	4.3612987687004345
745	4.3612987687004345
746	4.3612987687004345
747	3.1354740534030214
748	3.1354740534030214
749	3.1354740534030214
750	3.1354740534030214
751	3.1354740534030214
752	5.032055680427561
753	5.032055680427561
754	5.032055680427561
755	5.032055680427561
756	5.032055680427561
757	2.763350491531826
758	2.763350491531826
759	2.763350491531826
760	2.763350491531826
761	2.763350491531826
762	3.5508061320261985
763	3.5508061320261985
764	3.5508061320261985
765	3.5508061320261985
766	0.9170984560646471
767	0.9170984560646471
768	0.9170984560646471
769	0.9170984560646471
770	0.9170984560646471
771	1.304557600149211
772	1.304557600149211
773	1.304557600149211
774	1.304557600149211
775	1.304557600149211
776	0.6704640239515456
777	0.6704640239515456
778	0.6704640239515456
779	0.6704640239515456
780	0.6704640239515456
781	0.990264256986733
782	0.990264256986733
783	0.990264256986733
784	0.990264256986733
785	0.990264256986733
786	1.447543487849888
787	1.447543487849888
788	1.447543487849888
789	1.447543487849888
790	1.447543487849888
791	1.1675322095651015
792	1.1675322095651015
793	1.1675322095651015
794	1.1675322095651015
795	1.1675322095651015
796	1.4096773658259971
797	1.4096773658259971
798	1.4096773658259971
799	1.4096773658259971
800	1.4096773658259971
801	0.7843404732350221
802	0.7843404732350221
803	0.7843404732350221
804	0.7843404732350221
805	0.7843404732350221
806	0.8119306944029607
807	0.8119306944029607
808	0.8119306944029607
809	0.8119306944029607
810	0.8119306944029607
811	1.8534477512341287
812	1.8534477512341287
813	1.8534477512341287
814	1.8534477512341287
815	1.8534477512341287
816	1.0823753429332357
817	1.0823753429332357
818	1.0823753429332357
819	1.0823753429332357
820	1.0823753429332357
821	1.118715917305728
822	1.118715917305728
823	1.118715917305728
824	1.118715917305728
825	1.118715917305728
826	1.6194526782538579
827	1.6194526782538579
828	1.6194526782538579
829	1.6194526782538579
830	1.6194526782538579
831	0.9117094576032095
832	0.9117094576032095
833	0.9117094576032095
834	0.9117094576032095
835	0.9117094576032095
836	4.790289644921927
837	4.790289644921927
838	4.790289644921927
839	4.790289644921927
840	3.799291918274451
841	3.799291918274451
842	3.799291918274451
843	3.799291918274451
844	3.799291918274451
845	6.122091614630063
846	6.122091614630063
847	6.122091614630063
848	6.122091614630063
849	6.122091614630063
850	5.352107963642763
851	5.352107963642763
852	5.352107963642763
853	5.352107963642763
854	5.352107963642763
855	3.8368609934371407
856	3.8368609934371407
857	3.8368609934371407
858	3.8368609934371407
859	3.8368609934371407
860	2.3248484414324384
861	2.3248484414324384
862	2.3248484414324384
863	2.3248484414324384
864	2.3248484414324384
865	5.654087229185822
866	5.654087229185822
867	5.654087229185822
868	5.654087229185822
869	5.654087229185822
870	4.686087247811166
871	4.686087247811166
872	4.686087247811166
873	4.686087247811166
874	4.686087247811166
875	5.369810861372382
876	5.369810861372382
877	5.369810861372382
878	5.369810861372382
879	5.369810861372382
880	1.8832928894164958
881	1.8832928894164958
882	1.8832928894164958
883	1.8832928894164958
884	1.8832928894164958
885	4.460873746739181
886	4.460873746739181
887	4.460873746739181
888	4.460873746739181
889	4.460873746739181
890	2.79131235421814
891	2.79131235421814
892	2.79131235421814
893	2.79131235421814
894	2.79131235421814
895	1.3460182022481935
896	1.3460182022481935
897	1.3460182022481935
898	1.3460182022481935
899	1.3460182022481935
900	3.6825777066385794
901	3.6825777066385794
902	3.6825777066385794
903	3.6825777066385794
904	3.6825777066385794
905	1.5614495660876495
906	1.5614495660876495
907	1.5614495660876495
908	1.5614495660876495
909	1.5614495660876495
910	2.395525129966993
911	2.395525129966993
912	2.395525129966993
913	2.395525129966993
914	2.395525129966993
915	3.9319802741133234
916	3.9319802741133234
917	3.9319802741133234
918	3.9319802741133234
919	3.9319802741133234
920	4.227444867349907
921	4.227444867349907
922	4.227444867349907
923	4.227444867349907
924	4.227444867349907
925	2.982564860992073
926	2.982564860992073
927	2.982564860992073
928	2.982564860992073
929	2.982564860992073
930	2.315125156982024
931	2.315125156982024
932	2.315125156982024
933	2.315125156982024
934	2.315125156982024
935	3.632377210665031
936	3.632377210665031
937	3.632377210665031
938	3.632377210665031
939	3.632377210665031
940	4.253933693857924
941	4.253933693857924
942	4.253933693857924
943	4.253933693857924
944	4.253933693857924
945	2.2446225526365056
946	2.2446225526365056
947	2.2446225526365056
948	2.2446225526365056
949	2.2446225526365056
950	4.655616444620219
951	4.655616444620219
952	4.655616444620219
953	4.655616444620219
954	4.655616444620219
955	2.9269542703989853
956	2.9269542703989853
957	2.9269542703989853
958	2.9269542703989853
959	2.9269542703989853
960	2.994578761856797
961	2.994578761856797
962	2.994578761856797
963	2.994578761856797
964	2.994578761856797
965	2.7131113983964417
966	2.7131113983964417
967	2.7131113983964417
968	2.7131113983964417
969	2.7131113983964417
970	3.3246861782985975
971	3.3246861782985975
972	3.3246861782985975
973	3.3246861782985975
974	3.3246861782985975
975	2.738191524529099
976	2.738191524529099
977	2.738191524529099
978	2.738191524529099
979	2.738191524529099
980	3.009188393255717
981	3.009188393255717
982	3.009188393255717
983	3.009188393255717
984	3.009188393255717
985	4.977735966526197
986	4.977735966526197
987	4.977735966526197
988	4.977735966526197
989	4.977735966526197
990	2.3974319303018516
991	2.3974319303018516
992	2.3974319303018516
993	2.3974319303018516
994	2.3974319303018516
995	3.179866216891555
996	3.179866216891555
997	3.179866216891555
998	3.179866216891555
999	3.179866216891555
1000	6.331607045749264
1001	6.331607045749264
1002	6.331607045749264
1003	6.331607045749264
1004	6.331607045749264
1005	5.204232840532219
1006	5.204232840532219
1007	5.204232840532219
1008	5.204232840532219
1009	5.204232840532219
1010	5.247248808126201
1011	5.247248808126201
1012	5.247248808126201
1013	5.247248808126201
1014	5.247248808126201
1015	1.9162140717954488
1016	1.9162140717954488
1017	1.9162140717954488
1018	1.9162140717954488
1019	1.9162140717954488
1020	4.68355695360305
1021	4.68355695360305
1022	4.68355695360305
1023	4.68355695360305
1024	4.68355695360305
1025	2.825570419991413
1026	2.825570419991413
1027	2.825570419991413
1028	2.825570419991413
1029	2.825570419991413
1030	3.690477061072147
1031	3.690477061072147
1032	3.690477061072147
1033	3.690477061072147
1034	3.690477061072147
1035	3.93716756109671
1036	3.93716756109671
1037	3.93716756109671
1038	3.93716756109671
1039	3.93716756109671
1040	4.353812155530683
1041	4.353812155530683
1042	4.353812155530683
1043	4.353812155530683
1044	4.353812155530683
1045	4.357531201972113
1046	4.357531201972113
1047	4.357531201972113
1048	4.357531201972113
1049	4.357531201972113
1050	1.5242194421246809
1051	1.5242194421246809
1052	1.5242194421246809
1053	1.5242194421246809
1054	1.5242194421246809
1055	3.3364534308132674
1056	3.3364534308132674
1057	3.3364534308132674
1058	3.3364534308132674
1059	3.3364534308132674
1060	4.657286159081983
1061	4.657286159081983
1062	4.657286159081983
1063	4.657286159081983
1064	4.657286159081983
1065	3.7288887141510365
1066	3.7288887141510365
1067	3.7288887141510365
1068	3.7288887141510365
1069	3.7288887141510365
1070	4.499643903190864
1071	4.499643903190864
1072	4.499643903190864
1073	4.499643903190864
1074	4.499643903190864
1075	3.9105010822291435
1076	1.0312645001152843
1077	1.0312645001152843
1078	1.0312645001152843
1079	1.0312645001152843
1080	1.0312645001152843
1081	2.362951994958959
1082	2.362951994958959
1083	2.362951994958959
1084	2.362951994958959
1085	2.362951994958959
1086	1.1734554108649082
1087	1.1734554108649082
1088	1.1734554108649082
1089	1.1734554108649082
1090	1.1734554108649082
1091	1.0752470171993305
1092	1.0752470171993305
1093	1.0752470171993305
1094	1.0752470171993305
1095	1.0752470171993305
1096	1.2417903043267289
1097	1.2417903043267289
1098	1.2417903043267289
1099	1.2417903043267289
1100	1.2417903043267289
1101	0.6519294532802007
1102	0.6519294532802007
1103	0.6519294532802007
1104	0.6519294532802007
1105	0.6519294532802007
1106	0.9772199881386243
1107	0.9772199881386243
1108	0.9772199881386243
1109	0.9772199881386243
1110	0.9772199881386243
1111	1.124729414089551
1112	1.124729414089551
1113	1.124729414089551
1114	1.124729414089551
1115	1.124729414089551
1116	1.6759575176861163
1117	1.6759575176861163
1118	1.6759575176861163
1119	1.6759575176861163
1120	1.6759575176861163
1121	0.8229866461410581
1122	0.8229866461410581
1123	0.8229866461410581
1124	0.8229866461410581
1125	0.8229866461410581
1126	1.9084247222194248
1127	1.9084247222194248
1128	1.9084247222194248
1129	1.9084247222194248
1130	3.8722834017295273
1131	3.8722834017295273
1132	3.8722834017295273
1133	3.8722834017295273
1134	3.8722834017295273
1135	2.958548214631695
1136	2.958548214631695
1137	2.958548214631695
1138	2.958548214631695
1139	2.958548214631695
1140	2.714262709624773
1141	2.714262709624773
1142	2.714262709624773
1143	2.714262709624773
1144	2.714262709624773
1145	4.337985728167206
1146	4.337985728167206
1147	4.337985728167206
1148	4.337985728167206
1149	4.337985728167206
1150	2.862325315217247
1151	2.862325315217247
1152	2.862325315217247
1153	2.862325315217247
1154	2.862325315217247
1155	4.795577820616948
1156	4.795577820616948
1157	4.795577820616948
1158	4.795577820616948
1159	4.795577820616948
1160	1.6590110476960325
1161	1.6590110476960325
1162	1.6590110476960325
1163	1.6590110476960325
1164	1.6590110476960325
1165	3.5288643863708016
1166	3.5288643863708016
1167	3.5288643863708016
1168	3.5288643863708016
1169	3.5288643863708016
1170	2.59071578762876
1171	2.59071578762876
1172	2.59071578762876
1173	0.8015385500926961
1174	0.8015385500926961
1175	0.8015385500926961
1176	0.8015385500926961
1177	0.8015385500926961
1178	1.5181649317668562
1179	1.5181649317668562
1180	1.5181649317668562
1181	1.5181649317668562
1182	1.5181649317668562
1183	0.8670561886424752
1184	0.8670561886424752
1185	0.8670561886424752
1186	0.8670561886424752
1187	0.8670561886424752
1188	2.023589092304345
1189	2.023589092304345
1190	2.023589092304345
1191	2.023589092304345
1192	2.023589092304345
1193	1.2692744872757449
1194	1.2692744872757449
1195	1.2692744872757449
1196	1.2692744872757449
1197	1.2692744872757449
1198	1.04029247932202
1199	1.04029247932202
1200	1.04029247932202
1201	1.04029247932202
1202	1.04029247932202
1203	1.1704873395603477
1204	1.1704873395603477
1205	1.1704873395603477
1206	1.1704873395603477
1207	1.1704873395603477
1208	1.027910791298853
1209	1.027910791298853
1210	2.793258307066131
1211	2.793258307066131
1212	2.793258307066131
1213	2.793258307066131
1214	2.793258307066131
1215	5.3381293171339905
1216	5.3381293171339905
1217	5.3381293171339905
1218	5.3381293171339905
1219	5.3381293171339905
1220	2.020566153502913
1221	2.020566153502913
1222	2.020566153502913
1223	2.020566153502913
1224	2.020566153502913
1225	3.4619386960851846
1226	3.4619386960851846
1227	3.4619386960851846
1228	3.4619386960851846
1229	3.4619386960851846
1230	2.3641098372718465
1231	2.3641098372718465
1232	2.3641098372718465
1233	2.3641098372718465
1234	2.3641098372718465
1235	2.173552401458259
1236	2.173552401458259
1237	2.173552401458259
1238	2.173552401458259
1239	2.173552401458259
1240	1.1243548377912331
1241	1.1243548377912331
1242	1.1243548377912331
1243	1.1243548377912331
1244	1.1243548377912331
1245	1.5628080501199872
1246	1.5628080501199872
1247	1.5628080501199872
1248	1.5628080501199872
1249	1.5628080501199872
1250	1.1656584472262752
1251	1.1656584472262752
1252	1.1656584472262752
1253	1.1656584472262752
1254	1.1656584472262752
1255	3.1364104574840166
1256	3.1364104574840166
1257	3.1364104574840166
1258	3.1364104574840166
1259	3.1364104574840166
1260	2.352310618546074
1261	2.352310618546074
1262	2.352310618546074
1263	2.352310618546074
1264	2.352310618546074
1265	1.6149276526485186
1266	1.6149276526485186
1267	1.6149276526485186
1268	1.6149276526485186
1269	1.6149276526485186
1270	2.645002092996844
1271	2.645002092996844
1272	2.645002092996844
1273	2.645002092996844
1274	2.645002092996844
1275	2.0429048335522784
1276	2.0429048335522784
1277	2.0429048335522784
1278	2.0429048335522784
1279	2.0429048335522784
1280	1.0322967065701854
1281	1.0322967065701854
1282	1.0322967065701854
1283	1.0322967065701854
1284	1.0322967065701854
1285	2.447463081160141
1286	2.447463081160141
1287	2.447463081160141
1288	2.447463081160141
1289	2.447463081160141
1290	1.068654642510344
1291	3.653215944472485
1292	3.653215944472485
1293	3.653215944472485
1294	3.653215944472485
1295	3.653215944472485
1296	1.0247733923396547
1297	1.0247733923396547
1298	1.0247733923396547
1299	1.0247733923396547
1300	1.0247733923396547
1301	1.5317787904758728
1302	1.5317787904758728
1303	1.5317787904758728
1304	1.5317787904758728
1305	0.14123908832580695
1306	0.14123908832580695
1307	0.14123908832580695
1308	0.14123908832580695
1309	0.14123908832580695
1310	0.17709351504364404
1311	0.17709351504364404
1312	0.17709351504364404
1313	0.17709351504364404
1314	0.17709351504364404
1315	0.37862480486376837
1316	0.37862480486376837
1317	0.37862480486376837
1318	1.5932092496089854
1319	1.5932092496089854
1320	1.5932092496089854
1321	1.5932092496089854
1322	1.5932092496089854
1323	1.0316171900117435
1324	1.0316171900117435
1325	1.0316171900117435
1326	1.0316171900117435
1327	1.0316171900117435
1328	1.526274006719505
1329	1.526274006719505
1330	1.526274006719505
1331	1.526274006719505
1332	1.526274006719505
1333	1.7751108038592354
1334	1.7751108038592354
1335	1.7751108038592354
1336	1.7751108038592354
1337	1.7751108038592354
1338	1.2812699545277866
1339	1.2812699545277866
1340	1.2812699545277866
1341	1.2812699545277866
1342	1.2812699545277866
1343	1.1115709052554839
1344	1.1115709052554839
1345	1.1115709052554839
1346	1.1115709052554839
1347	1.1115709052554839
1348	2.4188918693738524
1349	2.4188918693738524
1350	2.4188918693738524
1351	2.4188918693738524
1352	2.4188918693738524
1353	2.7555073004549846
1354	2.7555073004549846
1355	2.7555073004549846
1356	2.7555073004549846
1357	2.7555073004549846
1358	2.0024321136331054
1359	2.0024321136331054
1360	2.0024321136331054
1361	2.0024321136331054
1362	2.0024321136331054
1363	2.4336649616907997
1364	2.4336649616907997
1365	2.4336649616907997
1366	2.4336649616907997
1367	2.4336649616907997
1368	2.5255179871499127
1369	2.5255179871499127
1370	2.5255179871499127
1371	2.5255179871499127
1372	2.5255179871499127
1373	1.987546617750081
1374	1.987546617750081
1375	1.987546617750081
1376	1.987546617750081
1377	1.987546617750081
1378	2.8849320623374473
1379	2.8849320623374473
1380	2.8849320623374473
1381	2.8849320623374473
1382	2.8849320623374473
1383	3.8227653967629185
1384	3.8227653967629185
1385	3.8227653967629185
1386	3.8227653967629185
1387	3.8227653967629185
1388	1.4898810822098292
1389	1.4898810822098292
1390	1.4898810822098292
1391	1.4898810822098292
1392	1.4898810822098292
1393	1.1114697987264812
1394	1.1114697987264812
1395	1.1114697987264812
1396	1.1114697987264812
1397	1.1114697987264812
1398	0.14659423772543057
1399	0.14659423772543057
1400	0.14659423772543057
1401	0.14659423772543057
1402	0.14659423772543057
1403	2.6621679265113514
1404	2.6621679265113514
1405	2.6621679265113514
1406	2.6621679265113514
1407	2.6621679265113514
1408	1.903966569945732
1409	1.903966569945732
1410	1.903966569945732
1411	1.903966569945732
1412	1.903966569945732
1413	1.3484358293432686
1414	1.3484358293432686
1415	1.3484358293432686
1416	1.3484358293432686
1417	1.3484358293432686
1418	1.354132719234686
1419	1.354132719234686
1420	1.354132719234686
1421	1.354132719234686
1422	1.354132719234686
1423	1.9290898827171263
1424	1.9290898827171263
1425	1.9290898827171263
1426	1.9290898827171263
1427	1.9290898827171263
1428	2.2791479800194914
1429	2.2791479800194914
1430	2.2791479800194914
1431	2.300228871329046
1432	2.300228871329046
1433	2.300228871329046
1434	2.300228871329046
1435	2.300228871329046
1436	1.6818633893891222
1437	1.6818633893891222
1438	1.6818633893891222
1439	1.6818633893891222
1440	1.6818633893891222
1441	1.4086149627982705
1442	1.4086149627982705
1443	1.4086149627982705
1444	1.4086149627982705
1445	1.4086149627982705
1446	2.312488500186838
1447	2.312488500186838
1448	2.312488500186838
1449	2.312488500186838
1450	2.312488500186838
1451	1.2167552814309648
1452	1.2167552814309648
1453	1.2167552814309648
1454	1.7985703394685444
1455	1.7985703394685444
1456	1.7985703394685444
1457	1.7985703394685444
1458	1.7985703394685444
1459	0.8793719227430125
1460	0.8793719227430125
1461	0.8793719227430125
1462	0.8793719227430125
1463	0.8793719227430125
1464	0.6547771840398429
1465	0.6547771840398429
1466	0.6547771840398429
1467	0.6547771840398429
1468	0.6547771840398429
1469	1.3596909998559497
1470	1.3596909998559497
1471	1.3596909998559497
1472	1.3596909998559497
1473	1.3596909998559497
1474	1.9311026254703059
1475	1.9311026254703059
1476	1.9311026254703059
1477	1.9311026254703059
1478	1.9311026254703059
1479	1.0026999417051092
1480	1.0026999417051092
1481	1.0026999417051092
1482	1.0026999417051092
1483	1.0026999417051092
1484	1.2012809873548551
1485	1.2012809873548551
1486	1.2012809873548551
1487	1.2012809873548551
1488	1.2012809873548551
1489	1.2005241450151396
1490	1.2005241450151396
1491	1.2005241450151396
1492	1.2005241450151396
1493	1.2005241450151396
1494	1.5584231608221284
1495	1.5584231608221284
1496	1.5584231608221284
1497	1.5584231608221284
1498	1.5584231608221284
1499	1.5061242251897655
1500	1.5061242251897655
1501	1.5061242251897655
1502	1.5061242251897655
1503	1.5061242251897655
1504	1.1987006539377794
1505	1.1987006539377794
1506	1.1987006539377794
1507	1.1987006539377794
1508	1.1987006539377794
1509	0.759986573244237
1510	0.759986573244237
1511	0.759986573244237
1512	0.759986573244237
1513	0.759986573244237
1514	0.8274204584511988
1515	0.8274204584511988
1516	0.8274204584511988
1517	0.8274204584511988
1518	0.8274204584511988
1519	1.760146679103069
1520	1.760146679103069
1521	1.760146679103069
1522	1.760146679103069
1523	1.760146679103069
1524	1.01119467196738
1525	1.01119467196738
1526	1.01119467196738
1527	1.01119467196738
1528	1.01119467196738
1529	0.67272578936563
1530	0.67272578936563
1531	0.67272578936563
1532	0.67272578936563
1533	0.67272578936563
1534	0.5698639505335926
1535	0.5698639505335926
1536	0.5698639505335926
1537	0.5698639505335926
1538	0.5698639505335926
1539	1.4426291069530928
1540	1.4426291069530928
1541	1.4426291069530928
1542	1.4426291069530928
1543	1.4426291069530928
1544	0.5115819343720452
1545	0.5115819343720452
1546	0.5115819343720452
1547	0.5115819343720452
1548	0.5115819343720452
1549	0.7711756546671763
1550	0.7711756546671763
1551	0.7711756546671763
1552	0.7711756546671763
1553	0.7711756546671763
1554	0.5558681091474719
1555	0.5558681091474719
1556	0.5558681091474719
1557	0.5558681091474719
1558	0.5558681091474719
1559	0.5262205492511806
1560	0.891210980101321
1561	0.891210980101321
1562	0.891210980101321
1563	0.891210980101321
1564	0.891210980101321
1565	3.568411486680204
1566	3.568411486680204
1567	3.568411486680204
1568	3.568411486680204
1569	3.568411486680204
1570	0.9126245383536413
1571	0.9126245383536413
1572	0.9126245383536413
1573	0.9126245383536413
1574	0.9126245383536413
1575	3.5535038919954793
1576	3.5535038919954793
1577	3.5535038919954793
1578	3.5535038919954793
1579	3.5535038919954793
1580	1.8379210311120553
1581	1.8379210311120553
1582	1.8379210311120553
1583	1.8379210311120553
1584	1.8379210311120553
1585	1.7883276399856247
1586	1.7883276399856247
1587	1.7883276399856247
1588	1.7883276399856247
1589	1.7883276399856247
1590	2.0694231614165317
1591	2.0694231614165317
1592	2.0694231614165317
1593	2.0694231614165317
1594	2.0694231614165317
1595	2.0934536337650176
1596	2.0934536337650176
1597	2.0934536337650176
1598	2.0934536337650176
1599	2.0934536337650176
1600	1.4288225539968902
1601	1.4288225539968902
1602	1.4288225539968902
1603	1.4288225539968902
1604	1.4288225539968902
1605	2.5674052430874763
1606	2.5674052430874763
1607	2.5674052430874763
1608	2.5674052430874763
1609	2.5674052430874763
1610	0.1718821818953784
1611	0.1718821818953784
1612	0.1718821818953784
1613	0.1718821818953784
1614	0.1718821818953784
1615	2.516004230742344
1616	2.516004230742344
1617	2.516004230742344
1618	2.516004230742344
1619	2.516004230742344
1620	2.574868246533984
1621	2.574868246533984
1622	2.574868246533984
1623	2.574868246533984
1624	2.574868246533984
1625	1.846665050106926
1626	1.846665050106926
1627	1.846665050106926
1628	1.846665050106926
1629	1.846665050106926
1630	2.7002096411991996
1631	0.3855341665190452
1632	0.3855341665190452
1633	0.3855341665190452
1634	0.3855341665190452
1635	0.3855341665190452
1636	0.7684974088498484
1637	0.7684974088498484
1638	0.7684974088498484
1639	0.7684974088498484
1640	0.7684974088498484
1641	0.6949774332940452
1642	0.6949774332940452
1643	0.6949774332940452
1644	0.6949774332940452
1645	0.6949774332940452
1646	0.3475450865057691
1647	0.3475450865057691
1648	0.3475450865057691
1649	0.3475450865057691
1650	0.3475450865057691
1651	0.674398630981107
1652	0.674398630981107
1653	0.674398630981107
1654	0.674398630981107
1655	0.674398630981107
1656	0.19733633746033413
1657	0.19733633746033413
1658	0.19733633746033413
1659	0.19733633746033413
1660	0.19733633746033413
1661	0.8701564108333705
1662	0.8701564108333705
1663	0.8701564108333705
1664	0.8701564108333705
1665	0.8701564108333705
1666	0.7846451919297852
1667	0.7846451919297852
1668	0.7846451919297852
1669	0.7846451919297852
1670	0.7846451919297852
1671	1.0173751803718627
1672	1.0173751803718627
1673	1.0173751803718627
1674	1.0173751803718627
1675	1.0173751803718627
1676	0.5507352226227216
1677	0.5507352226227216
1678	0.5507352226227216
1679	0.5507352226227216
1680	0.5507352226227216
1681	0.7873335566805382
1682	0.7873335566805382
1683	0.7873335566805382
1684	0.7873335566805382
1685	0.7873335566805382
1686	0.8629383446950376
1687	0.8629383446950376
1688	0.8629383446950376
1689	0.8629383446950376
1690	0.8629383446950376
1691	0.4993092372600737
1692	0.4993092372600737
1693	0.4993092372600737
1694	0.4993092372600737
1695	0.4993092372600737
1696	0.9534996889295825
1697	0.8047863835508309
1698	0.8047863835508309
1699	0.8047863835508309
1700	0.8047863835508309
1701	0.8047863835508309
1702	1.7422406264701076
1703	1.7422406264701076
1704	1.7422406264701076
1705	1.7422406264701076
1706	1.7422406264701076
1707	1.6995405766116574
1708	1.6995405766116574
1709	1.6995405766116574
1710	1.6995405766116574
1711	1.6995405766116574
1712	2.545956365598885
1713	2.545956365598885
1714	2.545956365598885
1715	2.545956365598885
1716	2.545956365598885
1717	1.6894613920516055
1718	1.6894613920516055
1719	1.6894613920516055
1720	1.6894613920516055
1721	1.6894613920516055
1722	2.712285613292095
1723	2.712285613292095
1724	2.712285613292095
1725	2.712285613292095
1726	2.712285613292095
1727	1.7156743149045914
1728	1.7156743149045914
1729	1.7156743149045914
1730	1.7156743149045914
1731	1.7156743149045914
1732	1.33117320853075
1733	1.33117320853075
1734	1.7300989135218112
1735	1.7300989135218112
1736	1.7300989135218112
1737	1.7300989135218112
1738	1.7300989135218112
1739	1.977895187357654
1740	1.977895187357654
1741	1.977895187357654
1742	1.977895187357654
1743	1.977895187357654
1744	2.6319391474255687
1745	2.6319391474255687
1746	2.6319391474255687
1747	2.6319391474255687
1748	2.6319391474255687
1749	2.715523182072532
1750	2.715523182072532
1751	2.715523182072532
1752	2.4599113130820043
1753	2.4599113130820043
1754	2.4599113130820043
1755	2.4599113130820043
1756	2.4599113130820043
1757	3.4450749290610854
1758	3.4450749290610854
1759	3.4450749290610854
1760	3.4450749290610854
1761	3.4450749290610854
1762	1.336461254475621
1763	1.336461254475621
1764	1.336461254475621
1765	1.336461254475621
1766	1.336461254475621
1767	3.1375238976339395
1768	3.1375238976339395
1769	3.1375238976339395
1770	3.1375238976339395
1771	3.1375238976339395
1772	2.9666968426588554
1773	2.9666968426588554
1774	2.9666968426588554
1775	2.9666968426588554
1776	2.9666968426588554
1777	5.526568857730455
1778	5.526568857730455
1779	5.526568857730455
1780	5.526568857730455
1781	5.526568857730455
1782	4.2788820247501755
1783	4.2788820247501755
1784	4.2788820247501755
1785	4.2788820247501755
1786	4.2788820247501755
1787	3.6728084734096385
1788	3.6728084734096385
1789	3.6728084734096385
1790	3.6728084734096385
1791	3.6728084734096385
1792	4.207739567151407
1793	4.207739567151407
1794	4.207739567151407
1795	4.207739567151407
1796	4.207739567151407
1797	3.8787738485191516
1798	4.346201717787835
1799	4.346201717787835
1800	2.704933425564369
1801	2.704933425564369
1802	2.704933425564369
1803	2.704933425564369
1804	2.704933425564369
1805	3.5758094682840946
1806	3.5758094682840946
1807	3.5758094682840946
1808	3.5758094682840946
1809	3.5758094682840946
1810	2.698697355214329
1811	2.698697355214329
1812	2.698697355214329
1813	2.698697355214329
1814	2.903478996559387
1815	2.903478996559387
1816	3.7691515600819434
1817	3.7691515600819434
1818	3.7691515600819434
1819	3.7691515600819434
1820	3.7691515600819434
1821	3.6779878197207965
1822	3.6779878197207965
1823	3.6779878197207965
1824	3.6779878197207965
1825	3.6779878197207965
1826	2.948136279501397
1827	2.948136279501397
1828	2.948136279501397
1829	2.948136279501397
1830	2.948136279501397
1831	2.047477210871345
1832	2.047477210871345
1833	2.047477210871345
1834	1.4606469421980135
1835	1.4606469421980135
1836	1.4606469421980135
1837	1.4606469421980135
1838	1.4606469421980135
1839	1.3082599281075353
1840	1.3082599281075353
1841	1.3082599281075353
1842	1.3082599281075353
1843	1.3082599281075353
1844	1.6500043358735872
1845	1.6500043358735872
1846	1.6500043358735872
1847	1.6500043358735872
1848	1.6500043358735872
1849	1.6421451432737073
1850	1.6421451432737073
1851	1.6421451432737073
1852	1.6421451432737073
1853	1.6421451432737073
1854	1.4539878457981366
1855	1.4539878457981366
1856	1.4539878457981366
1857	1.4539878457981366
1858	1.4539878457981366
1859	1.3814700265021957
1860	1.3814700265021957
1861	1.3814700265021957
1862	1.900145642864272
1863	1.900145642864272
1864	1.900145642864272
1865	1.900145642864272
1866	1.900145642864272
1867	1.2122909535999271
1868	1.2122909535999271
1869	1.2122909535999271
1870	1.2122909535999271
1871	1.2122909535999271
1872	1.1801222975632155
1873	1.1801222975632155
1874	1.1801222975632155
1875	1.1801222975632155
1876	1.1801222975632155
1877	3.7064829767056917
1878	3.7064829767056917
1879	3.7064829767056917
1880	3.7064829767056917
1881	3.7064829767056917
1882	2.8296266065625995
1883	2.8296266065625995
1884	2.8296266065625995
1885	2.8296266065625995
1886	2.8296266065625995
1887	2.4676801339395777
1888	2.4676801339395777
1889	2.4676801339395777
1890	2.4676801339395777
1891	2.4676801339395777
1892	2.1776999163306683
1893	2.1776999163306683
1894	2.1776999163306683
1895	2.1776999163306683
1896	2.1776999163306683
1897	3.2866966806490208
1898	3.2866966806490208
1899	3.2866966806490208
1900	3.2866966806490208
1901	3.2866966806490208
1902	2.5828928533070363
1903	2.5828928533070363
1904	2.5828928533070363
1905	2.5828928533070363
1906	2.5828928533070363
1907	2.0690955638330992
1908	2.0690955638330992
1909	2.0690955638330992
1910	2.0690955638330992
1911	2.0690955638330992
1912	0.552098383424521
1913	1.9017821606462701
1914	1.9017821606462701
1915	1.9017821606462701
1916	1.9017821606462701
1917	1.9017821606462701
1918	1.8320518958795766
1919	1.8320518958795766
1920	1.8320518958795766
1921	1.8320518958795766
1922	1.8320518958795766
1923	3.008876821532455
1924	3.008876821532455
1925	3.008876821532455
1926	3.008876821532455
1927	3.008876821532455
1928	2.0471214969429385
1929	3.5178887101465897
1930	3.5178887101465897
1931	3.5178887101465897
1932	3.5178887101465897
1933	3.5178887101465897
1934	4.034158119997474
1935	4.034158119997474
1936	4.034158119997474
1937	4.034158119997474
1938	4.034158119997474
1939	3.9881725237199834
1940	1.3532674703818772
1941	1.3532674703818772
1942	1.3532674703818772
1943	1.3532674703818772
1944	1.3532674703818772
1945	0.9118684849211829
1946	0.9118684849211829
1947	0.9118684849211829
1948	0.9118684849211829
1949	0.5543642559711335
1950	0.5543642559711335
1951	0.5543642559711335
1952	0.5543642559711335
1953	0.5543642559711335
1954	0.6279239588191193
1955	0.6279239588191193
1956	0.6279239588191193
1957	0.6279239588191193
1958	0.6279239588191193
1959	0.5547159324274944
1960	0.5547159324274944
1961	0.5547159324274944
1962	0.5547159324274944
1963	0.5547159324274944
1964	0.36598411233284717
1965	0.36598411233284717
1966	0.36598411233284717
1967	0.36598411233284717
1968	0.36598411233284717
1969	0.6236151124771557
1970	0.6236151124771557
1971	2.7413594911912234
1972	2.7413594911912234
1973	2.7413594911912234
1974	2.7413594911912234
1975	2.7413594911912234
1976	1.1128528325959384
1977	1.1128528325959384
1978	1.1128528325959384
1979	1.1128528325959384
1980	1.1128528325959384
1981	2.2308776366650322
1982	2.2308776366650322
1983	2.2308776366650322
1984	2.2308776366650322
1985	2.2308776366650322
1986	1.8635134063406766
1987	1.8635134063406766
1988	1.8635134063406766
1989	1.8635134063406766
1990	1.8635134063406766
1991	1.9850473950582628
1992	1.9850473950582628
1993	1.9850473950582628
1994	1.9850473950582628
1995	1.9850473950582628
1996	1.1418714073518537
1997	1.1418714073518537
1998	1.1418714073518537
1999	1.1418714073518537
