0	2.398203697259592
1	2.398203697259592
2	2.398203697259592
3	4.17533282635661
4	4.17533282635661
5	4.17533282635661
6	3.8796963318754183
7	3.8796963318754183
8	3.8796963318754183
9	3.8182434804225966
10	3.8182434804225966
11	3.8182434804225966
12	3.0463060212974384
13	3.0463060212974384
14	3.0463060212974384
15	2.1840050048749826
16	2.1840050048749826
17	2.1840050048749826
18	1.3616986844090864
19	1.3616986844090864
20	1.3616986844090864
21	2.1973124911846376
22	2.1973124911846376
23	2.1973124911846376
24	1.3710789279281528
25	1.3710789279281528
26	1.3710789279281528
27	1.3522937699308737
28	1.3522937699308737
29	1.3522937699308737
30	2.813593624858111
31	2.813593624858111
32	2.813593624858111
33	0.7086296072670077
34	0.7086296072670077
35	0.7086296072670077
36	2.9349853641763595
37	2.9349853641763595
38	2.9349853641763595
39	1.7654370256071439
40	1.7654370256071439
41	1.7654370256071439
42	2.313265332476377
43	2.313265332476377
44	2.313265332476377
45	2.9169542809515154
46	2.9169542809515154
47	2.9169542809515154
48	3.4631518804136445
49	3.4631518804136445
50	3.4631518804136445
51	2.968241959105523
52	2.968241959105523
53	2.968241959105523
54	3.495157040286003
55	3.495157040286003
56	3.495157040286003
57	0.33853448804226005
58	0.33853448804226005
59	0.33853448804226005
60	0.9057023999560327
61	0.9057023999560327
62	0.9057023999560327
63	3.181736432808722
64	3.181736432808722
65	3.181736432808722
66	2.5367599532890925
67	2.5367599532890925
68	2.5367599532890925
69	1.0222884013958833
70	1.0222884013958833
71	1.0222884013958833
72	0.6966963198128762
73	0.6966963198128762
74	0.6966963198128762
75	3.023552336558041
76	3.023552336558041
77	3.023552336558041
78	1.9238424361599697
79	1.9238424361599697
80	1.9238424361599697
81	1.4909021665707505
82	1.4909021665707505
83	1.4909021665707505
84	2.4550091924050714
85	2.4550091924050714
86	2.4550091924050714
87	2.7238994964211347
88	2.7238994964211347
89	2.7238994964211347
90	2.3784589113365153
91	2.3784589113365153
92	2.3784589113365153
93	3.528531269510134
94	3.528531269510134
95	3.528531269510134
96	1.4490486603868709
97	1.4490486603868709
98	1.4490486603868709
99	3.441064434544163
100	1.08340270887842
101	1.08340270887842
102	1.08340270887842
103	0.4846445841286463
104	0.4846445841286463
105	0.4846445841286463
106	0.30162549600397287
107	0.30162549600397287
108	0.30162549600397287
109	1.3676970185199435
110	1.3676970185199435
111	1.3676970185199435
112	0.22127560685936792
113	0.1
114	0.1
115	0.1
116	0.1
117	0.1
118	0.1
119	0.24170323726554907
120	0.24170323726554907
121	0.24170323726554907
122	2.8397795796180985
123	2.8397795796180985
124	2.8397795796180985
125	1.7824576495778035
126	1.7824576495778035
127	1.7824576495778035
128	2.3845454415310163
129	2.3845454415310163
130	2.3845454415310163
131	0.7452081838605588
132	0.7452081838605588
133	0.7452081838605588
134	1.115431740792992
135	1.115431740792992
136	1.115431740792992
137	0.1343668152621178
138	0.1343668152621178
139	0.1343668152621178
140	1.181636891889449
141	1.181636891889449
142	1.181636891889449
143	1.9871944070505876
144	4.795789344884259
145	4.795789344884259
146	4.795789344884259
147	3.6397149749696274
148	3.6397149749696274
149	3.6397149749696274
150	3.527643171258047
151	3.527643171258047
152	3.527643171258047
153	2.7310447660074955
154	1.544362310904682
155	1.544362310904682
156	1.544362310904682
157	0.1
158	0.1
159	0.1
160	1.3555354564994995
161	1.3555354564994995
162	1.3555354564994995
163	4.598618583343943
164	4.598618583343943
165	4.598618583343943
166	1.0870685956308468
167	1.0870685956308468
168	1.0870685956308468
169	5.53938000055771
170	5.53938000055771
171	5.53938000055771
172	0.3370682128116207
173	0.3370682128116207
174	0.3370682128116207
175	3.5378213323745253
176	3.5378213323745253
177	3.5378213323745253
178	4.862012836870862
179	4.862012836870862
180	4.862012836870862
181	3.759681772914075
182	3.759681772914075
183	3.759681772914075
184	4.862425782880948
185	4.862425782880948
186	4.862425782880948
187	0.1
188	0.1
189	0.1
190	1.5216446732912665
191	1.5216446732912665
192	1.5216446732912665
193	3.904910423162519
194	3.904910423162519
195	3.904910423162519
196	2.0105080135068745
197	2.0105080135068745
198	2.0105080135068745
199	3.6826410672323866
200	3.6826410672323866
201	3.6826410672323866
202	5.655230861617327
203	5.655230861617327
204	5.655230861617327
205	1.9545718186747394
206	1.9545718186747394
207	1.9545718186747394
208	2.0157564209991654
209	2.0157564209991654
210	2.0157564209991654
211	0.9004429304677761
212	0.9004429304677761
213	0.9004429304677761
214	0.5458208016188171
215	0.5458208016188171
216	0.5458208016188171
217	2.875344226236754
218	2.875344226236754
219	2.875344226236754
220	2.229798692453362
221	2.229798692453362
222	2.229798692453362
223	2.4437113463360913
224	2.4437113463360913
225	2.4437113463360913
226	3.567111778409246
227	3.567111778409246
228	3.567111778409246
229	3.213625923934904
230	3.213625923934904
231	3.213625923934904
232	4.167671348117694
233	4.167671348117694
234	4.167671348117694
235	4.56216999442504
236	4.56216999442504
237	4.56216999442504
238	3.0591881089296447
239	3.0591881089296447
240	3.0591881089296447
241	3.933250056145436
242	3.933250056145436
243	3.933250056145436
244	2.3242382745821666
245	2.3242382745821666
246	2.3242382745821666
247	3.0723423026364682
248	0.1
249	0.1
250	0.1
251	1.3423208651093843
252	1.3423208651093843
253	1.3423208651093843
254	0.4474884356269655
255	0.4474884356269655
256	0.4474884356269655
257	1.0400751376642614
258	1.0400751376642614
259	1.0400751376642614
260	1.1706802548682185
261	1.1706802548682185
262	1.1706802548682185
263	0.7858199601240841
264	0.7858199601240841
265	0.7858199601240841
266	0.9864422446534094
267	0.9864422446534094
268	0.9864422446534094
269	1.1941151929224338
270	1.1941151929224338
271	1.1941151929224338
272	0.6325832803232823
273	0.6325832803232823
274	4.941943383880341
275	4.941943383880341
276	4.941943383880341
277	0.1
278	0.1
279	0.1
280	0.5665198608121904
281	0.5665198608121904
282	0.5665198608121904
283	2.006807346861758
284	2.006807346861758
285	2.006807346861758
286	5.437225610586629
287	5.437225610586629
288	5.437225610586629
289	5.034036635879533
290	5.034036635879533
291	5.034036635879533
292	0.8840203167038845
293	0.8840203167038845
294	0.8840203167038845
295	3.309951083110347
296	1.1246992050869644
297	1.1246992050869644
298	1.1246992050869644
299	0.5073873815644669
300	0.5073873815644669
301	0.5073873815644669
302	0.12033102942975715
303	0.12033102942975715
304	0.12033102942975715
305	0.8678271156408611
306	0.8678271156408611
307	0.8678271156408611
308	0.6881927544265066
309	0.6881927544265066
310	0.6881927544265066
311	1.216808207165533
312	1.216808207165533
313	1.216808207165533
314	0.7425920900634038
315	0.7425920900634038
316	0.7425920900634038
317	0.6378109867364339
318	0.6378109867364339
319	0.6378109867364339
320	0.7399592327451839
321	0.7399592327451839
322	0.7399592327451839
323	0.49911790622101343
324	0.49911790622101343
325	0.49911790622101343
326	1.302409173640203
327	1.302409173640203
328	1.302409173640203
329	0.4579324083560918
330	0.4579324083560918
331	0.4579324083560918
332	1.3593967571146872
333	1.3593967571146872
334	1.3593967571146872
335	1.8022397536668708
336	1.8022397536668708
337	1.8022397536668708
338	5.987747218941745
339	5.987747218941745
340	5.987747218941745
341	3.3410323450723736
342	3.3410323450723736
343	3.3410323450723736
344	2.9619793203543914
345	2.9619793203543914
346	2.9619793203543914
347	2.462451279159841
348	2.462451279159841
349	2.462451279159841
350	3.3433267735894603
351	3.3433267735894603
352	3.3433267735894603
353	2.2917047799081445
354	2.2917047799081445
355	2.2917047799081445
356	0.1
357	0.1
358	0.1
359	3.376656489908658
360	3.376656489908658
361	3.376656489908658
362	2.69808760719194
363	2.69808760719194
364	2.69808760719194
365	3.2551528017165476
366	3.2551528017165476
367	3.2551528017165476
368	4.723842186864607
369	4.723842186864607
370	4.723842186864607
371	2.8060611543550795
372	2.8060611543550795
373	2.8060611543550795
374	5.53345234027365
375	5.53345234027365
376	5.53345234027365
377	3.7886707827923503
378	3.7886707827923503
379	3.7886707827923503
380	4.750610030593054
381	4.750610030593054
382	4.750610030593054
383	8.426105895592492
384	8.426105895592492
385	8.426105895592492
386	5.2015947546678545
387	5.2015947546678545
388	5.2015947546678545
389	4.044976968544152
390	4.044976968544152
391	4.044976968544152
392	6.692695080362826
393	6.692695080362826
394	6.692695080362826
395	2.6670316846385607
396	2.6670316846385607
397	2.6670316846385607
398	2.7611355651447735
399	2.7611355651447735
400	2.7611355651447735
401	3.7886722061000957
402	3.7886722061000957
403	3.7886722061000957
404	5.662425955940713
405	5.662425955940713
406	5.662425955940713
407	5.836824098742182
408	5.836824098742182
409	5.836824098742182
410	3.377647611202949
411	3.377647611202949
412	3.377647611202949
413	1.6336082068228253
414	1.6336082068228253
415	1.6336082068228253
416	4.875055230996534
417	4.875055230996534
418	4.875055230996534
419	5.320411684005707
420	5.320411684005707
421	5.320411684005707
422	7.041724241078677
423	7.041724241078677
424	7.041724241078677
425	5.920094765878165
426	5.920094765878165
427	5.920094765878165
428	2.2208313812370863
429	2.2208313812370863
430	2.2208313812370863
431	3.8069385567651643
432	3.8069385567651643
433	3.8069385567651643
434	2.4686610331001653
435	2.4686610331001653
436	2.4686610331001653
437	3.502282275752725
438	3.502282275752725
439	3.502282275752725
440	3.5544394969056095
441	3.5544394969056095
442	3.5544394969056095
443	4.194794267243214
444	4.194794267243214
445	4.194794267243214
446	5.718896464969298
447	5.718896464969298
448	5.718896464969298
449	6.803213508956079
450	6.803213508956079
451	6.803213508956079
452	4.912731128124944
453	4.912731128124944
454	4.912731128124944
455	5.034977373573386
456	5.034977373573386
457	5.034977373573386
458	1.3871939122824917
459	1.3871939122824917
460	1.3871939122824917
461	6.264545179917952
462	6.264545179917952
463	6.264545179917952
464	7.144922271829262
465	7.144922271829262
466	7.144922271829262
467	3.6484194000116896
468	3.6484194000116896
469	3.6484194000116896
470	2.8669147106750614
471	2.8669147106750614
472	2.8669147106750614
473	6.092494171331875
474	6.092494171331875
475	6.092494171331875
476	4.9221359242011555
477	4.9221359242011555
478	4.9221359242011555
479	6.248013572382337
480	6.248013572382337
481	6.248013572382337
482	2.3928418077549223
483	2.3928418077549223
484	2.3928418077549223
485	0.796120411625497
486	0.796120411625497
487	0.796120411625497
488	4.394071997834312
489	4.394071997834312
490	4.394071997834312
491	4.289521675170006
492	4.289521675170006
493	4.289521675170006
494	5.894771454030174
495	5.894771454030174
496	5.894771454030174
497	3.799366844849888
498	3.799366844849888
499	3.799366844849888
500	3.256336757288733
501	3.256336757288733
502	3.256336757288733
503	1.2650891204591845
504	1.2650891204591845
505	1.2650891204591845
506	4.8698959935288615
507	2.632087359446131
508	2.632087359446131
509	2.632087359446131
510	5.094176946059036
511	2.417633893895861
512	2.417633893895861
513	2.417633893895861
514	0.941117714045014
515	0.941117714045014
516	0.941117714045014
517	2.2128620241912955
518	2.2128620241912955
519	2.2128620241912955
520	0.947336328474175
521	0.947336328474175
522	0.947336328474175
523	0.43427758199914335
524	0.43427758199914335
525	0.43427758199914335
526	0.1
527	0.1
528	0.1
529	0.10010616983926857
530	0.10010616983926857
531	0.10010616983926857
532	0.16957045788043662
533	0.16957045788043662
534	0.16957045788043662
535	0.2352612694484872
536	0.2352612694484872
537	0.2352612694484872
538	0.21007199347577155
539	0.21007199347577155
540	0.21007199347577155
541	0.17365057584466198
542	0.17365057584466198
543	0.17365057584466198
544	0.2688588399394642
545	0.2688588399394642
546	0.2688588399394642
547	0.33699711707220936
548	0.33699711707220936
549	0.33699711707220936
550	0.2512771584771347
551	0.2512771584771347
552	0.2512771584771347
553	0.381469237835234
554	0.381469237835234
555	0.381469237835234
556	1.603354812573642
557	1.603354812573642
558	1.603354812573642
559	1.5623682646075443
560	1.5623682646075443
561	1.5623682646075443
562	0.8992975233319463
563	0.8992975233319463
564	0.8992975233319463
565	1.4915381075513343
566	4.697006940387052
567	4.697006940387052
568	4.697006940387052
569	0.9938649793686669
570	0.9938649793686669
571	0.9938649793686669
572	4.169092857881662
573	4.169092857881662
574	4.169092857881662
575	4.202676814392827
576	4.202676814392827
577	4.202676814392827
578	5.424740929207
579	5.424740929207
580	5.424740929207
581	1.8669084235926199
582	1.8669084235926199
583	1.8669084235926199
584	0.1
585	0.1
586	0.1
587	0.7594567605964841
588	0.7594567605964841
589	0.7594567605964841
590	0.5878916328876412
591	0.5878916328876412
592	0.5878916328876412
593	0.865395591148476
594	0.865395591148476
595	0.865395591148476
596	0.26940772198230634
597	0.26940772198230634
598	0.26940772198230634
599	0.6387823428057156
600	0.6387823428057156
601	0.6387823428057156
602	2.726659016107254
603	2.726659016107254
604	1.4617792427737337
605	1.4617792427737337
606	1.4617792427737337
607	0.1
608	0.1
609	0.1
610	1.7256843533971753
611	1.7256843533971753
612	1.7256843533971753
613	4.583275682458235
614	4.583275682458235
615	4.583275682458235
616	1.4754174066350025
617	1.4754174066350025
618	1.4754174066350025
619	1.8817660623829866
620	1.8817660623829866
621	1.8817660623829866
622	3.6890998342617105
623	1.5755191644876603
624	1.5755191644876603
625	1.5755191644876603
626	0.6183329734013799
627	0.6183329734013799
628	0.6183329734013799
629	0.6514436557742604
630	0.6514436557742604
631	0.6514436557742604
632	0.7579286179426222
633	0.7579286179426222
634	0.7579286179426222
635	0.41877218848168785
636	0.41877218848168785
637	0.41877218848168785
638	0.1
639	0.1
640	0.1
641	0.38495763256096566
642	0.38495763256096566
643	0.38495763256096566
644	0.7264175103684715
645	0.7264175103684715
646	0.7264175103684715
647	0.8589107689817103
648	0.8589107689817103
649	0.8589107689817103
650	0.5722473503514676
651	0.5722473503514676
652	0.5722473503514676
653	1.2347579026113427
654	1.2347579026113427
655	1.2347579026113427
656	0.1727681259531707
657	0.1727681259531707
658	0.1727681259531707
659	0.6705149710457303
660	0.6705149710457303
661	0.6705149710457303
662	0.47376710230441055
663	0.47376710230441055
664	0.47376710230441055
665	0.8455130383212229
666	0.8455130383212229
667	0.8455130383212229
668	0.5531201319729533
669	0.5531201319729533
670	0.5531201319729533
671	0.383254651595821
672	0.383254651595821
673	0.383254651595821
674	0.9956494651524803
675	0.9956494651524803
676	0.9956494651524803
677	0.8888421456230459
678	0.8888421456230459
679	0.8888421456230459
680	1.3029124235125717
681	1.3029124235125717
682	1.3029124235125717
683	1.566683038569958
684	5.185718711181504
685	5.185718711181504
686	5.185718711181504
687	1.5962313321727184
688	1.5962313321727184
689	1.5962313321727184
690	3.2322824527798253
691	3.2322824527798253
692	3.2322824527798253
693	0.1
694	0.1
695	0.1
696	2.24737105139942
697	2.24737105139942
698	2.24737105139942
699	3.104027602293198
700	3.104027602293198
701	3.104027602293198
702	4.191843839593931
703	4.191843839593931
704	4.191843839593931
705	1.6319643084728552
706	1.6319643084728552
707	1.6319643084728552
708	2.437729374897522
709	2.437729374897522
710	2.437729374897522
711	2.3308429177417045
712	2.3308429177417045
713	2.3308429177417045
714	1.6372841308083212
715	1.6372841308083212
716	1.6372841308083212
717	2.7413361676030235
718	2.8286985400103943
719	2.8286985400103943
720	2.8286985400103943
721	2.570221970538322
722	2.570221970538322
723	2.570221970538322
724	3.2030069047429497
725	3.2030069047429497
726	3.2030069047429497
727	3.6864656413508934
728	3.6864656413508934
729	3.6864656413508934
730	1.3271540006424822
731	1.3271540006424822
732	1.3271540006424822
733	3.094113897906884
734	3.094113897906884
735	3.094113897906884
736	1.612494774106912
737	1.612494774106912
738	1.612494774106912
739	1.233881860911736
740	1.233881860911736
741	1.233881860911736
742	2.754927400643931
743	2.754927400643931
744	2.754927400643931
745	2.4553074844707283
746	2.4553074844707283
747	2.4553074844707283
748	3.8868087867170003
749	3.8868087867170003
750	3.8868087867170003
751	0.477160538400617
752	0.477160538400617
753	0.477160538400617
754	3.057714628185619
755	3.057714628185619
756	3.057714628185619
757	2.927797575601903
758	2.927797575601903
759	2.927797575601903
760	2.8121445132985032
761	2.8121445132985032
762	2.8121445132985032
763	1.5877877676958594
764	1.5877877676958594
765	1.5877877676958594
766	2.205583907391034
767	1.2746687169921267
768	1.2746687169921267
769	1.2746687169921267
770	5.35528962430731
771	5.35528962430731
772	5.35528962430731
773	3.439839667337395
774	3.439839667337395
775	3.439839667337395
776	5.352870402585712
777	5.352870402585712
778	5.352870402585712
779	2.6348951310532382
780	2.6348951310532382
781	3.2280563230851724
782	3.2280563230851724
783	3.2280563230851724
784	5.205530418936422
785	5.205530418936422
786	5.205530418936422
787	3.233780129490949
788	3.233780129490949
789	3.233780129490949
790	6.912811704272176
791	6.912811704272176
792	6.912811704272176
793	4.10594809063083
794	4.10594809063083
795	4.10594809063083
796	4.896420629813171
797	4.896420629813171
798	4.896420629813171
799	0.26013695779440127
800	0.26013695779440127
801	0.26013695779440127
802	4.469229864977075
803	4.469229864977075
804	4.469229864977075
805	4.730413569051019
806	4.730413569051019
807	4.730413569051019
808	3.906338852498857
809	3.906338852498857
810	3.906338852498857
811	3.3516688253358886
812	3.3516688253358886
813	3.3516688253358886
814	0.332670514380163
815	0.332670514380163
816	0.332670514380163
817	0.8881373741482443
818	0.8881373741482443
819	0.8881373741482443
820	0.6599674399423444
821	0.6599674399423444
822	0.6599674399423444
823	0.7012684963148109
824	0.7012684963148109
825	0.7012684963148109
826	1.3888278249638577
827	1.3888278249638577
828	1.3888278249638577
829	0.6145329449561505
830	0.6145329449561505
831	0.6145329449561505
832	0.6576101164317691
833	0.6576101164317691
834	0.6576101164317691
835	2.8695684529593173
836	2.8695684529593173
837	2.8695684529593173
838	0.5529920580199472
839	0.5529920580199472
840	0.5529920580199472
841	0.6101722018469686
842	0.6101722018469686
843	0.6101722018469686
844	1.9665649712949134
845	1.9665649712949134
846	1.9665649712949134
847	0.5519476902460947
848	0.5519476902460947
849	0.5519476902460947
850	1.93922928274822
851	1.93922928274822
852	1.93922928274822
853	1.5268929529695403
854	1.5268929529695403
855	1.5268929529695403
856	0.6558653360872997
857	0.6558653360872997
858	0.6558653360872997
859	3.9969049116734743
860	3.9969049116734743
861	3.9969049116734743
862	8.164094052485996
863	8.164094052485996
864	8.164094052485996
865	6.211881875914111
866	6.211881875914111
867	6.211881875914111
868	4.624981056324889
869	4.624981056324889
870	4.624981056324889
871	5.311951088565646
872	5.311951088565646
873	5.311951088565646
874	3.014703471452948
875	3.014703471452948
876	3.014703471452948
877	2.4858255184732734
878	2.4858255184732734
879	2.4858255184732734
880	3.2517748088423057
881	3.2517748088423057
882	3.2517748088423057
883	3.6882222694793696
884	3.6882222694793696
885	3.6882222694793696
886	5.358536168394837
887	5.358536168394837
888	5.358536168394837
889	1.4917608012065855
890	1.4917608012065855
891	1.4917608012065855
892	6.372728724762791
893	6.372728724762791
894	6.372728724762791
895	1.8303011873696167
896	1.8303011873696167
897	1.8303011873696167
898	3.8335783864778548
899	3.8335783864778548
900	3.8335783864778548
901	2.582471522490604
902	2.582471522490604
903	2.582471522490604
904	2.2165889938051553
905	2.2165889938051553
906	2.2165889938051553
907	3.667329005239594
908	3.667329005239594
909	3.667329005239594
910	2.370984067512433
911	2.370984067512433
912	2.370984067512433
913	4.113738357304921
914	4.113738357304921
915	4.113738357304921
916	0.26581558969748026
917	0.26581558969748026
918	0.26581558969748026
919	0.13914960681241728
920	0.13914960681241728
921	0.13914960681241728
922	0.8856393291140112
923	0.8856393291140112
924	0.8856393291140112
925	1.1136577368979936
926	1.1136577368979936
927	1.1136577368979936
928	1.0673504211191112
929	1.0673504211191112
930	1.0673504211191112
931	1.264035333568685
932	1.264035333568685
933	1.264035333568685
934	1.1545521006584194
935	1.1545521006584194
936	1.1545521006584194
937	0.3035146897155513
938	0.3035146897155513
939	0.3035146897155513
940	1.3318837168187916
941	1.3318837168187916
942	1.3318837168187916
943	0.28651690657133516
944	0.28651690657133516
945	0.28651690657133516
946	1.0460366284230922
947	3.39407356441861
948	3.39407356441861
949	3.39407356441861
950	3.7545792753586373
951	3.7545792753586373
952	3.7545792753586373
953	6.862437214459468
954	6.862437214459468
955	6.862437214459468
956	6.5588622846905755
957	6.5588622846905755
958	6.5588622846905755
959	4.126341228814796
960	4.126341228814796
961	4.126341228814796
962	4.044272274183386
963	4.044272274183386
964	4.044272274183386
965	0.1
966	0.1
967	3.231818335493778
968	3.231818335493778
969	3.231818335493778
970	0.6462293706529225
971	0.6462293706529225
972	0.6462293706529225
973	0.22095828632604775
974	0.22095828632604775
975	0.22095828632604775
976	1.2342000217372435
977	0.733907025375721
978	0.733907025375721
979	0.733907025375721
980	0.5866103464832462
981	0.5866103464832462
982	0.5866103464832462
983	1.4124746556831211
984	1.4124746556831211
985	1.4124746556831211
986	0.5902585587547343
987	0.5902585587547343
988	0.5902585587547343
989	0.9055203267032801
990	0.9055203267032801
991	0.9055203267032801
992	0.2525169198245845
993	0.2525169198245845
994	0.2525169198245845
995	0.6062850589364295
996	0.6062850589364295
997	0.6062850589364295
998	0.31357989682152826
999	0.31357989682152826
1000	0.31357989682152826
1001	0.14313470677404483
1002	0.14313470677404483
1003	0.14313470677404483
1004	0.9022035375971365
1005	2.730510356285185
1006	2.730510356285185
1007	2.730510356285185
1008	1.9363292537508987
1009	1.9363292537508987
1010	1.9363292537508987
1011	3.1994808784586626
1012	3.1994808784586626
1013	3.1994808784586626
1014	3.9523232114839075
1015	3.9523232114839075
1016	3.9523232114839075
1017	2.596281153611567
1018	2.596281153611567
1019	2.596281153611567
1020	3.122193605448861
1021	3.122193605448861
1022	3.122193605448861
1023	5.347962412335068
1024	5.347962412335068
1025	5.347962412335068
1026	1.8598869985686721
1027	1.8598869985686721
1028	1.8598869985686721
1029	3.9993676229998485
1030	3.9993676229998485
1031	3.9993676229998485
1032	0.6259985731839475
1033	0.6259985731839475
1034	0.6259985731839475
1035	1.2719801808303859
1036	1.2719801808303859
1037	1.2719801808303859
1038	3.1213853205340625
1039	3.1213853205340625
1040	3.1213853205340625
1041	2.643139700882781
1042	2.643139700882781
1043	2.643139700882781
1044	4.112677626519658
1045	4.112677626519658
1046	4.112677626519658
1047	2.718048741442513
1048	2.718048741442513
1049	0.8939787590319883
1050	0.8939787590319883
1051	0.8939787590319883
1052	0.9673066991905882
1053	0.9673066991905882
1054	0.9673066991905882
1055	1.2243776459748077
1056	1.2243776459748077
1057	1.2243776459748077
1058	1.1229230165803612
1059	1.1229230165803612
1060	1.4237016140500969
1061	1.4237016140500969
1062	1.4237016140500969
1063	4.2588260521670875
1064	4.2588260521670875
1065	4.2588260521670875
1066	4.531180622666026
1067	4.531180622666026
1068	4.531180622666026
1069	3.8244750859013976
1070	3.8244750859013976
1071	3.8244750859013976
1072	6.3256971234057335
1073	6.3256971234057335
1074	6.3256971234057335
1075	4.6402125441712085
1076	4.6402125441712085
1077	4.6402125441712085
1078	2.891059732100927
1079	2.891059732100927
1080	2.891059732100927
1081	5.654134337698826
1082	5.654134337698826
1083	5.654134337698826
1084	4.0998044734699866
1085	4.0998044734699866
1086	4.0998044734699866
1087	3.9918124718226378
1088	3.9918124718226378
1089	3.9918124718226378
1090	1.4908729178975264
1091	1.4908729178975264
1092	1.4908729178975264
1093	2.575189578606004
1094	2.575189578606004
1095	2.575189578606004
1096	4.4863968983037505
1097	4.4863968983037505
1098	4.4863968983037505
1099	6.143759981625394
1100	6.143759981625394
1101	6.143759981625394
1102	7.400685005553982
1103	7.400685005553982
1104	7.400685005553982
1105	4.43058773355648
1106	4.43058773355648
1107	4.43058773355648
1108	4.874184484278352
1109	4.874184484278352
1110	4.874184484278352
1111	8.297638195131487
1112	8.297638195131487
1113	8.297638195131487
1114	4.120504111141133
1115	4.120504111141133
1116	4.120504111141133
1117	1.8427468875436115
1118	1.8427468875436115
1119	1.8427468875436115
1120	4.201856839016218
1121	4.201856839016218
1122	4.201856839016218
1123	2.314382827358409
1124	2.314382827358409
1125	2.314382827358409
1126	6.016268837109917
1127	6.016268837109917
1128	2.3457321556743107
1129	2.3457321556743107
1130	2.3457321556743107
1131	1.383230508030179
1132	1.383230508030179
1133	1.383230508030179
1134	1.4234247028101223
1135	1.4234247028101223
1136	1.4234247028101223
1137	1.6305199465439884
1138	1.6305199465439884
1139	1.6305199465439884
1140	0.6767730342090799
1141	0.6767730342090799
1142	0.6767730342090799
1143	2.109325652579657
1144	2.109325652579657
1145	2.109325652579657
1146	1.5786649926670449
1147	1.5786649926670449
1148	1.5786649926670449
1149	1.9522185846970435
1150	1.9522185846970435
1151	1.9522185846970435
1152	1.4505363120040682
1153	1.4505363120040682
1154	1.4505363120040682
1155	1.816314105592376
1156	1.816314105592376
1157	1.816314105592376
1158	1.6938483312328179
1159	1.6938483312328179
1160	1.6938483312328179
1161	3.446789072605497
1162	3.446789072605497
1163	3.446789072605497
1164	1.5954718214355772
1165	1.5954718214355772
1166	1.5954718214355772
1167	2.055068504353245
1168	2.055068504353245
1169	2.055068504353245
1170	2.586251049649408
1171	2.586251049649408
1172	2.586251049649408
1173	0.7026537698445391
1174	0.7026537698445391
1175	0.7026537698445391
1176	3.659386439943212
1177	3.659386439943212
1178	3.659386439943212
1179	1.812062707221729
1180	1.812062707221729
1181	1.812062707221729
1182	0.97104899742277
1183	0.97104899742277
1184	5.202677421053037
1185	5.202677421053037
1186	5.202677421053037
1187	2.106478183264954
1188	2.106478183264954
1189	2.106478183264954
1190	0.7301962023944162
1191	0.7301962023944162
1192	0.7301962023944162
1193	6.260176637276047
1194	6.260176637276047
1195	6.260176637276047
1196	6.510943316990238
1197	6.510943316990238
1198	6.510943316990238
1199	3.1991912291818725
1200	3.1991912291818725
1201	3.1991912291818725
1202	3.6501413168829764
1203	3.7788786107915624
1204	3.7788786107915624
1205	3.7788786107915624
1206	2.481490932918034
1207	2.481490932918034
1208	2.481490932918034
1209	1.81560206571046
1210	1.81560206571046
1211	1.81560206571046
1212	3.714359672900776
1213	3.714359672900776
1214	3.714359672900776
1215	0.6045800727767519
1216	0.6045800727767519
1217	0.6045800727767519
1218	1.6325393740466425
1219	1.6325393740466425
1220	1.6325393740466425
1221	1.6836397233530433
1222	1.6836397233530433
1223	1.6836397233530433
1224	4.1188758623881565
1225	4.1188758623881565
1226	4.1188758623881565
1227	4.517960457568162
1228	4.517960457568162
1229	4.517960457568162
1230	2.3646378522192513
1231	2.3646378522192513
1232	2.3646378522192513
1233	3.359485761335106
1234	3.359485761335106
1235	3.359485761335106
1236	2.739987164028358
1237	2.739987164028358
1238	2.739987164028358
1239	0.6996771065857188
1240	0.6996771065857188
1241	0.6996771065857188
1242	0.703073269098192
1243	0.703073269098192
1244	0.703073269098192
1245	0.9258899637256983
1246	0.9258899637256983
1247	0.9258899637256983
1248	1.0137573634783776
1249	1.0137573634783776
1250	1.0137573634783776
1251	0.6534973461284209
1252	0.6534973461284209
1253	0.6534973461284209
1254	0.9720867164548284
1255	0.9720867164548284
1256	0.9720867164548284
1257	0.285100742728082
1258	0.285100742728082
1259	0.285100742728082
1260	0.9014450999699887
1261	0.9014450999699887
1262	0.9014450999699887
1263	1.0593849701450755
1264	1.0593849701450755
1265	1.0593849701450755
1266	0.32638676829964325
1267	0.32638676829964325
1268	0.32638676829964325
1269	0.27623382441478944
1270	0.27623382441478944
1271	0.27623382441478944
1272	0.980019630952393
1273	0.980019630952393
1274	0.980019630952393
1275	0.1
1276	0.1
1277	0.1
1278	0.47358182774856816
1279	0.47358182774856816
1280	0.47358182774856816
1281	0.48675673629468885
1282	0.48675673629468885
1283	0.48675673629468885
1284	0.5533311102829639
1285	0.5533311102829639
1286	1.1931825269621128
1287	1.1931825269621128
1288	1.1931825269621128
1289	0.1
1290	0.1
1291	0.1
1292	0.3019827504123234
1293	0.3019827504123234
1294	0.3019827504123234
1295	0.1
1296	0.1
1297	0.1
1298	0.1
1299	0.1
1300	0.1
1301	0.32980037239387877
1302	0.32980037239387877
1303	0.28494171127158885
1304	0.28494171127158885
1305	0.28494171127158885
1306	0.3721881676362245
1307	0.3721881676362245
1308	0.3721881676362245
1309	0.8808252897690046
1310	0.8808252897690046
1311	0.8808252897690046
1312	0.5642081057806547
1313	0.5642081057806547
1314	0.5642081057806547
1315	0.5144807037684392
1316	0.5144807037684392
1317	0.5144807037684392
1318	1.1089241402230472
1319	1.1089241402230472
1320	1.1089241402230472
1321	0.7763915722653503
1322	0.7763915722653503
1323	0.7763915722653503
1324	0.5806417773013656
1325	0.5806417773013656
1326	0.5806417773013656
1327	0.838326561377167
1328	0.838326561377167
1329	0.838326561377167
1330	0.7509808762728795
1331	0.7509808762728795
1332	0.7509808762728795
1333	0.6711406042024197
1334	0.6711406042024197
1335	0.6711406042024197
1336	0.1724656155891538
1337	0.1724656155891538
1338	0.1724656155891538
1339	0.9149701215980708
1340	0.9149701215980708
1341	0.9149701215980708
1342	0.3296865398861242
1343	0.3296865398861242
1344	0.3296865398861242
1345	0.36434609750403174
1346	0.36434609750403174
1347	0.36434609750403174
1348	0.5731175085190333
1349	1.5716902456244166
1350	1.5716902456244166
1351	1.5716902456244166
1352	0.9206163794680364
1353	0.9206163794680364
1354	0.9206163794680364
1355	2.85312042779816
1356	2.85312042779816
1357	2.85312042779816
1358	1.8346972725061037
1359	1.8346972725061037
1360	1.8346972725061037
1361	3.809371313778799
1362	3.809371313778799
1363	3.809371313778799
1364	2.3984725559635747
1365	2.3984725559635747
1366	2.3984725559635747
1367	3.110941735963575
1368	3.110941735963575
1369	3.110941735963575
1370	1.5458795150075755
1371	0.14662587696477905
1372	0.14662587696477905
1373	0.14662587696477905
1374	0.35994201925632263
1375	0.35994201925632263
1376	0.35994201925632263
1377	0.19831728950448269
1378	0.5802486979315145
1379	0.5802486979315145
1380	0.5802486979315145
1381	1.5878820442485828
1382	1.5878820442485828
1383	1.5878820442485828
1384	0.7132620239566545
1385	0.7132620239566545
1386	0.7132620239566545
1387	1.5265123908327762
1388	1.5265123908327762
1389	1.5265123908327762
1390	0.9734849837974676
1391	0.9734849837974676
1392	0.9734849837974676
1393	1.1913850440760325
1394	1.1913850440760325
1395	1.1913850440760325
1396	0.3992401815998704
1397	0.3992401815998704
1398	0.3992401815998704
1399	1.2933932854925843
1400	1.2933932854925843
1401	1.2933932854925843
1402	0.3125742355069283
1403	0.3125742355069283
1404	0.3125742355069283
1405	0.8966341357264653
1406	0.8966341357264653
1407	0.8966341357264653
1408	1.6271471175144443
1409	1.6271471175144443
1410	1.6271471175144443
1411	1.254765231609184
1412	1.254765231609184
1413	1.254765231609184
1414	2.3644921028467536
1415	2.3644921028467536
1416	2.3644921028467536
1417	1.5506625947552553
1418	1.5506625947552553
1419	1.5506625947552553
1420	0.5870507778131456
1421	0.5870507778131456
1422	0.5870507778131456
1423	1.5671911143721404
1424	1.5671911143721404
1425	1.5671911143721404
1426	0.22909906382109635
1427	0.22909906382109635
1428	0.22909906382109635
1429	1.542775399093835
1430	4.9039221000105755
1431	4.9039221000105755
1432	4.9039221000105755
1433	2.7616842043096375
1434	2.7616842043096375
1435	2.7616842043096375
1436	2.0842791968199874
1437	2.0842791968199874
1438	2.0842791968199874
1439	2.478426109031163
1440	0.1
1441	0.1
1442	0.1
1443	0.6154751514591607
1444	0.6154751514591607
1445	0.6154751514591607
1446	0.8386918619973054
1447	0.8386918619973054
1448	0.8386918619973054
1449	0.7232086414157991
1450	0.7232086414157991
1451	0.7232086414157991
1452	0.5486093231780736
1453	0.5486093231780736
1454	0.5486093231780736
1455	0.4265863526390752
1456	0.4265863526390752
1457	0.4265863526390752
1458	0.6540579793401253
1459	0.6540579793401253
1460	0.6540579793401253
1461	0.736306023234272
1462	0.736306023234272
1463	0.736306023234272
1464	1.0141808168586195
1465	1.0141808168586195
1466	1.0141808168586195
1467	0.6468580345490716
1468	0.6468580345490716
1469	0.6468580345490716
1470	0.4243671729014068
1471	0.4243671729014068
1472	0.4243671729014068
1473	0.1788023086565521
1474	0.1788023086565521
1475	0.1788023086565521
1476	1.394032627442408
1477	1.394032627442408
1478	1.394032627442408
1479	0.3266904297296722
1480	0.3266904297296722
1481	0.3266904297296722
1482	0.8139463131989082
1483	0.8139463131989082
1484	0.8139463131989082
1485	0.5781505495726923
1486	0.5781505495726923
1487	0.5781505495726923
1488	0.9339745665082568
1489	0.9339745665082568
1490	0.9339745665082568
1491	0.6997291406506518
1492	0.6997291406506518
1493	0.6997291406506518
1494	0.4020839433343077
1495	0.4020839433343077
1496	0.4020839433343077
1497	0.9335074509844613
1498	0.9335074509844613
1499	0.9335074509844613
1500	1.262339178249029
1501	1.262339178249029
1502	1.262339178249029
1503	0.6438577379291588
1504	0.6438577379291588
1505	1.2326898143710117
1506	1.2326898143710117
1507	1.2326898143710117
1508	2.257227303146536
1509	2.257227303146536
1510	2.257227303146536
1511	1.2613290230082552
1512	1.2613290230082552
1513	1.2613290230082552
1514	0.8309148317783386
1515	0.8309148317783386
1516	0.8309148317783386
1517	1.5174589129596145
1518	1.5174589129596145
1519	1.5174589129596145
1520	0.1
1521	0.1
1522	0.1
1523	1.5525575748939304
1524	1.5525575748939304
1525	1.5525575748939304
1526	1.2355830318847196
1527	1.2355830318847196
1528	1.2355830318847196
1529	0.7731761394884191
1530	0.7731761394884191
1531	0.7731761394884191
1532	2.1939304132360395
1533	2.1939304132360395
1534	2.1939304132360395
1535	2.223747680529793
1536	2.223747680529793
1537	2.223747680529793
1538	3.3181652803113675
1539	3.3181652803113675
1540	3.3181652803113675
1541	2.401913927283307
1542	2.401913927283307
1543	2.401913927283307
1544	1.7677510619783852
1545	1.7677510619783852
1546	1.7677510619783852
1547	2.5947205528974444
1548	2.5947205528974444
1549	2.5947205528974444
1550	2.438510458214606
1551	2.438510458214606
1552	2.438510458214606
1553	1.184869571263055
1554	1.184869571263055
1555	1.184869571263055
1556	4.625752917972289
1557	4.625752917972289
1558	4.625752917972289
1559	0.4435643293939213
1560	0.4435643293939213
1561	0.4435643293939213
1562	0.1
1563	0.1
1564	0.1
1565	0.7281013862632661
1566	0.7281013862632661
1567	0.7281013862632661
1568	2.234624602319867
1569	2.234624602319867
1570	2.234624602319867
1571	1.656718833040181
1572	1.656718833040181
1573	1.656718833040181
1574	1.043083654336262
1575	1.043083654336262
1576	0.551453792098286
1577	0.551453792098286
1578	0.551453792098286
1579	3.168274921102172
1580	3.168274921102172
1581	3.168274921102172
1582	3.7022574803520483
1583	3.7022574803520483
1584	3.7022574803520483
1585	1.401820180550784
1586	1.401820180550784
1587	1.401820180550784
1588	3.5587996553493726
1589	3.5587996553493726
1590	3.5587996553493726
1591	1.5642654737422295
1592	1.5642654737422295
1593	1.5642654737422295
1594	3.8376370034456073
1595	3.8376370034456073
1596	3.8376370034456073
1597	5.440366557560591
1598	0.1
1599	0.1
1600	0.1
1601	0.8517698802305678
1602	0.8517698802305678
1603	0.8517698802305678
1604	4.8507931466350644
1605	4.8507931466350644
1606	4.8507931466350644
1607	4.593656488985748
1608	4.593656488985748
1609	1.5878913052924453
1610	1.5878913052924453
1611	1.5878913052924453
1612	1.3139261040804855
1613	1.3139261040804855
1614	1.3139261040804855
1615	1.6467928130329652
1616	1.6467928130329652
1617	1.6467928130329652
1618	1.6442826959330104
1619	1.6442826959330104
1620	1.6442826959330104
1621	1.8728814525523387
1622	1.8728814525523387
1623	1.8728814525523387
1624	1.9703206151292223
1625	1.9703206151292223
1626	1.9703206151292223
1627	2.6173375866981536
1628	2.6173375866981536
1629	2.6173375866981536
1630	1.495084468405855
1631	1.495084468405855
1632	1.495084468405855
1633	2.72271813316152
1634	2.72271813316152
1635	2.72271813316152
1636	0.1
1637	0.1
1638	0.1
1639	1.4821777933889122
1640	1.4821777933889122
1641	1.4821777933889122
1642	1.9496226909331489
1643	1.9496226909331489
1644	1.9496226909331489
1645	0.3536965394545919
1646	0.3536965394545919
1647	0.3536965394545919
1648	3.265437836489398
1649	3.265437836489398
1650	3.265437836489398
1651	0.7304307004520505
1652	0.7304307004520505
1653	0.7304307004520505
1654	1.4459946910862107
1655	1.4459946910862107
1656	1.4459946910862107
1657	0.1617938452026635
1658	0.1617938452026635
1659	0.1617938452026635
1660	2.6339085414076484
1661	2.6339085414076484
1662	2.6339085414076484
1663	2.0756729725459078
1664	2.0756729725459078
1665	2.0756729725459078
1666	3.734037018745682
1667	3.734037018745682
1668	3.734037018745682
1669	2.9905761975182075
1670	2.9905761975182075
1671	4.222346132773787
1672	4.222346132773787
1673	4.222346132773787
1674	1.252192963195947
1675	1.252192963195947
1676	1.252192963195947
1677	1.0342408688680749
1678	1.0342408688680749
1679	1.0342408688680749
1680	4.034877952282571
1681	4.034877952282571
1682	4.034877952282571
1683	1.046735735644597
1684	1.046735735644597
1685	1.046735735644597
1686	2.4014740446165628
1687	2.4014740446165628
1688	2.4014740446165628
1689	1.7442436034126065
1690	1.7442436034126065
1691	1.7442436034126065
1692	2.477718715963485
1693	2.477718715963485
1694	2.477718715963485
1695	3.1302474290148092
1696	3.1302474290148092
1697	3.1302474290148092
1698	2.7795195302007643
1699	2.7795195302007643
1700	2.7795195302007643
1701	2.229789358700887
1702	2.229789358700887
1703	2.229789358700887
1704	0.7661227312245036
1705	0.7661227312245036
1706	0.7661227312245036
1707	3.1743447954308404
1708	3.1743447954308404
1709	3.1743447954308404
1710	2.162491902465076
1711	2.162491902465076
1712	2.162491902465076
1713	1.0929787171719614
1714	1.0929787171719614
1715	1.0929787171719614
1716	2.049459992207796
1717	2.049459992207796
1718	2.049459992207796
1719	1.8817889786629591
1720	1.8817889786629591
1721	1.8817889786629591
1722	0.8407494373866276
1723	0.8407494373866276
1724	0.8407494373866276
1725	3.121431261428746
1726	3.121431261428746
1727	3.121431261428746
1728	1.1321142229086727
1729	1.1321142229086727
1730	1.1321142229086727
1731	0.1
1732	0.1
1733	0.1
1734	2.5023488743044022
1735	2.5023488743044022
1736	2.5023488743044022
1737	2.8330430094091104
1738	2.8330430094091104
1739	2.8330430094091104
1740	1.4566652336560593
1741	1.4566652336560593
1742	1.4566652336560593
1743	3.109056227689687
1744	3.109056227689687
1745	3.109056227689687
1746	3.2252930439917353
1747	3.2252930439917353
1748	3.2252930439917353
1749	3.2859493584108206
1750	3.2859493584108206
1751	3.2859493584108206
1752	2.5904227794099572
1753	2.5904227794099572
1754	2.5904227794099572
1755	5.244563418561306
1756	5.244563418561306
1757	5.244563418561306
1758	4.261632535780763
1759	4.261632535780763
1760	4.261632535780763
1761	7.235022368588516
1762	7.235022368588516
1763	7.235022368588516
1764	2.400987375823619
1765	2.400987375823619
1766	2.400987375823619
1767	1.8002216556766437
1768	1.8002216556766437
1769	1.8002216556766437
1770	3.1158564627338503
1771	3.1158564627338503
1772	3.1158564627338503
1773	3.4536999591514626
1774	3.4536999591514626
1775	3.4536999591514626
1776	1.9184523499515431
1777	1.9184523499515431
1778	1.9184523499515431
1779	1.0496626675486334
1780	1.0496626675486334
1781	1.3168058814510695
1782	1.3168058814510695
1783	1.3168058814510695
1784	0.1
1785	0.1
1786	0.1
1787	1.638863176401748
1788	1.638863176401748
1789	1.638863176401748
1790	0.48950714766323156
1791	0.48950714766323156
1792	0.48950714766323156
1793	1.1984193473958156
1794	1.1984193473958156
1795	1.1984193473958156
1796	0.7954117029337159
1797	0.7954117029337159
1798	0.7954117029337159
1799	1.4530183013941649
1800	1.4530183013941649
1801	1.4530183013941649
1802	1.0982663219051982
1803	1.0982663219051982
1804	1.0982663219051982
1805	0.9222709889222824
1806	0.9222709889222824
1807	0.9222709889222824
1808	1.2225684026885866
1809	1.2225684026885866
1810	1.2225684026885866
1811	1.5629051751295049
1812	1.5629051751295049
1813	1.5629051751295049
1814	1.0029474545847599
1815	1.0029474545847599
1816	1.0029474545847599
1817	1.0396191714450143
1818	1.0396191714450143
1819	1.0396191714450143
1820	0.23271194431555453
1821	0.23271194431555453
1822	0.23271194431555453
1823	0.8957479142542074
1824	0.8957479142542074
1825	0.8957479142542074
1826	1.2383235161067279
1827	1.2383235161067279
1828	1.2383235161067279
1829	1.2329268187525928
1830	1.2329268187525928
1831	1.2329268187525928
1832	0.1
1833	0.1
1834	0.1
1835	2.0952608364839636
1836	2.0952608364839636
1837	2.0952608364839636
1838	0.5799821171942854
1839	0.5799821171942854
1840	0.5799821171942854
1841	0.6466451576922785
1842	0.6466451576922785
1843	0.6466451576922785
1844	0.6520697248013831
1845	0.6520697248013831
1846	0.6520697248013831
1847	0.8715346541236859
1848	0.8715346541236859
1849	0.8715346541236859
1850	0.7475528602812609
1851	0.7475528602812609
1852	0.7475528602812609
1853	1.0658430458539607
1854	1.0658430458539607
1855	1.0658430458539607
1856	0.4001262548316955
1857	0.4001262548316955
1858	0.4001262548316955
1859	0.8485167415600936
1860	0.8485167415600936
1861	0.8485167415600936
1862	0.8173304276119101
1863	0.8173304276119101
1864	0.8173304276119101
1865	1.0309330200376208
1866	1.0309330200376208
1867	1.0309330200376208
1868	0.8487183142524496
1869	0.8487183142524496
1870	0.8487183142524496
1871	0.8492321206430948
1872	0.8492321206430948
1873	0.8492321206430948
1874	3.6768149039604134
1875	3.6768149039604134
1876	3.6768149039604134
1877	4.191764499456262
1878	4.191764499456262
1879	4.191764499456262
1880	3.351078275558238
1881	3.351078275558238
1882	3.351078275558238
1883	2.78576920865871
1884	2.78576920865871
1885	2.78576920865871
1886	4.870401537422458
1887	4.870401537422458
1888	4.870401537422458
1889	3.1299932928828813
1890	3.1299932928828813
1891	3.1299932928828813
1892	4.735322773321643
1893	4.735322773321643
1894	4.735322773321643
1895	1.390471956562769
1896	1.390471956562769
1897	1.390471956562769
1898	1.3141317581651273
1899	1.3141317581651273
1900	1.3141317581651273
1901	2.22218887945904
1902	2.22218887945904
1903	2.22218887945904
1904	1.7448715121713727
1905	1.7448715121713727
1906	1.7448715121713727
1907	2.545448908569303
1908	2.545448908569303
1909	2.545448908569303
1910	0.7677988602135606
1911	0.7677988602135606
1912	0.7677988602135606
1913	2.064103710168624
1914	2.064103710168624
1915	2.064103710168624
1916	2.069171019840651
1917	2.069171019840651
1918	2.069171019840651
1919	2.0354469272526368
1920	2.0354469272526368
1921	2.0354469272526368
1922	2.7886645487964237
1923	2.7886645487964237
1924	2.7886645487964237
1925	3.256926396191426
1926	3.256926396191426
1927	3.256926396191426
1928	2.981329870067041
1929	2.981329870067041
1930	2.981329870067041
1931	1.8908457090549855
1932	1.8908457090549855
1933	1.8908457090549855
1934	3.9039677671174777
1935	3.9039677671174777
1936	3.9039677671174777
1937	0.1
1938	0.1
1939	0.1
1940	1.1763217814562628
1941	1.1763217814562628
1942	1.1763217814562628
1943	3.690036716320648
1944	3.690036716320648
1945	3.690036716320648
1946	0.9182557503881417
1947	0.9182557503881417
1948	0.9182557503881417
1949	1.9953303029270377
1950	1.9953303029270377
1951	1.9953303029270377
1952	3.0574907980828665
1953	3.0574907980828665
1954	3.0574907980828665
1955	3.093432425080329
1956	3.093432425080329
1957	3.093432425080329
1958	3.01656475101588
1959	3.01656475101588
1960	3.01656475101588
1961	4.858349918549884
1962	4.858349918549884
1963	4.858349918549884
1964	2.941334328735664
1965	2.941334328735664
1966	0.9858742130922424
1967	0.9858742130922424
1968	0.9858742130922424
1969	0.6505232446396699
1970	0.6505232446396699
1971	0.6505232446396699
1972	0.7611346999363402
1973	0.7611346999363402
1974	0.7611346999363402
1975	0.8218958550326578
1976	0.8218958550326578
1977	0.8218958550326578
1978	0.7558852570245882
1979	0.7558852570245882
1980	0.7558852570245882
1981	0.47619333884978965
1982	0.47619333884978965
1983	0.47619333884978965
1984	1.094567729732799
1985	1.094567729732799
1986	1.094567729732799
1987	0.10600931452299056
1988	0.10600931452299056
1989	0.10600931452299056
1990	1.0318029474632406
1991	1.0318029474632406
1992	1.0318029474632406
1993	0.8619347625713164
1994	0.8619347625713164
1995	0.8619347625713164
1996	0.70191236225099
1997	0.70191236225099
1998	0.70191236225099
1999	0.9826374155641365
