0	0.2531365466443476
1	0.2531365466443476
2	0.2531365466443476
3	0.2531365466443476
4	0.2531365466443476
5	0.17580999433174022
6	0.17580999433174022
7	0.17580999433174022
8	0.17580999433174022
9	0.17580999433174022
10	0.2158595613554541
11	0.2158595613554541
12	0.2158595613554541
13	0.2158595613554541
14	0.2158595613554541
15	0.1499728416726208
16	0.1499728416726208
17	0.1499728416726208
18	3.1419114558175667
19	3.1419114558175667
20	3.1419114558175667
21	3.1419114558175667
22	3.1419114558175667
23	2.5509417461336987
24	2.5509417461336987
25	2.5509417461336987
26	2.5509417461336987
27	2.5509417461336987
28	1.4206188347576427
29	1.4206188347576427
30	1.4206188347576427
31	1.4206188347576427
32	1.4206188347576427
33	4.024334474504516
34	4.024334474504516
35	1.309316603464635
36	1.309316603464635
37	1.309316603464635
38	1.309316603464635
39	1.309316603464635
40	1.3944690076190795
41	1.3944690076190795
42	1.3944690076190795
43	1.3944690076190795
44	1.3944690076190795
45	1.1569448361438155
46	1.1569448361438155
47	1.1569448361438155
48	1.1569448361438155
49	1.1569448361438155
50	1.304593398824994
51	1.304593398824994
52	1.304593398824994
53	1.304593398824994
54	1.304593398824994
55	1.4184522702400488
56	1.4184522702400488
57	1.4184522702400488
58	1.4184522702400488
59	1.4184522702400488
60	2.027155639271367
61	2.027155639271367
62	2.027155639271367
63	2.027155639271367
64	2.027155639271367
65	1.378699632182617
66	1.378699632182617
67	1.378699632182617
68	1.378699632182617
69	1.378699632182617
70	1.2326257545047659
71	1.2326257545047659
72	1.2326257545047659
73	1.2326257545047659
74	1.2326257545047659
75	0.988501736936788
76	0.988501736936788
77	0.988501736936788
78	0.988501736936788
79	0.988501736936788
80	0.8832155674674864
81	0.8832155674674864
82	0.8832155674674864
83	3.2359871305623735
84	3.2359871305623735
85	3.2359871305623735
86	3.2359871305623735
87	3.2359871305623735
88	3.4704008906044237
89	3.4704008906044237
90	3.4704008906044237
91	3.4704008906044237
92	3.4704008906044237
93	2.5180395138836316
94	2.5180395138836316
95	2.5180395138836316
96	2.5180395138836316
97	2.5180395138836316
98	3.3930528841467638
99	3.3930528841467638
100	3.3930528841467638
101	3.3930528841467638
102	3.3930528841467638
103	3.5966414322105273
104	3.5966414322105273
105	3.5966414322105273
106	3.5966414322105273
107	3.5966414322105273
108	2.6753530368631333
109	2.6753530368631333
110	2.6753530368631333
111	2.6753530368631333
112	1.4694760868363674
113	1.4694760868363674
114	1.4694760868363674
115	1.4694760868363674
116	1.4694760868363674
117	2.4461161355274186
118	2.4461161355274186
119	2.4461161355274186
120	2.4461161355274186
121	2.4461161355274186
122	2.0302142751034387
123	2.0302142751034387
124	2.0302142751034387
125	2.0302142751034387
126	2.0302142751034387
127	3.2435866218113145
128	3.2435866218113145
129	3.2435866218113145
130	3.2435866218113145
131	3.2435866218113145
132	2.950033665067104
133	2.950033665067104
134	0.6474418199564295
135	0.6474418199564295
136	0.6474418199564295
137	0.6474418199564295
138	0.6474418199564295
139	0.4525158729828729
140	0.4525158729828729
141	0.4525158729828729
142	0.4525158729828729
143	0.4525158729828729
144	0.5898165480512131
145	0.5898165480512131
146	0.5898165480512131
147	0.5898165480512131
148	0.5898165480512131
149	0.4948051259366315
150	0.4948051259366315
151	0.4948051259366315
152	0.4948051259366315
153	0.4948051259366315
154	0.7073615596911815
155	0.7073615596911815
156	0.7073615596911815
157	0.7073615596911815
158	0.7073615596911815
159	0.8926196605252306
160	0.8926196605252306
161	0.8926196605252306
162	0.8926196605252306
163	0.8926196605252306
164	0.7482833867041555
165	0.7482833867041555
166	0.7482833867041555
167	0.7482833867041555
168	1.720762154713707
169	1.720762154713707
170	1.720762154713707
171	1.720762154713707
172	1.720762154713707
173	2.2028581804928242
174	2.2028581804928242
175	2.2028581804928242
176	2.2028581804928242
177	2.2028581804928242
178	2.1284072420019386
179	2.1284072420019386
180	2.1284072420019386
181	2.1284072420019386
182	2.1284072420019386
183	2.544712781341084
184	2.2296830411235904
185	2.2296830411235904
186	2.2296830411235904
187	2.2296830411235904
188	2.2296830411235904
189	3.887986730065147
190	3.887986730065147
191	3.887986730065147
192	3.887986730065147
193	3.887986730065147
194	4.41847698598195
195	4.41847698598195
196	4.41847698598195
197	4.41847698598195
198	4.41847698598195
199	3.0882356654329417
200	3.0882356654329417
201	3.0882356654329417
202	3.0882356654329417
203	3.0882356654329417
204	2.8121055908090122
205	2.8121055908090122
206	2.8121055908090122
207	2.8121055908090122
208	2.8121055908090122
209	2.4375336316385416
210	2.4375336316385416
211	2.4375336316385416
212	2.4375336316385416
213	2.4375336316385416
214	4.82686604525946
215	4.82686604525946
216	4.82686604525946
217	4.82686604525946
218	4.82686604525946
219	2.7815420530223323
220	2.7815420530223323
221	2.7815420530223323
222	2.7815420530223323
223	6.670801134889298
224	6.670801134889298
225	6.670801134889298
226	6.670801134889298
227	6.670801134889298
228	2.6920621748519595
229	2.6920621748519595
230	2.6920621748519595
231	2.6920621748519595
232	2.6920621748519595
233	4.37481486069049
234	4.37481486069049
235	4.37481486069049
236	4.37481486069049
237	4.37481486069049
238	4.017368489194646
239	4.017368489194646
240	4.017368489194646
241	4.017368489194646
242	4.017368489194646
243	3.4149116610953163
244	3.4149116610953163
245	3.4149116610953163
246	3.4149116610953163
247	3.4149116610953163
248	3.1116365155723558
249	3.1116365155723558
250	3.1116365155723558
251	3.1116365155723558
252	3.1116365155723558
253	5.088362380687417
254	5.088362380687417
255	5.088362380687417
256	5.088362380687417
257	5.088362380687417
258	3.3714136602165232
259	3.3714136602165232
260	3.3714136602165232
261	3.3714136602165232
262	3.3714136602165232
263	3.0705242935974386
264	3.0705242935974386
265	3.0705242935974386
266	3.0705242935974386
267	3.0705242935974386
268	5.537624222596542
269	5.537624222596542
270	5.537624222596542
271	5.537624222596542
272	5.537624222596542
273	5.2869052725442005
274	5.2869052725442005
275	5.2869052725442005
276	5.2869052725442005
277	5.2869052725442005
278	5.489380357300401
279	5.489380357300401
280	5.489380357300401
281	5.489380357300401
282	5.489380357300401
283	3.5136223241397335
284	0.4518324100458774
285	0.4518324100458774
286	0.4518324100458774
287	0.4518324100458774
288	0.4518324100458774
289	1.1451893794837735
290	1.1451893794837735
291	1.1451893794837735
292	1.1451893794837735
293	1.1451893794837735
294	0.8024582723107537
295	0.8024582723107537
296	0.8024582723107537
297	0.8024582723107537
298	0.8024582723107537
299	0.687661426851659
300	0.687661426851659
301	0.687661426851659
302	0.687661426851659
303	0.687661426851659
304	1.4073508808293926
305	1.4073508808293926
306	1.4073508808293926
307	1.4073508808293926
308	1.4073508808293926
309	1.455673292362296
310	1.455673292362296
311	1.455673292362296
312	1.455673292362296
313	1.455673292362296
314	2.4781853661648476
315	2.4781853661648476
316	2.4781853661648476
317	2.4781853661648476
318	2.4781853661648476
319	2.257349770774864
320	2.257349770774864
321	2.257349770774864
322	2.257349770774864
323	2.257349770774864
324	2.1011083984517596
325	2.1011083984517596
326	2.1011083984517596
327	2.1011083984517596
328	2.1011083984517596
329	2.8283259673726757
330	2.8283259673726757
331	2.8283259673726757
332	4.988687863484918
333	4.988687863484918
334	4.988687863484918
335	4.988687863484918
336	4.988687863484918
337	4.4608473849857075
338	4.4608473849857075
339	4.4608473849857075
340	4.4608473849857075
341	4.4608473849857075
342	3.696962571978945
343	3.696962571978945
344	3.696962571978945
345	3.696962571978945
346	3.696962571978945
347	2.9310597855822715
348	2.9310597855822715
349	2.9310597855822715
350	2.5791509411159397
351	2.5791509411159397
352	2.5791509411159397
353	2.5791509411159397
354	4.416559740874618
355	4.416559740874618
356	4.416559740874618
357	4.416559740874618
358	4.416559740874618
359	5.212322389689457
360	5.212322389689457
361	5.212322389689457
362	5.212322389689457
363	5.212322389689457
364	4.999702413570519
365	4.999702413570519
366	4.999702413570519
367	4.999702413570519
368	4.999702413570519
369	4.596576048750592
370	4.596576048750592
371	4.596576048750592
372	4.596576048750592
373	4.596576048750592
374	4.91376838202508
375	4.91376838202508
376	4.91376838202508
377	4.91376838202508
378	4.91376838202508
379	1.2325546774997385
380	1.2325546774997385
381	1.2325546774997385
382	1.2325546774997385
383	1.2325546774997385
384	2.0525442157373117
385	2.0525442157373117
386	2.0525442157373117
387	2.0525442157373117
388	2.0525442157373117
389	1.25895571336884
390	1.25895571336884
391	1.25895571336884
392	1.25895571336884
393	1.25895571336884
394	1.445372939182147
395	1.445372939182147
396	1.445372939182147
397	1.445372939182147
398	2.4604840948678692
399	2.4604840948678692
400	2.4604840948678692
401	2.4604840948678692
402	2.4604840948678692
403	2.208993328754832
404	2.208993328754832
405	2.208993328754832
406	2.208993328754832
407	2.208993328754832
408	2.162764067565262
409	2.162764067565262
410	2.162764067565262
411	2.162764067565262
412	2.162764067565262
413	2.9433511666710115
414	2.9433511666710115
415	2.9433511666710115
416	2.9433511666710115
417	2.9433511666710115
418	3.284464870202358
419	3.284464870202358
420	3.284464870202358
421	3.284464870202358
422	3.284464870202358
423	2.1251867610795356
424	2.1251867610795356
425	2.734166036217282
426	2.734166036217282
427	2.734166036217282
428	2.734166036217282
429	2.734166036217282
430	4.133981768058522
431	4.133981768058522
432	4.133981768058522
433	4.133981768058522
434	4.133981768058522
435	4.924546654708587
436	4.924546654708587
437	4.924546654708587
438	4.924546654708587
439	4.924546654708587
440	3.9681782987249488
441	3.9681782987249488
442	3.9681782987249488
443	3.9681782987249488
444	3.9681782987249488
445	3.226211731006904
446	3.226211731006904
447	3.226211731006904
448	3.226211731006904
449	3.226211731006904
450	4.867294359988097
451	4.867294359988097
452	4.867294359988097
453	4.370716099654568
454	4.370716099654568
455	4.370716099654568
456	4.370716099654568
457	4.370716099654568
458	3.3503076498636517
459	3.3503076498636517
460	3.3503076498636517
461	3.3503076498636517
462	3.3503076498636517
463	5.68802943453701
464	5.68802943453701
465	5.68802943453701
466	5.68802943453701
467	5.68802943453701
468	4.725860664816493
469	4.725860664816493
470	4.725860664816493
471	4.725860664816493
472	4.725860664816493
473	3.2940646959829722
474	3.2940646959829722
475	3.2940646959829722
476	3.2940646959829722
477	3.2940646959829722
478	6.1058211265535824
479	6.1058211265535824
480	6.1058211265535824
481	6.1058211265535824
482	6.1058211265535824
483	3.628199927117053
484	3.628199927117053
485	3.628199927117053
486	3.628199927117053
487	2.668761960983712
488	2.668761960983712
489	2.668761960983712
490	1.2151030753972685
491	1.2151030753972685
492	1.2151030753972685
493	1.2151030753972685
494	1.2151030753972685
495	1.3467397892083086
496	1.3467397892083086
497	1.3467397892083086
498	3.238697609957885
499	3.238697609957885
500	3.238697609957885
501	3.238697609957885
502	3.238697609957885
503	3.6545014948004977
504	3.6545014948004977
505	3.6545014948004977
506	3.6545014948004977
507	3.6545014948004977
508	3.6385038848335305
509	3.6385038848335305
510	3.6385038848335305
511	3.6385038848335305
512	0.7263769377336269
513	0.7263769377336269
514	0.7263769377336269
515	0.7263769377336269
516	0.7263769377336269
517	0.6067972186557935
518	0.6067972186557935
519	0.6067972186557935
520	0.6067972186557935
521	0.6067972186557935
522	0.5766051754654846
523	3.233408847463896
524	3.233408847463896
525	3.233408847463896
526	3.233408847463896
527	3.233408847463896
528	5.0973304590061534
529	5.0973304590061534
530	5.0973304590061534
531	5.0973304590061534
532	5.0973304590061534
533	2.0104790045933236
534	2.0104790045933236
535	2.0104790045933236
536	2.0104790045933236
537	2.0104790045933236
538	4.1942262416949205
539	4.1942262416949205
540	1.2684115660745432
541	1.2684115660745432
542	1.2684115660745432
543	1.2684115660745432
544	1.2684115660745432
545	1.933027345318239
546	1.933027345318239
547	1.933027345318239
548	1.933027345318239
549	1.933027345318239
550	1.0731790373843844
551	1.0731790373843844
552	1.0731790373843844
553	1.0731790373843844
554	1.0731790373843844
555	1.3141848080637006
556	1.3141848080637006
557	1.3141848080637006
558	1.3141848080637006
559	1.3141848080637006
560	1.200052177393801
561	1.200052177393801
562	1.200052177393801
563	1.200052177393801
564	1.200052177393801
565	1.0079867328404697
566	1.0079867328404697
567	1.0079867328404697
568	1.0079867328404697
569	1.0079867328404697
570	1.2498743400192664
571	1.2498743400192664
572	1.2498743400192664
573	1.2498743400192664
574	1.2498743400192664
575	1.4129363747578698
576	1.4129363747578698
577	1.4129363747578698
578	1.4129363747578698
579	1.4129363747578698
580	0.9779347766742154
581	0.9779347766742154
582	0.9779347766742154
583	0.9779347766742154
584	0.9779347766742154
585	1.2924621319554035
586	1.2924621319554035
587	1.2924621319554035
588	1.2924621319554035
589	1.2924621319554035
590	0.9068033561003196
591	0.9068033561003196
592	0.9068033561003196
593	0.9068033561003196
594	0.9068033561003196
595	1.5161752393740797
596	1.5161752393740797
597	1.5161752393740797
598	1.5161752393740797
599	1.5161752393740797
600	1.255890426089374
601	1.255890426089374
602	1.255890426089374
603	3.656569420175871
604	3.656569420175871
605	3.656569420175871
606	3.656569420175871
607	3.656569420175871
608	2.6073790132936003
609	2.6073790132936003
610	2.6073790132936003
611	2.6073790132936003
612	2.6073790132936003
613	2.110409108681828
614	2.110409108681828
615	2.110409108681828
616	2.110409108681828
617	2.110409108681828
618	3.1274794233004166
619	3.1274794233004166
620	3.1274794233004166
621	3.1274794233004166
622	3.1274794233004166
623	2.3201966061415806
624	2.3201966061415806
625	2.3201966061415806
626	2.3201966061415806
627	2.3201966061415806
628	2.6947147415531187
629	2.6947147415531187
630	2.6947147415531187
631	2.6947147415531187
632	2.6947147415531187
633	3.835055412681142
634	3.835055412681142
635	3.835055412681142
636	3.835055412681142
637	3.835055412681142
638	2.7754884344760646
639	2.7754884344760646
640	2.7754884344760646
641	2.7754884344760646
642	2.7754884344760646
643	1.6001524008536818
644	1.6001524008536818
645	1.6001524008536818
646	1.6001524008536818
647	1.6001524008536818
648	3.844905312031112
649	0.9971005619507838
650	0.9971005619507838
651	0.9971005619507838
652	0.9971005619507838
653	0.9971005619507838
654	0.8552302931968989
655	0.8552302931968989
656	0.8552302931968989
657	0.8552302931968989
658	0.8552302931968989
659	0.8525395815741798
660	0.8525395815741798
661	0.8525395815741798
662	0.8525395815741798
663	0.8525395815741798
664	0.4284700411734021
665	0.4284700411734021
666	0.4284700411734021
667	0.4284700411734021
668	0.4284700411734021
669	0.7562503142180094
670	0.7562503142180094
671	0.7562503142180094
672	0.7562503142180094
673	0.7562503142180094
674	0.5183720707508344
675	0.5183720707508344
676	0.5183720707508344
677	0.5183720707508344
678	2.11348406172808
679	2.11348406172808
680	2.11348406172808
681	2.11348406172808
682	2.11348406172808
683	2.7784697085561945
684	2.7784697085561945
685	2.7784697085561945
686	2.7784697085561945
687	2.7784697085561945
688	2.421001641288859
689	2.421001641288859
690	2.421001641288859
691	2.421001641288859
692	2.421001641288859
693	2.3874339273901715
694	2.3874339273901715
695	2.3874339273901715
696	2.3874339273901715
697	2.3874339273901715
698	2.3491195807643708
699	2.3491195807643708
700	2.3491195807643708
701	2.3491195807643708
702	2.3491195807643708
703	1.0371713712009532
704	1.0371713712009532
705	1.0371713712009532
706	2.298699756411935
707	2.298699756411935
708	2.298699756411935
709	2.298699756411935
710	2.298699756411935
711	2.6172071961455616
712	2.6172071961455616
713	2.6172071961455616
714	2.6172071961455616
715	2.6172071961455616
716	3.1557185245198482
717	3.1557185245198482
718	3.1557185245198482
719	3.1557185245198482
720	3.1557185245198482
721	2.463935658496639
722	2.463935658496639
723	2.463935658496639
724	2.463935658496639
725	2.463935658496639
726	2.069864313525316
727	2.069864313525316
728	2.069864313525316
729	2.069864313525316
730	2.069864313525316
731	2.340721252277156
732	2.340721252277156
733	2.340721252277156
734	2.340721252277156
735	2.340721252277156
736	1.384542930023978
737	1.384542930023978
738	1.384542930023978
739	1.384542930023978
740	1.384542930023978
741	1.1301782318491929
742	1.1301782318491929
743	1.1301782318491929
744	1.1301782318491929
745	1.1301782318491929
746	1.115046523857546
747	1.115046523857546
748	1.115046523857546
749	1.115046523857546
750	1.115046523857546
751	1.3925395942999976
752	1.3925395942999976
753	1.3925395942999976
754	1.3925395942999976
755	1.3925395942999976
756	0.16936874834853227
757	0.16936874834853227
758	0.16936874834853227
759	0.16936874834853227
760	0.16936874834853227
761	0.18417407558920132
762	0.18417407558920132
763	0.18417407558920132
764	0.18417407558920132
765	0.18417407558920132
766	0.21521722493500195
767	0.21521722493500195
768	0.21521722493500195
769	0.21521722493500195
770	0.21521722493500195
771	0.18378300739129438
772	0.18378300739129438
773	0.18378300739129438
774	0.18378300739129438
775	0.18378300739129438
776	0.18995251515640416
777	0.18995251515640416
778	0.18995251515640416
779	0.18995251515640416
780	0.18995251515640416
781	0.2754873193954862
782	0.2754873193954862
783	0.2754873193954862
784	0.2754873193954862
785	0.2754873193954862
786	0.22926645815931565
787	0.22926645815931565
788	0.22926645815931565
789	0.22926645815931565
790	0.22926645815931565
791	0.22282326284607568
792	0.22282326284607568
793	0.22282326284607568
794	0.22282326284607568
795	0.22282326284607568
796	0.1239721669881736
797	0.1239721669881736
798	0.1239721669881736
799	0.1239721669881736
800	0.1239721669881736
801	0.1413143620361012
802	0.1413143620361012
803	0.1413143620361012
804	0.1413143620361012
805	0.1413143620361012
806	0.13604294417823337
807	0.13604294417823337
808	0.13604294417823337
809	0.13604294417823337
810	0.13604294417823337
811	0.12434578571600088
812	0.12434578571600088
813	0.12434578571600088
814	0.12434578571600088
815	0.12434578571600088
816	0.20959560437585362
817	0.20959560437585362
818	0.20959560437585362
819	0.20959560437585362
820	0.20959560437585362
821	0.23374690195943235
822	0.23374690195943235
823	2.0781463447442015
824	2.0781463447442015
825	2.0781463447442015
826	2.0781463447442015
827	2.0781463447442015
828	1.953686366657109
829	1.953686366657109
830	1.953686366657109
831	1.953686366657109
832	1.953686366657109
833	3.5615722913478396
834	3.5615722913478396
835	3.5615722913478396
836	3.5615722913478396
837	3.5615722913478396
838	3.569628858457953
839	3.569628858457953
840	3.569628858457953
841	3.569628858457953
842	3.569628858457953
843	4.036882224125614
844	4.036882224125614
845	4.036882224125614
846	4.036882224125614
847	4.036882224125614
848	4.641257905389925
849	4.641257905389925
850	4.641257905389925
851	4.641257905389925
852	4.641257905389925
853	2.654551161090655
854	2.654551161090655
855	2.340178742163087
856	2.340178742163087
857	2.340178742163087
858	2.340178742163087
859	2.340178742163087
860	2.4687758715428565
861	2.4687758715428565
862	2.4687758715428565
863	2.4687758715428565
864	2.4687758715428565
865	1.366046181373172
866	1.366046181373172
867	1.366046181373172
868	1.366046181373172
869	1.366046181373172
870	2.63687268531736
871	2.63687268531736
872	2.63687268531736
873	2.63687268531736
874	2.63687268531736
875	2.386833154762755
876	2.386833154762755
877	2.386833154762755
878	2.386833154762755
879	2.386833154762755
880	2.2861432729685056
881	2.2861432729685056
882	2.2861432729685056
883	2.2861432729685056
884	2.2861432729685056
885	1.9040748763795838
886	1.9040748763795838
887	1.9040748763795838
888	1.9040748763795838
889	1.9040748763795838
890	2.668546588172535
891	2.668546588172535
892	2.668546588172535
893	2.668546588172535
894	2.668546588172535
895	1.9726313072145145
896	1.9726313072145145
897	1.9726313072145145
898	1.9726313072145145
899	1.9726313072145145
900	2.0887156096139416
901	2.0887156096139416
902	2.0887156096139416
903	2.0887156096139416
904	2.0887156096139416
905	2.2639347736459783
906	2.2639347736459783
907	2.2639347736459783
908	2.2639347736459783
909	2.2639347736459783
910	2.3955493587086356
911	2.3955493587086356
912	2.3955493587086356
913	2.3955493587086356
914	2.3955493587086356
915	1.9998467705153706
916	1.9998467705153706
917	1.9998467705153706
918	1.9998467705153706
919	1.9998467705153706
920	2.057478793350321
921	2.057478793350321
922	2.057478793350321
923	2.057478793350321
924	2.057478793350321
925	2.1286075641522832
926	2.1286075641522832
927	2.1286075641522832
928	2.1286075641522832
929	2.1286075641522832
930	2.0811911604014024
931	2.0811911604014024
932	2.0811911604014024
933	2.0811911604014024
934	2.0811911604014024
935	1.3626461555166554
936	1.3626461555166554
937	1.3626461555166554
938	1.3626461555166554
939	1.3626461555166554
940	2.0481582285432705
941	2.0481582285432705
942	2.0481582285432705
943	2.0481582285432705
944	2.0481582285432705
945	1.7333702250393401
946	1.7333702250393401
947	1.7333702250393401
948	1.7333702250393401
949	1.7333702250393401
950	1.4616892768690977
951	1.6275120073234632
952	1.6275120073234632
953	1.6275120073234632
954	1.6275120073234632
955	1.6275120073234632
956	1.4050310848623697
957	1.4050310848623697
958	1.4050310848623697
959	1.4050310848623697
960	1.4050310848623697
961	1.3437942022987648
962	1.3437942022987648
963	1.3437942022987648
964	1.3437942022987648
965	5.444222427855137
966	5.444222427855137
967	5.444222427855137
968	5.444222427855137
969	5.444222427855137
970	5.902300172178679
971	5.902300172178679
972	5.902300172178679
973	5.902300172178679
974	5.902300172178679
975	3.1598163792265823
976	3.1598163792265823
977	3.1598163792265823
978	3.1598163792265823
979	3.1598163792265823
980	4.1452001254674515
981	4.1452001254674515
982	4.1452001254674515
983	4.1452001254674515
984	4.1452001254674515
985	5.516046627914406
986	5.516046627914406
987	5.516046627914406
988	5.516046627914406
989	5.516046627914406
990	2.9831759206568798
991	2.9831759206568798
992	2.9831759206568798
993	2.9831759206568798
994	2.9831759206568798
995	3.443683165738258
996	3.443683165738258
997	3.443683165738258
998	3.443683165738258
999	3.443683165738258
1000	3.8309917639191267
1001	3.8309917639191267
1002	3.8309917639191267
1003	3.8309917639191267
1004	2.336953745542703
1005	2.336953745542703
1006	2.336953745542703
1007	2.336953745542703
1008	2.336953745542703
1009	1.5753811180319084
1010	1.5753811180319084
1011	1.5753811180319084
1012	1.5753811180319084
1013	1.5753811180319084
1014	2.680067919176178
1015	2.680067919176178
1016	2.680067919176178
1017	2.680067919176178
1018	2.680067919176178
1019	2.7044760906421517
1020	2.7044760906421517
1021	1.7390004455742314
1022	1.7390004455742314
1023	1.7390004455742314
1024	1.7390004455742314
1025	1.7390004455742314
1026	1.8921792002683857
1027	1.8921792002683857
1028	1.8921792002683857
1029	1.8921792002683857
1030	1.8921792002683857
1031	1.6913449754038221
1032	1.6913449754038221
1033	1.6913449754038221
1034	1.6913449754038221
1035	1.6913449754038221
1036	2.3543387289686746
1037	2.3543387289686746
1038	2.3543387289686746
1039	2.3543387289686746
1040	2.3543387289686746
1041	1.2497324916897103
1042	1.2497324916897103
1043	1.2497324916897103
1044	1.2497324916897103
1045	1.2497324916897103
1046	1.7583699154188244
1047	1.7583699154188244
1048	1.7583699154188244
1049	1.7583699154188244
1050	1.7583699154188244
1051	1.1681124108104919
1052	1.1681124108104919
1053	1.1681124108104919
1054	1.1681124108104919
1055	1.1681124108104919
1056	0.7994708480586251
1057	0.7994708480586251
1058	0.7994708480586251
1059	0.7994708480586251
1060	0.7994708480586251
1061	2.505959398945438
1062	2.505959398945438
1063	2.505959398945438
1064	2.505959398945438
1065	2.505959398945438
1066	1.506925294673422
1067	1.506925294673422
1068	1.506925294673422
1069	1.506925294673422
1070	1.506925294673422
1071	1.5884541900221298
1072	1.5884541900221298
1073	1.5884541900221298
1074	1.5884541900221298
1075	1.5884541900221298
1076	1.5748463518875808
1077	1.5748463518875808
1078	1.5748463518875808
1079	1.5748463518875808
1080	1.5748463518875808
1081	1.5467261675002975
1082	1.5467261675002975
1083	1.5467261675002975
1084	1.5467261675002975
1085	1.9301927149634914
1086	1.9301927149634914
1087	1.9301927149634914
1088	1.9301927149634914
1089	1.9301927149634914
1090	2.1165855248801395
1091	2.1165855248801395
1092	2.1165855248801395
1093	2.1165855248801395
1094	2.1165855248801395
1095	1.013197883264099
1096	1.013197883264099
1097	1.013197883264099
1098	1.013197883264099
1099	1.013197883264099
1100	1.6128307026642816
1101	1.6128307026642816
1102	1.6128307026642816
1103	1.6128307026642816
1104	1.6128307026642816
1105	2.3439392048424446
1106	2.3439392048424446
1107	2.3439392048424446
1108	2.3439392048424446
1109	2.3439392048424446
1110	1.6461966199828089
1111	1.6461966199828089
1112	1.6461966199828089
1113	1.6461966199828089
1114	1.6461966199828089
1115	2.2990838183524156
1116	2.2990838183524156
1117	2.2990838183524156
1118	2.2990838183524156
1119	2.2990838183524156
1120	1.3633263746264366
1121	1.3633263746264366
1122	1.3633263746264366
1123	1.3633263746264366
1124	1.3633263746264366
1125	1.5602133570305217
1126	1.5602133570305217
1127	1.5602133570305217
1128	1.5602133570305217
1129	1.5602133570305217
1130	2.4052894852245017
1131	2.4052894852245017
1132	2.4052894852245017
1133	2.4052894852245017
1134	2.4052894852245017
1135	2.1496293622626363
1136	2.1496293622626363
1137	2.1496293622626363
1138	2.1496293622626363
1139	2.1496293622626363
1140	2.3192046244882025
1141	2.3192046244882025
1142	2.3192046244882025
1143	2.3192046244882025
1144	2.3192046244882025
1145	1.993340820963434
1146	1.993340820963434
1147	1.993340820963434
1148	1.993340820963434
1149	1.993340820963434
1150	2.4087154215219466
1151	2.4087154215219466
1152	2.4087154215219466
1153	2.4087154215219466
1154	2.4087154215219466
1155	2.2108520539955094
1156	2.2108520539955094
1157	2.2108520539955094
1158	2.2108520539955094
1159	2.2108520539955094
1160	2.089975066135556
1161	2.089975066135556
1162	2.089975066135556
1163	2.089975066135556
1164	2.089975066135556
1165	2.002198984906297
1166	2.002198984906297
1167	2.002198984906297
1168	2.002198984906297
1169	2.002198984906297
1170	1.3554690523805364
1171	1.3554690523805364
1172	0.8703357658102533
1173	0.8703357658102533
1174	0.8703357658102533
1175	0.8703357658102533
1176	0.8703357658102533
1177	0.9208312628838916
1178	0.9208312628838916
1179	0.9208312628838916
1180	0.9208312628838916
1181	0.9208312628838916
1182	0.9650930543972773
1183	3.918333545912489
1184	3.918333545912489
1185	3.918333545912489
1186	3.918333545912489
1187	3.918333545912489
1188	4.607453375721249
1189	4.607453375721249
1190	4.607453375721249
1191	4.607453375721249
1192	4.607453375721249
1193	3.8512445918960756
1194	3.8512445918960756
1195	0.5657984500327982
1196	0.5657984500327982
1197	0.5657984500327982
1198	0.5657984500327982
1199	0.5657984500327982
1200	0.6602146618359611
1201	0.6602146618359611
1202	0.6602146618359611
1203	0.6602146618359611
1204	0.6602146618359611
1205	0.48895780284807255
1206	0.48895780284807255
1207	0.48895780284807255
1208	0.48895780284807255
1209	0.48895780284807255
1210	0.788569076482018
1211	0.788569076482018
1212	0.788569076482018
1213	0.788569076482018
1214	0.788569076482018
1215	0.6088509647407598
1216	0.6088509647407598
1217	0.6088509647407598
1218	0.6088509647407598
1219	0.6088509647407598
1220	0.6314109509819743
1221	0.6314109509819743
1222	0.6314109509819743
1223	0.6314109509819743
1224	0.6314109509819743
1225	0.668001285121408
1226	0.668001285121408
1227	0.668001285121408
1228	0.668001285121408
1229	0.668001285121408
1230	0.7715077231654988
1231	0.7715077231654988
1232	0.7715077231654988
1233	0.7715077231654988
1234	0.7715077231654988
1235	0.5203820396718197
1236	0.5203820396718197
1237	0.5203820396718197
1238	0.5203820396718197
1239	0.5203820396718197
1240	0.3476659261748116
1241	0.3476659261748116
1242	0.3476659261748116
1243	0.3476659261748116
1244	0.3476659261748116
1245	0.49596798695442923
1246	0.49596798695442923
1247	0.49596798695442923
1248	0.49596798695442923
1249	0.49596798695442923
1250	0.7384770000950925
1251	0.7384770000950925
1252	0.7384770000950925
1253	1.8625970071738491
1254	1.8625970071738491
1255	1.8625970071738491
1256	1.8625970071738491
1257	1.8625970071738491
1258	1.8553776797330315
1259	1.8553776797330315
1260	1.8553776797330315
1261	1.8553776797330315
1262	1.8553776797330315
1263	3.7004459057668235
1264	3.7004459057668235
1265	3.7004459057668235
1266	3.7004459057668235
1267	3.7004459057668235
1268	2.5540870390938153
1269	2.5540870390938153
1270	2.5540870390938153
1271	2.5540870390938153
1272	2.5540870390938153
1273	2.518929170155436
1274	2.518929170155436
1275	2.518929170155436
1276	2.518929170155436
1277	2.518929170155436
1278	2.7420668173438574
1279	2.7420668173438574
1280	2.7420668173438574
1281	2.7420668173438574
1282	2.7420668173438574
1283	2.8591610173696407
1284	2.8591610173696407
1285	2.8591610173696407
1286	2.8591610173696407
1287	2.8591610173696407
1288	1.6053955705153036
1289	1.6053955705153036
1290	1.6053955705153036
1291	1.6053955705153036
1292	1.6053955705153036
1293	4.23289211507512
1294	4.23289211507512
1295	4.23289211507512
1296	4.23289211507512
1297	4.23289211507512
1298	3.066703372495519
1299	3.066703372495519
1300	3.066703372495519
1301	3.066703372495519
1302	3.066703372495519
1303	3.9568849964536734
1304	3.9568849964536734
1305	3.9568849964536734
1306	3.9568849964536734
1307	3.9568849964536734
1308	2.6811046242905876
1309	2.6811046242905876
1310	2.6811046242905876
1311	2.6811046242905876
1312	2.6811046242905876
1313	3.7559450161999983
1314	3.7559450161999983
1315	3.7559450161999983
1316	3.7559450161999983
1317	3.7559450161999983
1318	4.056061079531239
1319	4.056061079531239
1320	4.056061079531239
1321	4.056061079531239
1322	4.056061079531239
1323	2.699197619373975
1324	2.699197619373975
1325	2.699197619373975
1326	2.699197619373975
1327	2.699197619373975
1328	2.4997527792361947
1329	2.4997527792361947
1330	2.4997527792361947
1331	2.4997527792361947
1332	2.4997527792361947
1333	4.694333660471466
1334	4.694333660471466
1335	4.694333660471466
1336	4.694333660471466
1337	4.694333660471466
1338	3.744429633158503
1339	3.744429633158503
1340	3.744429633158503
1341	3.744429633158503
1342	3.744429633158503
1343	0.7184732831586957
1344	0.7184732831586957
1345	0.7184732831586957
1346	0.7184732831586957
1347	2.1081653533184705
1348	2.1081653533184705
1349	2.1081653533184705
1350	2.1081653533184705
1351	2.1081653533184705
1352	2.230421968589048
1353	2.230421968589048
1354	2.230421968589048
1355	2.230421968589048
1356	2.230421968589048
1357	2.3841043814523206
1358	2.852762860346515
1359	2.852762860346515
1360	2.852762860346515
1361	2.852762860346515
1362	2.852762860346515
1363	4.646729056501895
1364	4.646729056501895
1365	4.646729056501895
1366	4.046427961149843
1367	4.046427961149843
1368	4.046427961149843
1369	4.046427961149843
1370	4.046427961149843
1371	3.762088052246238
1372	3.762088052246238
1373	3.762088052246238
1374	3.762088052246238
1375	3.762088052246238
1376	2.9064340225443748
1377	2.9064340225443748
1378	2.9064340225443748
1379	2.9064340225443748
1380	2.9064340225443748
1381	2.765824453221598
1382	2.765824453221598
1383	2.765824453221598
1384	2.765824453221598
1385	2.765824453221598
1386	2.669672992932031
1387	2.669672992932031
1388	2.669672992932031
1389	2.669672992932031
1390	2.669672992932031
1391	3.0497118202864577
1392	3.0497118202864577
1393	3.0497118202864577
1394	3.0497118202864577
1395	3.0497118202864577
1396	2.6940124122155056
1397	2.6940124122155056
1398	2.6940124122155056
1399	2.6940124122155056
1400	2.6940124122155056
1401	2.8829500170341236
1402	2.8829500170341236
1403	2.8829500170341236
1404	2.8829500170341236
1405	2.8829500170341236
1406	4.0651789128071805
1407	4.0651789128071805
1408	4.0651789128071805
1409	4.0651789128071805
1410	4.0651789128071805
1411	2.400845406938201
1412	2.400845406938201
1413	2.400845406938201
1414	2.400845406938201
1415	2.400845406938201
1416	3.4162844641798498
1417	3.4162844641798498
1418	3.4162844641798498
1419	3.4162844641798498
1420	3.4162844641798498
1421	3.650383595538654
1422	3.650383595538654
1423	3.650383595538654
1424	3.650383595538654
1425	3.650383595538654
1426	2.62779698564751
1427	2.62779698564751
1428	2.62779698564751
1429	2.62779698564751
1430	2.62779698564751
1431	3.078789587104762
1432	3.078789587104762
1433	3.078789587104762
1434	3.078789587104762
1435	3.078789587104762
1436	2.8260451468773278
1437	2.8260451468773278
1438	2.8260451468773278
1439	2.8260451468773278
1440	2.8260451468773278
1441	3.1008163330924163
1442	1.2802206643703322
1443	1.2802206643703322
1444	1.2802206643703322
1445	1.2802206643703322
1446	1.2802206643703322
1447	1.6542516189882661
1448	1.6542516189882661
1449	1.6542516189882661
1450	1.6542516189882661
1451	1.6542516189882661
1452	0.5855599898234484
1453	0.5855599898234484
1454	0.5855599898234484
1455	0.5855599898234484
1456	0.5855599898234484
1457	0.7373829702223886
1458	0.7373829702223886
1459	0.7373829702223886
1460	0.7373829702223886
1461	0.7373829702223886
1462	0.49869780649220996
1463	0.49869780649220996
1464	0.49869780649220996
1465	0.49869780649220996
1466	0.49869780649220996
1467	1.0773725223412542
1468	1.0773725223412542
1469	1.0773725223412542
1470	1.0773725223412542
1471	1.0773725223412542
1472	1.4427181480899092
1473	1.4427181480899092
1474	1.4427181480899092
1475	1.4427181480899092
1476	1.4427181480899092
1477	0.8870404157123952
1478	0.8870404157123952
1479	0.8870404157123952
1480	0.8870404157123952
1481	0.8870404157123952
1482	1.5370122677783962
1483	1.5370122677783962
1484	1.5370122677783962
1485	1.5370122677783962
1486	1.5370122677783962
1487	1.6321420503135657
1488	1.6321420503135657
1489	1.6321420503135657
1490	1.6321420503135657
1491	1.6321420503135657
1492	0.7432293402058192
1493	0.7432293402058192
1494	0.7432293402058192
1495	0.7432293402058192
1496	0.7432293402058192
1497	1.07322962909975
1498	1.07322962909975
1499	1.07322962909975
1500	1.07322962909975
1501	1.07322962909975
1502	1.5674690706709673
1503	1.5674690706709673
1504	1.5674690706709673
1505	1.5674690706709673
1506	1.5674690706709673
1507	1.086783635037612
1508	1.086783635037612
1509	1.086783635037612
1510	1.086783635037612
1511	1.086783635037612
1512	0.8640068907037581
1513	0.8640068907037581
1514	0.8640068907037581
1515	0.8640068907037581
1516	0.8640068907037581
1517	3.0264210908093427
1518	3.0264210908093427
1519	3.0264210908093427
1520	3.0264210908093427
1521	3.0264210908093427
1522	2.445038891996821
1523	2.445038891996821
1524	2.445038891996821
1525	2.445038891996821
1526	2.445038891996821
1527	3.1590834355602055
1528	3.1590834355602055
1529	3.1590834355602055
1530	3.1590834355602055
1531	3.1590834355602055
1532	3.702847438229605
1533	3.702847438229605
1534	3.702847438229605
1535	3.702847438229605
1536	3.702847438229605
1537	2.1084247328108656
1538	2.1084247328108656
1539	2.1084247328108656
1540	2.1084247328108656
1541	2.1084247328108656
1542	1.0222673558901518
1543	1.0222673558901518
1544	1.0222673558901518
1545	1.0222673558901518
1546	1.0222673558901518
1547	3.7793100010147347
1548	3.7793100010147347
1549	3.4986974286495696
1550	3.4986974286495696
1551	3.4986974286495696
1552	3.4986974286495696
1553	3.4986974286495696
1554	3.8756315113565583
1555	3.8756315113565583
1556	3.8756315113565583
1557	5.749394124354513
1558	5.749394124354513
1559	5.749394124354513
1560	5.749394124354513
1561	5.749394124354513
1562	5.58173689430147
1563	5.58173689430147
1564	5.58173689430147
1565	5.58173689430147
1566	5.58173689430147
1567	3.330060295804141
1568	3.330060295804141
1569	3.330060295804141
1570	3.330060295804141
1571	3.330060295804141
1572	4.103561005336451
1573	4.103561005336451
1574	4.103561005336451
1575	4.103561005336451
1576	4.103561005336451
1577	4.5210719612681896
1578	4.5210719612681896
1579	4.5210719612681896
1580	4.5210719612681896
1581	4.5210719612681896
1582	2.783486470271507
1583	2.783486470271507
1584	2.783486470271507
1585	2.783486470271507
1586	2.783486470271507
1587	2.658183089612785
1588	2.658183089612785
1589	2.658183089612785
1590	2.658183089612785
1591	2.658183089612785
1592	2.8691521723364404
1593	2.8691521723364404
1594	2.8691521723364404
1595	2.8691521723364404
1596	2.8691521723364404
1597	3.7309358762650184
1598	3.7309358762650184
1599	3.7309358762650184
1600	3.7309358762650184
1601	3.7309358762650184
1602	3.4929209031151034
1603	3.4929209031151034
1604	3.4929209031151034
1605	3.4929209031151034
1606	3.4929209031151034
1607	4.123054982480407
1608	4.123054982480407
1609	4.123054982480407
1610	4.123054982480407
1611	4.123054982480407
1612	1.4533460644783744
1613	1.4533460644783744
1614	1.4533460644783744
1615	1.4533460644783744
1616	1.4533460644783744
1617	3.78501570679182
1618	3.78501570679182
1619	3.78501570679182
1620	3.78501570679182
1621	3.78501570679182
1622	6.063884213008528
1623	6.063884213008528
1624	6.063884213008528
1625	6.063884213008528
1626	6.063884213008528
1627	3.8781508267017846
1628	3.8781508267017846
1629	3.8781508267017846
1630	3.8781508267017846
1631	3.8781508267017846
1632	3.1289028171330777
1633	3.1289028171330777
1634	3.1289028171330777
1635	2.5306784191196674
1636	2.5306784191196674
1637	2.5306784191196674
1638	2.5306784191196674
1639	2.5306784191196674
1640	3.3939864488015643
1641	3.3939864488015643
1642	3.3939864488015643
1643	3.3939864488015643
1644	3.3939864488015643
1645	3.5780597600764676
1646	3.5780597600764676
1647	3.5780597600764676
1648	3.5780597600764676
1649	3.5780597600764676
1650	3.5427158842876483
1651	3.5427158842876483
1652	3.5427158842876483
1653	3.5427158842876483
1654	3.5427158842876483
1655	2.521690175833956
1656	2.521690175833956
1657	2.521690175833956
1658	2.521690175833956
1659	2.521690175833956
1660	1.7038150545559767
1661	1.7038150545559767
1662	1.7038150545559767
1663	1.7038150545559767
1664	1.7038150545559767
1665	3.682546477518691
1666	3.682546477518691
1667	3.682546477518691
1668	3.682546477518691
1669	3.682546477518691
1670	2.2330197839988006
1671	2.2330197839988006
1672	2.2330197839988006
1673	2.2330197839988006
1674	2.2330197839988006
1675	3.314355559786402
1676	3.314355559786402
1677	3.314355559786402
1678	3.314355559786402
1679	3.314355559786402
1680	3.3129224255446745
1681	3.3129224255446745
1682	3.3129224255446745
1683	3.3129224255446745
1684	3.3129224255446745
1685	3.339525308814925
1686	3.339525308814925
1687	3.339525308814925
1688	3.339525308814925
1689	3.339525308814925
1690	2.0103193310808427
1691	2.0103193310808427
1692	2.0103193310808427
1693	2.0103193310808427
1694	2.0103193310808427
1695	2.239331255260959
1696	2.239331255260959
1697	2.239331255260959
1698	2.239331255260959
1699	2.239331255260959
1700	2.691567481627169
1701	2.691567481627169
1702	2.691567481627169
1703	2.691567481627169
1704	2.691567481627169
1705	2.8181022412845844
1706	2.8181022412845844
1707	2.8181022412845844
1708	2.8181022412845844
1709	2.8181022412845844
1710	3.3593408519006136
1711	3.3593408519006136
1712	3.3593408519006136
1713	3.3593408519006136
1714	3.3593408519006136
1715	3.7987888539658012
1716	3.7987888539658012
1717	3.7987888539658012
1718	3.7987888539658012
1719	3.7987888539658012
1720	2.121401423233981
1721	2.121401423233981
1722	2.121401423233981
1723	2.121401423233981
1724	2.121401423233981
1725	2.4832903453744017
1726	2.4832903453744017
1727	2.4832903453744017
1728	2.4832903453744017
1729	2.4832903453744017
1730	4.104332471347017
1731	4.104332471347017
1732	4.104332471347017
1733	4.104332471347017
1734	4.104332471347017
1735	3.829069139075173
1736	3.829069139075173
1737	3.829069139075173
1738	3.829069139075173
1739	3.829069139075173
1740	2.6303039869229865
1741	2.6303039869229865
1742	2.6303039869229865
1743	2.6303039869229865
1744	2.6303039869229865
1745	3.2658606541791304
1746	3.2658606541791304
1747	3.2658606541791304
1748	3.2658606541791304
1749	3.2658606541791304
1750	2.952633255809422
1751	2.952633255809422
1752	2.952633255809422
1753	2.952633255809422
1754	2.952633255809422
1755	1.7917253621159577
1756	1.7917253621159577
1757	1.7917253621159577
1758	1.7917253621159577
1759	1.7917253621159577
1760	5.0423795515334096
1761	5.0423795515334096
1762	5.0423795515334096
1763	5.0423795515334096
1764	5.0423795515334096
1765	4.690723313665808
1766	4.690723313665808
1767	4.690723313665808
1768	4.690723313665808
1769	4.690723313665808
1770	5.249262944543959
1771	5.249262944543959
1772	5.249262944543959
1773	5.249262944543959
1774	5.249262944543959
1775	3.1107037675535465
1776	3.1107037675535465
1777	3.1107037675535465
1778	3.1107037675535465
1779	3.1107037675535465
1780	4.60006895724742
1781	4.60006895724742
1782	4.60006895724742
1783	4.60006895724742
1784	4.60006895724742
1785	2.6519931570563244
1786	2.6519931570563244
1787	2.6519931570563244
1788	2.6519931570563244
1789	2.6519931570563244
1790	4.764346192253582
1791	1.8606087652514076
1792	1.8606087652514076
1793	1.8606087652514076
1794	1.8606087652514076
1795	1.8606087652514076
1796	2.7313924848601836
1797	2.7313924848601836
1798	2.7313924848601836
1799	2.7313924848601836
1800	2.7313924848601836
1801	2.290470831847234
1802	2.290470831847234
1803	2.290470831847234
1804	2.290470831847234
1805	2.290470831847234
1806	3.413817595831945
1807	3.413817595831945
1808	3.413817595831945
1809	4.495523602199953
1810	4.495523602199953
1811	4.495523602199953
1812	4.495523602199953
1813	4.495523602199953
1814	2.226728278494204
1815	2.226728278494204
1816	2.226728278494204
1817	2.226728278494204
1818	2.226728278494204
1819	2.6223484274669833
1820	2.6223484274669833
1821	2.6223484274669833
1822	2.6223484274669833
1823	2.6223484274669833
1824	2.612820412539132
1825	2.612820412539132
1826	2.612820412539132
1827	2.612820412539132
1828	2.612820412539132
1829	2.984993559565633
1830	2.984993559565633
1831	2.984993559565633
1832	2.984993559565633
1833	2.984993559565633
1834	4.173739584430164
1835	1.2895620462710593
1836	1.2895620462710593
1837	1.2895620462710593
1838	1.2895620462710593
1839	1.2895620462710593
1840	1.3135572998512652
1841	1.3135572998512652
1842	1.3135572998512652
1843	1.3135572998512652
1844	1.3135572998512652
1845	1.2387918627509389
1846	1.2387918627509389
1847	1.2387918627509389
1848	1.2387918627509389
1849	1.2387918627509389
1850	1.5572923232984432
1851	1.5572923232984432
1852	1.5572923232984432
1853	1.5572923232984432
1854	1.5572923232984432
1855	1.9766689739343288
1856	1.9766689739343288
1857	1.9766689739343288
1858	1.9766689739343288
1859	1.9766689739343288
1860	1.5193629641115316
1861	1.5193629641115316
1862	1.5193629641115316
1863	1.5193629641115316
1864	1.5193629641115316
1865	2.2973373404504445
1866	2.2973373404504445
1867	2.2973373404504445
1868	2.2973373404504445
1869	2.2973373404504445
1870	1.0146255652803708
1871	1.0146255652803708
1872	1.0146255652803708
1873	1.0146255652803708
1874	1.0146255652803708
1875	1.4141048077271199
1876	1.4141048077271199
1877	1.4141048077271199
1878	1.4141048077271199
1879	1.4141048077271199
1880	2.0104960939370953
1881	2.0104960939370953
1882	2.7255217714798183
1883	2.7255217714798183
1884	2.7255217714798183
1885	2.7255217714798183
1886	2.7255217714798183
1887	1.7612321166760834
1888	1.7612321166760834
1889	1.7612321166760834
1890	1.7612321166760834
1891	1.7612321166760834
1892	2.7995073174734686
1893	2.7995073174734686
1894	2.7995073174734686
1895	2.7995073174734686
1896	2.7995073174734686
1897	2.590729566610655
1898	2.590729566610655
1899	0.9497434465043374
1900	3.5974561006422006
1901	3.5974561006422006
1902	3.5974561006422006
1903	3.5974561006422006
1904	3.5974561006422006
1905	2.7966525696622617
1906	2.7966525696622617
1907	2.7966525696622617
1908	2.7966525696622617
1909	2.7966525696622617
1910	1.8529465364364657
1911	1.8529465364364657
1912	1.8529465364364657
1913	1.8529465364364657
1914	1.8529465364364657
1915	3.016847767418299
1916	3.016847767418299
1917	3.016847767418299
1918	3.016847767418299
1919	3.016847767418299
1920	2.4360655209461894
1921	2.4360655209461894
1922	2.4360655209461894
1923	2.4360655209461894
1924	2.4360655209461894
1925	2.9842497716751604
1926	2.9842497716751604
1927	2.9842497716751604
1928	2.9842497716751604
1929	2.9842497716751604
1930	1.8151208375156658
1931	1.8151208375156658
1932	1.8151208375156658
1933	1.8151208375156658
1934	1.8151208375156658
1935	3.9996855800408424
1936	3.9996855800408424
1937	3.9996855800408424
1938	3.9996855800408424
1939	3.9996855800408424
1940	3.540907965869894
1941	3.540907965869894
1942	3.540907965869894
1943	3.540907965869894
1944	3.540907965869894
1945	2.7094813898124808
1946	2.7094813898124808
1947	2.7094813898124808
1948	2.7094813898124808
1949	2.7094813898124808
1950	2.028122202169936
1951	2.028122202169936
1952	2.028122202169936
1953	2.028122202169936
1954	2.028122202169936
1955	1.765086444900154
1956	1.765086444900154
1957	1.765086444900154
1958	1.765086444900154
1959	1.765086444900154
1960	1.868459613918023
1961	1.868459613918023
1962	1.868459613918023
1963	1.868459613918023
1964	1.868459613918023
1965	3.849099238448735
1966	3.849099238448735
1967	3.849099238448735
1968	3.849099238448735
1969	3.849099238448735
1970	2.822386739154256
1971	2.822386739154256
1972	2.822386739154256
1973	2.822386739154256
1974	2.822386739154256
1975	2.899911181970142
1976	2.899911181970142
1977	2.899911181970142
1978	2.899911181970142
1979	2.899911181970142
1980	3.1521726151440355
1981	3.1521726151440355
1982	3.1521726151440355
1983	3.1521726151440355
1984	3.1521726151440355
1985	2.652514269999336
1986	2.652514269999336
1987	2.652514269999336
1988	2.652514269999336
1989	2.652514269999336
1990	4.158571688968548
1991	4.158571688968548
1992	4.158571688968548
1993	4.158571688968548
1994	4.158571688968548
1995	1.9785444348234527
1996	1.9785444348234527
1997	1.9785444348234527
1998	1.9785444348234527
1999	0.7004746767655979
