0	3.672695802570968
1	3.672695802570968
2	2.513862873579647
3	2.513862873579647
4	1.3758722501849654
5	1.3758722501849654
6	3.4464503889670297
7	3.4464503889670297
8	2.916547402623287
9	2.916547402623287
10	1.8119541777964638
11	1.8119541777964638
12	3.287474211555309
13	3.287474211555309
14	1.1942870967227486
15	1.1942870967227486
16	2.360565855216263
17	2.360565855216263
18	1.8941072955757614
19	1.8941072955757614
20	1.7079114144369023
21	1.7079114144369023
22	3.6467528826513056
23	3.6467528826513056
24	2.1655533632520068
25	2.1655533632520068
26	2.2503319335233654
27	2.2503319335233654
28	0.7591609971849471
29	0.7591609971849471
30	2.553824587808344
31	2.553824587808344
32	2.36811310339547
33	2.36811310339547
34	2.364246548566448
35	2.364246548566448
36	1.8323868881632022
37	1.8323868881632022
38	1.7644173241258039
39	1.7644173241258039
40	1.6978606818071986
41	1.6978606818071986
42	1.5131791586579815
43	1.5131791586579815
44	3.0079368949973344
45	3.0079368949973344
46	1.1700478651748736
47	1.1700478651748736
48	1.0577499379463415
49	1.0577499379463415
50	2.7741973154695563
51	2.7741973154695563
52	2.360711371430534
53	2.360711371430534
54	1.6948880457198183
55	1.6948880457198183
56	3.3104065271782797
57	3.3104065271782797
58	1.4582025200485513
59	1.4582025200485513
60	0.38602542860720646
61	0.38602542860720646
62	1.4470345512791174
63	1.4470345512791174
64	0.5603493247290672
65	0.5603493247290672
66	2.3653119554685946
67	2.3653119554685946
68	3.5969632078143876
69	3.5969632078143876
70	2.262514421380093
71	2.262514421380093
72	3.6124418284318853
73	3.6124418284318853
74	1.3258411831995072
75	1.3258411831995072
76	3.3423572910491828
77	3.3423572910491828
78	1.5208389302086935
79	1.5208389302086935
80	1.2913260389899057
81	1.2913260389899057
82	1.8738200396822653
83	1.8738200396822653
84	0.8204597268002043
85	0.8204597268002043
86	2.2947362911684666
87	2.2947362911684666
88	2.8648767671277104
89	2.8648767671277104
90	2.568792918454031
91	2.568792918454031
92	1.6529021236736867
93	1.6529021236736867
94	0.2711309151346435
95	0.2711309151346435
96	2.0953368361115188
97	2.0953368361115188
98	1.050451382195064
99	1.050451382195064
100	1.729416657933557
101	1.729416657933557
102	3.0272878735910966
103	3.0272878735910966
104	3.439948071219177
105	3.439948071219177
106	2.5354704630324596
107	2.5354704630324596
108	2.9898320539717833
109	2.9898320539717833
110	2.1014860700409055
111	2.1014860700409055
112	0.918590707643866
113	0.918590707643866
114	1.2100430560867825
115	1.2100430560867825
116	1.0888592219462732
117	1.0888592219462732
118	1.356355257956671
119	1.356355257956671
120	1.5063204147729223
121	1.5063204147729223
122	3.8652565659420763
123	3.8652565659420763
124	1.2002749552609377
125	1.2002749552609377
126	1.9950220406072787
127	1.9950220406072787
128	2.6634757032405387
129	2.6634757032405387
130	2.4899294064952775
131	2.4899294064952775
132	0.36762619871419955
133	0.36762619871419955
134	2.363516941157907
135	2.363516941157907
136	1.194479998435282
137	1.194479998435282
138	1.6994212988740136
139	1.6994212988740136
140	2.3612705681425328
141	2.3612705681425328
142	1.5235205031058607
143	1.5235205031058607
144	1.9254317168434982
145	1.9254317168434982
146	3.134793077999621
147	3.134793077999621
148	1.7766747917847303
149	1.7766747917847303
150	1.4712297445815379
151	1.4712297445815379
152	1.613535438113277
153	1.613535438113277
154	1.182427549368994
155	1.182427549368994
156	2.1271344829416754
157	2.1271344829416754
158	2.1203407892313537
159	1.7801237883872707
160	1.7801237883872707
161	1.970968668228629
162	1.970968668228629
163	1.8697464227421912
164	1.8697464227421912
165	1.3225638736526635
166	1.3225638736526635
167	1.2616363749049273
168	1.2616363749049273
169	1.5836591737622239
170	1.5836591737622239
171	1.7085182595800672
172	1.7085182595800672
173	0.6635788026370164
174	0.6635788026370164
175	2.304387741109464
176	2.304387741109464
177	1.198042075900136
178	1.198042075900136
179	1.0995881708258586
180	1.0995881708258586
181	1.3639986677030027
182	1.3639986677030027
183	1.8549319747958677
184	1.8549319747958677
185	1.0374138361261633
186	1.0374138361261633
187	1.607900905270158
188	1.607900905270158
189	1.6566374006593119
190	1.6566374006593119
191	2.4895103387508972
192	2.4895103387508972
193	0.8641434040839125
194	0.8641434040839125
195	1.5334669040048767
196	1.5334669040048767
197	0.7579004001693663
198	0.7579004001693663
199	1.4770207742496118
200	1.4770207742496118
201	1.2118889200522678
202	1.2118889200522678
203	1.9784956559140794
204	1.9784956559140794
205	3.15154904609642
206	3.15154904609642
207	1.1922851786641715
208	1.1922851786641715
209	1.6294859883002055
210	1.6294859883002055
211	2.345103225784588
212	2.345103225784588
213	1.5713839832229108
214	1.5713839832229108
215	1.5617250153987858
216	1.5617250153987858
217	1.6401161549536671
218	1.6401161549536671
219	2.810357433941447
220	2.810357433941447
221	1.4753606141829105
222	1.4753606141829105
223	1.130572434506191
224	1.130572434506191
225	1.7570853811408806
226	1.7570853811408806
227	0.2011412825608101
228	0.2011412825608101
229	2.516585418172153
230	2.516585418172153
231	0.7720407591957398
232	0.7720407591957398
233	2.147608403075938
234	2.147608403075938
235	1.3068350003923945
236	1.3068350003923945
237	2.0171558476643194
238	2.0171558476643194
239	2.3386857206518763
240	2.3386857206518763
241	1.2947661514105975
242	1.2947661514105975
243	1.7831800164446623
244	1.7831800164446623
245	1.0407707454425736
246	1.0407707454425736
247	1.3330411753001878
248	1.3330411753001878
249	2.1120177360601087
250	2.1120177360601087
251	1.3924881407854537
252	1.3924881407854537
253	2.5419532516484713
254	2.5419532516484713
255	1.915884757985508
256	1.915884757985508
257	2.0652882832428636
258	2.0652882832428636
259	2.4182288353897823
260	2.4182288353897823
261	2.51339852176325
262	2.51339852176325
263	0.7960340055021947
264	0.7960340055021947
265	0.5911005309410919
266	0.5911005309410919
267	2.0798953534250373
268	2.0798953534250373
269	1.3506958704973284
270	1.3506958704973284
271	2.0139464102172306
272	2.0139464102172306
273	1.1405301941892358
274	1.1405301941892358
275	1.2779948709923814
276	1.2779948709923814
277	5.0452662407226825
278	5.0452662407226825
279	6.493751026631504
280	6.493751026631504
281	4.452993819019836
282	4.452993819019836
283	5.097875915367348
284	5.097875915367348
285	6.30606567915687
286	6.30606567915687
287	5.9498992162998405
288	5.9498992162998405
289	4.776425680736706
290	4.776425680736706
291	5.234183906395663
292	5.234183906395663
293	4.781117884802735
294	4.781117884802735
295	2.7449812019975877
296	2.7449812019975877
297	4.661722202087335
298	4.661722202087335
299	1.1652409549842004
300	1.1652409549842004
301	1.8580752751467204
302	1.8580752751467204
303	0.3082237367264259
304	0.3082237367264259
305	1.1676174451995132
306	1.1676174451995132
307	0.14350785647859188
308	0.14350785647859188
309	1.1717633211581555
310	1.1717633211581555
311	0.6809045309625608
312	0.6809045309625608
313	1.3272089268731209
314	1.3272089268731209
315	1.6394511495661237
316	0.5547177700881507
317	0.5547177700881507
318	4.291859168586209
319	4.291859168586209
320	3.267016497285026
321	3.267016497285026
322	1.176774116318752
323	1.176774116318752
324	2.1422205544646404
325	2.1422205544646404
326	1.689568689082184
327	1.689568689082184
328	1.0907422727083884
329	1.0907422727083884
330	2.2009136603165134
331	2.2009136603165134
332	2.4239130251697207
333	2.4239130251697207
334	2.357243962761525
335	2.357243962761525
336	0.639341977833221
337	0.639341977833221
338	4.528099491326984
339	4.528099491326984
340	1.4437170649457236
341	1.4437170649457236
342	2.446592673473667
343	2.446592673473667
344	2.6774749546816867
345	2.6774749546816867
346	1.224417261742983
347	1.224417261742983
348	1.9618536969442628
349	1.9618536969442628
350	3.0075234192784874
351	3.0075234192784874
352	2.611817300497671
353	2.611817300497671
354	2.175050302303175
355	2.175050302303175
356	1.8352617634249482
357	1.8352617634249482
358	2.4643281967527075
359	2.4643281967527075
360	2.8426602017147475
361	2.8426602017147475
362	3.521905030972982
363	3.521905030972982
364	3.3179196816417678
365	3.3179196816417678
366	2.565018500483341
367	2.565018500483341
368	1.9680751692964158
369	1.9680751692964158
370	1.19457063249063
371	1.19457063249063
372	2.180581456746189
373	2.180581456746189
374	0.4350358047032703
375	0.4350358047032703
376	1.8657944905677524
377	1.8657944905677524
378	3.2940238634569976
379	3.2940238634569976
380	0.721500423563076
381	0.721500423563076
382	3.4005103326671704
383	3.4005103326671704
384	1.4060885174607487
385	1.4060885174607487
386	3.828353312537334
387	3.828353312537334
388	2.38437323021807
389	2.38437323021807
390	0.9723039996133369
391	0.9723039996133369
392	3.228816817760217
393	3.228816817760217
394	1.8741848059681272
395	1.8741848059681272
396	3.124278559216742
397	3.124278559216742
398	3.6677212496985945
399	3.6677212496985945
400	3.1776659567365924
401	3.1776659567365924
402	3.5840000414458335
403	3.5840000414458335
404	2.4434689746713882
405	2.4434689746713882
406	1.972531448779848
407	1.972531448779848
408	2.4359249834693637
409	2.4359249834693637
410	3.933754689376255
411	3.933754689376255
412	3.0139279181813077
413	3.0139279181813077
414	2.1580715031833964
415	2.1580715031833964
416	2.8233620785274125
417	2.8233620785274125
418	1.8045214274888606
419	1.8045214274888606
420	2.29004065479344
421	2.29004065479344
422	2.573905918065449
423	2.573905918065449
424	1.5585194633313872
425	1.5585194633313872
426	3.478693243793048
427	3.478693243793048
428	2.67076098068114
429	2.67076098068114
430	3.6994108666189938
431	3.6994108666189938
432	2.719118652014732
433	2.719118652014732
434	1.4359066211048404
435	1.4359066211048404
436	2.1050810133628
437	2.1050810133628
438	1.6584074227732137
439	1.6584074227732137
440	1.1933951423043614
441	1.1933951423043614
442	1.633139039772541
443	1.633139039772541
444	2.3332921258480384
445	2.3332921258480384
446	3.270024093963966
447	3.270024093963966
448	1.5196892364657009
449	1.5196892364657009
450	3.081954548173295
451	3.081954548173295
452	1.2952922644441818
453	1.2952922644441818
454	3.065678280524271
455	3.065678280524271
456	0.45626918441824404
457	0.45626918441824404
458	3.890859451230437
459	3.890859451230437
460	2.9898922160259542
461	2.9898922160259542
462	3.7637704154576133
463	3.7637704154576133
464	1.8178668577730996
465	1.8178668577730996
466	3.318835312845685
467	3.318835312845685
468	1.7912563817674236
469	1.7912563817674236
470	2.658049501435088
471	2.658049501435088
472	2.0116911703047586
473	2.0116911703047586
474	2.019844528423241
475	2.019844528423241
476	3.7957075143094254
477	3.7957075143094254
478	3.2504033713049734
479	3.2504033713049734
480	1.9271200853572346
481	1.9271200853572346
482	2.632426613999787
483	2.632426613999787
484	1.712737839754673
485	1.712737839754673
486	2.2907232646059845
487	2.2907232646059845
488	2.8608350256599318
489	2.8608350256599318
490	2.657431682097791
491	2.657431682097791
492	2.562314870685324
493	2.562314870685324
494	3.589060474456712
495	3.589060474456712
496	1.9244512954969655
497	1.9244512954969655
498	4.187271050110257
499	4.187271050110257
500	2.8722605813194066
501	2.8722605813194066
502	1.4623465848690689
503	1.4623465848690689
504	1.0967495345571892
505	1.0967495345571892
506	0.9250934565870397
507	0.9250934565870397
508	1.989091781119809
509	1.989091781119809
510	3.661489665989857
511	3.661489665989857
512	3.250792820038731
513	3.250792820038731
514	2.3640399485889
515	2.3640399485889
516	3.1869606530953414
517	3.1869606530953414
518	1.5082184561597496
519	1.5082184561597496
520	3.569320565172677
521	3.569320565172677
522	2.305952901799927
523	2.305952901799927
524	4.404426288258979
525	4.404426288258979
526	4.307449468406398
527	4.307449468406398
528	2.188562102797138
529	2.188562102797138
530	3.21768990752541
531	3.21768990752541
532	0.9319134482214668
533	0.9319134482214668
534	0.16121512206589594
535	0.16121512206589594
536	3.2297637404289286
537	3.2297637404289286
538	3.212292009740951
539	3.212292009740951
540	4.076920873419444
541	4.076920873419444
542	2.565498894827049
543	2.565498894827049
544	5.16880041535987
545	5.16880041535987
546	3.9214871412371113
547	3.9214871412371113
548	2.590175214863775
549	2.590175214863775
550	3.443353676939314
551	3.443353676939314
552	3.747000662200155
553	3.747000662200155
554	2.6649765973348933
555	2.6649765973348933
556	2.4109639764655304
557	2.4109639764655304
558	1.6223188447795958
559	1.6223188447795958
560	2.4989663616849693
561	2.4989663616849693
562	1.714756146239065
563	1.714756146239065
564	4.37223957970992
565	4.37223957970992
566	3.616206048967417
567	3.616206048967417
568	3.9994356793967727
569	3.9994356793967727
570	3.436742453250118
571	3.436742453250118
572	2.620425694545392
573	2.620425694545392
574	4.9197035631205726
575	4.9197035631205726
576	2.1958671518271338
577	2.1958671518271338
578	3.9830567268511254
579	3.9830567268511254
580	3.6796748167860454
581	3.6796748167860454
582	3.1326316145942066
583	3.1326316145942066
584	2.1038197790979707
585	2.1038197790979707
586	3.9900341964719717
587	3.9900341964719717
588	2.8218863443040685
589	2.8218863443040685
590	2.9501791675623266
591	2.9501791675623266
592	2.5776430832729686
593	2.5776430832729686
594	3.2386025214635983
595	3.2386025214635983
596	3.499267761368894
597	3.499267761368894
598	5.339243556726936
599	5.339243556726936
600	3.462165809087642
601	3.462165809087642
602	3.2373519312185146
603	3.2373519312185146
604	3.426246299331429
605	3.426246299331429
606	4.401726753928006
607	4.401726753928006
608	2.8633221749602176
609	2.8633221749602176
610	3.7011696950429123
611	3.7011696950429123
612	4.464935216792579
613	3.9383730119334976
614	3.9383730119334976
615	3.2170415573497944
616	3.2170415573497944
617	2.4768972745901636
618	2.4768972745901636
619	3.5870391925067837
620	3.5870391925067837
621	1.6657521408222054
622	1.6657521408222054
623	3.9504111922015417
624	3.9504111922015417
625	5.448445580234827
626	5.448445580234827
627	5.059272157485649
628	5.059272157485649
629	3.066734038776992
630	3.066734038776992
631	2.955056009945537
632	2.955056009945537
633	2.4606309522801233
634	2.4606309522801233
635	1.32671833238669
636	1.32671833238669
637	3.6880475608224317
638	3.6880475608224317
639	2.0913917852647055
640	2.0913917852647055
641	1.8222021993353605
642	1.8222021993353605
643	2.1645874239887406
644	2.1645874239887406
645	3.4202427703546707
646	3.4202427703546707
647	2.6163431605083196
648	2.6163431605083196
649	1.1713264212769656
650	1.1713264212769656
651	3.573857922575922
652	3.573857922575922
653	1.7575232883427787
654	1.7575232883427787
655	0.8470522151375917
656	0.8470522151375917
657	1.8319483359581494
658	1.8319483359581494
659	3.8475823640038467
660	3.8475823640038467
661	1.7628274521126932
662	1.7628274521126932
663	0.9326941787362324
664	0.9326941787362324
665	1.4469109782927991
666	1.4469109782927991
667	2.354050931539769
668	2.354050931539769
669	2.6201456881131615
670	2.6201456881131615
671	3.052292433975375
672	3.052292433975375
673	2.952140626808695
674	2.952140626808695
675	2.517469542166633
676	2.517469542166633
677	0.951072779492254
678	0.951072779492254
679	2.294731574461595
680	2.294731574461595
681	1.7151332504061914
682	1.7151332504061914
683	2.778988310819659
684	2.778988310819659
685	3.325444591433906
686	3.325444591433906
687	0.7119898073938269
688	0.7119898073938269
689	3.821993060784856
690	3.821993060784856
691	2.1309146273705086
692	2.1309146273705086
693	1.8937857490716699
694	1.8937857490716699
695	3.9272339866666695
696	3.9272339866666695
697	2.3160828398685958
698	2.3160828398685958
699	0.8101907569956754
700	0.8101907569956754
701	3.371181717072262
702	3.371181717072262
703	3.0254143996409253
704	3.0254143996409253
705	2.9342269522332884
706	2.9342269522332884
707	2.724232481608446
708	2.724232481608446
709	2.1708426193652652
710	2.1708426193652652
711	3.6574478758577547
712	3.6574478758577547
713	1.3149741596457833
714	1.3149741596457833
715	3.74309531753251
716	3.74309531753251
717	1.1309264364370915
718	1.1309264364370915
719	3.0951926198387376
720	3.0951926198387376
721	1.2017311867659304
722	1.2017311867659304
723	3.6194898766007912
724	3.6194898766007912
725	2.7109321122749535
726	2.7109321122749535
727	1.7005592161827008
728	1.7005592161827008
729	2.128757531015619
730	2.128757531015619
731	3.3732490412992577
732	3.3732490412992577
733	1.1708196261850021
734	1.1708196261850021
735	3.572383120628289
736	3.572383120628289
737	2.0968840368297865
738	2.0968840368297865
739	1.2464491208717254
740	1.2464491208717254
741	2.3601229053293493
742	2.3601229053293493
743	3.985867157092293
744	3.985867157092293
745	3.5686032056974377
746	3.5686032056974377
747	0.7928728641275737
748	0.7928728641275737
749	2.2009677970366264
750	2.2009677970366264
751	2.7965683792959526
752	2.7965683792959526
753	2.150085663835369
754	2.150085663835369
755	1.094402729171719
756	1.094402729171719
757	2.643709188826975
758	2.643709188826975
759	0.6121452967267045
760	0.6121452967267045
761	1.140363066336556
762	1.140363066336556
763	2.650795136363645
764	2.650795136363645
765	2.251400970260973
766	2.251400970260973
767	2.760722084648198
768	2.760722084648198
769	1.7982555610101387
770	1.7982555610101387
771	3.080445522571816
772	3.080445522571816
773	2.44349877916318
774	2.44349877916318
775	1.1497768755891276
776	1.1497768755891276
777	0.15819397871980556
778	0.15819397871980556
779	0.3612152557876881
780	0.3612152557876881
781	0.13226859208801867
782	0.13226859208801867
783	0.21871185511786295
784	0.21871185511786295
785	0.24522597519570616
786	0.24522597519570616
787	0.11706046709665341
788	0.11706046709665341
789	0.22448120550605247
790	0.22448120550605247
791	0.1
792	0.1
793	0.1
794	0.1
795	0.13317857357698498
796	0.13317857357698498
797	0.28461916526462117
798	0.28461916526462117
799	0.3483553645043707
800	0.3483553645043707
801	0.20908150217878008
802	0.20908150217878008
803	0.1591817792459269
804	0.1591817792459269
805	0.18278577182521735
806	0.18278577182521735
807	0.2844945100663719
808	0.6487324997597964
809	0.6487324997597964
810	0.5747377529366039
811	0.5747377529366039
812	0.595620109991875
813	0.595620109991875
814	0.7557080767860735
815	0.7557080767860735
816	0.35639261185568
817	0.35639261185568
818	0.6556068388216154
819	0.6556068388216154
820	0.8521621445643328
821	0.8521621445643328
822	0.5554634242584734
823	0.5554634242584734
824	0.8733367030243906
825	0.8733367030243906
826	0.26026399765547625
827	0.26026399765547625
828	0.7591880551912338
829	0.7591880551912338
830	0.5061375000376569
831	0.5061375000376569
832	0.13338297311371317
833	0.13338297311371317
834	0.5993037231606211
835	0.5993037231606211
836	0.8775006211426388
837	0.8775006211426388
838	0.7287562269406062
839	0.7287562269406062
840	0.5921650954157844
841	0.5921650954157844
842	0.767340880642997
843	0.767340880642997
844	0.8697644186632582
845	0.8697644186632582
846	0.598140450264638
847	0.598140450264638
848	1.1127529724089138
849	1.1127529724089138
850	0.6074127558317098
851	0.6074127558317098
852	0.4643305603290698
853	0.4643305603290698
854	0.9292461584813877
855	0.9292461584813877
856	0.7308930959797684
857	0.7308930959797684
858	0.5890253961480445
859	0.5890253961480445
860	0.864890007272725
861	0.864890007272725
862	0.7943599988654434
863	0.7943599988654434
864	1.0327913480318254
865	1.0327913480318254
866	1.0914211419778663
867	1.0914211419778663
868	1.0663912417939365
869	1.0663912417939365
870	0.5927596629635635
871	0.5927596629635635
872	0.9496164065530974
873	0.9496164065530974
874	0.44298350486670496
875	0.44298350486670496
876	0.6969669161780624
877	0.6969669161780624
878	0.29761544744891644
879	0.29761544744891644
880	0.2646129944759614
881	0.2646129944759614
882	0.4458486393310842
883	0.4458486393310842
884	0.5269453411653919
885	0.5269453411653919
886	0.5161176028985632
887	0.5161176028985632
888	0.8940878737113435
889	0.8940878737113435
890	0.6076616829021021
891	0.6076616829021021
892	0.368001201020689
893	0.368001201020689
894	0.3984556075376156
895	0.3984556075376156
896	1.0376240585870118
897	1.0376240585870118
898	0.5483484346447421
899	0.5483484346447421
900	0.7721702199286978
901	0.7721702199286978
902	1.1877531994174393
903	1.1877531994174393
904	0.8015955839338247
905	0.8015955839338247
906	0.7845803370218765
907	0.7845803370218765
908	1.086003004300007
909	1.086003004300007
910	1.3863230833926043
911	1.3863230833926043
912	0.760097546683639
913	0.760097546683639
914	0.5945334862923697
915	0.5945334862923697
916	0.8359621122392102
917	0.8359621122392102
918	0.5743908942338651
919	0.5743908942338651
920	0.5518300904495991
921	0.5518300904495991
922	0.6289718953050122
923	0.6289718953050122
924	0.7241814362221822
925	0.7241814362221822
926	0.8596833791489683
927	0.8596833791489683
928	0.6617361693671625
929	0.6617361693671625
930	0.9678029194831013
931	0.9678029194831013
932	1.0098703534720916
933	1.0098703534720916
934	0.7130724912623999
935	0.7130724912623999
936	0.6905033139316543
937	0.6905033139316543
938	0.748041515070582
939	0.748041515070582
940	0.8093749012857816
941	0.8093749012857816
942	1.0204137917885818
943	1.0204137917885818
944	0.9899113196721501
945	0.9899113196721501
946	0.725788006703782
947	0.725788006703782
948	0.7168302474871026
949	0.7168302474871026
950	0.5820373581111136
951	0.5820373581111136
952	0.4814143320484052
953	0.4814143320484052
954	1.0347107280589956
955	1.0347107280589956
956	0.4393700115089217
957	0.4393700115089217
958	0.8590267938829426
959	0.8590267938829426
960	0.14767626506210896
961	0.14767626506210896
962	0.9974221066605597
963	0.9974221066605597
964	0.3228816555276715
965	0.3228816555276715
966	0.32127819074345404
967	0.32127819074345404
968	0.9422654217901587
969	0.9422654217901587
970	1.2665984727193567
971	1.2665984727193567
972	1.0305506834719895
973	1.0305506834719895
974	0.412975594166478
975	0.412975594166478
976	0.41251040251343196
977	0.41251040251343196
978	0.6544293425115804
979	0.6544293425115804
980	0.5225076153168531
981	0.5225076153168531
982	0.8066499583328364
983	0.8066499583328364
984	0.7727080972386356
985	0.7727080972386356
986	1.2719774057476323
987	1.2719774057476323
988	0.7301378437700932
989	0.7301378437700932
990	0.2987967965859886
991	0.2987967965859886
992	0.687410366093979
993	0.687410366093979
994	0.7415747437592671
995	0.7415747437592671
996	0.42275815819443785
997	0.42275815819443785
998	0.5102440711745664
999	0.5102440711745664
1000	0.2223473338896801
1001	0.2223473338896801
1002	1.1153400014398396
1003	1.1153400014398396
1004	0.6527127073864717
1005	0.6527127073864717
1006	0.4179038818317421
1007	0.4179038818317421
1008	0.441727748271065
1009	0.441727748271065
1010	1.0021198426226305
1011	1.0021198426226305
1012	0.8973959396817515
1013	0.8973959396817515
1014	1.0346044808368058
1015	1.0346044808368058
1016	0.75405881831322
1017	0.75405881831322
1018	0.5230054255147558
1019	0.5230054255147558
1020	0.5871523013453991
1021	0.5871523013453991
1022	0.7403498223732027
1023	0.7403498223732027
1024	0.9058675766702571
1025	0.9058675766702571
1026	0.9332616614422429
1027	0.9332616614422429
1028	0.9813994686205011
1029	0.9813994686205011
1030	0.7424514250257903
1031	0.7424514250257903
1032	1.0015039700995152
1033	1.0015039700995152
1034	0.6551920391701035
1035	0.6551920391701035
1036	0.8724271266667928
1037	0.8724271266667928
1038	0.9654696575681747
1039	0.9654696575681747
1040	0.6704774667534986
1041	0.6704774667534986
1042	0.5292732898433887
1043	0.5292732898433887
1044	0.7008126968835723
1045	0.7008126968835723
1046	0.9251093696343771
1047	0.9251093696343771
1048	0.49065098043804906
1049	0.49065098043804906
1050	0.9196598423395348
1051	0.9196598423395348
1052	0.3238011568647826
1053	0.3238011568647826
1054	0.9791802952004114
1055	0.9791802952004114
1056	1.153525446871222
1057	1.153525446871222
1058	0.6036813704766076
1059	0.6036813704766076
1060	0.5693626883555044
1061	0.5693626883555044
1062	0.7873812417264447
1063	0.7873812417264447
1064	1.1121969858873624
1065	1.1121969858873624
1066	0.24569858893267688
1067	0.24569858893267688
1068	0.8207733598311449
1069	0.8207733598311449
1070	1.1778840046643293
1071	1.1778840046643293
1072	0.334805159130033
1073	0.334805159130033
1074	0.12154370511868628
1075	0.12154370511868628
1076	0.35486413223023966
1077	0.35486413223023966
1078	0.47365689847353776
1079	0.47365689847353776
1080	0.5728049987510905
1081	0.5728049987510905
1082	0.5266862240057562
1083	0.5266862240057562
1084	0.3944834798005044
1085	0.3944834798005044
1086	0.34410997274928656
1087	0.34410997274928656
1088	0.19736389631953777
1089	0.19736389631953777
1090	0.7831547447717182
1091	0.7831547447717182
1092	0.9517985571219578
1093	0.9517985571219578
1094	0.5664544424510084
1095	0.5664544424510084
1096	0.7545745535015915
1097	0.7545745535015915
1098	0.31619565034023517
1099	0.31619565034023517
1100	0.91633476318275
1101	0.91633476318275
1102	0.696385111931574
1103	0.696385111931574
1104	0.8037398680061605
1105	0.8037398680061605
1106	0.6860144844229386
1107	0.6860144844229386
1108	0.5921176213220226
1109	0.5921176213220226
1110	0.6567743788856749
1111	0.6567743788856749
1112	0.34369362221149824
1113	0.34369362221149824
1114	1.0965893682567815
1115	1.0965893682567815
1116	0.7752940143400088
1117	0.7752940143400088
1118	0.6193565569336639
1119	0.6193565569336639
1120	0.6334582899689523
1121	0.6334582899689523
1122	1.1306070924798375
1123	1.1306070924798375
1124	0.5580328808622111
1125	0.5580328808622111
1126	0.6648041875279992
1127	0.6648041875279992
1128	0.39771462648091577
1129	0.39771462648091577
1130	1.0696335044852385
1131	1.0696335044852385
1132	0.1
1133	0.1
1134	1.0292457658871017
1135	1.0292457658871017
1136	0.8556322693692462
1137	0.8556322693692462
1138	0.5782764638502785
1139	0.5782764638502785
1140	0.38308020541901605
1141	0.38308020541901605
1142	0.8999038874090272
1143	0.8999038874090272
1144	1.0623493950299623
1145	1.0623493950299623
1146	0.7635108291798111
1147	0.7635108291798111
1148	0.594356383903205
1149	0.594356383903205
1150	0.945986260198773
1151	0.945986260198773
1152	0.4195740428487832
1153	0.4195740428487832
1154	0.7792128764205779
1155	0.7792128764205779
1156	0.7019976404629747
1157	0.7019976404629747
1158	0.4058035633669339
1159	0.4058035633669339
1160	0.614132828793744
1161	0.614132828793744
1162	1.3460154886377822
1163	1.3460154886377822
1164	0.49919813860208845
1165	0.49919813860208845
1166	0.49643256264392366
1167	0.49643256264392366
1168	0.41029625244459705
1169	0.41029625244459705
1170	0.5022443757763021
1171	0.5022443757763021
1172	1.04719627362135
1173	1.04719627362135
1174	1.2144195232406032
1175	1.2144195232406032
1176	0.8176066934636912
1177	0.8176066934636912
1178	0.6314284405375503
1179	0.6314284405375503
1180	0.6348150455198867
1181	0.6348150455198867
1182	0.3324492749620061
1183	0.3324492749620061
1184	0.6897341691747988
1185	0.6897341691747988
1186	0.46264674420000595
1187	0.46264674420000595
1188	0.876652740919593
1189	0.876652740919593
1190	0.8369554373008412
1191	0.8369554373008412
1192	0.30841379908056454
1193	0.30841379908056454
1194	1.0752115119743024
1195	1.0752115119743024
1196	0.45572163322415216
1197	0.45572163322415216
1198	0.11611143381739375
1199	0.11611143381739375
1200	0.5284964275562826
1201	0.5284964275562826
1202	0.8073582678609948
1203	0.8073582678609948
1204	0.8812943278874542
1205	0.8812943278874542
1206	0.9759522148334736
1207	0.9759522148334736
1208	0.9412341101155105
1209	0.9412341101155105
1210	0.6991319470908636
1211	0.6991319470908636
1212	0.6616504050589747
1213	0.6616504050589747
1214	0.3861440700668389
1215	0.3861440700668389
1216	1.0499575251750732
1217	1.0499575251750732
1218	0.24862122922421415
1219	0.24862122922421415
1220	0.7641272779654301
1221	0.7641272779654301
1222	0.8360901934366827
1223	0.8360901934366827
1224	0.3450989322174865
1225	0.3450989322174865
1226	0.9177193375954448
1227	0.9177193375954448
1228	0.7107397547185793
1229	0.7107397547185793
1230	0.8201154736724902
1231	0.8201154736724902
1232	0.7599159528625825
1233	0.7599159528625825
1234	0.7500862116501038
1235	0.7500862116501038
1236	0.5388178186763362
1237	0.5388178186763362
1238	0.534718030865434
1239	0.534718030865434
1240	0.9757553284606384
1241	0.9757553284606384
1242	0.30676471334830735
1243	0.30676471334830735
1244	0.35956552124104046
1245	0.35956552124104046
1246	0.5912201514841634
1247	0.5912201514841634
1248	0.4748882663823909
1249	0.4748882663823909
1250	0.6224187910009024
1251	0.6224187910009024
1252	0.5963084245951001
1253	0.5963084245951001
1254	0.4603554421953545
1255	0.4603554421953545
1256	0.5235437769917087
1257	0.5235437769917087
1258	0.4266974232114112
1259	0.4266974232114112
1260	0.4178067047091899
1261	0.4178067047091899
1262	0.8237914794405757
1263	0.8237914794405757
1264	0.8719190082370725
1265	0.8719190082370725
1266	0.6353885385312333
1267	0.6353885385312333
1268	0.9441366834642196
1269	0.9441366834642196
1270	4.490601060297919
1271	4.490601060297919
1272	1.3517095322217725
1273	1.3517095322217725
1274	3.2429319812456368
1275	3.2429319812456368
1276	1.1036420170139674
1277	1.1036420170139674
1278	2.745492598164838
1279	2.745492598164838
1280	1.202477903881939
1281	1.202477903881939
1282	2.7273955334122757
1283	2.7273955334122757
1284	3.1330130628536383
1285	3.1330130628536383
1286	2.162586436684543
1287	2.162586436684543
1288	3.5856470471672255
1289	3.5856470471672255
1290	0.9479021835184169
1291	0.9479021835184169
1292	1.3660827312905468
1293	1.3660827312905468
1294	3.0741482185308837
1295	3.0741482185308837
1296	1.4194753742485349
1297	1.4194753742485349
1298	1.9648510778791253
1299	1.9648510778791253
1300	1.2514759139124048
1301	1.2514759139124048
1302	3.3209406563238995
1303	3.3209406563238995
1304	2.1197296134516916
1305	2.1197296134516916
1306	3.170186948938373
1307	3.170186948938373
1308	2.325863982275814
1309	2.325863982275814
1310	1.755383110957975
1311	1.755383110957975
1312	1.945696612791214
1313	1.945696612791214
1314	2.3585663515916355
1315	2.3585663515916355
1316	0.309211143990336
1317	0.309211143990336
1318	1.276938414075593
1319	1.276938414075593
1320	1.12137997217064
1321	1.12137997217064
1322	0.6767913539554982
1323	0.6767913539554982
1324	0.9401468050147516
1325	0.9401468050147516
1326	1.7395957948327507
1327	1.7395957948327507
1328	1.2801245881533583
1329	1.2801245881533583
1330	1.817379164532144
1331	1.817379164532144
1332	1.6600949592896423
1333	1.6600949592896423
1334	1.0345122749788036
1335	1.0345122749788036
1336	0.458301604419986
1337	0.458301604419986
1338	0.4154224900782433
1339	0.4154224900782433
1340	1.773736950762991
1341	1.773736950762991
1342	0.8735790580359886
1343	0.8735790580359886
1344	1.6559974387113332
1345	1.6559974387113332
1346	0.9351478825239966
1347	0.9351478825239966
1348	1.547583661526573
1349	1.547583661526573
1350	0.7847458565654463
1351	0.7847458565654463
1352	1.063275914874418
1353	1.063275914874418
1354	1.5928501515781222
1355	1.5928501515781222
1356	3.6801694593113603
1357	3.6801694593113603
1358	2.9686543924979025
1359	2.9686543924979025
1360	2.9350545344441676
1361	2.9350545344441676
1362	5.574467176063633
1363	5.574467176063633
1364	4.410701465194708
1365	4.410701465194708
1366	2.49310048710384
1367	2.49310048710384
1368	4.3954358916785035
1369	4.3954358916785035
1370	5.368241629650775
1371	5.368241629650775
1372	3.2265018336588516
1373	3.2265018336588516
1374	6.275457666631488
1375	6.275457666631488
1376	2.9416269604958654
1377	2.9416269604958654
1378	6.068443404079591
1379	6.068443404079591
1380	3.4990490930035394
1381	3.4990490930035394
1382	4.901172555157688
1383	4.901172555157688
1384	5.247746009188372
1385	5.247746009188372
1386	6.591568101989505
1387	6.591568101989505
1388	1.7114641468956475
1389	1.7114641468956475
1390	5.236936282722686
1391	5.236936282722686
1392	4.557757249237351
1393	1.2135332248528612
1394	1.2135332248528612
1395	1.0645920608850565
1396	1.0645920608850565
1397	3.084542821867114
1398	3.084542821867114
1399	0.8771324296729024
1400	0.8771324296729024
1401	1.9249668250495335
1402	1.9249668250495335
1403	2.1261711157731966
1404	2.1261711157731966
1405	0.8553302256103725
1406	0.8553302256103725
1407	2.020085722398924
1408	2.020085722398924
1409	2.300896468530979
1410	2.300896468530979
1411	0.14342721742140996
1412	0.14342721742140996
1413	2.102543716574897
1414	2.102543716574897
1415	0.9159034669926391
1416	0.9159034669926391
1417	0.533404214783652
1418	0.533404214783652
1419	2.217911002069301
1420	2.217911002069301
1421	2.32807993176638
1422	2.32807993176638
1423	1.585634889160878
1424	1.585634889160878
1425	2.6828666138681125
1426	2.6828666138681125
1427	2.1812169149003457
1428	2.1812169149003457
1429	1.6298550743642657
1430	1.6298550743642657
1431	1.9988639562324493
1432	1.9988639562324493
1433	0.2925389762643005
1434	0.2925389762643005
1435	1.696090755866673
1436	1.696090755866673
1437	2.418924396483985
1438	2.418924396483985
1439	0.753534748032473
1440	0.753534748032473
1441	2.1446676599863665
1442	2.1446676599863665
1443	1.8526385913387875
1444	1.8526385913387875
1445	1.4413893195383716
1446	1.4413893195383716
1447	2.063723603046383
1448	2.063723603046383
1449	2.7862163470340144
1450	1.7799833752732221
1451	0.23105689455062925
1452	0.23105689455062925
1453	0.24227869211204467
1454	0.24227869211204467
1455	0.5857644296006516
1456	0.5857644296006516
1457	0.6644424781116409
1458	0.6644424781116409
1459	0.5222193368720341
1460	0.5222193368720341
1461	0.5518555444019855
1462	0.5518555444019855
1463	1.2019873483246906
1464	1.2019873483246906
1465	1.3743150509631954
1466	1.3743150509631954
1467	0.2605114285798913
1468	0.2605114285798913
1469	0.9477683932223429
1470	0.9477683932223429
1471	1.7174888434967257
1472	1.7174888434967257
1473	1.416220165212511
1474	1.416220165212511
1475	2.001648107150235
1476	2.001648107150235
1477	1.4286048970586098
1478	1.4286048970586098
1479	0.9692872530857716
1480	0.9692872530857716
1481	1.3382315063965116
1482	1.3382315063965116
1483	1.4555464674250198
1484	1.4555464674250198
1485	2.444744070683562
1486	2.444744070683562
1487	1.6567404855243488
1488	1.6567404855243488
1489	0.4847789064246816
1490	0.4847789064246816
1491	1.2881092282850588
1492	1.2881092282850588
1493	0.7638596720814648
1494	0.7638596720814648
1495	0.8831441405856095
1496	0.8831441405856095
1497	1.1146742486465224
1498	1.1146742486465224
1499	0.5476984923009848
1500	0.5476984923009848
1501	1.8569623505296966
1502	1.8569623505296966
1503	0.40317156166084167
1504	0.40317156166084167
1505	1.3983841310118856
1506	1.3983841310118856
1507	0.37087497906851363
1508	0.37087497906851363
1509	0.735634029609525
1510	0.735634029609525
1511	0.44738440296981263
1512	0.44738440296981263
1513	1.0769270380685825
1514	1.0769270380685825
1515	1.3430763255366223
1516	1.3430763255366223
1517	1.5756272865965282
1518	1.5756272865965282
1519	0.9829826416304679
1520	0.9829826416304679
1521	1.425765543226966
1522	1.425765543226966
1523	1.2777809048600255
1524	1.2777809048600255
1525	1.0873135846083186
1526	1.0873135846083186
1527	0.8882621965387942
1528	0.8882621965387942
1529	1.3685874883415288
1530	1.3685874883415288
1531	0.9817818189980458
1532	0.9817818189980458
1533	1.712077459382793
1534	1.712077459382793
1535	1.1598550087341868
1536	1.1598550087341868
1537	0.1
1538	0.1
1539	1.9129280029803897
1540	1.961757840571602
1541	1.961757840571602
1542	3.509680546037746
1543	3.509680546037746
1544	0.8159177014075045
1545	0.8159177014075045
1546	0.28292028898854094
1547	0.28292028898854094
1548	2.163229583176556
1549	2.163229583176556
1550	3.325704759035647
1551	3.325704759035647
1552	3.3791875706264336
1553	3.3791875706264336
1554	3.2255280817205296
1555	2.5501835560135344
1556	2.5501835560135344
1557	1.059611273256337
1558	1.059611273256337
1559	4.26319353644134
1560	4.26319353644134
1561	6.467586666287083
1562	6.467586666287083
1563	3.4879610239581207
1564	3.4879610239581207
1565	4.382967786265135
1566	4.382967786265135
1567	5.878507534583285
1568	5.878507534583285
1569	5.749242587073772
1570	5.749242587073772
1571	2.8427457405010044
1572	2.8427457405010044
1573	2.5671676039730302
1574	2.5671676039730302
1575	2.5614827818561543
1576	2.5614827818561543
1577	1.0368248541653058
1578	1.0368248541653058
1579	2.6903249262839815
1580	2.6903249262839815
1581	2.4555268218109445
1582	2.4555268218109445
1583	6.6339593487210875
1584	6.6339593487210875
1585	5.243991718832824
1586	5.243991718832824
1587	4.557461390324238
1588	4.557461390324238
1589	2.422049294932165
1590	2.422049294932165
1591	3.6715245715160854
1592	3.6715245715160854
1593	3.8773491408316256
1594	3.8773491408316256
1595	4.858482387832055
1596	4.858482387832055
1597	2.161528999395367
1598	2.161528999395367
1599	5.651378938040418
1600	5.651378938040418
1601	2.3803180284799152
1602	2.3803180284799152
1603	1.413466161598898
1604	1.413466161598898
1605	3.2854057940113965
1606	3.2854057940113965
1607	3.4348363696060145
1608	3.4348363696060145
1609	2.138723999335204
1610	2.138723999335204
1611	3.1900886706801503
1612	3.1900886706801503
1613	3.41559488534502
1614	3.41559488534502
1615	4.280892645232015
1616	4.280892645232015
1617	1.2638409801557446
1618	1.2638409801557446
1619	2.244617272746341
1620	2.244617272746341
1621	3.879789191568794
1622	3.879789191568794
1623	1.6229351591605914
1624	0.5160274393951322
1625	0.5160274393951322
1626	0.5965748537916848
1627	0.5965748537916848
1628	1.8276373884152735
1629	1.8276373884152735
1630	1.5597864473479113
1631	1.5597864473479113
1632	1.1119659534337085
1633	1.1119659534337085
1634	1.4284086576281678
1635	1.4284086576281678
1636	0.78490019963442
1637	0.78490019963442
1638	1.0034571009952713
1639	1.0034571009952713
1640	0.1
1641	0.1
1642	0.8743505106563298
1643	0.8743505106563298
1644	1.3661776259258476
1645	1.3661776259258476
1646	0.850604069774647
1647	0.850604069774647
1648	1.0853552449609667
1649	1.0853552449609667
1650	0.6748784077452694
1651	0.6748784077452694
1652	1.2497692249768242
1653	1.2497692249768242
1654	0.5511800852219976
1655	0.5511800852219976
1656	1.1561988345252125
1657	1.1561988345252125
1658	1.167775472033976
1659	1.167775472033976
1660	0.6982288215107404
1661	0.6982288215107404
1662	0.6624048539622932
1663	0.6624048539622932
1664	0.3669256641572709
1665	0.3669256641572709
1666	1.9620158231011988
1667	1.9620158231011988
1668	0.8315497844940571
1669	0.8315497844940571
1670	1.0557957568599645
1671	1.0557957568599645
1672	1.2303692960095454
1673	1.2303692960095454
1674	1.3529931200244687
1675	1.3529931200244687
1676	0.9703461680474481
1677	0.9703461680474481
1678	1.0019454589202634
1679	1.0019454589202634
1680	0.7516437340858599
1681	0.7516437340858599
1682	1.323383312045209
1683	1.323383312045209
1684	0.15664060172379934
1685	0.15664060172379934
1686	0.1949986342589974
1687	0.1949986342589974
1688	0.27202383671181735
1689	0.27202383671181735
1690	0.17604873509560343
1691	0.17604873509560343
1692	0.3300101254706952
1693	0.3300101254706952
1694	0.1980950301475996
1695	0.1980950301475996
1696	0.37871547799257266
1697	0.37871547799257266
1698	0.18961575549422455
1699	0.18961575549422455
1700	0.23150208048873377
1701	0.23150208048873377
1702	0.24179445966194157
1703	0.24179445966194157
1704	0.125748901197968
1705	0.125748901197968
1706	0.1
1707	0.1
1708	0.17922562172209955
1709	0.17922562172209955
1710	0.22025589600085346
1711	0.22025589600085346
1712	0.2418292869385297
1713	0.2418292869385297
1714	0.15022144614914912
1715	0.15022144614914912
1716	0.1
1717	0.1
1718	0.11014764401650858
1719	0.11014764401650858
1720	0.23674830243444495
1721	0.23674830243444495
1722	0.17035347485880964
1723	0.17035347485880964
1724	0.2675931092920054
1725	0.2675931092920054
1726	0.13658757533460456
1727	0.13658757533460456
1728	0.26938771217706514
1729	0.26938771217706514
1730	0.23498910391596006
1731	0.23498910391596006
1732	0.10657766352779766
1733	0.10657766352779766
1734	0.13656653904743066
1735	0.13656653904743066
1736	0.25011068145566717
1737	0.25011068145566717
1738	0.18989801126998995
1739	0.18989801126998995
1740	0.1
1741	0.1
1742	0.2438549215656059
1743	0.2438549215656059
1744	0.16633791921020516
1745	0.16633791921020516
1746	0.17964506141011488
1747	0.17964506141011488
1748	0.2720869439153896
1749	0.2720869439153896
1750	0.1
1751	0.1
1752	0.338096280246611
1753	0.338096280246611
1754	0.1
1755	0.1
1756	0.3452925527289028
1757	0.3452925527289028
1758	0.2832579055656979
1759	0.2832579055656979
1760	0.12671861930127387
1761	0.12671861930127387
1762	0.1
1763	0.1
1764	0.26542308090340894
1765	0.26542308090340894
1766	0.1738548230766102
1767	0.1738548230766102
1768	0.24635024680228984
1769	0.24635024680228984
1770	0.14533316879193128
1771	0.14533316879193128
1772	0.1500837628668846
1773	0.1500837628668846
1774	0.17196037910607356
1775	0.17196037910607356
1776	0.12510026447330336
1777	0.12510026447330336
1778	0.22420485242092286
1779	0.22420485242092286
1780	0.13195094617583675
1781	0.13195094617583675
1782	0.14170572939459372
1783	0.14170572939459372
1784	0.1
1785	0.1
1786	0.1664402558488588
1787	0.1664402558488588
1788	0.19489708917841733
1789	0.19489708917841733
1790	0.1
1791	0.1
1792	0.15646892963325215
1793	0.15646892963325215
1794	0.35795589474357925
1795	0.35795589474357925
1796	0.11617462976492464
1797	0.11617462976492464
1798	0.15678486830199542
1799	0.15678486830199542
1800	0.12685728350907455
1801	0.12685728350907455
1802	0.3173117150925372
1803	0.3173117150925372
1804	0.22733345880754105
1805	0.22733345880754105
1806	0.1
1807	0.1
1808	0.1090297553767556
1809	0.1090297553767556
1810	0.33360987542300824
1811	0.33360987542300824
1812	0.21077070914010151
1813	0.21077070914010151
1814	0.36738329398229363
1815	0.36738329398229363
1816	0.209126482645083
1817	0.209126482645083
1818	0.2753240490764618
1819	0.2753240490764618
1820	0.23220911319694268
1821	0.23220911319694268
1822	0.19423416569403232
1823	0.19423416569403232
1824	0.1441357578464162
1825	0.1441357578464162
1826	0.2700796255765597
1827	0.2700796255765597
1828	0.2845487958958869
1829	0.2845487958958869
1830	0.19755331105699545
1831	0.19755331105699545
1832	0.423514578057818
1833	0.423514578057818
1834	0.22640206941553723
1835	0.22640206941553723
1836	0.17522330294276833
1837	0.17522330294276833
1838	0.22035475656468848
1839	0.22035475656468848
1840	0.1
1841	0.1
1842	0.24763922563435337
1843	0.24763922563435337
1844	0.17192654179975955
1845	0.17192654179975955
1846	0.1
1847	0.1
1848	0.1924994484305256
1849	0.1924994484305256
1850	0.11378299032824563
1851	0.11378299032824563
1852	0.1943602063813313
1853	0.1943602063813313
1854	0.12018075625616574
1855	0.12018075625616574
1856	0.15267460490501897
1857	0.15267460490501897
1858	0.2538513105936173
1859	0.2538513105936173
1860	0.1
1861	0.1
1862	0.25616309605541987
1863	0.25616309605541987
1864	0.16961023645022225
1865	0.16961023645022225
1866	0.34740122567652665
1867	0.34740122567652665
1868	0.32631814141529103
1869	0.32631814141529103
1870	4.927581317135257
1871	4.927581317135257
1872	2.686768347340836
1873	2.686768347340836
1874	4.423169282633304
1875	4.423169282633304
1876	4.684786031157657
1877	4.684786031157657
1878	2.2338660185312973
1879	2.2338660185312973
1880	1.2925604950256853
1881	1.2925604950256853
1882	2.9722642245030646
1883	2.9722642245030646
1884	1.4605204924421296
1885	1.4605204924421296
1886	2.8502548552662508
1887	2.8502548552662508
1888	3.174550657263819
1889	3.174550657263819
1890	2.7913470627076022
1891	2.7913470627076022
1892	4.361890755369302
1893	4.361890755369302
1894	3.2248715763039426
1895	3.2248715763039426
1896	2.3805678554146192
1897	2.3805678554146192
1898	3.3217100204880254
1899	3.3217100204880254
1900	2.061900582143022
1901	2.061900582143022
1902	1.9471477613561907
1903	1.9471477613561907
1904	0.7941949594252984
1905	0.7941949594252984
1906	4.538363959420167
1907	4.538363959420167
1908	1.7390733940895933
1909	1.7390733940895933
1910	2.875936605361392
1911	2.875936605361392
1912	3.994242747250058
1913	3.994242747250058
1914	4.089428381295436
1915	4.089428381295436
1916	5.595657322425155
1917	5.595657322425155
1918	4.281978693777943
1919	4.281978693777943
1920	1.1553214605512792
1921	1.1553214605512792
1922	1.2821364883414095
1923	1.2821364883414095
1924	3.4685252957931993
1925	3.4685252957931993
1926	3.5972623670372066
1927	3.5972623670372066
1928	3.510988857654028
1929	3.510988857654028
1930	2.713427878917642
1931	2.713427878917642
1932	2.626128001949211
1933	2.626128001949211
1934	1.6984476131323263
1935	1.6984476131323263
1936	5.155691980201073
1937	5.155691980201073
1938	4.145373843947292
1939	4.145373843947292
1940	2.289850582434592
1941	2.289850582434592
1942	3.1487220092486865
1943	3.1487220092486865
1944	1.7165297708559009
1945	1.7165297708559009
1946	1.9546450621605054
1947	1.9546450621605054
1948	3.6316108119827275
1949	3.6316108119827275
1950	1.564503169050926
1951	1.564503169050926
1952	1.6762866962912437
1953	1.6762866962912437
1954	1.723230591884413
1955	1.723230591884413
1956	2.4221560928602086
1957	2.4221560928602086
1958	2.3597660987460145
1959	2.3597660987460145
1960	4.128603319927276
1961	4.128603319927276
1962	1.611552225871586
1963	1.611552225871586
1964	4.025847657256862
1965	4.025847657256862
1966	2.057598392897064
1967	2.057598392897064
1968	3.7052778926492187
1969	3.7052778926492187
1970	2.768756756978598
1971	2.768756756978598
1972	2.8013961617904197
1973	2.8013961617904197
1974	2.4870548326697004
1975	2.4870548326697004
1976	2.584807827645731
1977	2.584807827645731
1978	3.7223617582525725
1979	3.7223617582525725
1980	2.0348549114600867
1981	2.0348549114600867
1982	1.2390972652953698
1983	1.2390972652953698
1984	2.5493153719276576
1985	2.5493153719276576
1986	3.097291366292802
1987	3.097291366292802
1988	2.6134320272991958
1989	2.6134320272991958
1990	3.7376788987090763
1991	3.7376788987090763
1992	2.3810794188223867
1993	2.3810794188223867
1994	3.7842981055586433
1995	3.7842981055586433
1996	4.084331642651548
1997	4.084331642651548
1998	3.0250810981181178
1999	3.0250810981181178
