0	2.6297860184399537
1	2.6297860184399537
2	2.6297860184399537
3	2.6297860184399537
4	2.1272987344939276
5	2.1272987344939276
6	2.1272987344939276
7	2.1272987344939276
8	3.8349541871500397
9	3.8349541871500397
10	3.8349541871500397
11	3.8349541871500397
12	2.7719982239236267
13	2.7719982239236267
14	2.7719982239236267
15	2.7719982239236267
16	3.903911028783986
17	3.903911028783986
18	3.903911028783986
19	3.903911028783986
20	3.430100876277992
21	3.430100876277992
22	3.430100876277992
23	3.430100876277992
24	1.9498214939454694
25	1.9498214939454694
26	1.9498214939454694
27	1.9498214939454694
28	1.382861336801208
29	1.382861336801208
30	1.382861336801208
31	1.382861336801208
32	2.8217843581612234
33	2.8217843581612234
34	2.8217843581612234
35	2.8217843581612234
36	3.878794766451181
37	3.878794766451181
38	3.878794766451181
39	3.878794766451181
40	2.5927919592015196
41	2.5927919592015196
42	1.7860275316404275
43	1.5161782296288107
44	1.5161782296288107
45	1.5161782296288107
46	1.5161782296288107
47	3.2772106261387712
48	3.2772106261387712
49	3.2772106261387712
50	3.2772106261387712
51	2.930992250001912
52	2.930992250001912
53	2.930992250001912
54	2.930992250001912
55	2.71874572415307
56	2.71874572415307
57	2.71874572415307
58	2.71874572415307
59	2.00168029868735
60	2.00168029868735
61	2.00168029868735
62	2.00168029868735
63	2.2281319620919167
64	2.2281319620919167
65	2.2281319620919167
66	2.2281319620919167
67	1.7624176871910868
68	1.7624176871910868
69	1.7624176871910868
70	1.7624176871910868
71	2.711507177906259
72	2.711507177906259
73	2.711507177906259
74	2.711507177906259
75	1.9940948582886386
76	1.9940948582886386
77	1.9940948582886386
78	1.9940948582886386
79	3.748854285115338
80	3.748854285115338
81	3.748854285115338
82	3.748854285115338
83	1.352442329465409
84	1.352442329465409
85	1.352442329465409
86	1.352442329465409
87	1.8915520901548963
88	1.8915520901548963
89	1.8915520901548963
90	1.8915520901548963
91	1.6225549679912956
92	1.6225549679912956
93	1.6225549679912956
94	1.6225549679912956
95	3.301016170320235
96	3.301016170320235
97	3.301016170320235
98	3.301016170320235
99	2.2503192037079818
100	2.2503192037079818
101	2.2503192037079818
102	2.2503192037079818
103	3.5138660737902656
104	3.5138660737902656
105	3.5138660737902656
106	3.5138660737902656
107	2.584105686313254
108	2.584105686313254
109	2.584105686313254
110	2.584105686313254
111	1.8628933404583377
112	1.8628933404583377
113	1.8628933404583377
114	1.8628933404583377
115	2.531968039248646
116	2.531968039248646
117	2.531968039248646
118	2.531968039248646
119	1.6319252779062583
120	1.6319252779062583
121	1.6319252779062583
122	1.6319252779062583
123	2.22192572661379
124	2.22192572661379
125	2.22192572661379
126	2.22192572661379
127	2.8133371183802742
128	3.7836547087135264
129	3.7836547087135264
130	3.7836547087135264
131	3.7836547087135264
132	4.025914767652188
133	4.025914767652188
134	4.025914767652188
135	1.2748396687667856
136	1.2748396687667856
137	1.2748396687667856
138	1.2748396687667856
139	1.9216767152355174
140	1.9216767152355174
141	1.9216767152355174
142	1.9216767152355174
143	1.171338214612319
144	1.171338214612319
145	1.171338214612319
146	1.171338214612319
147	1.8372200120546687
148	1.8372200120546687
149	1.8372200120546687
150	1.8372200120546687
151	3.702709820364409
152	3.702709820364409
153	3.702709820364409
154	3.702709820364409
155	2.7165609864615874
156	2.7165609864615874
157	2.7165609864615874
158	2.7165609864615874
159	1.2417063453823138
160	1.2417063453823138
161	1.2417063453823138
162	1.2417063453823138
163	1.479735427114495
164	1.479735427114495
165	1.479735427114495
166	1.479735427114495
167	3.062004765769106
168	3.062004765769106
169	3.062004765769106
170	3.062004765769106
171	2.3757807838892
172	2.3757807838892
173	2.3757807838892
174	2.3757807838892
175	0.9420670751586844
176	0.9420670751586844
177	0.9420670751586844
178	0.9420670751586844
179	1.3988947303425845
180	1.3988947303425845
181	1.3988947303425845
182	1.3988947303425845
183	1.979710583606382
184	1.979710583606382
185	1.979710583606382
186	1.979710583606382
187	3.257315930823742
188	3.257315930823742
189	3.257315930823742
190	3.257315930823742
191	2.0218324859343992
192	2.0218324859343992
193	2.0218324859343992
194	2.0218324859343992
195	1.44362838166999
196	1.44362838166999
197	1.44362838166999
198	1.44362838166999
199	0.9266991118758414
200	0.9266991118758414
201	0.9266991118758414
202	0.9266991118758414
203	1.0563088526798812
204	1.0563088526798812
205	1.0563088526798812
206	1.0563088526798812
207	3.101448649255622
208	3.101448649255622
209	3.101448649255622
210	3.101448649255622
211	1.750708583206992
212	1.750708583206992
213	1.750708583206992
214	1.750708583206992
215	4.173584294520259
216	4.173584294520259
217	4.173584294520259
218	4.173584294520259
219	2.9212740944603794
220	2.9212740944603794
221	2.9212740944603794
222	2.9212740944603794
223	2.751480360704343
224	2.751480360704343
225	2.751480360704343
226	2.751480360704343
227	2.7109462732405802
228	2.7109462732405802
229	2.7109462732405802
230	2.7109462732405802
231	2.3743441311674274
232	2.3743441311674274
233	2.3743441311674274
234	2.3743441311674274
235	2.984522847847221
236	2.984522847847221
237	2.984522847847221
238	2.984522847847221
239	0.24105200993786702
240	0.24105200993786702
241	0.24105200993786702
242	0.24105200993786702
243	0.1
244	0.1
245	0.1
246	0.1
247	0.13702762446025246
248	0.13702762446025246
249	0.13702762446025246
250	0.13702762446025246
251	0.24983811108609066
252	0.24983811108609066
253	0.24983811108609066
254	0.24983811108609066
255	0.24926451232508198
256	0.24926451232508198
257	0.24926451232508198
258	0.24926451232508198
259	0.25498176374421255
260	0.25498176374421255
261	0.25498176374421255
262	0.25498176374421255
263	0.1
264	0.1
265	0.1
266	0.1
267	0.38875950503905354
268	0.38875950503905354
269	0.38875950503905354
270	0.38875950503905354
271	0.29643633161473376
272	0.29643633161473376
273	0.29643633161473376
274	0.29643633161473376
275	0.1706812303851678
276	0.3622508406660688
277	0.3622508406660688
278	0.3622508406660688
279	1.5178949522485226
280	1.5178949522485226
281	1.5178949522485226
282	1.5178949522485226
283	0.930320223592224
284	0.930320223592224
285	0.930320223592224
286	0.930320223592224
287	1.8217304694909355
288	1.8217304694909355
289	1.8217304694909355
290	1.8217304694909355
291	2.358068323849901
292	2.358068323849901
293	2.358068323849901
294	2.358068323849901
295	1.8302163699339076
296	1.8302163699339076
297	1.8302163699339076
298	1.8302163699339076
299	1.3655887974343843
300	1.3655887974343843
301	1.3655887974343843
302	1.3655887974343843
303	2.8524987683441676
304	2.8524987683441676
305	2.8524987683441676
306	2.8524987683441676
307	1.4636455037450535
308	1.4636455037450535
309	1.4636455037450535
310	1.4636455037450535
311	0.5824598091170775
312	0.5824598091170775
313	0.5824598091170775
314	0.5824598091170775
315	1.4212231881831072
316	1.4212231881831072
317	1.4212231881831072
318	1.4212231881831072
319	2.0872227995046035
320	2.0872227995046035
321	4.721605068614865
322	4.721605068614865
323	4.721605068614865
324	4.721605068614865
325	3.411985370292679
326	3.411985370292679
327	3.411985370292679
328	3.411985370292679
329	3.4667234508560494
330	3.4667234508560494
331	3.4667234508560494
332	3.4667234508560494
333	3.1376859605418086
334	3.1376859605418086
335	3.1376859605418086
336	3.1376859605418086
337	4.275084328421817
338	4.275084328421817
339	4.275084328421817
340	4.275084328421817
341	5.557181475443988
342	5.557181475443988
343	5.557181475443988
344	5.557181475443988
345	4.060771474081574
346	4.060771474081574
347	4.060771474081574
348	4.060771474081574
349	2.401294059865422
350	2.401294059865422
351	2.401294059865422
352	2.401294059865422
353	6.146717805788562
354	6.146717805788562
355	2.4282137961120682
356	2.4282137961120682
357	2.4282137961120682
358	2.4282137961120682
359	3.1073288936375256
360	3.1073288936375256
361	3.1073288936375256
362	3.1073288936375256
363	3.35722886004885
364	3.35722886004885
365	3.35722886004885
366	3.35722886004885
367	2.7150506766575235
368	2.7150506766575235
369	2.7150506766575235
370	2.7150506766575235
371	2.347655555596878
372	2.347655555596878
373	2.347655555596878
374	2.347655555596878
375	1.2886401246368622
376	1.2886401246368622
377	1.2886401246368622
378	1.2886401246368622
379	3.9397216194747395
380	3.9397216194747395
381	3.9397216194747395
382	3.9397216194747395
383	0.11659717991873109
384	0.11659717991873109
385	0.11659717991873109
386	0.11659717991873109
387	0.7731619735406892
388	0.7731619735406892
389	0.7731619735406892
390	0.7731619735406892
391	1.6049989363666741
392	1.6049989363666741
393	1.6049989363666741
394	1.6049989363666741
395	2.4476158369621888
396	2.4476158369621888
397	2.4476158369621888
398	2.4476158369621888
399	2.3303721856845323
400	2.3303721856845323
401	2.3303721856845323
402	2.3303721856845323
403	2.753742231607237
404	2.753742231607237
405	2.753742231607237
406	2.753742231607237
407	2.1217792831353535
408	2.1217792831353535
409	2.1217792831353535
410	2.1217792831353535
411	5.904352836748351
412	5.904352836748351
413	5.904352836748351
414	5.904352836748351
415	1.4251020648665813
416	1.4251020648665813
417	1.4251020648665813
418	1.4251020648665813
419	2.4498060282832124
420	2.4498060282832124
421	2.4498060282832124
422	2.4498060282832124
423	3.4348719910904104
424	3.4348719910904104
425	3.4348719910904104
426	3.4348719910904104
427	1.2822106729189853
428	1.2822106729189853
429	1.2822106729189853
430	1.2822106729189853
431	1.8543001638541021
432	1.8543001638541021
433	1.8543001638541021
434	1.8543001638541021
435	1.2604227972749282
436	1.2604227972749282
437	1.2604227972749282
438	5.604300927597169
439	5.604300927597169
440	5.604300927597169
441	5.604300927597169
442	4.612668703359148
443	4.612668703359148
444	4.612668703359148
445	4.612668703359148
446	2.174875849844377
447	2.174875849844377
448	2.174875849844377
449	2.174875849844377
450	5.322757077726894
451	5.322757077726894
452	5.322757077726894
453	5.322757077726894
454	3.0427368323772086
455	3.0427368323772086
456	3.0427368323772086
457	3.0427368323772086
458	3.478374917129414
459	1.0622525680247759
460	1.0622525680247759
461	1.0622525680247759
462	1.0622525680247759
463	1.4736345116572567
464	1.4736345116572567
465	1.4736345116572567
466	1.4736345116572567
467	1.4766366124760903
468	1.4766366124760903
469	1.4766366124760903
470	1.4766366124760903
471	0.3344791411793725
472	0.3344791411793725
473	0.3344791411793725
474	0.3344791411793725
475	0.8875966262928282
476	0.8875966262928282
477	0.8875966262928282
478	0.8875966262928282
479	1.0243633410269957
480	1.0243633410269957
481	1.0243633410269957
482	1.0243633410269957
483	0.8164240335759606
484	0.8164240335759606
485	0.8164240335759606
486	0.8164240335759606
487	1.181363040458179
488	1.181363040458179
489	1.181363040458179
490	1.181363040458179
491	1.2910184355078695
492	1.2910184355078695
493	1.2910184355078695
494	1.2910184355078695
495	1.3430210776134455
496	1.3430210776134455
497	1.3430210776134455
498	1.3430210776134455
499	0.682698737778765
500	0.682698737778765
501	0.682698737778765
502	0.682698737778765
503	1.7180432759365445
504	1.7180432759365445
505	1.7180432759365445
506	1.7180432759365445
507	0.5474338024023347
508	0.5474338024023347
509	0.5474338024023347
510	0.5474338024023347
511	2.1402369441158413
512	2.1402369441158413
513	2.1402369441158413
514	2.1402369441158413
515	1.1744225301986266
516	1.1744225301986266
517	1.1744225301986266
518	1.1744225301986266
519	1.3465708507143854
520	1.3465708507143854
521	1.3465708507143854
522	1.3465708507143854
523	0.842861767967594
524	0.842861767967594
525	0.842861767967594
526	0.842861767967594
527	1.1950940947315052
528	1.1950940947315052
529	1.1950940947315052
530	1.1950940947315052
531	1.1029405122985698
532	1.1029405122985698
533	1.1029405122985698
534	1.1029405122985698
535	0.5877465052979428
536	0.5877465052979428
537	0.5877465052979428
538	0.5877465052979428
539	1.170323849297014
540	1.170323849297014
541	1.170323849297014
542	1.170323849297014
543	1.2839346368273061
544	1.2839346368273061
545	1.2839346368273061
546	1.2839346368273061
547	0.6679420320603618
548	0.6679420320603618
549	0.6679420320603618
550	0.6679420320603618
551	1.6709023783526051
552	1.6709023783526051
553	1.6709023783526051
554	1.6709023783526051
555	0.9038629867457388
556	0.9038629867457388
557	0.9038629867457388
558	0.9038629867457388
559	0.6697096126916384
560	0.6697096126916384
561	0.6697096126916384
562	0.6697096126916384
563	0.8880573867213477
564	0.8880573867213477
565	0.8880573867213477
566	0.8880573867213477
567	0.853788498460942
568	0.853788498460942
569	0.853788498460942
570	0.853788498460942
571	1.6765314861866225
572	1.6765314861866225
573	1.6765314861866225
574	1.6765314861866225
575	1.5567891715019941
576	1.5567891715019941
577	1.5567891715019941
578	1.5567891715019941
579	1.1664604527830107
580	1.1664604527830107
581	1.1664604527830107
582	1.1664604527830107
583	1.8529265031008322
584	1.8529265031008322
585	1.8529265031008322
586	1.8529265031008322
587	1.4684708438724046
588	1.4684708438724046
589	1.4684708438724046
590	1.4684708438724046
591	1.098571431168849
592	1.098571431168849
593	1.098571431168849
594	1.098571431168849
595	0.9745244230898563
596	0.9745244230898563
597	0.9745244230898563
598	0.9745244230898563
599	1.6582434197768388
600	1.6582434197768388
601	1.6582434197768388
602	1.6582434197768388
603	1.0227789160658936
604	1.0227789160658936
605	1.0227789160658936
606	1.0227789160658936
607	1.1360839760672747
608	1.1360839760672747
609	1.1360839760672747
610	1.1360839760672747
611	1.9107983972208702
612	1.9107983972208702
613	1.9107983972208702
614	1.9107983972208702
615	1.1156098479236716
616	1.1156098479236716
617	1.1156098479236716
618	1.1156098479236716
619	1.327335394925433
620	1.327335394925433
621	1.327335394925433
622	1.327335394925433
623	1.2607029957953184
624	1.2607029957953184
625	1.2607029957953184
626	1.2607029957953184
627	0.8115711920098339
628	2.7251293217999213
629	2.7251293217999213
630	2.7251293217999213
631	2.7251293217999213
632	2.520993685581968
633	2.520993685581968
634	2.520993685581968
635	2.520993685581968
636	3.8981505510414545
637	3.8981505510414545
638	3.8981505510414545
639	3.8981505510414545
640	4.198012004696389
641	4.198012004696389
642	4.198012004696389
643	4.198012004696389
644	2.4479717829064263
645	2.4479717829064263
646	2.4479717829064263
647	2.4479717829064263
648	2.6586638223557126
649	2.6586638223557126
650	2.6586638223557126
651	2.6586638223557126
652	3.4596902169271977
653	3.4596902169271977
654	3.4596902169271977
655	3.4596902169271977
656	2.846810887000302
657	2.846810887000302
658	2.846810887000302
659	2.846810887000302
660	1.7893869726618659
661	1.7893869726618659
662	1.7893869726618659
663	1.7893869726618659
664	2.3677026019069003
665	2.3677026019069003
666	2.3677026019069003
667	2.3677026019069003
668	4.880462155661349
669	0.622347310523661
670	0.622347310523661
671	0.622347310523661
672	0.622347310523661
673	1.5455777589590138
674	1.5455777589590138
675	1.5455777589590138
676	1.5455777589590138
677	0.9832654293159988
678	0.9832654293159988
679	0.9832654293159988
680	0.9832654293159988
681	0.6367092556936991
682	0.6367092556936991
683	0.6367092556936991
684	0.6367092556936991
685	0.9465214649927819
686	0.9465214649927819
687	0.9465214649927819
688	0.29248453415461295
689	0.29248453415461295
690	0.29248453415461295
691	2.547753620473943
692	2.547753620473943
693	2.547753620473943
694	2.547753620473943
695	2.2913524793465516
696	2.2913524793465516
697	2.2913524793465516
698	2.2913524793465516
699	3.4472808116591054
700	3.4472808116591054
701	3.4472808116591054
702	0.39875863931271527
703	0.39875863931271527
704	0.39875863931271527
705	0.39875863931271527
706	2.188873159461635
707	2.188873159461635
708	2.188873159461635
709	2.188873159461635
710	0.5413249021980522
711	0.5413249021980522
712	0.5413249021980522
713	0.5413249021980522
714	1.8721681422067529
715	1.8721681422067529
716	1.8721681422067529
717	1.8721681422067529
718	1.1590053859598524
719	1.1590053859598524
720	1.1590053859598524
721	1.1590053859598524
722	0.3798806815087322
723	0.3798806815087322
724	0.3798806815087322
725	0.3798806815087322
726	1.4000694371029359
727	1.4000694371029359
728	1.4000694371029359
729	1.4000694371029359
730	1.5314115722906607
731	1.5314115722906607
732	1.5314115722906607
733	1.5314115722906607
734	0.6716145760405254
735	0.6716145760405254
736	0.6716145760405254
737	0.6716145760405254
738	1.26976109752982
739	1.26976109752982
740	1.26976109752982
741	1.26976109752982
742	1.4795458925373104
743	1.4795458925373104
744	1.4795458925373104
745	1.4795458925373104
746	1.9097338912967237
747	1.9097338912967237
748	1.9097338912967237
749	2.110677760625923
750	2.110677760625923
751	2.110677760625923
752	2.110677760625923
753	4.549756654060673
754	4.549756654060673
755	4.549756654060673
756	4.549756654060673
757	4.386179833815227
758	4.386179833815227
759	4.386179833815227
760	4.386179833815227
761	3.0839643261137772
762	3.0839643261137772
763	3.0839643261137772
764	3.0839643261137772
765	3.2203821317187633
766	3.2203821317187633
767	3.2203821317187633
768	3.2203821317187633
769	4.045845699460746
770	4.045845699460746
771	4.045845699460746
772	4.045845699460746
773	3.0380093678057856
774	3.0380093678057856
775	3.0380093678057856
776	1.0829479930968764
777	1.0829479930968764
778	1.0829479930968764
779	1.0829479930968764
780	1.0358804559515056
781	1.0358804559515056
782	1.0358804559515056
783	1.0358804559515056
784	1.6416203345346048
785	1.6416203345346048
786	1.6416203345346048
787	1.6416203345346048
788	1.0835218568236875
789	1.0835218568236875
790	3.7829732965762513
791	3.7829732965762513
792	3.7829732965762513
793	3.7829732965762513
794	2.4810982737911047
795	2.4810982737911047
796	2.4810982737911047
797	2.4810982737911047
798	3.4251886960475675
799	3.4251886960475675
800	3.4251886960475675
801	3.4251886960475675
802	3.8891080856040343
803	3.8891080856040343
804	3.8891080856040343
805	3.8891080856040343
806	2.5382800178821214
807	2.5382800178821214
808	2.5382800178821214
809	2.5382800178821214
810	2.9022330761424673
811	2.9022330761424673
812	2.9022330761424673
813	2.9022330761424673
814	2.717716092618278
815	2.717716092618278
816	2.717716092618278
817	2.717716092618278
818	1.7455188877614671
819	1.7455188877614671
820	1.7455188877614671
821	1.7455188877614671
822	1.1333837861031735
823	1.1333837861031735
824	1.1333837861031735
825	1.1333837861031735
826	1.0018391019207118
827	1.0018391019207118
828	1.0018391019207118
829	1.0018391019207118
830	6.351126824700092
831	2.0551395459884114
832	2.0551395459884114
833	2.0551395459884114
834	2.0551395459884114
835	0.4513773199410509
836	0.4513773199410509
837	0.4513773199410509
838	0.4513773199410509
839	0.6316170000313013
840	0.6316170000313013
841	0.6316170000313013
842	0.6316170000313013
843	1.878762959300829
844	1.878762959300829
845	1.878762959300829
846	1.878762959300829
847	1.7390936329753335
848	1.7390936329753335
849	1.7390936329753335
850	1.7390936329753335
851	0.9953534047784913
852	0.9953534047784913
853	0.9953534047784913
854	0.9953534047784913
855	1.469392727317838
856	1.469392727317838
857	1.469392727317838
858	1.469392727317838
859	3.357071309803198
860	3.357071309803198
861	3.357071309803198
862	3.357071309803198
863	1.3118570643593275
864	1.3118570643593275
865	1.3118570643593275
866	1.3118570643593275
867	2.3029175135227598
868	2.3029175135227598
869	2.3029175135227598
870	2.3029175135227598
871	1.4073376061933398
872	1.4073376061933398
873	1.4073376061933398
874	1.4073376061933398
875	2.072259343234144
876	2.072259343234144
877	2.072259343234144
878	2.072259343234144
879	0.9236638582027555
880	0.9236638582027555
881	0.9236638582027555
882	0.9236638582027555
883	1.0633093919685164
884	1.0633093919685164
885	1.0633093919685164
886	1.0633093919685164
887	1.7282558703967914
888	1.7282558703967914
889	1.7282558703967914
890	1.7282558703967914
891	1.229097226425215
892	1.229097226425215
893	1.229097226425215
894	1.229097226425215
895	0.7954975239114572
896	0.7954975239114572
897	0.7954975239114572
898	0.7954975239114572
899	0.5176322621790453
900	0.5176322621790453
901	0.5176322621790453
902	0.5176322621790453
903	0.2880210763654577
904	0.2880210763654577
905	0.2880210763654577
906	0.2880210763654577
907	2.2206824949772086
908	2.2206824949772086
909	2.2206824949772086
910	2.2206824949772086
911	1.0121639020570732
912	1.0121639020570732
913	1.0121639020570732
914	1.0121639020570732
915	0.9428319942143784
916	0.9428319942143784
917	0.9428319942143784
918	0.9428319942143784
919	0.31452000543839875
920	0.31452000543839875
921	0.31452000543839875
922	0.31452000543839875
923	2.0680114466983914
924	2.0680114466983914
925	2.0680114466983914
926	2.0680114466983914
927	1.1195245907242166
928	1.1195245907242166
929	1.1195245907242166
930	1.1195245907242166
931	2.938842042239535
932	2.938842042239535
933	2.938842042239535
934	2.938842042239535
935	0.1
936	0.1
937	0.1
938	0.1
939	3.027573774675066
940	3.027573774675066
941	3.027573774675066
942	3.027573774675066
943	1.3663275547200522
944	1.3663275547200522
945	1.3663275547200522
946	1.3663275547200522
947	0.9975775614608224
948	3.231130062200841
949	3.231130062200841
950	3.231130062200841
951	3.231130062200841
952	2.370873325184116
953	2.370873325184116
954	2.370873325184116
955	2.370873325184116
956	2.8341986926792595
957	2.8341986926792595
958	2.8341986926792595
959	2.8341986926792595
960	3.5125661834874817
961	3.5125661834874817
962	3.5125661834874817
963	3.5125661834874817
964	1.6498032905478228
965	1.6498032905478228
966	1.6498032905478228
967	1.6498032905478228
968	1.8750652130668888
969	1.8750652130668888
970	1.8750652130668888
971	1.8750652130668888
972	3.6580586262825996
973	3.6580586262825996
974	3.6580586262825996
975	3.6580586262825996
976	3.7978989111727306
977	3.7978989111727306
978	3.7978989111727306
979	3.7978989111727306
980	1.3914303229063838
981	1.3914303229063838
982	1.3914303229063838
983	1.3914303229063838
984	3.5150336868752263
985	3.5150336868752263
986	3.5150336868752263
987	3.5150336868752263
988	2.9115568435944055
989	2.9115568435944055
990	2.9115568435944055
991	2.9115568435944055
992	1.6535597784573364
993	1.6535597784573364
994	1.6535597784573364
995	1.6535597784573364
996	2.527993408708314
997	2.527993408708314
998	2.527993408708314
999	2.527993408708314
1000	2.5466936031853584
1001	2.5466936031853584
1002	2.5466936031853584
1003	2.5466936031853584
1004	3.7455836188958864
1005	3.7455836188958864
1006	3.7455836188958864
1007	3.7455836188958864
1008	2.0927486339236543
1009	2.0927486339236543
1010	2.0927486339236543
1011	2.0927486339236543
1012	2.7744316604968917
1013	2.7744316604968917
1014	2.7744316604968917
1015	2.7744316604968917
1016	1.4855878579565052
1017	1.4855878579565052
1018	1.4855878579565052
1019	1.4855878579565052
1020	0.5381478301036173
1021	0.5381478301036173
1022	0.5381478301036173
1023	0.5381478301036173
1024	0.579829826921709
1025	0.579829826921709
1026	0.579829826921709
1027	0.579829826921709
1028	0.4595145151543242
1029	0.4595145151543242
1030	0.4595145151543242
1031	0.4595145151543242
1032	0.5908587567767228
1033	0.5908587567767228
1034	0.5908587567767228
1035	0.5908587567767228
1036	0.46980889329620984
1037	0.46980889329620984
1038	0.46980889329620984
1039	0.46980889329620984
1040	1.514288453723615
1041	1.514288453723615
1042	1.623061951000711
1043	1.623061951000711
1044	1.623061951000711
1045	1.623061951000711
1046	4.148939967601246
1047	4.148939967601246
1048	4.148939967601246
1049	4.148939967601246
1050	2.5880733043844426
1051	2.5880733043844426
1052	2.5880733043844426
1053	2.5880733043844426
1054	6.537414300238192
1055	6.537414300238192
1056	2.9494423091781092
1057	2.9494423091781092
1058	2.9494423091781092
1059	2.9494423091781092
1060	3.9720015388924548
1061	3.9720015388924548
1062	3.9720015388924548
1063	3.9720015388924548
1064	2.934873944201494
1065	2.934873944201494
1066	2.934873944201494
1067	2.934873944201494
1068	1.4529419911953492
1069	1.4529419911953492
1070	1.4529419911953492
1071	1.4529419911953492
1072	3.0863327164031427
1073	3.0863327164031427
1074	3.0863327164031427
1075	3.0863327164031427
1076	2.078877393829061
1077	2.078877393829061
1078	2.078877393829061
1079	0.5008475770837684
1080	2.205957572871676
1081	2.205957572871676
1082	2.205957572871676
1083	2.205957572871676
1084	1.378163932663685
1085	1.378163932663685
1086	1.378163932663685
1087	1.378163932663685
1088	1.3180781274740625
1089	1.3180781274740625
1090	1.3180781274740625
1091	1.3180781274740625
1092	3.0255115773079737
1093	3.0255115773079737
1094	3.0255115773079737
1095	3.0255115773079737
1096	2.82030236579104
1097	2.82030236579104
1098	2.82030236579104
1099	2.82030236579104
1100	2.1118542526464608
1101	2.1118542526464608
1102	2.1118542526464608
1103	2.1118542526464608
1104	1.7184444592709116
1105	1.7184444592709116
1106	1.7184444592709116
1107	1.7184444592709116
1108	1.719454743438567
1109	1.719454743438567
1110	1.719454743438567
1111	1.719454743438567
1112	4.516077799381227
1113	4.516077799381227
1114	4.262109662394
1115	4.262109662394
1116	4.262109662394
1117	4.262109662394
1118	4.32852077063729
1119	1.2120674327318994
1120	1.2120674327318994
1121	1.2120674327318994
1122	1.2120674327318994
1123	3.0668757527576913
1124	3.0668757527576913
1125	3.0668757527576913
1126	3.0668757527576913
1127	5.102624724314355
1128	5.102624724314355
1129	5.102624724314355
1130	5.102624724314355
1131	4.6466005072128835
1132	4.6466005072128835
1133	4.6466005072128835
1134	4.6466005072128835
1135	3.632265573258068
1136	3.632265573258068
1137	3.632265573258068
1138	3.632265573258068
1139	3.2499271617840675
1140	3.2499271617840675
1141	3.2499271617840675
1142	3.2499271617840675
1143	3.587810784355364
1144	3.587810784355364
1145	3.587810784355364
1146	3.587810784355364
1147	2.8902301811185134
1148	2.8902301811185134
1149	2.8902301811185134
1150	2.8902301811185134
1151	1.9935475618731768
1152	1.9935475618731768
1153	1.9935475618731768
1154	1.9935475618731768
1155	2.469906415815066
1156	2.469906415815066
1157	2.469906415815066
1158	2.469906415815066
1159	4.428976451169092
1160	4.428976451169092
1161	4.428976451169092
1162	4.428976451169092
1163	3.0071945525087087
1164	3.0071945525087087
1165	3.0071945525087087
1166	3.0071945525087087
1167	0.1
1168	0.1
1169	0.1
1170	0.1
1171	2.088735434754572
1172	2.088735434754572
1173	2.088735434754572
1174	2.088735434754572
1175	4.582655214018629
1176	4.582655214018629
1177	4.582655214018629
1178	4.582655214018629
1179	2.9620248018476536
1180	2.9620248018476536
1181	2.9620248018476536
1182	2.9620248018476536
1183	3.305502803313601
1184	3.305502803313601
1185	3.305502803313601
1186	3.305502803313601
1187	2.8602366656011977
1188	2.8602366656011977
1189	2.8602366656011977
1190	2.8602366656011977
1191	2.5624114506029176
1192	2.5624114506029176
1193	2.5624114506029176
1194	2.5624114506029176
1195	3.0519786099185184
1196	3.0519786099185184
1197	3.0519786099185184
1198	3.0519786099185184
1199	2.951273296757867
1200	2.951273296757867
1201	2.951273296757867
1202	2.951273296757867
1203	5.001060952204286
1204	5.001060952204286
1205	5.001060952204286
1206	5.001060952204286
1207	2.0935606460283873
1208	2.0935606460283873
1209	2.0935606460283873
1210	2.0935606460283873
1211	2.168819602765299
1212	2.168819602765299
1213	2.168819602765299
1214	2.168819602765299
1215	4.0062926911484364
1216	4.0062926911484364
1217	4.0062926911484364
1218	4.0062926911484364
1219	2.714797984745243
1220	1.941974983668573
1221	1.941974983668573
1222	1.941974983668573
1223	1.941974983668573
1224	4.108231445451532
1225	4.108231445451532
1226	4.108231445451532
1227	4.108231445451532
1228	0.9474901558699582
1229	0.9474901558699582
1230	0.9474901558699582
1231	0.9474901558699582
1232	1.7967124533246661
1233	1.7967124533246661
1234	1.7967124533246661
1235	1.7967124533246661
1236	2.651308830564946
1237	2.651308830564946
1238	2.651308830564946
1239	2.651308830564946
1240	3.3912064154978676
1241	3.3912064154978676
1242	3.3912064154978676
1243	3.3912064154978676
1244	2.447561048536526
1245	2.447561048536526
1246	2.447561048536526
1247	2.447561048536526
1248	1.7447180378809715
1249	1.7447180378809715
1250	1.7447180378809715
1251	1.7447180378809715
1252	2.1945796312011066
1253	2.1945796312011066
1254	2.1945796312011066
1255	2.1945796312011066
1256	2.8045319046065273
1257	2.8045319046065273
1258	2.8045319046065273
1259	2.8045319046065273
1260	4.537698100560121
1261	4.537698100560121
1262	4.537698100560121
1263	4.537698100560121
1264	3.4834917389582083
1265	3.4834917389582083
1266	3.4834917389582083
1267	3.4834917389582083
1268	3.0348396609756874
1269	3.0348396609756874
1270	3.0348396609756874
1271	1.5727314877255432
1272	1.5727314877255432
1273	1.5727314877255432
1274	1.5727314877255432
1275	4.955015113110713
1276	4.955015113110713
1277	4.955015113110713
1278	4.955015113110713
1279	2.3140435587641823
1280	2.3140435587641823
1281	2.3140435587641823
1282	2.3140435587641823
1283	0.2627493245921819
1284	3.7766182214985577
1285	3.7766182214985577
1286	3.7766182214985577
1287	3.7766182214985577
1288	3.9573575217294716
1289	3.9573575217294716
1290	3.9573575217294716
1291	3.9573575217294716
1292	3.944486931970376
1293	3.944486931970376
1294	3.944486931970376
1295	3.944486931970376
1296	3.3947238158651905
1297	3.3947238158651905
1298	3.3947238158651905
1299	3.3947238158651905
1300	1.876073580456646
1301	1.876073580456646
1302	1.876073580456646
1303	1.876073580456646
1304	1.0515215916469312
1305	1.0515215916469312
1306	1.0515215916469312
1307	1.0515215916469312
1308	0.9942953634333445
1309	0.9942953634333445
1310	0.9942953634333445
1311	0.9942953634333445
1312	1.464221602001397
1313	1.464221602001397
1314	1.464221602001397
1315	1.464221602001397
1316	2.2463723882513547
1317	2.2463723882513547
1318	2.2463723882513547
1319	2.2463723882513547
1320	0.7681492172717033
1321	0.7681492172717033
1322	0.7681492172717033
1323	0.7681492172717033
1324	3.287139372340665
1325	3.287139372340665
1326	3.287139372340665
1327	3.287139372340665
1328	3.0091843207666615
1329	3.0091843207666615
1330	3.0091843207666615
1331	3.0091843207666615
1332	3.607564839180542
1333	3.607564839180542
1334	3.607564839180542
1335	3.607564839180542
1336	0.8363780885286047
1337	0.8363780885286047
1338	0.8363780885286047
1339	0.5085492188569172
1340	0.5085492188569172
1341	0.5085492188569172
1342	0.5085492188569172
1343	2.257897177406593
1344	2.257897177406593
1345	2.257897177406593
1346	2.257897177406593
1347	2.671060816345095
1348	2.671060816345095
1349	2.671060816345095
1350	2.671060816345095
1351	2.070384624750612
1352	2.070384624750612
1353	2.070384624750612
1354	2.070384624750612
1355	1.8101658823623556
1356	1.8101658823623556
1357	1.8101658823623556
1358	1.8101658823623556
1359	1.8734614792437372
1360	1.8734614792437372
1361	1.8734614792437372
1362	1.8734614792437372
1363	0.9593448231391614
1364	0.9593448231391614
1365	0.9593448231391614
1366	0.9593448231391614
1367	1.5471899028985738
1368	1.5471899028985738
1369	1.5471899028985738
1370	1.5471899028985738
1371	1.7649143398215925
1372	1.3117945734163405
1373	1.3117945734163405
1374	1.3117945734163405
1375	1.3117945734163405
1376	2.612838220155284
1377	2.612838220155284
1378	2.612838220155284
1379	2.612838220155284
1380	1.3062124383914353
1381	1.3062124383914353
1382	1.3062124383914353
1383	1.3062124383914353
1384	1.3937100915813614
1385	1.3937100915813614
1386	1.3937100915813614
1387	1.3937100915813614
1388	3.010616671147168
1389	3.010616671147168
1390	3.010616671147168
1391	3.010616671147168
1392	1.944712080234284
1393	1.944712080234284
1394	1.944712080234284
1395	1.944712080234284
1396	1.5611535839733115
1397	1.5611535839733115
1398	1.5611535839733115
1399	1.5611535839733115
1400	0.7399983143941448
1401	0.7399983143941448
1402	0.7399983143941448
1403	2.340927419015885
1404	2.340927419015885
1405	2.2725937511360543
1406	2.2725937511360543
1407	2.2725937511360543
1408	2.2725937511360543
1409	2.1459472134069952
1410	2.1459472134069952
1411	2.1459472134069952
1412	2.1459472134069952
1413	1.0859628618217392
1414	1.0859628618217392
1415	1.0859628618217392
1416	1.0859628618217392
1417	1.605649968156375
1418	1.605649968156375
1419	1.605649968156375
1420	1.605649968156375
1421	0.44342177780345504
1422	0.44342177780345504
1423	0.44342177780345504
1424	0.44342177780345504
1425	2.4521235879606946
1426	2.4521235879606946
1427	2.4521235879606946
1428	2.4521235879606946
1429	1.7893556576370546
1430	1.7893556576370546
1431	1.7893556576370546
1432	1.7893556576370546
1433	1.6528337700398263
1434	1.6528337700398263
1435	1.6528337700398263
1436	1.6528337700398263
1437	1.2808948045731818
1438	1.2808948045731818
1439	1.2808948045731818
1440	1.2808948045731818
1441	1.3581056961285498
1442	1.3581056961285498
1443	1.3581056961285498
1444	1.3581056961285498
1445	1.2483211756751356
1446	1.2483211756751356
1447	1.2483211756751356
1448	1.2483211756751356
1449	3.348608917761962
1450	3.348608917761962
1451	3.348608917761962
1452	3.348608917761962
1453	2.5500540896136803
1454	2.5500540896136803
1455	2.5500540896136803
1456	2.5500540896136803
1457	2.6981511641929963
1458	2.6981511641929963
1459	2.6981511641929963
1460	2.6981511641929963
1461	1.410396386471057
1462	1.410396386471057
1463	1.410396386471057
1464	1.410396386471057
1465	2.1742879669695343
1466	2.1742879669695343
1467	2.1742879669695343
1468	2.1742879669695343
1469	1.7136069558892948
1470	1.7136069558892948
1471	1.7136069558892948
1472	1.7136069558892948
1473	1.6163142526110423
1474	1.6163142526110423
1475	1.6163142526110423
1476	1.6163142526110423
1477	0.3369621911430136
1478	0.3369621911430136
1479	0.3369621911430136
1480	0.3369621911430136
1481	1.3874848015248287
1482	1.3874848015248287
1483	1.3874848015248287
1484	1.3874848015248287
1485	1.505474948224386
1486	0.19753012806007356
1487	0.19753012806007356
1488	0.19753012806007356
1489	0.19753012806007356
1490	0.16253180320044192
1491	0.16253180320044192
1492	0.16253180320044192
1493	0.16253180320044192
1494	0.1541407993719973
1495	0.1541407993719973
1496	0.1541407993719973
1497	0.1541407993719973
1498	0.31540827637130675
1499	0.6706837167613129
1500	0.6706837167613129
1501	0.6706837167613129
1502	0.6706837167613129
1503	0.2742201095962813
1504	0.2742201095962813
1505	0.2742201095962813
1506	0.2742201095962813
1507	0.38001086754821345
1508	0.38001086754821345
1509	0.38001086754821345
1510	0.38001086754821345
1511	0.6559093542294732
1512	0.6559093542294732
1513	0.6559093542294732
1514	0.6559093542294732
1515	1.0918306384257566
1516	1.0918306384257566
1517	1.0918306384257566
1518	1.0918306384257566
1519	0.1982096208943715
1520	0.1982096208943715
1521	0.1982096208943715
1522	0.1982096208943715
1523	0.5611408456008711
1524	0.5611408456008711
1525	0.5611408456008711
1526	0.5611408456008711
1527	1.0626734195143215
1528	1.0626734195143215
1529	1.0626734195143215
1530	1.0626734195143215
1531	1.6076739757736447
1532	1.6076739757736447
1533	1.6076739757736447
1534	1.6076739757736447
1535	1.888196805481172
1536	1.888196805481172
1537	1.888196805481172
1538	1.888196805481172
1539	2.2850349170637685
1540	2.2850349170637685
1541	2.2850349170637685
1542	2.2850349170637685
1543	2.732653480857751
1544	2.732653480857751
1545	2.732653480857751
1546	2.732653480857751
1547	2.1346049462081678
1548	2.1346049462081678
1549	2.1346049462081678
1550	2.1346049462081678
1551	1.5989175186782747
1552	1.5989175186782747
1553	1.5989175186782747
1554	1.5989175186782747
1555	1.732721862250652
1556	1.732721862250652
1557	1.732721862250652
1558	1.732721862250652
1559	3.8983299181417084
1560	3.8983299181417084
1561	3.8983299181417084
1562	3.8983299181417084
1563	1.8799181804199965
1564	1.8799181804199965
1565	1.8799181804199965
1566	1.8799181804199965
1567	0.1
1568	0.1
1569	0.1
1570	0.1
1571	1.7912136686095408
1572	1.7912136686095408
1573	1.7912136686095408
1574	1.7912136686095408
1575	2.1955935236057265
1576	2.1955935236057265
1577	2.1955935236057265
1578	2.1955935236057265
1579	0.7537699041379697
1580	0.7537699041379697
1581	0.7537699041379697
1582	0.7537699041379697
1583	1.0022569240851498
1584	1.0022569240851498
1585	1.0022569240851498
1586	1.0022569240851498
1587	1.3100080072190088
1588	1.3100080072190088
1589	1.3100080072190088
1590	1.3100080072190088
1591	2.1697891008380643
1592	2.1697891008380643
1593	2.1697891008380643
1594	2.1697891008380643
1595	3.114897189177117
1596	3.114897189177117
1597	3.114897189177117
1598	3.114897189177117
1599	2.6320423244079216
1600	2.6320423244079216
1601	2.6320423244079216
1602	2.6320423244079216
1603	3.385933688694477
1604	3.385933688694477
1605	3.385933688694477
1606	3.385933688694477
1607	2.498398416119382
1608	2.498398416119382
1609	2.498398416119382
1610	2.498398416119382
1611	3.2065987770559072
1612	3.2065987770559072
1613	3.2065987770559072
1614	3.2065987770559072
1615	2.3956234053527568
1616	2.3956234053527568
1617	2.3956234053527568
1618	2.3956234053527568
1619	2.4553783561518294
1620	2.4553783561518294
1621	2.4553783561518294
1622	2.4553783561518294
1623	2.038841925844624
1624	2.038841925844624
1625	2.038841925844624
1626	2.038841925844624
1627	1.4499081491149128
1628	1.4499081491149128
1629	1.4499081491149128
1630	1.4499081491149128
1631	3.343963841185931
1632	3.343963841185931
1633	3.343963841185931
1634	3.343963841185931
1635	2.617782121354434
1636	2.617782121354434
1637	2.617782121354434
1638	2.617782121354434
1639	1.0109517732180064
1640	1.0109517732180064
1641	1.0109517732180064
1642	1.0109517732180064
1643	1.169760388649304
1644	1.169760388649304
1645	1.169760388649304
1646	1.169760388649304
1647	1.8797311055731503
1648	1.8797311055731503
1649	1.8797311055731503
1650	1.8797311055731503
1651	1.1326216521794406
1652	1.1326216521794406
1653	1.1326216521794406
1654	1.1326216521794406
1655	1.2704884942630867
1656	1.2704884942630867
1657	1.2704884942630867
1658	1.2704884942630867
1659	2.5632438401120896
1660	2.5632438401120896
1661	2.5632438401120896
1662	2.5632438401120896
1663	2.3313907313316258
1664	2.3313907313316258
1665	4.674338595723065
1666	4.674338595723065
1667	4.674338595723065
1668	4.674338595723065
1669	4.126651215652955
1670	2.507714454153347
1671	2.507714454153347
1672	2.507714454153347
1673	2.507714454153347
1674	1.9536852776033344
1675	1.9536852776033344
1676	1.9536852776033344
1677	1.9536852776033344
1678	1.9286008685028313
1679	1.9286008685028313
1680	1.9286008685028313
1681	1.9286008685028313
1682	2.8483342666117597
1683	2.8483342666117597
1684	2.8483342666117597
1685	2.8483342666117597
1686	2.1700924565571142
1687	2.1700924565571142
1688	2.1700924565571142
1689	2.1700924565571142
1690	2.9209012211534393
1691	2.9209012211534393
1692	2.9209012211534393
1693	2.9209012211534393
1694	2.1206661689152972
1695	2.1206661689152972
1696	2.1206661689152972
1697	2.1206661689152972
1698	2.3070417536797985
1699	2.3070417536797985
1700	2.3070417536797985
1701	2.3070417536797985
1702	1.4195688500906614
1703	1.4195688500906614
1704	1.4195688500906614
1705	1.4195688500906614
1706	2.1584111641347974
1707	2.1584111641347974
1708	2.1584111641347974
1709	2.1584111641347974
1710	1.2666569228955105
1711	1.2666569228955105
1712	1.2666569228955105
1713	1.2666569228955105
1714	1.445710739264301
1715	1.445710739264301
1716	1.445710739264301
1717	1.445710739264301
1718	1.7827970024333524
1719	1.7827970024333524
1720	1.7827970024333524
1721	1.7827970024333524
1722	1.414558042448291
1723	1.414558042448291
1724	1.414558042448291
1725	1.414558042448291
1726	0.8105920438224643
1727	0.8105920438224643
1728	0.8105920438224643
1729	1.453870643635931
1730	1.453870643635931
1731	1.453870643635931
1732	1.453870643635931
1733	0.9057609266734044
1734	0.9057609266734044
1735	0.9057609266734044
1736	0.9057609266734044
1737	1.873123689203076
1738	1.873123689203076
1739	1.873123689203076
1740	0.14360811768274034
1741	0.14360811768274034
1742	0.9186316246590694
1743	0.9186316246590694
1744	0.9186316246590694
1745	0.9186316246590694
1746	0.7429883237367367
1747	0.7429883237367367
1748	0.7429883237367367
1749	0.7429883237367367
1750	2.084832861241717
1751	0.1
1752	0.1
1753	0.1
1754	0.1
1755	0.2025475266444737
1756	0.2025475266444737
1757	0.2025475266444737
1758	0.2025475266444737
1759	0.32137172807458436
1760	0.32137172807458436
1761	0.32137172807458436
1762	0.32137172807458436
1763	0.2531717858366026
1764	0.2531717858366026
1765	0.2531717858366026
1766	0.2531717858366026
1767	0.2560552043307601
1768	0.2560552043307601
1769	0.2560552043307601
1770	0.2560552043307601
1771	0.1
1772	0.1
1773	0.1
1774	0.1
1775	0.3283783097019982
1776	0.3283783097019982
1777	0.3283783097019982
1778	0.3283783097019982
1779	0.2296044822617927
1780	0.2296044822617927
1781	0.2296044822617927
1782	0.2296044822617927
1783	0.2612803118669865
1784	0.2612803118669865
1785	0.2612803118669865
1786	0.2612803118669865
1787	0.22457025925122226
1788	0.22457025925122226
1789	0.22457025925122226
1790	0.22457025925122226
1791	0.26680213762176286
1792	0.26680213762176286
1793	0.26680213762176286
1794	0.26680213762176286
1795	0.14787720150946826
1796	0.14787720150946826
1797	0.14787720150946826
1798	0.14787720150946826
1799	0.15797388182417874
1800	0.15797388182417874
1801	0.15797388182417874
1802	0.15797388182417874
1803	0.20241013021255452
1804	0.20241013021255452
1805	0.20241013021255452
1806	0.20241013021255452
1807	0.26667767735328174
1808	0.26667767735328174
1809	0.26667767735328174
1810	0.26667767735328174
1811	0.32073610419035575
1812	0.32073610419035575
1813	0.32073610419035575
1814	0.32073610419035575
1815	0.2943358546260908
1816	0.2943358546260908
1817	0.2943358546260908
1818	0.2943358546260908
1819	0.14266312534616682
1820	0.14266312534616682
1821	0.14266312534616682
1822	0.14266312534616682
1823	0.3289538591377953
1824	0.3289538591377953
1825	0.3289538591377953
1826	0.3289538591377953
1827	0.21673525434956914
1828	0.21673525434956914
1829	0.21673525434956914
1830	0.21673525434956914
1831	0.240214526189779
1832	0.240214526189779
1833	0.240214526189779
1834	0.240214526189779
1835	0.24224352774181823
1836	0.24224352774181823
1837	0.24224352774181823
1838	0.24224352774181823
1839	0.1500199300413631
1840	0.1500199300413631
1841	0.1500199300413631
1842	0.1500199300413631
1843	0.14318221007192342
1844	0.14318221007192342
1845	0.14318221007192342
1846	0.14318221007192342
1847	0.10943185048888464
1848	0.10943185048888464
1849	0.10943185048888464
1850	0.10943185048888464
1851	0.2896760126566239
1852	0.2896760126566239
1853	0.2896760126566239
1854	0.2896760126566239
1855	0.1
1856	0.1
1857	1.1686400385548361
1858	1.1686400385548361
1859	1.1686400385548361
1860	1.1686400385548361
1861	1.2466152672001318
1862	1.2466152672001318
1863	1.2466152672001318
1864	1.2466152672001318
1865	1.6512472982671424
1866	1.6512472982671424
1867	1.6512472982671424
1868	1.6512472982671424
1869	0.6635400675790587
1870	0.2566834055414836
1871	0.2566834055414836
1872	0.2566834055414836
1873	0.2566834055414836
1874	0.208219832820029
1875	0.208219832820029
1876	0.208219832820029
1877	0.208219832820029
1878	0.1
1879	0.1
1880	0.1
1881	0.1
1882	0.1601121406472941
1883	0.1601121406472941
1884	0.1601121406472941
1885	0.1601121406472941
1886	0.18731754216327295
1887	0.18731754216327295
1888	0.18731754216327295
1889	0.18731754216327295
1890	0.2609872594309819
1891	0.2609872594309819
1892	0.2609872594309819
1893	0.2609872594309819
1894	0.22535512776491362
1895	2.9374187264206113
1896	2.9374187264206113
1897	2.9374187264206113
1898	2.9374187264206113
1899	5.095960224707713
1900	5.095960224707713
1901	5.095960224707713
1902	5.095960224707713
1903	1.9565864173795882
1904	1.9565864173795882
1905	1.9565864173795882
1906	1.9565864173795882
1907	1.5212224384317188
1908	1.5212224384317188
1909	1.5212224384317188
1910	1.5212224384317188
1911	2.0468273643636707
1912	2.0468273643636707
1913	2.0468273643636707
1914	2.0468273643636707
1915	0.1
1916	0.1
1917	0.1
1918	0.1
1919	4.900153423123851
1920	4.900153423123851
1921	4.900153423123851
1922	4.900153423123851
1923	5.64161349524172
1924	5.64161349524172
1925	5.64161349524172
1926	5.64161349524172
1927	2.9604429833651835
1928	2.9604429833651835
1929	2.9604429833651835
1930	2.9604429833651835
1931	4.819657214094912
1932	4.819657214094912
1933	4.819657214094912
1934	4.819657214094912
1935	5.183303377346906
1936	5.183303377346906
1937	5.183303377346906
1938	5.183303377346906
1939	3.6777702551951488
1940	3.6777702551951488
1941	3.6777702551951488
1942	3.6777702551951488
1943	1.5168440581841873
1944	1.5168440581841873
1945	1.5168440581841873
1946	1.5168440581841873
1947	2.180207222402824
1948	2.180207222402824
1949	2.180207222402824
1950	2.180207222402824
1951	3.386091399653227
1952	3.386091399653227
1953	3.386091399653227
1954	3.386091399653227
1955	2.94717684912849
1956	2.94717684912849
1957	2.94717684912849
1958	2.94717684912849
1959	4.022710093619386
1960	4.022710093619386
1961	4.022710093619386
1962	4.022710093619386
1963	3.04314773928064
1964	3.04314773928064
1965	3.04314773928064
1966	3.04314773928064
1967	4.519225927430504
1968	4.519225927430504
1969	4.519225927430504
1970	4.519225927430504
1971	2.8680658702227433
1972	2.8680658702227433
1973	2.8680658702227433
1974	2.8680658702227433
1975	3.7746556167329333
1976	3.7746556167329333
1977	3.7746556167329333
1978	3.7746556167329333
1979	4.016826420898716
1980	4.016826420898716
1981	4.016826420898716
1982	4.016826420898716
1983	4.585186731140323
1984	4.585186731140323
1985	4.585186731140323
1986	4.585186731140323
1987	2.716254018226379
1988	2.716254018226379
1989	2.716254018226379
1990	2.716254018226379
1991	2.031696491913219
1992	2.031696491913219
1993	2.031696491913219
1994	2.031696491913219
1995	1.9824438196655076
1996	1.9824438196655076
1997	1.9824438196655076
1998	1.9824438196655076
1999	3.4683823551463626
