0	5.580646461370135
1	5.580646461370135
2	5.580646461370135
3	5.580646461370135
4	1.9962036891557349
5	1.9962036891557349
6	1.9962036891557349
7	1.9962036891557349
8	4.025004969422863
9	4.025004969422863
10	4.025004969422863
11	4.025004969422863
12	2.568905482441986
13	2.568905482441986
14	2.568905482441986
15	2.568905482441986
16	3.1552922943766024
17	3.1552922943766024
18	3.1552922943766024
19	3.1552922943766024
20	6.087954003295522
21	6.087954003295522
22	6.087954003295522
23	6.087954003295522
24	4.523629728814922
25	4.523629728814922
26	4.523629728814922
27	4.523629728814922
28	6.698585909900439
29	6.698585909900439
30	6.698585909900439
31	6.698585909900439
32	1.9724014387653108
33	1.9724014387653108
34	1.9724014387653108
35	1.9724014387653108
36	3.781928667907747
37	3.781928667907747
38	3.781928667907747
39	3.781928667907747
40	2.733006065752213
41	2.733006065752213
42	2.733006065752213
43	2.733006065752213
44	6.00619912025576
45	6.00619912025576
46	6.00619912025576
47	6.00619912025576
48	4.275288277378286
49	4.275288277378286
50	4.275288277378286
51	4.275288277378286
52	1.9655263838791013
53	1.9655263838791013
54	1.9655263838791013
55	1.9655263838791013
56	4.864975843110897
57	4.864975843110897
58	4.864975843110897
59	4.864975843110897
60	3.193139393852114
61	3.193139393852114
62	3.193139393852114
63	3.193139393852114
64	1.7417233597061
65	1.7417233597061
66	1.7417233597061
67	1.7417233597061
68	6.299101414435888
69	6.299101414435888
70	6.299101414435888
71	6.299101414435888
72	4.3794045902486705
73	4.3794045902486705
74	4.3794045902486705
75	4.3794045902486705
76	5.209587577176321
77	5.209587577176321
78	5.209587577176321
79	5.209587577176321
80	2.743827615153683
81	2.743827615153683
82	2.743827615153683
83	2.743827615153683
84	4.632552664511223
85	4.632552664511223
86	4.632552664511223
87	4.632552664511223
88	1.701555707260284
89	1.701555707260284
90	1.701555707260284
91	1.701555707260284
92	2.698080577473559
93	2.698080577473559
94	2.698080577473559
95	2.698080577473559
96	3.4145547873806414
97	3.4145547873806414
98	3.4145547873806414
99	3.4145547873806414
100	3.370244732540568
101	3.370244732540568
102	3.370244732540568
103	3.370244732540568
104	4.946899677077688
105	4.946899677077688
106	4.946899677077688
107	4.946899677077688
108	4.746533901065782
109	4.746533901065782
110	4.746533901065782
111	4.746533901065782
112	4.8873435218200205
113	4.8873435218200205
114	4.8873435218200205
115	4.8873435218200205
116	2.4919671338708467
117	2.4919671338708467
118	2.4919671338708467
119	2.4919671338708467
120	3.215169324943356
121	3.215169324943356
122	3.215169324943356
123	3.215169324943356
124	4.90449930235663
125	4.90449930235663
126	4.90449930235663
127	4.90449930235663
128	2.9652478666987068
129	2.9652478666987068
130	2.9652478666987068
131	2.9652478666987068
132	4.626574817303834
133	4.626574817303834
134	4.626574817303834
135	4.626574817303834
136	1.9802812506333753
137	1.9802812506333753
138	1.9802812506333753
139	1.9802812506333753
140	2.4111646241964877
141	2.4111646241964877
142	2.4111646241964877
143	2.4111646241964877
144	5.222101904271884
145	5.222101904271884
146	5.222101904271884
147	5.222101904271884
148	1.4895420351415654
149	1.4895420351415654
150	1.4895420351415654
151	1.4895420351415654
152	3.189205607879156
153	3.189205607879156
154	3.189205607879156
155	3.189205607879156
156	0.1
157	0.1
158	0.1
159	0.1
160	4.195686076303071
161	4.195686076303071
162	4.195686076303071
163	4.195686076303071
164	2.2369930125648296
165	2.2369930125648296
166	2.2369930125648296
167	2.2369930125648296
168	3.262665624268818
169	3.262665624268818
170	3.262665624268818
171	3.262665624268818
172	4.767999679058067
173	4.767999679058067
174	4.767999679058067
175	4.767999679058067
176	3.092582467222253
177	3.092582467222253
178	3.092582467222253
179	3.092582467222253
180	8.55768878856847
181	8.55768878856847
182	8.55768878856847
183	8.55768878856847
184	3.1696413544892215
185	3.1696413544892215
186	3.1696413544892215
187	3.1696413544892215
188	0.1
189	0.1
190	0.1
191	0.1
192	1.4756959725826704
193	1.4756959725826704
194	1.4756959725826704
195	1.4756959725826704
196	5.122720455390643
197	5.122720455390643
198	5.122720455390643
199	5.122720455390643
200	8.956834622735784
201	8.956834622735784
202	8.956834622735784
203	8.956834622735784
204	2.8058783951163653
205	2.8058783951163653
206	2.8058783951163653
207	2.8058783951163653
208	0.1
209	0.1
210	0.1
211	0.1
212	6.581768093349066
213	6.581768093349066
214	6.581768093349066
215	6.581768093349066
216	4.347639643800197
217	4.347639643800197
218	4.347639643800197
219	4.347639643800197
220	2.512755765104007
221	2.512755765104007
222	2.512755765104007
223	2.512755765104007
224	1.6588790692532003
225	1.6588790692532003
226	1.6588790692532003
227	1.6588790692532003
228	2.4921165535839127
229	2.4921165535839127
230	2.4921165535839127
231	2.4921165535839127
232	5.007269161887791
233	5.007269161887791
234	5.007269161887791
235	5.007269161887791
236	4.743283226493397
237	4.743283226493397
238	4.743283226493397
239	4.743283226493397
240	4.0710973544617435
241	4.0710973544617435
242	4.0710973544617435
243	4.0710973544617435
244	1.7351944577512475
245	1.7351944577512475
246	1.7351944577512475
247	1.7351944577512475
248	6.032256446976348
249	6.032256446976348
250	6.032256446976348
251	6.032256446976348
252	7.241426799149705
253	7.241426799149705
254	7.241426799149705
255	7.241426799149705
256	3.3716383856458583
257	3.3716383856458583
258	3.3716383856458583
259	3.3716383856458583
260	3.508351183909059
261	3.508351183909059
262	3.508351183909059
263	3.508351183909059
264	2.3589749169746685
265	2.3589749169746685
266	2.3589749169746685
267	2.3589749169746685
268	5.887620263909719
269	5.887620263909719
270	5.887620263909719
271	5.887620263909719
272	3.1501121503885505
273	3.1501121503885505
274	3.1501121503885505
275	3.1501121503885505
276	6.431268690041046
277	6.431268690041046
278	6.431268690041046
279	6.431268690041046
280	4.493550701499338
281	4.493550701499338
282	4.493550701499338
283	4.493550701499338
284	4.765944849608447
285	4.765944849608447
286	4.765944849608447
287	4.765944849608447
288	3.3808791417209645
289	3.3808791417209645
290	3.3808791417209645
291	3.3808791417209645
292	0.2802241303396289
293	0.2802241303396289
294	0.2802241303396289
295	0.2802241303396289
296	4.636781229097839
297	4.636781229097839
298	4.636781229097839
299	4.636781229097839
300	2.8436882467345277
301	2.8436882467345277
302	2.8436882467345277
303	2.8436882467345277
304	4.8522230373725135
305	4.8522230373725135
306	4.8522230373725135
307	4.8522230373725135
308	1.5030846739767583
309	1.5030846739767583
310	1.5030846739767583
311	1.5030846739767583
312	3.3281671862574775
313	3.3281671862574775
314	3.3281671862574775
315	3.3281671862574775
316	5.501098498784693
317	5.501098498784693
318	5.501098498784693
319	5.501098498784693
320	3.7245819500209514
321	3.7245819500209514
322	3.7245819500209514
323	3.7245819500209514
324	5.696804901870926
325	5.696804901870926
326	5.696804901870926
327	5.696804901870926
328	2.4955699257104014
329	2.4955699257104014
330	2.4955699257104014
331	2.4955699257104014
332	4.452070243739919
333	4.452070243739919
334	4.452070243739919
335	4.452070243739919
336	4.926668450037912
337	4.926668450037912
338	4.926668450037912
339	4.926668450037912
340	6.00896375904974
341	6.00896375904974
342	6.00896375904974
343	6.00896375904974
344	3.6319931765112963
345	3.6319931765112963
346	3.6319931765112963
347	3.6319931765112963
348	6.559638408342899
349	6.559638408342899
350	6.559638408342899
351	6.559638408342899
352	0.17160466595000168
353	0.17160466595000168
354	0.17160466595000168
355	0.17160466595000168
356	5.53786730382919
357	5.53786730382919
358	5.53786730382919
359	5.53786730382919
360	2.0929480322451095
361	2.0929480322451095
362	2.0929480322451095
363	2.0929480322451095
364	1.2384315672687163
365	1.2384315672687163
366	1.2384315672687163
367	1.2384315672687163
368	6.285646675819689
369	6.285646675819689
370	6.285646675819689
371	6.285646675819689
372	3.1417080691360675
373	3.1417080691360675
374	3.1417080691360675
375	3.1417080691360675
376	2.909185696750206
377	2.909185696750206
378	2.909185696750206
379	2.909185696750206
380	5.878127081941333
381	5.878127081941333
382	5.878127081941333
383	5.878127081941333
384	7.866961066997511
385	7.866961066997511
386	0.6746806438766891
387	0.6746806438766891
388	0.6746806438766891
389	0.6746806438766891
390	0.1436016202468563
391	0.1436016202468563
392	0.1436016202468563
393	0.1436016202468563
394	0.6334591673081067
395	0.6334591673081067
396	0.6334591673081067
397	0.6334591673081067
398	0.738700880386845
399	0.738700880386845
400	0.738700880386845
401	0.738700880386845
402	0.6848579562619954
403	0.6848579562619954
404	0.6848579562619954
405	0.6848579562619954
406	0.8885806601615486
407	0.8885806601615486
408	0.8885806601615486
409	0.8885806601615486
410	0.593738292720243
411	0.593738292720243
412	0.593738292720243
413	0.593738292720243
414	0.1
415	0.1
416	0.1
417	0.1
418	1.073170903846446
419	1.073170903846446
420	1.073170903846446
421	1.073170903846446
422	0.8462968295939848
423	0.8462968295939848
424	0.8462968295939848
425	0.8462968295939848
426	1.0537357888863608
427	1.0537357888863608
428	1.0537357888863608
429	1.0537357888863608
430	0.241133804836489
431	0.241133804836489
432	0.241133804836489
433	0.241133804836489
434	0.4091396507067181
435	0.4091396507067181
436	0.4091396507067181
437	0.4091396507067181
438	0.7569029926771746
439	0.7569029926771746
440	0.7569029926771746
441	2.267117881968829
442	2.267117881968829
443	2.267117881968829
444	2.267117881968829
445	3.675473685158802
446	3.675473685158802
447	3.675473685158802
448	3.675473685158802
449	1.527631864446047
450	1.527631864446047
451	1.527631864446047
452	1.527631864446047
453	2.100810511249117
454	2.100810511249117
455	2.100810511249117
456	2.100810511249117
457	0.5528172964006228
458	0.5528172964006228
459	0.5528172964006228
460	0.5528172964006228
461	2.4234407879798177
462	2.4234407879798177
463	2.4234407879798177
464	2.4234407879798177
465	3.71290987578842
466	3.71290987578842
467	3.71290987578842
468	3.71290987578842
469	3.2502760310769707
470	3.2502760310769707
471	3.2502760310769707
472	3.2502760310769707
473	1.7311658857045844
474	1.7311658857045844
475	1.7311658857045844
476	1.7311658857045844
477	0.1
478	0.1
479	0.1
480	0.1
481	3.7017123485709424
482	3.7017123485709424
483	4.450602324547674
484	4.450602324547674
485	4.450602324547674
486	4.450602324547674
487	2.128079802070817
488	2.128079802070817
489	2.128079802070817
490	2.128079802070817
491	4.325754037785373
492	4.325754037785373
493	4.325754037785373
494	4.325754037785373
495	2.6099027044980643
496	2.6099027044980643
497	2.6099027044980643
498	2.6099027044980643
499	4.332763526839116
500	4.332763526839116
501	4.332763526839116
502	4.332763526839116
503	3.5074311705868406
504	3.5074311705868406
505	3.5074311705868406
506	3.5074311705868406
507	5.391003952828639
508	5.391003952828639
509	5.391003952828639
510	5.391003952828639
511	2.6357175674146647
512	2.6357175674146647
513	2.6357175674146647
514	2.6357175674146647
515	0.4000747432471705
516	0.4000747432471705
517	0.4000747432471705
518	0.4000747432471705
519	4.189939534771364
520	4.189939534771364
521	4.189939534771364
522	4.189939534771364
523	3.488757050611417
524	3.488757050611417
525	3.488757050611417
526	3.488757050611417
527	4.337912738383633
528	4.337912738383633
529	4.337912738383633
530	4.337912738383633
531	2.4094217631906982
532	2.4094217631906982
533	2.4094217631906982
534	2.4094217631906982
535	1.978279554284113
536	1.978279554284113
537	1.978279554284113
538	1.978279554284113
539	1.7406296083356356
540	1.7406296083356356
541	1.7406296083356356
542	1.7406296083356356
543	4.6134116190914725
544	4.6134116190914725
545	4.6134116190914725
546	4.6134116190914725
547	5.579140384959246
548	5.579140384959246
549	5.579140384959246
550	5.579140384959246
551	4.693758715514225
552	4.693758715514225
553	4.693758715514225
554	4.693758715514225
555	3.9771274656320035
556	3.9771274656320035
557	3.9771274656320035
558	3.9771274656320035
559	2.8272087930842025
560	2.8272087930842025
561	2.8272087930842025
562	2.8272087930842025
563	4.756475091152269
564	4.756475091152269
565	4.756475091152269
566	4.756475091152269
567	2.45070190948637
568	2.45070190948637
569	2.45070190948637
570	2.45070190948637
571	0.2963958660899979
572	0.2963958660899979
573	0.2963958660899979
574	0.2963958660899979
575	4.418889806244138
576	4.418889806244138
577	4.418889806244138
578	4.418889806244138
579	3.346116063395056
580	3.346116063395056
581	3.346116063395056
582	3.346116063395056
583	1.9924450654219794
584	1.9924450654219794
585	1.9924450654219794
586	1.9924450654219794
587	2.6360176788819043
588	2.6360176788819043
589	2.6360176788819043
590	2.6360176788819043
591	3.2989572944943735
592	3.2989572944943735
593	3.2989572944943735
594	3.2989572944943735
595	2.431165614445668
596	2.431165614445668
597	2.431165614445668
598	2.431165614445668
599	2.9000925125814065
600	2.9000925125814065
601	2.9000925125814065
602	2.9000925125814065
603	2.1824993575014062
604	2.1824993575014062
605	2.1824993575014062
606	2.1824993575014062
607	1.6915990639241787
608	1.6915990639241787
609	1.6915990639241787
610	1.6915990639241787
611	4.148472663199674
612	4.148472663199674
613	4.148472663199674
614	4.148472663199674
615	1.099806567622024
616	1.099806567622024
617	1.099806567622024
618	1.099806567622024
619	0.7783135940774404
620	0.7783135940774404
621	0.7783135940774404
622	0.7783135940774404
623	6.312811953009156
624	6.312811953009156
625	6.312811953009156
626	6.312811953009156
627	3.3702195700430235
628	3.3702195700430235
629	3.3702195700430235
630	3.3702195700430235
631	2.9748458597567233
632	2.9748458597567233
633	2.9748458597567233
634	2.9748458597567233
635	2.4643498467144505
636	2.4643498467144505
637	2.4643498467144505
638	2.4643498467144505
639	3.0541793160328736
640	3.0541793160328736
641	3.0541793160328736
642	3.0541793160328736
643	3.2214327550883217
644	3.2214327550883217
645	3.2214327550883217
646	3.2214327550883217
647	2.933605266566248
648	2.933605266566248
649	2.933605266566248
650	2.933605266566248
651	4.132327025128377
652	4.132327025128377
653	4.132327025128377
654	4.132327025128377
655	3.7332183314805722
656	3.7332183314805722
657	3.7332183314805722
658	3.7332183314805722
659	0.9363641407425993
660	0.9363641407425993
661	0.9363641407425993
662	0.9363641407425993
663	2.6138919229620443
664	2.6138919229620443
665	2.6138919229620443
666	2.6138919229620443
667	2.400221064697722
668	2.400221064697722
669	2.400221064697722
670	2.400221064697722
671	3.9608015518617012
672	3.9608015518617012
673	3.9608015518617012
674	3.9608015518617012
675	4.604466984966312
676	4.604466984966312
677	4.604466984966312
678	4.604466984966312
679	4.2794845435376
680	4.2794845435376
681	4.2794845435376
682	4.2794845435376
683	3.108834234353443
684	3.108834234353443
685	3.108834234353443
686	3.108834234353443
687	3.5227791554055923
688	3.5227791554055923
689	3.5227791554055923
690	3.5227791554055923
691	1.7270912076549771
692	1.7270912076549771
693	1.7270912076549771
694	1.7270912076549771
695	0.1
696	0.1
697	0.1
698	0.1
699	3.75159230477328
700	3.75159230477328
701	3.75159230477328
702	3.75159230477328
703	1.2553316919362332
704	1.2553316919362332
705	1.2553316919362332
706	1.2553316919362332
707	2.0531708944844964
708	2.0531708944844964
709	2.0531708944844964
710	2.0531708944844964
711	3.079653061871558
712	3.079653061871558
713	3.079653061871558
714	3.079653061871558
715	3.325554141852852
716	3.325554141852852
717	3.325554141852852
718	3.325554141852852
719	2.6283474941046117
720	2.6283474941046117
721	2.6283474941046117
722	2.6283474941046117
723	4.636723444699572
724	4.636723444699572
725	4.636723444699572
726	4.636723444699572
727	3.9595423828550222
728	3.9595423828550222
729	3.9595423828550222
730	3.9595423828550222
731	3.532135079874367
732	3.532135079874367
733	3.532135079874367
734	3.532135079874367
735	2.368491684439403
736	2.368491684439403
737	2.368491684439403
738	2.368491684439403
739	2.230631687514567
740	2.230631687514567
741	2.230631687514567
742	2.230631687514567
743	1.0813092545752825
744	1.0813092545752825
745	1.0813092545752825
746	1.0813092545752825
747	1.129450116595137
748	1.129450116595137
749	1.129450116595137
750	1.129450116595137
751	0.23794617930874884
752	0.23794617930874884
753	0.23794617930874884
754	0.23794617930874884
755	2.4134047738528897
756	2.4134047738528897
757	2.4134047738528897
758	2.4134047738528897
759	3.0162396202400235
760	3.0162396202400235
761	3.0162396202400235
762	3.0162396202400235
763	0.7759994829018728
764	0.7759994829018728
765	0.7759994829018728
766	0.7759994829018728
767	1.1162923563998328
768	1.1162923563998328
769	1.1162923563998328
770	1.1162923563998328
771	2.168266801768208
772	2.168266801768208
773	2.168266801768208
774	2.168266801768208
775	2.0806762631266307
776	2.0806762631266307
777	2.0806762631266307
778	2.0806762631266307
779	0.904700560329484
780	0.904700560329484
781	0.904700560329484
782	0.904700560329484
783	2.3396361346481642
784	2.3396361346481642
785	2.3396361346481642
786	2.3396361346481642
787	2.7710554649793355
788	2.7710554649793355
789	2.7710554649793355
790	2.7710554649793355
791	2.9529502727795442
792	2.9529502727795442
793	2.9529502727795442
794	2.9529502727795442
795	1.534693146598905
796	1.534693146598905
797	1.534693146598905
798	1.534693146598905
799	3.286410550407374
800	3.286410550407374
801	3.286410550407374
802	3.286410550407374
803	2.665402983499376
804	2.665402983499376
805	2.665402983499376
806	2.665402983499376
807	1.6156395175604867
808	1.6156395175604867
809	1.6156395175604867
810	1.6156395175604867
811	0.1
812	0.1
813	0.1
814	0.1
815	1.3077738497183056
816	1.3077738497183056
817	1.3077738497183056
818	1.3077738497183056
819	0.9890596081486345
820	0.9890596081486345
821	0.9890596081486345
822	0.9890596081486345
823	2.5499227936173314
824	2.5499227936173314
825	2.5499227936173314
826	2.5499227936173314
827	3.7307753146205513
828	3.7307753146205513
829	3.7307753146205513
830	3.7307753146205513
831	1.6013891485388991
832	1.6013891485388991
833	1.6013891485388991
834	1.6013891485388991
835	2.8307432605537555
836	2.8307432605537555
837	2.8307432605537555
838	2.8307432605537555
839	2.049970090778267
840	2.049970090778267
841	2.049970090778267
842	2.049970090778267
843	1.5305684127820518
844	1.5305684127820518
845	1.5305684127820518
846	1.5305684127820518
847	2.7459078634297027
848	2.7459078634297027
849	2.7459078634297027
850	2.7459078634297027
851	0.7313893699832472
852	0.7313893699832472
853	0.7313893699832472
854	0.7313893699832472
855	3.5073788617215915
856	3.5073788617215915
857	3.5073788617215915
858	3.5073788617215915
859	1.1566577975668506
860	1.1566577975668506
861	1.1566577975668506
862	1.1566577975668506
863	0.6225678971634288
864	0.6225678971634288
865	0.6225678971634288
866	0.6225678971634288
867	4.226326439222058
868	4.226326439222058
869	4.226326439222058
870	4.226326439222058
871	2.658207846581452
872	2.658207846581452
873	2.658207846581452
874	2.658207846581452
875	2.015492266930052
876	2.015492266930052
877	2.015492266930052
878	2.015492266930052
879	2.519417423746517
880	2.519417423746517
881	2.519417423746517
882	2.519417423746517
883	0.5656025000237019
884	0.5656025000237019
885	0.5656025000237019
886	0.5656025000237019
887	3.3943514601139366
888	3.3943514601139366
889	3.3943514601139366
890	3.3943514601139366
891	1.2587009912137423
892	1.2587009912137423
893	1.2587009912137423
894	1.2587009912137423
895	0.6217360728131864
896	0.6217360728131864
897	0.6217360728131864
898	0.6217360728131864
899	1.9214957003054374
900	1.9214957003054374
901	1.9214957003054374
902	1.9214957003054374
903	0.1
904	0.1
905	0.1
906	0.1
907	1.7380896439863855
908	1.7380896439863855
909	1.7380896439863855
910	1.7380896439863855
911	1.4777194506804932
912	1.4777194506804932
913	1.4777194506804932
914	1.4777194506804932
915	2.7039350031578158
916	2.7039350031578158
917	2.7039350031578158
918	2.7039350031578158
919	1.987382152357137
920	1.987382152357137
921	1.987382152357137
922	1.987382152357137
923	2.3653567043130175
924	2.3653567043130175
925	2.3653567043130175
926	2.3653567043130175
927	4.0776896701728935
928	4.0776896701728935
929	4.0776896701728935
930	4.0776896701728935
931	2.194629073029519
932	2.194629073029519
933	2.194629073029519
934	2.194629073029519
935	1.3229497013819937
936	1.3229497013819937
937	1.3229497013819937
938	1.3229497013819937
939	3.0371009479131237
940	3.0371009479131237
941	3.0371009479131237
942	3.0371009479131237
943	1.1505652643706918
944	1.1505652643706918
945	1.1505652643706918
946	1.1505652643706918
947	0.1
948	0.1
949	0.1
950	0.1
951	1.5529647781273153
952	1.5529647781273153
953	1.5529647781273153
954	1.5529647781273153
955	0.7317741939385385
956	0.7317741939385385
957	0.7317741939385385
958	0.7317741939385385
959	1.7539219690789545
960	1.7539219690789545
961	1.7539219690789545
962	1.7539219690789545
963	1.2412559447030862
964	1.2412559447030862
965	1.2412559447030862
966	1.2412559447030862
967	3.4719001670612695
968	3.4719001670612695
969	3.4719001670612695
970	3.4719001670612695
971	2.073937604387232
972	2.073937604387232
973	2.073937604387232
974	2.073937604387232
975	0.847663678107468
976	0.847663678107468
977	0.847663678107468
978	0.847663678107468
979	3.20203092293285
980	3.20203092293285
981	3.20203092293285
982	3.20203092293285
983	1.7770032382466223
984	1.7770032382466223
985	1.7770032382466223
986	1.7770032382466223
987	1.9067884527221606
988	1.9067884527221606
989	1.9067884527221606
990	1.9067884527221606
991	2.52869905743706
992	2.52869905743706
993	2.52869905743706
994	2.52869905743706
995	2.5629627018533108
996	2.5629627018533108
997	2.5629627018533108
998	2.5629627018533108
999	1.7762242862916195
1000	1.7762242862916195
1001	1.7762242862916195
1002	1.7762242862916195
1003	3.301612007582143
1004	3.301612007582143
1005	3.301612007582143
1006	3.301612007582143
1007	2.5411549349767837
1008	2.5411549349767837
1009	2.5411549349767837
1010	2.5411549349767837
1011	0.859515261963196
1012	0.859515261963196
1013	0.859515261963196
1014	0.859515261963196
1015	2.5540914216539434
1016	2.5540914216539434
1017	2.5540914216539434
1018	2.5540914216539434
1019	2.3922343558959427
1020	2.3922343558959427
1021	2.3922343558959427
1022	2.3922343558959427
1023	2.572267385391565
1024	2.572267385391565
1025	2.572267385391565
1026	2.572267385391565
1027	2.275593942794185
1028	2.275593942794185
1029	2.275593942794185
1030	2.275593942794185
1031	1.331951017474629
1032	1.331951017474629
1033	1.331951017474629
1034	1.331951017474629
1035	0.1
1036	0.1
1037	0.1
1038	0.1
1039	2.3178242670858014
1040	2.3178242670858014
1041	2.3178242670858014
1042	2.3178242670858014
1043	1.2907736235115665
1044	1.2907736235115665
1045	1.2907736235115665
1046	1.2907736235115665
1047	1.1326095281169157
1048	1.1326095281169157
1049	1.1326095281169157
1050	1.1326095281169157
1051	2.3316433122071074
1052	2.3316433122071074
1053	2.3316433122071074
1054	2.3316433122071074
1055	0.1
1056	0.1
1057	0.1
1058	0.1
1059	1.0998506443561855
1060	1.0998506443561855
1061	1.0998506443561855
1062	1.0998506443561855
1063	4.136424890319488
1064	4.136424890319488
1065	4.136424890319488
1066	4.136424890319488
1067	1.8882854211948237
1068	1.8882854211948237
1069	1.8882854211948237
1070	1.8882854211948237
1071	2.6331625370642455
1072	2.6331625370642455
1073	2.6331625370642455
1074	2.6331625370642455
1075	2.3216014950415236
1076	2.3216014950415236
1077	2.3216014950415236
1078	2.3216014950415236
1079	2.706431635554547
1080	2.706431635554547
1081	2.706431635554547
1082	2.706431635554547
1083	1.7201410519472495
1084	1.7201410519472495
1085	1.7201410519472495
1086	1.7201410519472495
1087	0.9613506049128357
1088	0.9613506049128357
1089	0.9613506049128357
1090	0.9613506049128357
1091	0.5639643129591461
1092	0.5639643129591461
1093	0.5639643129591461
1094	0.5639643129591461
1095	1.677202256642845
1096	1.677202256642845
1097	1.677202256642845
1098	1.677202256642845
1099	3.0555047118335934
1100	3.0555047118335934
1101	3.0555047118335934
1102	3.0555047118335934
1103	1.9517699699698303
1104	1.9517699699698303
1105	1.9517699699698303
1106	1.9517699699698303
1107	1.1389053554771604
1108	1.1389053554771604
1109	1.1389053554771604
1110	1.1389053554771604
1111	2.017127486063199
1112	2.017127486063199
1113	2.017127486063199
1114	2.017127486063199
1115	1.6697628361363028
1116	1.6697628361363028
1117	1.6697628361363028
1118	1.6697628361363028
1119	0.7606553546276515
1120	0.7606553546276515
1121	0.7606553546276515
1122	0.7606553546276515
1123	2.2491162874671984
1124	2.2491162874671984
1125	2.2491162874671984
1126	2.2491162874671984
1127	1.394271617542386
1128	1.394271617542386
1129	1.394271617542386
1130	1.394271617542386
1131	2.9646113439178383
1132	2.9646113439178383
1133	2.9646113439178383
1134	2.9646113439178383
1135	3.0927847482066984
1136	3.0927847482066984
1137	3.0927847482066984
1138	3.0927847482066984
1139	3.5641421678345626
1140	3.5641421678345626
1141	3.5641421678345626
1142	3.5641421678345626
1143	1.4464325730914525
1144	1.4464325730914525
1145	1.4464325730914525
1146	1.4464325730914525
1147	1.4675620190090979
1148	1.4675620190090979
1149	1.4675620190090979
1150	1.4675620190090979
1151	2.444329386115692
1152	2.444329386115692
1153	2.444329386115692
1154	2.444329386115692
1155	0.38381177305899605
1156	0.38381177305899605
1157	0.38381177305899605
1158	0.38381177305899605
1159	2.4684359398145563
1160	2.4684359398145563
1161	2.4684359398145563
1162	2.4684359398145563
1163	0.984762856120402
1164	0.984762856120402
1165	0.984762856120402
1166	0.984762856120402
1167	1.2550030278742474
1168	1.2550030278742474
1169	1.2550030278742474
1170	1.2550030278742474
1171	2.805881113341235
1172	2.805881113341235
1173	2.805881113341235
1174	2.805881113341235
1175	0.5423175644188536
1176	0.5423175644188536
1177	0.5423175644188536
1178	0.5423175644188536
1179	3.3263666372601364
1180	3.3263666372601364
1181	3.3263666372601364
1182	3.3263666372601364
1183	1.3234332111319012
1184	1.3234332111319012
1185	1.3234332111319012
1186	1.3234332111319012
1187	1.7943034851591142
1188	1.7943034851591142
1189	1.7943034851591142
1190	1.7943034851591142
1191	0.1066852421364517
1192	0.1066852421364517
1193	0.1066852421364517
1194	0.1066852421364517
1195	2.3773505564192847
1196	2.3773505564192847
1197	2.3773505564192847
1198	2.3773505564192847
1199	1.0066540473683772
1200	1.0066540473683772
1201	1.0066540473683772
1202	1.0066540473683772
1203	0.12896799752849253
1204	0.12896799752849253
1205	0.12896799752849253
1206	0.12896799752849253
1207	1.0745421104038786
1208	1.0745421104038786
1209	1.0745421104038786
1210	1.0745421104038786
1211	2.39272950778224
1212	2.39272950778224
1213	2.39272950778224
1214	2.39272950778224
1215	1.2545826684129853
1216	1.2545826684129853
1217	1.2545826684129853
1218	1.2545826684129853
1219	1.9476853436883095
1220	1.9476853436883095
1221	1.9476853436883095
1222	1.9476853436883095
1223	1.3343954740726671
1224	1.3343954740726671
1225	1.3343954740726671
1226	1.3343954740726671
1227	1.0627281707327731
1228	1.0627281707327731
1229	1.0627281707327731
1230	1.0627281707327731
1231	1.443368033453826
1232	1.443368033453826
1233	1.443368033453826
1234	1.443368033453826
1235	0.7305270563679793
1236	0.7305270563679793
1237	0.7305270563679793
1238	0.7305270563679793
1239	1.894772976846299
1240	1.894772976846299
1241	1.894772976846299
1242	1.894772976846299
1243	0.6744125966515018
1244	0.6744125966515018
1245	0.6744125966515018
1246	0.6744125966515018
1247	2.1396530082095757
1248	2.1396530082095757
1249	2.1396530082095757
1250	2.1396530082095757
1251	2.4866742332995924
1252	2.4866742332995924
1253	2.4866742332995924
1254	2.4866742332995924
1255	2.26084421915622
1256	2.26084421915622
1257	2.26084421915622
1258	2.26084421915622
1259	0.1
1260	0.1
1261	0.1
1262	0.1
1263	0.727020736355346
1264	0.727020736355346
1265	0.727020736355346
1266	0.727020736355346
1267	1.230936651418753
1268	1.230936651418753
1269	1.230936651418753
1270	1.230936651418753
1271	2.7011496505880492
1272	2.7011496505880492
1273	2.7011496505880492
1274	2.7011496505880492
1275	3.3899482414700417
1276	3.3899482414700417
1277	3.3899482414700417
1278	3.3899482414700417
1279	0.7883493687127063
1280	0.7883493687127063
1281	0.7883493687127063
1282	0.7883493687127063
1283	0.750147966963999
1284	0.750147966963999
1285	0.750147966963999
1286	0.750147966963999
1287	1.8258361116165311
1288	1.8258361116165311
1289	1.8258361116165311
1290	1.8258361116165311
1291	1.964002562374168
1292	1.964002562374168
1293	1.964002562374168
1294	1.964002562374168
1295	0.5545347762328177
1296	0.5545347762328177
1297	0.5545347762328177
1298	0.5545347762328177
1299	1.3017232573269397
1300	1.3017232573269397
1301	0.7217697088677109
1302	0.7217697088677109
1303	0.7217697088677109
1304	0.7217697088677109
1305	0.48680695811363695
1306	0.48680695811363695
1307	0.48680695811363695
1308	0.48680695811363695
1309	1.6908538046191857
1310	1.6908538046191857
1311	1.6908538046191857
1312	1.6908538046191857
1313	0.1
1314	0.1
1315	0.1
1316	0.1
1317	0.1
1318	0.1
1319	0.1
1320	0.1
1321	0.8693798439708861
1322	0.8693798439708861
1323	0.8693798439708861
1324	0.8693798439708861
1325	0.3622204783958124
1326	0.3622204783958124
1327	0.3622204783958124
1328	0.3622204783958124
1329	1.8032789371018323
1330	1.8032789371018323
1331	1.8032789371018323
1332	1.8032789371018323
1333	0.96291219831194
1334	0.96291219831194
1335	0.96291219831194
1336	0.96291219831194
1337	0.8747420585281276
1338	0.8747420585281276
1339	0.8747420585281276
1340	0.8747420585281276
1341	1.374137727430971
1342	1.374137727430971
1343	1.374137727430971
1344	1.374137727430971
1345	1.5163766721198964
1346	1.5163766721198964
1347	1.5163766721198964
1348	1.5163766721198964
1349	1.1368765923494424
1350	1.1368765923494424
1351	1.1368765923494424
1352	1.1368765923494424
1353	1.1405930991604125
1354	1.1405930991604125
1355	1.1405930991604125
1356	1.1405930991604125
1357	0.4427257890079235
1358	0.4427257890079235
1359	0.4427257890079235
1360	0.4427257890079235
1361	0.9856180899456434
1362	0.9856180899456434
1363	0.9856180899456434
1364	0.9856180899456434
1365	0.9114807304697907
1366	0.9114807304697907
1367	0.9114807304697907
1368	0.9114807304697907
1369	1.4503951231906789
1370	1.4503951231906789
1371	1.4503951231906789
1372	1.4503951231906789
1373	1.092676143530156
1374	1.092676143530156
1375	1.092676143530156
1376	1.092676143530156
1377	2.1115468069585672
1378	2.1115468069585672
1379	2.1115468069585672
1380	2.1115468069585672
1381	1.769081835016634
1382	1.769081835016634
1383	1.769081835016634
1384	1.769081835016634
1385	0.9673489300663219
1386	0.9673489300663219
1387	0.9673489300663219
1388	0.9673489300663219
1389	2.0536019066966427
1390	2.0536019066966427
1391	2.0536019066966427
1392	2.0536019066966427
1393	0.7058209487761891
1394	0.7058209487761891
1395	0.7058209487761891
1396	3.265576678997184
1397	3.265576678997184
1398	3.265576678997184
1399	3.265576678997184
1400	7.261739484260346
1401	7.261739484260346
1402	7.261739484260346
1403	7.261739484260346
1404	1.5342525175525954
1405	1.5342525175525954
1406	1.5342525175525954
1407	1.5342525175525954
1408	8.0012114004247
1409	8.0012114004247
1410	8.0012114004247
1411	8.0012114004247
1412	1.652455463759975
1413	1.652455463759975
1414	1.652455463759975
1415	1.652455463759975
1416	2.870630837136423
1417	2.870630837136423
1418	2.870630837136423
1419	2.870630837136423
1420	2.3356998592711298
1421	2.3356998592711298
1422	2.3356998592711298
1423	2.3356998592711298
1424	1.7586803396648194
1425	1.7586803396648194
1426	1.7586803396648194
1427	1.7586803396648194
1428	3.461463518261563
1429	3.461463518261563
1430	3.461463518261563
1431	3.461463518261563
1432	2.414057211286888
1433	2.414057211286888
1434	2.414057211286888
1435	2.414057211286888
1436	3.7769414738206395
1437	3.7769414738206395
1438	3.7769414738206395
1439	3.7769414738206395
1440	3.980416348064427
1441	3.980416348064427
1442	3.980416348064427
1443	3.980416348064427
1444	2.5298574289838607
1445	2.5298574289838607
1446	2.5298574289838607
1447	2.5298574289838607
1448	7.6350943590098845
1449	7.6350943590098845
1450	7.6350943590098845
1451	7.6350943590098845
1452	4.320073285472004
1453	4.320073285472004
1454	4.320073285472004
1455	4.320073285472004
1456	1.8260247821378877
1457	1.8260247821378877
1458	1.8260247821378877
1459	1.8260247821378877
1460	2.0953705874277064
1461	2.0953705874277064
1462	2.0953705874277064
1463	2.0953705874277064
1464	2.8608386112960673
1465	2.8608386112960673
1466	2.8608386112960673
1467	2.8608386112960673
1468	3.676636797415568
1469	3.676636797415568
1470	3.676636797415568
1471	3.676636797415568
1472	3.7434086258029837
1473	3.7434086258029837
1474	3.7434086258029837
1475	3.7434086258029837
1476	4.037252674632848
1477	4.037252674632848
1478	4.037252674632848
1479	4.037252674632848
1480	3.893993602321758
1481	3.893993602321758
1482	3.893993602321758
1483	3.893993602321758
1484	4.318063380635794
1485	4.318063380635794
1486	4.318063380635794
1487	4.318063380635794
1488	4.90045994213513
1489	4.90045994213513
1490	4.90045994213513
1491	4.90045994213513
1492	2.6810268473770127
1493	2.6810268473770127
1494	2.6810268473770127
1495	2.6810268473770127
1496	0.1
1497	0.1
1498	0.1
1499	0.1
1500	3.9104074595795906
1501	3.9104074595795906
1502	3.9104074595795906
1503	3.9104074595795906
1504	3.335626538528171
1505	3.335626538528171
1506	3.335626538528171
1507	3.335626538528171
1508	3.543753374451729
1509	3.543753374451729
1510	3.543753374451729
1511	3.543753374451729
1512	2.7327030136353567
1513	2.7327030136353567
1514	2.7327030136353567
1515	2.7327030136353567
1516	2.1681100686249133
1517	0.8458237851692119
1518	0.8458237851692119
1519	0.8458237851692119
1520	0.8458237851692119
1521	0.5205236042139251
1522	5.2774533211220955
1523	5.2774533211220955
1524	5.2774533211220955
1525	5.2774533211220955
1526	4.963640842244234
1527	4.963640842244234
1528	4.963640842244234
1529	4.963640842244234
1530	5.418276190798153
1531	5.418276190798153
1532	5.418276190798153
1533	5.418276190798153
1534	5.970752396663244
1535	5.970752396663244
1536	5.970752396663244
1537	5.970752396663244
1538	2.986071976546986
1539	2.986071976546986
1540	2.986071976546986
1541	2.986071976546986
1542	1.8241892756407916
1543	1.8241892756407916
1544	1.8241892756407916
1545	1.8241892756407916
1546	3.7470382205002144
1547	3.7470382205002144
1548	3.7470382205002144
1549	3.7470382205002144
1550	2.3955046138528786
1551	2.3955046138528786
1552	2.3955046138528786
1553	2.3955046138528786
1554	4.2580688414694565
1555	4.2580688414694565
1556	4.2580688414694565
1557	4.2580688414694565
1558	2.080989219703632
1559	2.080989219703632
1560	2.080989219703632
1561	2.080989219703632
1562	3.3696909596014426
1563	3.3696909596014426
1564	3.3696909596014426
1565	3.3696909596014426
1566	1.984601898883051
1567	1.984601898883051
1568	1.984601898883051
1569	1.984601898883051
1570	1.3865243387703616
1571	1.3865243387703616
1572	1.3865243387703616
1573	1.3865243387703616
1574	1.1338772341924974
1575	1.1338772341924974
1576	1.1338772341924974
1577	1.1338772341924974
1578	6.071481960644162
1579	6.071481960644162
1580	6.071481960644162
1581	6.071481960644162
1582	3.213200126548708
1583	3.213200126548708
1584	3.213200126548708
1585	3.213200126548708
1586	2.4454385092289934
1587	2.4454385092289934
1588	2.4454385092289934
1589	2.4454385092289934
1590	2.3228922608372913
1591	2.3228922608372913
1592	2.3228922608372913
1593	2.3228922608372913
1594	4.536880781217623
1595	4.536880781217623
1596	4.536880781217623
1597	4.536880781217623
1598	3.6735500891697948
1599	3.6735500891697948
1600	3.6735500891697948
1601	3.6735500891697948
1602	6.526424418899687
1603	6.526424418899687
1604	6.526424418899687
1605	6.526424418899687
1606	7.034297906686289
1607	7.034297906686289
1608	7.034297906686289
1609	7.034297906686289
1610	3.2899147291720787
1611	3.2899147291720787
1612	3.2899147291720787
1613	3.2899147291720787
1614	3.8732739230001574
1615	3.8732739230001574
1616	3.8732739230001574
1617	3.8732739230001574
1618	6.584160650132936
1619	6.584160650132936
1620	6.584160650132936
1621	6.584160650132936
1622	5.940174020678352
1623	5.940174020678352
1624	5.940174020678352
1625	5.940174020678352
1626	6.708313286212366
1627	6.708313286212366
1628	6.708313286212366
1629	6.708313286212366
1630	3.2644334121244025
1631	3.2644334121244025
1632	3.2644334121244025
1633	3.2644334121244025
1634	3.5887414680700105
1635	3.5887414680700105
1636	3.5887414680700105
1637	1.9260299027146308
1638	1.9260299027146308
1639	1.9260299027146308
1640	1.9260299027146308
1641	1.4597127640241179
1642	1.4597127640241179
1643	1.4597127640241179
1644	1.4597127640241179
1645	0.9948853980674648
1646	0.9948853980674648
1647	0.9948853980674648
1648	0.9948853980674648
1649	4.515460803904538
1650	4.515460803904538
1651	4.515460803904538
1652	4.515460803904538
1653	3.1927699302262265
1654	3.1927699302262265
1655	3.1927699302262265
1656	3.1927699302262265
1657	4.8314028298575185
1658	0.5066453958320168
1659	0.5066453958320168
1660	0.5066453958320168
1661	0.5066453958320168
1662	0.43834019422717163
1663	0.43834019422717163
1664	0.43834019422717163
1665	0.43834019422717163
1666	0.4037575660378652
1667	0.4037575660378652
1668	0.4037575660378652
1669	0.4037575660378652
1670	0.759955850130781
1671	0.759955850130781
1672	0.759955850130781
1673	0.759955850130781
1674	0.47799179447392837
1675	0.47799179447392837
1676	0.47799179447392837
1677	0.47799179447392837
1678	1.227572859719819
1679	1.227572859719819
1680	1.227572859719819
1681	1.227572859719819
1682	0.23981373275750445
1683	0.23981373275750445
1684	0.23981373275750445
1685	0.23981373275750445
1686	0.4908450091646792
1687	0.4908450091646792
1688	0.4908450091646792
1689	0.4908450091646792
1690	0.8350965617214612
1691	0.8350965617214612
1692	0.8350965617214612
1693	0.8350965617214612
1694	0.964747052455556
1695	0.964747052455556
1696	0.964747052455556
1697	0.964747052455556
1698	0.6420936484579205
1699	0.6420936484579205
1700	0.6420936484579205
1701	0.6420936484579205
1702	0.8388479497891341
1703	0.8388479497891341
1704	0.8388479497891341
1705	0.8388479497891341
1706	0.18771502677732532
1707	0.18771502677732532
1708	0.18771502677732532
1709	0.18771502677732532
1710	5.756018883013626
1711	5.756018883013626
1712	5.756018883013626
1713	5.756018883013626
1714	1.5098877571663691
1715	1.5098877571663691
1716	1.5098877571663691
1717	1.5098877571663691
1718	2.9390866598881646
1719	2.9390866598881646
1720	2.9390866598881646
1721	2.9390866598881646
1722	0.9619554223223219
1723	0.9619554223223219
1724	0.9619554223223219
1725	0.9619554223223219
1726	3.599297952994477
1727	3.599297952994477
1728	3.599297952994477
1729	3.599297952994477
1730	2.4571723421455176
1731	2.4571723421455176
1732	2.4571723421455176
1733	2.4571723421455176
1734	1.7560322830629564
1735	1.7560322830629564
1736	1.7560322830629564
1737	1.7560322830629564
1738	3.380552905711714
1739	3.380552905711714
1740	3.380552905711714
1741	3.380552905711714
1742	3.84020189471949
1743	3.84020189471949
1744	3.84020189471949
1745	3.84020189471949
1746	2.206798565149313
1747	2.206798565149313
1748	2.206798565149313
1749	2.206798565149313
1750	3.9190639592504075
1751	3.9190639592504075
1752	3.9190639592504075
1753	3.9190639592504075
1754	0.7861189563075248
1755	0.7861189563075248
1756	0.7861189563075248
1757	0.7861189563075248
1758	4.171155639149694
1759	4.171155639149694
1760	4.171155639149694
1761	4.171155639149694
1762	2.5416104716963512
1763	2.5416104716963512
1764	2.5416104716963512
1765	2.5416104716963512
1766	3.064828601160509
1767	3.064828601160509
1768	3.064828601160509
1769	3.064828601160509
1770	0.1
1771	0.1
1772	0.1
1773	0.1
1774	2.175430601027431
1775	2.175430601027431
1776	2.175430601027431
1777	2.175430601027431
1778	2.8312690584154456
1779	2.8312690584154456
1780	2.8312690584154456
1781	2.8312690584154456
1782	2.273292564579565
1783	2.273292564579565
1784	2.273292564579565
1785	2.273292564579565
1786	3.479803839687502
1787	3.479803839687502
1788	3.479803839687502
1789	3.479803839687502
1790	1.7150881632582171
1791	1.7150881632582171
1792	1.7150881632582171
1793	1.7150881632582171
1794	2.5382859384914154
1795	2.5382859384914154
1796	2.5382859384914154
1797	2.5382859384914154
1798	4.491108931435567
1799	4.491108931435567
1800	4.491108931435567
1801	4.491108931435567
1802	2.1838780630109147
1803	2.1838780630109147
1804	2.1838780630109147
1805	2.1838780630109147
1806	3.7183769647291145
1807	3.7183769647291145
1808	3.7183769647291145
1809	3.7183769647291145
1810	1.6335962433623719
1811	1.6335962433623719
1812	1.6335962433623719
1813	1.6335962433623719
1814	2.4689007530742724
1815	2.4689007530742724
1816	2.4689007530742724
1817	2.4689007530742724
1818	3.7979330961547975
1819	3.7979330961547975
1820	3.7979330961547975
1821	3.7979330961547975
1822	4.0219047830893295
1823	4.0219047830893295
1824	4.0219047830893295
1825	4.0219047830893295
1826	1.7463260020137334
1827	1.7463260020137334
1828	1.7463260020137334
1829	1.7463260020137334
1830	1.7346715276684637
1831	1.7346715276684637
1832	1.7346715276684637
1833	1.7346715276684637
1834	1.9330919192171545
1835	1.9330919192171545
1836	1.9330919192171545
1837	1.9330919192171545
1838	1.9321022218290755
1839	1.9321022218290755
1840	1.9321022218290755
1841	1.9321022218290755
1842	4.379060014288501
1843	4.379060014288501
1844	4.379060014288501
1845	4.379060014288501
1846	3.779905879779453
1847	3.779905879779453
1848	3.779905879779453
1849	3.779905879779453
1850	4.753310069211427
1851	4.753310069211427
1852	4.753310069211427
1853	4.753310069211427
1854	1.4878437303565426
1855	1.4878437303565426
1856	1.4878437303565426
1857	1.4878437303565426
1858	2.390285659717073
1859	2.390285659717073
1860	2.390285659717073
1861	2.390285659717073
1862	2.7584808073456983
1863	2.7584808073456983
1864	2.7584808073456983
1865	2.7584808073456983
1866	0.17353868431976505
1867	0.17353868431976505
1868	0.17353868431976505
1869	0.17353868431976505
1870	0.9747055672140965
1871	0.9747055672140965
1872	0.9747055672140965
1873	0.9747055672140965
1874	2.5576552681466973
1875	2.5576552681466973
1876	2.5576552681466973
1877	2.5576552681466973
1878	0.7063982687407793
1879	0.7063982687407793
1880	0.7063982687407793
1881	0.7063982687407793
1882	0.8281498242127117
1883	0.8281498242127117
1884	0.8281498242127117
1885	0.8281498242127117
1886	2.2745799151234842
1887	2.2745799151234842
1888	2.2745799151234842
1889	2.2745799151234842
1890	3.088772950417464
1891	3.088772950417464
1892	3.088772950417464
1893	3.088772950417464
1894	1.1656049650871059
1895	1.1656049650871059
1896	1.1656049650871059
1897	1.1656049650871059
1898	2.9531471753279237
1899	2.9531471753279237
1900	2.9531471753279237
1901	2.9531471753279237
1902	1.6319509495077973
1903	1.6319509495077973
1904	1.6319509495077973
1905	1.6319509495077973
1906	1.4799261487920279
1907	1.4799261487920279
1908	1.4799261487920279
1909	1.4799261487920279
1910	0.1
1911	0.1
1912	0.1
1913	0.1
1914	3.4612627414559363
1915	3.4612627414559363
1916	3.4612627414559363
1917	3.4612627414559363
1918	1.594400201934179
1919	1.594400201934179
1920	1.594400201934179
1921	1.594400201934179
1922	2.195940557376335
1923	2.195940557376335
1924	2.195940557376335
1925	2.195940557376335
1926	2.5805627450916617
1927	2.5805627450916617
1928	2.5805627450916617
1929	2.5805627450916617
1930	1.3368343721049523
1931	1.3368343721049523
1932	1.3368343721049523
1933	1.3368343721049523
1934	3.8618396609131302
1935	0.9381213301128297
1936	0.9381213301128297
1937	0.9381213301128297
1938	0.9381213301128297
1939	4.979984214572066
1940	4.979984214572066
1941	4.979984214572066
1942	4.979984214572066
1943	2.5718376855841476
1944	2.5718376855841476
1945	0.1995210750643931
1946	0.1995210750643931
1947	0.1995210750643931
1948	0.1995210750643931
1949	0.9248780410814174
1950	0.9248780410814174
1951	0.9248780410814174
1952	0.9248780410814174
1953	1.216343306051182
1954	1.216343306051182
1955	1.216343306051182
1956	1.216343306051182
1957	2.385220977656024
1958	2.385220977656024
1959	2.385220977656024
1960	2.385220977656024
1961	0.1
1962	0.1
1963	0.1
1964	0.1
1965	2.3737589118721507
1966	2.3737589118721507
1967	2.3737589118721507
1968	2.3737589118721507
1969	0.10798348060233676
1970	0.10798348060233676
1971	0.10798348060233676
1972	0.10798348060233676
1973	0.926817754212
1974	0.926817754212
1975	0.926817754212
1976	0.926817754212
1977	0.6425514964787408
1978	0.6425514964787408
1979	0.6425514964787408
1980	0.6425514964787408
1981	0.9948982536065123
1982	0.9948982536065123
1983	0.9948982536065123
1984	0.9948982536065123
1985	1.070514545740655
1986	1.070514545740655
1987	1.070514545740655
1988	1.070514545740655
1989	1.4373031574259505
1990	1.4373031574259505
1991	1.4373031574259505
1992	1.4373031574259505
1993	1.2185225157736115
1994	1.2185225157736115
1995	1.2185225157736115
1996	1.2185225157736115
1997	0.7589085866876064
1998	0.7589085866876064
1999	0.7589085866876064
