0	0.9342869239966854
1	0.9342869239966854
2	0.9342869239966854
3	0.9342869239966854
4	0.787440521072132
5	0.787440521072132
6	0.787440521072132
7	0.787440521072132
8	1.6284323681195896
9	1.6284323681195896
10	1.6284323681195896
11	1.6284323681195896
12	1.237047363256083
13	1.237047363256083
14	1.237047363256083
15	1.237047363256083
16	1.4839699702752227
17	1.4839699702752227
18	1.4839699702752227
19	1.4839699702752227
20	1.0920288492732984
21	1.0920288492732984
22	1.0920288492732984
23	1.0920288492732984
24	1.5181341142978206
25	1.5181341142978206
26	1.5181341142978206
27	1.5181341142978206
28	0.6182455746703551
29	0.6182455746703551
30	0.6182455746703551
31	0.6182455746703551
32	1.389535548619949
33	1.389535548619949
34	1.389535548619949
35	1.389535548619949
36	0.5210221220751523
37	0.5210221220751523
38	0.5210221220751523
39	0.5210221220751523
40	1.1056014332782687
41	1.1056014332782687
42	1.1056014332782687
43	1.1056014332782687
44	1.134385226212431
45	1.134385226212431
46	1.134385226212431
47	1.134385226212431
48	1.5907885934583321
49	1.5907885934583321
50	1.5907885934583321
51	1.5907885934583321
52	2.039144939588798
53	2.039144939588798
54	2.039144939588798
55	2.039144939588798
56	1.3803751935754187
57	1.3803751935754187
58	1.3803751935754187
59	1.3803751935754187
60	0.893966263740955
61	0.893966263740955
62	0.893966263740955
63	0.893966263740955
64	1.2376611141329077
65	1.2376611141329077
66	1.2376611141329077
67	1.2376611141329077
68	0.9858028864319893
69	0.9858028864319893
70	0.9858028864319893
71	0.9858028864319893
72	1.308243767347242
73	1.308243767347242
74	1.308243767347242
75	1.308243767347242
76	1.438066039344024
77	1.438066039344024
78	1.438066039344024
79	1.438066039344024
80	1.5355814289921572
81	1.5355814289921572
82	1.5355814289921572
83	1.5355814289921572
84	1.038030642982073
85	1.038030642982073
86	1.038030642982073
87	1.038030642982073
88	1.3375718201788713
89	1.3375718201788713
90	1.3375718201788713
91	1.3375718201788713
92	0.9296289021513442
93	0.9296289021513442
94	0.9296289021513442
95	0.9296289021513442
96	0.9772524769902882
97	0.9772524769902882
98	0.9772524769902882
99	0.9772524769902882
100	0.9199527940089842
101	0.9199527940089842
102	0.9199527940089842
103	0.9199527940089842
104	0.9558940736382076
105	0.9558940736382076
106	0.9558940736382076
107	0.9558940736382076
108	1.7363128323264059
109	1.7363128323264059
110	1.7363128323264059
111	1.7363128323264059
112	0.9178940593480126
113	0.9178940593480126
114	0.9178940593480126
115	0.9178940593480126
116	0.3788457188148886
117	0.3788457188148886
118	0.3788457188148886
119	0.3788457188148886
120	1.089712501768165
121	1.089712501768165
122	1.089712501768165
123	1.089712501768165
124	0.43006638053932356
125	0.43006638053932356
126	0.43006638053932356
127	0.43006638053932356
128	1.4803632989648374
129	1.4803632989648374
130	1.4803632989648374
131	1.4803632989648374
132	1.74608818500587
133	1.74608818500587
134	1.74608818500587
135	1.74608818500587
136	1.7125891341499435
137	1.7125891341499435
138	1.7125891341499435
139	1.7125891341499435
140	1.315214188271445
141	1.315214188271445
142	1.315214188271445
143	1.315214188271445
144	0.8876340308590225
145	0.8876340308590225
146	0.8876340308590225
147	0.8876340308590225
148	1.4598785573837878
149	1.4598785573837878
150	1.4598785573837878
151	1.4598785573837878
152	0.7674236609101053
153	0.7674236609101053
154	0.7674236609101053
155	0.7674236609101053
156	1.1444999176836175
157	1.1444999176836175
158	1.1444999176836175
159	1.1444999176836175
160	1.16953278845679
161	1.16953278845679
162	1.16953278845679
163	1.16953278845679
164	0.2533947833996948
165	0.2533947833996948
166	0.2533947833996948
167	0.2533947833996948
168	0.8742569202550653
169	0.8742569202550653
170	0.8742569202550653
171	0.8742569202550653
172	0.7100352285052248
173	0.7100352285052248
174	0.7100352285052248
175	0.7100352285052248
176	0.919804088203034
177	0.919804088203034
178	0.919804088203034
179	0.919804088203034
180	0.7410731837482928
181	0.7410731837482928
182	0.7410731837482928
183	0.7410731837482928
184	0.932879086256192
185	0.932879086256192
186	0.932879086256192
187	0.932879086256192
188	0.4929651198891869
189	0.4929651198891869
190	0.4929651198891869
191	0.4929651198891869
192	0.9215958396589713
193	0.9215958396589713
194	0.9215958396589713
195	0.9215958396589713
196	1.333744856127079
197	1.333744856127079
198	1.333744856127079
199	1.333744856127079
200	0.8378597558245646
201	0.8378597558245646
202	0.8378597558245646
203	0.8378597558245646
204	0.8849233277766235
205	0.8849233277766235
206	0.8849233277766235
207	0.8849233277766235
208	1.0991702863221064
209	1.0991702863221064
210	1.0991702863221064
211	1.0991702863221064
212	1.7358324403412162
213	1.7358324403412162
214	1.7358324403412162
215	1.7358324403412162
216	1.196177159452164
217	1.196177159452164
218	1.196177159452164
219	1.196177159452164
220	1.0855838384011767
221	1.0855838384011767
222	1.0855838384011767
223	1.0855838384011767
224	1.2451657945197927
225	1.2451657945197927
226	1.2451657945197927
227	1.2451657945197927
228	0.33215979128119744
229	0.33215979128119744
230	0.33215979128119744
231	0.33215979128119744
232	0.6450835611496472
233	0.6450835611496472
234	0.6450835611496472
235	0.6450835611496472
236	0.8117802738985479
237	0.8117802738985479
238	0.8117802738985479
239	0.8117802738985479
240	0.413922091890082
241	0.413922091890082
242	0.413922091890082
243	0.413922091890082
244	1.1599002209748037
245	1.1599002209748037
246	1.1599002209748037
247	1.1599002209748037
248	0.9070418212608709
249	0.9070418212608709
250	0.9070418212608709
251	0.9070418212608709
252	0.591918572095323
253	0.591918572095323
254	0.591918572095323
255	0.591918572095323
256	1.6457912839507176
257	1.6457912839507176
258	1.6457912839507176
259	1.6457912839507176
260	0.9093972186332278
261	0.9093972186332278
262	0.9093972186332278
263	0.9093972186332278
264	1.2271762657152003
265	1.2271762657152003
266	1.2271762657152003
267	1.2271762657152003
268	0.9062141142453273
269	0.9062141142453273
270	0.9062141142453273
271	0.9062141142453273
272	1.069932925812293
273	1.069932925812293
274	1.069932925812293
275	1.069932925812293
276	1.3103322043180914
277	1.3103322043180914
278	1.3103322043180914
279	1.3103322043180914
280	0.561519255814861
281	0.561519255814861
282	0.561519255814861
283	0.561519255814861
284	1.824304113967018
285	1.824304113967018
286	1.824304113967018
287	1.824304113967018
288	0.599793181962193
289	0.599793181962193
290	0.599793181962193
291	0.599793181962193
292	1.070100331645474
293	1.070100331645474
294	1.070100331645474
295	1.070100331645474
296	0.9458596574613725
297	0.9458596574613725
298	0.9458596574613725
299	0.9458596574613725
300	0.5720681283732232
301	0.5720681283732232
302	0.5720681283732232
303	0.5720681283732232
304	0.7834305714080229
305	0.7834305714080229
306	0.7834305714080229
307	0.7834305714080229
308	0.7204737793230406
309	0.7204737793230406
310	0.7204737793230406
311	0.7204737793230406
312	1.2105136222993376
313	1.2105136222993376
314	4.9283385578185435
315	4.9283385578185435
316	4.9283385578185435
317	4.9283385578185435
318	5.8297648555733135
319	5.8297648555733135
320	5.8297648555733135
321	5.8297648555733135
322	3.2386322806627987
323	3.2386322806627987
324	3.2386322806627987
325	3.2386322806627987
326	2.3592448931506045
327	2.3592448931506045
328	2.3592448931506045
329	2.3592448931506045
330	3.9347289038396296
331	3.9347289038396296
332	3.9347289038396296
333	3.9347289038396296
334	4.758034651257489
335	4.758034651257489
336	4.758034651257489
337	4.758034651257489
338	3.730560832432498
339	3.730560832432498
340	3.730560832432498
341	3.730560832432498
342	4.572805101852169
343	4.572805101852169
344	4.572805101852169
345	4.572805101852169
346	4.615655889884915
347	4.615655889884915
348	4.615655889884915
349	4.615655889884915
350	2.5961134147825473
351	2.5961134147825473
352	2.5961134147825473
353	2.5961134147825473
354	4.46466988859207
355	4.46466988859207
356	4.46466988859207
357	4.46466988859207
358	1.9644067538472954
359	1.9644067538472954
360	1.9644067538472954
361	1.9644067538472954
362	4.95137696541096
363	4.95137696541096
364	4.95137696541096
365	4.95137696541096
366	3.555868259449982
367	3.555868259449982
368	3.555868259449982
369	3.555868259449982
370	6.369600599302666
371	6.369600599302666
372	6.369600599302666
373	6.369600599302666
374	5.315678287810601
375	5.315678287810601
376	5.315678287810601
377	5.315678287810601
378	3.9179628980472687
379	3.9179628980472687
380	3.9179628980472687
381	3.9179628980472687
382	4.64099353804057
383	4.64099353804057
384	4.64099353804057
385	4.64099353804057
386	1.5542102815812755
387	1.5542102815812755
388	1.5542102815812755
389	1.5542102815812755
390	3.863162980378143
391	3.863162980378143
392	3.863162980378143
393	3.863162980378143
394	4.334528241208314
395	4.334528241208314
396	4.334528241208314
397	4.334528241208314
398	5.042459475020696
399	5.042459475020696
400	5.042459475020696
401	5.042459475020696
402	3.4950002613819304
403	3.4950002613819304
404	3.4950002613819304
405	3.4950002613819304
406	4.603417529449667
407	4.603417529449667
408	4.603417529449667
409	4.603417529449667
410	3.2994352642537943
411	3.2994352642537943
412	3.2994352642537943
413	3.2994352642537943
414	2.6555090905019236
415	2.6555090905019236
416	2.6555090905019236
417	2.6555090905019236
418	2.8966892089871634
419	2.8966892089871634
420	2.8966892089871634
421	2.8966892089871634
422	4.089389848279378
423	4.089389848279378
424	4.089389848279378
425	4.089389848279378
426	2.850061182994188
427	2.850061182994188
428	2.850061182994188
429	2.850061182994188
430	4.83858352481923
431	4.83858352481923
432	4.83858352481923
433	4.83858352481923
434	3.132541484877613
435	3.132541484877613
436	3.132541484877613
437	3.132541484877613
438	5.321677605671758
439	5.321677605671758
440	5.321677605671758
441	5.321677605671758
442	3.4807147142726014
443	3.4807147142726014
444	3.4807147142726014
445	3.4807147142726014
446	3.7115091295267777
447	3.7115091295267777
448	3.7115091295267777
449	3.7115091295267777
450	2.394182812274879
451	2.394182812274879
452	2.394182812274879
453	2.394182812274879
454	3.7211437874127373
455	3.7211437874127373
456	3.7211437874127373
457	3.7211437874127373
458	3.903526051649993
459	3.903526051649993
460	3.903526051649993
461	3.903526051649993
462	3.242199137104379
463	3.242199137104379
464	3.242199137104379
465	3.242199137104379
466	4.703587731324933
467	4.703587731324933
468	4.703587731324933
469	4.703587731324933
470	4.576451440595152
471	4.576451440595152
472	4.576451440595152
473	4.576451440595152
474	5.1172899136735435
475	5.1172899136735435
476	5.1172899136735435
477	2.5175158252743444
478	2.5175158252743444
479	2.5175158252743444
480	2.5175158252743444
481	1.3059120333571805
482	1.3059120333571805
483	1.3059120333571805
484	1.3059120333571805
485	1.7135901165419498
486	1.7135901165419498
487	1.7135901165419498
488	1.7135901165419498
489	2.6448888266973625
490	2.6448888266973625
491	2.6448888266973625
492	2.6448888266973625
493	3.3301308970855414
494	3.3301308970855414
495	3.3301308970855414
496	3.3301308970855414
497	2.8554063627882957
498	2.8554063627882957
499	2.8554063627882957
500	2.8554063627882957
501	1.518514500731212
502	1.518514500731212
503	1.518514500731212
504	1.518514500731212
505	2.019286032472049
506	2.019286032472049
507	2.019286032472049
508	2.019286032472049
509	1.6280205385795368
510	1.6280205385795368
511	1.6280205385795368
512	1.6280205385795368
513	1.997249129919211
514	1.997249129919211
515	1.997249129919211
516	1.997249129919211
517	1.9723996221351494
518	1.9723996221351494
519	1.9723996221351494
520	1.9723996221351494
521	1.657820951812862
522	1.657820951812862
523	1.657820951812862
524	1.657820951812862
525	1.328841682311611
526	1.328841682311611
527	1.328841682311611
528	1.328841682311611
529	2.009586860598157
530	2.009586860598157
531	2.009586860598157
532	2.009586860598157
533	2.2938280617488322
534	2.2938280617488322
535	2.2938280617488322
536	2.2938280617488322
537	1.6046332428964862
538	1.6046332428964862
539	1.6046332428964862
540	1.6046332428964862
541	3.0011093737086627
542	3.0011093737086627
543	3.0011093737086627
544	3.0011093737086627
545	1.5251278836106545
546	1.5251278836106545
547	1.5251278836106545
548	1.5251278836106545
549	1.9670758873344831
550	1.9670758873344831
551	1.9670758873344831
552	1.9670758873344831
553	2.339110329506128
554	2.339110329506128
555	2.339110329506128
556	2.339110329506128
557	2.5575471582271696
558	2.5575471582271696
559	2.5575471582271696
560	2.5575471582271696
561	1.4833564340019023
562	1.4833564340019023
563	1.4833564340019023
564	1.4833564340019023
565	2.929382088536334
566	2.929382088536334
567	2.929382088536334
568	2.929382088536334
569	1.8584665523328447
570	1.8584665523328447
571	1.8584665523328447
572	1.8584665523328447
573	1.0377544430599435
574	1.0377544430599435
575	1.0377544430599435
576	1.0377544430599435
577	2.6557781713174204
578	2.6557781713174204
579	2.6557781713174204
580	2.6557781713174204
581	1.474952816266511
582	1.474952816266511
583	1.474952816266511
584	1.474952816266511
585	1.4465386465885786
586	1.4465386465885786
587	1.4465386465885786
588	1.4465386465885786
589	1.8443036709243088
590	1.8443036709243088
591	1.8443036709243088
592	1.8443036709243088
593	2.5534696748306986
594	2.5534696748306986
595	2.5534696748306986
596	2.5534696748306986
597	2.602440092213854
598	2.602440092213854
599	2.602440092213854
600	2.602440092213854
601	2.2733672096500834
602	2.2733672096500834
603	2.2733672096500834
604	2.2733672096500834
605	2.3675862437532738
606	2.3675862437532738
607	2.3675862437532738
608	2.3675862437532738
609	2.1783833316883507
610	2.1783833316883507
611	2.1783833316883507
612	2.1783833316883507
613	1.851959009841919
614	1.851959009841919
615	1.851959009841919
616	1.851959009841919
617	1.931705940462087
618	1.931705940462087
619	1.931705940462087
620	1.931705940462087
621	1.7787176320620168
622	1.7787176320620168
623	1.7787176320620168
624	1.7787176320620168
625	1.4578180999030286
626	1.4578180999030286
627	1.4578180999030286
628	1.4578180999030286
629	2.8969450003330928
630	2.8969450003330928
631	2.8969450003330928
632	2.8969450003330928
633	2.4491244737808335
634	2.4491244737808335
635	2.4491244737808335
636	2.4491244737808335
637	2.735387850468012
638	2.735387850468012
639	2.735387850468012
640	2.735387850468012
641	2.0828338868802043
642	2.0828338868802043
643	2.0828338868802043
644	2.0828338868802043
645	2.170464335242497
646	2.170464335242497
647	2.170464335242497
648	2.170464335242497
649	1.3281999699835638
650	1.3281999699835638
651	1.3281999699835638
652	1.3281999699835638
653	1.5147849669948665
654	1.5147849669948665
655	1.5147849669948665
656	1.5147849669948665
657	0.8859083271323722
658	0.8859083271323722
659	0.8859083271323722
660	0.8859083271323722
661	3.8126153966813834
662	3.8126153966813834
663	3.8126153966813834
664	3.8126153966813834
665	1.9018813344231753
666	1.9018813344231753
667	1.9018813344231753
668	1.9018813344231753
669	2.2821840307224943
670	2.2821840307224943
671	2.2821840307224943
672	2.2821840307224943
673	0.29651710545398524
674	0.29651710545398524
675	0.29651710545398524
676	0.29651710545398524
677	2.602603751442886
678	2.602603751442886
679	2.602603751442886
680	2.602603751442886
681	3.258297139309853
682	3.258297139309853
683	3.258297139309853
684	3.258297139309853
685	2.435681566397972
686	2.435681566397972
687	2.435681566397972
688	2.435681566397972
689	1.3569036186844143
690	1.3569036186844143
691	1.3569036186844143
692	1.3569036186844143
693	2.420503507811633
694	2.420503507811633
695	2.420503507811633
696	2.420503507811633
697	0.9308779428345124
698	0.9308779428345124
699	0.9308779428345124
700	0.9308779428345124
701	1.8117265668020779
702	1.8117265668020779
703	1.8117265668020779
704	1.8117265668020779
705	0.9766449119745131
706	0.9766449119745131
707	0.9766449119745131
708	0.9766449119745131
709	2.303027638580003
710	2.303027638580003
711	2.303027638580003
712	2.303027638580003
713	1.2337223444274112
714	1.2337223444274112
715	1.2337223444274112
716	1.2337223444274112
717	1.8194679132206917
718	1.8194679132206917
719	4.044281271548507
720	4.044281271548507
721	4.044281271548507
722	4.044281271548507
723	4.327070075687374
724	4.327070075687374
725	4.327070075687374
726	4.327070075687374
727	5.455935275717027
728	5.455935275717027
729	5.455935275717027
730	5.455935275717027
731	2.773509742201728
732	2.773509742201728
733	2.773509742201728
734	2.773509742201728
735	4.510165795816917
736	4.510165795816917
737	4.510165795816917
738	4.510165795816917
739	4.838453914214194
740	4.838453914214194
741	4.838453914214194
742	4.838453914214194
743	1.528099670814083
744	1.528099670814083
745	1.528099670814083
746	1.528099670814083
747	4.179532554857076
748	4.179532554857076
749	4.179532554857076
750	4.179532554857076
751	3.243063461992909
752	3.243063461992909
753	3.243063461992909
754	3.243063461992909
755	3.325756453872536
756	3.325756453872536
757	3.325756453872536
758	3.325756453872536
759	2.531289695640793
760	2.531289695640793
761	2.531289695640793
762	2.531289695640793
763	2.639885186778729
764	2.639885186778729
765	2.639885186778729
766	2.639885186778729
767	2.578108751963657
768	2.578108751963657
769	2.578108751963657
770	2.578108751963657
771	3.413446681227927
772	3.413446681227927
773	3.413446681227927
774	3.413446681227927
775	2.430907059234993
776	2.430907059234993
777	2.430907059234993
778	2.430907059234993
779	4.876775496270868
780	4.876775496270868
781	4.876775496270868
782	4.876775496270868
783	2.116071874495759
784	2.116071874495759
785	2.116071874495759
786	2.116071874495759
787	3.0014433646753083
788	3.0014433646753083
789	3.0014433646753083
790	3.0014433646753083
791	1.8319953457734512
792	1.8319953457734512
793	1.8319953457734512
794	1.8319953457734512
795	1.5401812178870173
796	1.5401812178870173
797	1.5401812178870173
798	1.5401812178870173
799	3.405490644495161
800	3.405490644495161
801	3.405490644495161
802	3.405490644495161
803	4.381278304190821
804	4.381278304190821
805	4.381278304190821
806	4.381278304190821
807	3.515968275901799
808	3.515968275901799
809	3.515968275901799
810	3.515968275901799
811	3.1356120996964765
812	3.1356120996964765
813	3.1356120996964765
814	3.1356120996964765
815	1.9925636353898861
816	1.9925636353898861
817	1.9925636353898861
818	1.9925636353898861
819	1.730212099864579
820	1.730212099864579
821	1.730212099864579
822	1.730212099864579
823	1.2189072628621693
824	1.2189072628621693
825	1.2189072628621693
826	1.2189072628621693
827	3.6118723867278426
828	3.6118723867278426
829	3.6118723867278426
830	3.6118723867278426
831	4.3394963628842005
832	4.3394963628842005
833	4.3394963628842005
834	4.3394963628842005
835	4.686700632203
836	4.686700632203
837	4.686700632203
838	4.686700632203
839	4.433651002218878
840	4.433651002218878
841	4.433651002218878
842	4.433651002218878
843	4.355663966908855
844	4.355663966908855
845	4.355663966908855
846	4.355663966908855
847	3.6777821305725897
848	3.6777821305725897
849	3.6777821305725897
850	3.6777821305725897
851	3.6442655626589353
852	3.6442655626589353
853	3.6442655626589353
854	3.6442655626589353
855	4.478276807929136
856	4.478276807929136
857	4.478276807929136
858	4.478276807929136
859	1.6157315241799948
860	1.6157315241799948
861	1.6157315241799948
862	1.6157315241799948
863	2.2018308838164407
864	2.2018308838164407
865	2.2018308838164407
866	2.2018308838164407
867	3.0748679173450064
868	3.0748679173450064
869	3.0748679173450064
870	3.0748679173450064
871	2.158573411914834
872	2.158573411914834
873	2.158573411914834
874	2.158573411914834
875	2.4165830145826854
876	2.4165830145826854
877	2.4165830145826854
878	2.4165830145826854
879	2.8838207131141096
880	2.8838207131141096
881	2.8838207131141096
882	2.8838207131141096
883	1.4695438946786623
884	1.4695438946786623
885	1.4695438946786623
886	1.4695438946786623
887	1.5610035725969416
888	1.5610035725969416
889	1.5610035725969416
890	1.5610035725969416
891	2.8250168742526713
892	2.8250168742526713
893	2.8250168742526713
894	2.8250168742526713
895	2.4603316486457683
896	2.4603316486457683
897	2.4603316486457683
898	2.4603316486457683
899	2.7956311473997744
900	2.7956311473997744
901	2.7956311473997744
902	2.7956311473997744
903	2.796846119572451
904	2.796846119572451
905	2.796846119572451
906	2.796846119572451
907	1.4205913272499466
908	1.4205913272499466
909	1.4205913272499466
910	1.4205913272499466
911	4.944254508745365
912	4.944254508745365
913	4.944254508745365
914	4.944254508745365
915	4.0184243033723
916	4.0184243033723
917	4.0184243033723
918	4.0184243033723
919	3.3256483968745103
920	3.3256483968745103
921	3.3256483968745103
922	3.3256483968745103
923	3.2051110312373794
924	3.2051110312373794
925	3.2051110312373794
926	3.2051110312373794
927	3.0985958124609265
928	3.0985958124609265
929	3.0985958124609265
930	3.0985958124609265
931	2.031574526007498
932	2.031574526007498
933	2.031574526007498
934	2.031574526007498
935	3.8599320821797054
936	3.8599320821797054
937	3.8599320821797054
938	3.8599320821797054
939	3.07632931773509
940	3.07632931773509
941	3.07632931773509
942	3.07632931773509
943	3.1324708901346305
944	3.1324708901346305
945	3.1324708901346305
946	3.1324708901346305
947	1.217237539591903
948	1.217237539591903
949	1.217237539591903
950	1.217237539591903
951	2.4001154758679766
952	2.4001154758679766
953	2.4001154758679766
954	2.4001154758679766
955	3.0022850399494563
956	3.0022850399494563
957	3.0022850399494563
958	3.0022850399494563
959	0.8237776642279777
960	0.8237776642279777
961	0.8237776642279777
962	0.8237776642279777
963	3.6238767124132965
964	3.6238767124132965
965	3.6238767124132965
966	3.6238767124132965
967	3.7361134184163047
968	3.7361134184163047
969	3.7361134184163047
970	3.7361134184163047
971	2.052491107001348
972	2.052491107001348
973	2.052491107001348
974	2.052491107001348
975	3.8202532805547187
976	3.8202532805547187
977	3.8202532805547187
978	3.8202532805547187
979	3.8893439667013503
980	3.8893439667013503
981	1.6758552067131873
982	1.6758552067131873
983	1.6758552067131873
984	1.6758552067131873
985	0.9012952096227749
986	0.9012952096227749
987	0.9012952096227749
988	0.9012952096227749
989	1.1194402842158495
990	1.1194402842158495
991	1.1194402842158495
992	1.1194402842158495
993	1.1371274994865606
994	1.1371274994865606
995	1.1371274994865606
996	1.1371274994865606
997	0.9213439051494002
998	2.7531654826577814
999	2.7531654826577814
1000	2.7531654826577814
1001	2.7531654826577814
1002	2.1016891002735854
1003	2.1016891002735854
1004	2.1016891002735854
1005	2.1016891002735854
1006	3.2624391180559256
1007	3.2624391180559256
1008	3.2624391180559256
1009	0.9200335919180456
1010	0.9200335919180456
1011	0.9200335919180456
1012	0.9200335919180456
1013	1.0495671192632747
1014	1.0495671192632747
1015	1.0495671192632747
1016	1.0495671192632747
1017	1.07717616438595
1018	1.07717616438595
1019	1.07717616438595
1020	1.07717616438595
1021	1.4406541966846407
1022	1.4406541966846407
1023	1.4406541966846407
1024	1.4406541966846407
1025	1.0400419544714727
1026	1.0400419544714727
1027	1.0400419544714727
1028	1.0400419544714727
1029	1.3770027509077924
1030	1.3770027509077924
1031	1.3770027509077924
1032	1.3770027509077924
1033	0.7741929845419069
1034	0.7741929845419069
1035	0.7741929845419069
1036	0.7741929845419069
1037	1.1600610862227143
1038	1.1600610862227143
1039	1.1600610862227143
1040	1.1600610862227143
1041	1.5521813741876516
1042	1.5521813741876516
1043	1.5521813741876516
1044	1.5521813741876516
1045	1.2227246941384242
1046	1.2227246941384242
1047	1.2227246941384242
1048	1.2227246941384242
1049	0.7504469872319204
1050	0.7504469872319204
1051	0.7504469872319204
1052	0.7504469872319204
1053	0.7691101512935655
1054	0.7691101512935655
1055	0.7691101512935655
1056	0.7691101512935655
1057	0.7574676092563934
1058	0.7574676092563934
1059	0.7574676092563934
1060	0.7574676092563934
1061	1.6700751064524662
1062	1.6700751064524662
1063	1.6700751064524662
1064	1.6700751064524662
1065	1.225809977494878
1066	1.225809977494878
1067	1.225809977494878
1068	1.225809977494878
1069	0.9776317448289116
1070	0.9776317448289116
1071	0.9776317448289116
1072	0.9776317448289116
1073	1.7673692876215878
1074	1.7673692876215878
1075	1.7673692876215878
1076	1.7673692876215878
1077	1.4501076512588067
1078	1.4501076512588067
1079	1.4501076512588067
1080	1.4501076512588067
1081	1.0761477575287492
1082	1.0761477575287492
1083	1.0761477575287492
1084	1.0761477575287492
1085	0.4472264606520737
1086	0.4472264606520737
1087	0.4472264606520737
1088	0.4472264606520737
1089	1.2405630754390617
1090	1.2405630754390617
1091	1.2405630754390617
1092	1.2405630754390617
1093	1.1866282549594978
1094	1.1866282549594978
1095	1.1866282549594978
1096	1.1866282549594978
1097	1.060735470926147
1098	1.060735470926147
1099	1.060735470926147
1100	1.060735470926147
1101	0.8506903073313385
1102	0.8506903073313385
1103	0.8506903073313385
1104	0.8506903073313385
1105	1.1354720854818239
1106	1.1354720854818239
1107	1.1354720854818239
1108	1.1354720854818239
1109	1.3818454228255797
1110	1.3818454228255797
1111	1.3818454228255797
1112	1.3818454228255797
1113	1.1183463387053134
1114	1.1183463387053134
1115	1.1183463387053134
1116	1.1183463387053134
1117	1.2442476391195925
1118	1.2442476391195925
1119	1.2442476391195925
1120	1.2442476391195925
1121	0.7408083673208742
1122	0.7408083673208742
1123	0.7408083673208742
1124	0.7408083673208742
1125	1.6797799691619781
1126	1.6797799691619781
1127	1.6797799691619781
1128	1.6797799691619781
1129	1.5214727920951239
1130	1.5214727920951239
1131	1.5214727920951239
1132	1.5214727920951239
1133	0.5663632179704198
1134	0.5663632179704198
1135	0.5663632179704198
1136	0.5663632179704198
1137	1.2481602748773504
1138	1.2481602748773504
1139	1.2481602748773504
1140	1.2481602748773504
1141	1.2782493711388714
1142	1.2782493711388714
1143	1.2782493711388714
1144	1.2782493711388714
1145	0.7691324617395157
1146	0.7691324617395157
1147	0.7691324617395157
1148	0.7691324617395157
1149	1.46260313131281
1150	1.46260313131281
1151	1.559932238449299
1152	1.559932238449299
1153	1.559932238449299
1154	1.559932238449299
1155	1.51486284667907
1156	1.51486284667907
1157	1.51486284667907
1158	1.51486284667907
1159	1.871475601623764
1160	1.871475601623764
1161	1.871475601623764
1162	1.871475601623764
1163	2.0511062858940905
1164	2.0511062858940905
1165	2.0511062858940905
1166	2.0511062858940905
1167	1.8755197305444333
1168	1.8755197305444333
1169	1.8755197305444333
1170	1.8755197305444333
1171	1.2066820869148556
1172	1.2066820869148556
1173	6.9399652622932795
1174	6.9399652622932795
1175	6.9399652622932795
1176	6.9399652622932795
1177	2.4076324026453877
1178	2.280117883043687
1179	2.280117883043687
1180	2.280117883043687
1181	2.280117883043687
1182	2.694852853108407
1183	2.694852853108407
1184	2.694852853108407
1185	2.694852853108407
1186	3.111610137396334
1187	3.111610137396334
1188	3.111610137396334
1189	3.111610137396334
1190	2.359605394333473
1191	2.359605394333473
1192	2.359605394333473
1193	2.359605394333473
1194	1.4436129375500357
1195	1.4436129375500357
1196	1.4436129375500357
1197	1.4436129375500357
1198	2.8636146897343853
1199	2.8636146897343853
1200	2.8636146897343853
1201	2.8636146897343853
1202	2.6284671105871893
1203	2.6284671105871893
1204	2.6284671105871893
1205	2.6284671105871893
1206	4.14507076302093
1207	4.14507076302093
1208	4.14507076302093
1209	4.14507076302093
1210	4.257376201541801
1211	4.257376201541801
1212	4.257376201541801
1213	4.257376201541801
1214	1.3409385386928347
1215	1.3409385386928347
1216	1.3409385386928347
1217	1.3409385386928347
1218	2.35893856886927
1219	2.35893856886927
1220	2.35893856886927
1221	2.35893856886927
1222	2.753795815354767
1223	2.753795815354767
1224	2.753795815354767
1225	2.753795815354767
1226	2.8649471607439465
1227	2.8649471607439465
1228	2.8649471607439465
1229	2.8649471607439465
1230	2.383604872496832
1231	2.383604872496832
1232	2.383604872496832
1233	2.383604872496832
1234	2.4099340882753015
1235	2.4099340882753015
1236	2.4099340882753015
1237	2.4099340882753015
1238	2.5683564521033233
1239	2.5683564521033233
1240	2.5683564521033233
1241	2.5683564521033233
1242	3.5929814359537464
1243	3.5929814359537464
1244	3.5929814359537464
1245	3.5929814359537464
1246	4.080143989321524
1247	4.080143989321524
1248	4.080143989321524
1249	4.080143989321524
1250	3.0003851107606265
1251	3.0003851107606265
1252	3.0003851107606265
1253	3.0003851107606265
1254	2.326333491136308
1255	2.326333491136308
1256	2.326333491136308
1257	2.326333491136308
1258	1.7788256130582438
1259	1.7788256130582438
1260	1.7788256130582438
1261	1.7788256130582438
1262	2.6840574940957853
1263	2.6840574940957853
1264	2.6840574940957853
1265	2.6840574940957853
1266	4.7749423623622365
1267	4.7749423623622365
1268	4.7749423623622365
1269	4.7749423623622365
1270	2.9080369450847345
1271	2.9080369450847345
1272	2.9080369450847345
1273	2.9080369450847345
1274	1.414470008245215
1275	1.414470008245215
1276	1.414470008245215
1277	1.414470008245215
1278	3.955215455387574
1279	3.955215455387574
1280	3.955215455387574
1281	3.955215455387574
1282	2.4205554359812966
1283	2.4205554359812966
1284	2.4205554359812966
1285	2.4205554359812966
1286	2.6053073713791886
1287	2.6053073713791886
1288	2.6053073713791886
1289	2.6053073713791886
1290	3.015563361532371
1291	3.015563361532371
1292	3.015563361532371
1293	3.015563361532371
1294	3.7676945863189237
1295	3.7676945863189237
1296	3.7676945863189237
1297	3.7676945863189237
1298	3.464628643301258
1299	3.464628643301258
1300	3.464628643301258
1301	3.464628643301258
1302	1.9229099123709643
1303	1.9229099123709643
1304	1.9229099123709643
1305	1.9229099123709643
1306	2.4534194019619675
1307	2.4534194019619675
1308	2.4534194019619675
1309	2.4534194019619675
1310	2.408986419359169
1311	2.408986419359169
1312	2.408986419359169
1313	2.408986419359169
1314	2.5393777870396224
1315	2.5393777870396224
1316	2.5393777870396224
1317	2.5393777870396224
1318	1.5048510270655748
1319	1.5048510270655748
1320	1.5048510270655748
1321	1.5048510270655748
1322	1.6690456036630756
1323	1.6690456036630756
1324	1.6690456036630756
1325	1.6690456036630756
1326	2.0341185141587386
1327	2.0341185141587386
1328	2.0341185141587386
1329	2.0341185141587386
1330	1.108837817077166
1331	1.108837817077166
1332	1.108837817077166
1333	1.108837817077166
1334	0.9162093564151553
1335	0.9162093564151553
1336	0.9162093564151553
1337	0.9162093564151553
1338	0.9052033884869838
1339	0.9052033884869838
1340	0.9052033884869838
1341	0.9052033884869838
1342	1.720965415653964
1343	1.720965415653964
1344	1.720965415653964
1345	1.720965415653964
1346	1.2547519430262415
1347	1.2547519430262415
1348	1.2547519430262415
1349	0.27464894777770377
1350	0.27464894777770377
1351	0.27464894777770377
1352	0.27464894777770377
1353	0.18509357453758862
1354	0.18509357453758862
1355	0.18509357453758862
1356	0.18509357453758862
1357	0.19116667698021494
1358	0.19116667698021494
1359	0.19116667698021494
1360	0.19116667698021494
1361	0.16042558149264452
1362	0.16042558149264452
1363	0.16042558149264452
1364	0.16042558149264452
1365	0.21793674117482176
1366	0.21793674117482176
1367	0.6314139846680655
1368	0.6314139846680655
1369	0.6314139846680655
1370	0.6314139846680655
1371	1.3578341435385395
1372	2.863574093665503
1373	2.863574093665503
1374	2.863574093665503
1375	2.863574093665503
1376	1.6548150502295533
1377	1.6548150502295533
1378	1.6548150502295533
1379	1.6548150502295533
1380	1.3416728059791838
1381	1.3416728059791838
1382	1.3416728059791838
1383	1.3416728059791838
1384	3.6441737629367648
1385	3.6441737629367648
1386	3.6441737629367648
1387	3.6441737629367648
1388	2.9266628300795525
1389	2.9266628300795525
1390	2.9266628300795525
1391	2.9266628300795525
1392	1.7552525808339605
1393	1.7552525808339605
1394	1.7552525808339605
1395	1.7552525808339605
1396	2.507059112147477
1397	2.507059112147477
1398	2.507059112147477
1399	2.507059112147477
1400	2.9105504922690275
1401	2.9105504922690275
1402	2.9105504922690275
1403	2.9105504922690275
1404	3.679033472985413
1405	3.679033472985413
1406	3.679033472985413
1407	3.679033472985413
1408	2.303882423948706
1409	2.303882423948706
1410	2.303882423948706
1411	2.303882423948706
1412	2.830328588414995
1413	2.830328588414995
1414	2.830328588414995
1415	2.830328588414995
1416	2.816307995319479
1417	2.816307995319479
1418	2.816307995319479
1419	2.816307995319479
1420	2.128639699267989
1421	2.128639699267989
1422	2.128639699267989
1423	2.128639699267989
1424	2.761914974119178
1425	2.761914974119178
1426	2.761914974119178
1427	2.761914974119178
1428	2.077829875075859
1429	2.077829875075859
1430	2.077829875075859
1431	2.077829875075859
1432	0.6707696868637673
1433	0.6707696868637673
1434	0.6707696868637673
1435	0.6707696868637673
1436	0.625406006245081
1437	0.625406006245081
1438	0.625406006245081
1439	0.625406006245081
1440	0.5239978226536695
1441	0.5239978226536695
1442	0.5239978226536695
1443	0.5239978226536695
1444	0.6456873571193593
1445	0.6456873571193593
1446	0.6456873571193593
1447	0.6456873571193593
1448	0.48523964210878834
1449	0.48523964210878834
1450	0.48523964210878834
1451	0.48523964210878834
1452	0.316440666366345
1453	0.316440666366345
1454	0.316440666366345
1455	0.316440666366345
1456	0.28821670825261597
1457	0.28821670825261597
1458	0.28821670825261597
1459	0.28821670825261597
1460	0.945764090597218
1461	0.945764090597218
1462	0.945764090597218
1463	0.945764090597218
1464	0.7308218095982537
1465	0.7308218095982537
1466	0.7308218095982537
1467	0.7308218095982537
1468	0.4923718962420216
1469	0.4923718962420216
1470	0.4923718962420216
1471	0.4923718962420216
1472	0.7495964860218838
1473	0.7495964860218838
1474	0.7495964860218838
1475	0.7495964860218838
1476	0.7774231149423441
1477	0.7774231149423441
1478	0.7774231149423441
1479	0.7774231149423441
1480	0.6289915634548027
1481	0.6289915634548027
1482	0.6289915634548027
1483	0.6289915634548027
1484	0.7958175492332862
1485	0.7958175492332862
1486	0.7958175492332862
1487	0.7958175492332862
1488	0.3853700171569181
1489	0.3853700171569181
1490	0.3853700171569181
1491	0.3853700171569181
1492	0.6045625321065894
1493	0.6045625321065894
1494	0.6045625321065894
1495	0.6045625321065894
1496	0.584806239508541
1497	0.584806239508541
1498	0.584806239508541
1499	0.584806239508541
1500	0.5680978114090174
1501	0.5680978114090174
1502	0.5680978114090174
1503	0.5680978114090174
1504	0.6316528696748829
1505	0.6316528696748829
1506	0.6316528696748829
1507	0.6316528696748829
1508	0.8611015734662736
1509	0.8611015734662736
1510	0.8611015734662736
1511	0.8611015734662736
1512	0.20901103086540368
1513	0.20901103086540368
1514	0.20901103086540368
1515	0.20901103086540368
1516	0.6660128653146463
1517	0.6660128653146463
1518	0.6660128653146463
1519	4.883571087175511
1520	4.883571087175511
1521	4.883571087175511
1522	4.883571087175511
1523	4.450479063463764
1524	4.450479063463764
1525	4.450479063463764
1526	4.450479063463764
1527	1.3821481266662827
1528	1.3821481266662827
1529	1.3821481266662827
1530	1.3821481266662827
1531	1.5351089044440676
1532	1.5351089044440676
1533	1.5351089044440676
1534	1.5351089044440676
1535	0.7085797956754873
1536	0.7085797956754873
1537	0.7085797956754873
1538	0.7085797956754873
1539	0.7132941491720963
1540	0.7132941491720963
1541	0.7132941491720963
1542	0.7132941491720963
1543	0.7430274805339319
1544	0.7430274805339319
1545	0.7430274805339319
1546	0.7430274805339319
1547	0.7825076082679054
1548	0.7825076082679054
1549	0.7825076082679054
1550	0.7825076082679054
1551	0.7404415158676619
1552	0.7404415158676619
1553	0.7404415158676619
1554	0.7404415158676619
1555	1.1067885294583175
1556	1.1067885294583175
1557	1.1067885294583175
1558	1.1067885294583175
1559	1.856421908976667
1560	1.856421908976667
1561	1.856421908976667
1562	1.856421908976667
1563	1.4399966797142485
1564	1.4399966797142485
1565	1.4399966797142485
1566	1.4399966797142485
1567	1.2990684221710749
1568	1.2990684221710749
1569	1.2990684221710749
1570	1.2990684221710749
1571	1.6047232002514897
1572	1.6047232002514897
1573	1.6047232002514897
1574	1.6047232002514897
1575	1.436358015633144
1576	1.436358015633144
1577	1.436358015633144
1578	1.436358015633144
1579	1.195672141754144
1580	1.195672141754144
1581	1.195672141754144
1582	1.195672141754144
1583	1.5043345924251503
1584	1.5043345924251503
1585	1.5043345924251503
1586	1.5043345924251503
1587	1.2872922893930236
1588	1.2872922893930236
1589	1.2872922893930236
1590	1.2872922893930236
1591	1.00180636178044
1592	1.00180636178044
1593	1.00180636178044
1594	1.00180636178044
1595	1.3452929589116205
1596	1.3452929589116205
1597	1.3452929589116205
1598	1.3452929589116205
1599	1.1355179190223121
1600	1.1355179190223121
1601	1.1355179190223121
1602	1.1355179190223121
1603	1.5316365064843787
1604	1.5316365064843787
1605	1.5316365064843787
1606	2.3126660579361378
1607	2.3126660579361378
1608	2.3126660579361378
1609	2.3126660579361378
1610	2.7939968122403522
1611	2.7939968122403522
1612	2.7939968122403522
1613	2.7939968122403522
1614	2.681453176356212
1615	2.681453176356212
1616	2.681453176356212
1617	2.681453176356212
1618	2.1898952331402857
1619	2.1898952331402857
1620	2.1898952331402857
1621	2.1898952331402857
1622	1.8133301256700967
1623	1.8133301256700967
1624	1.8133301256700967
1625	1.8133301256700967
1626	3.0661198603544304
1627	3.0661198603544304
1628	3.0661198603544304
1629	3.0661198603544304
1630	1.7986503556631215
1631	1.7986503556631215
1632	1.7986503556631215
1633	1.7986503556631215
1634	2.9503702409068966
1635	2.9503702409068966
1636	2.9503702409068966
1637	2.9503702409068966
1638	2.8535677676900613
1639	2.8535677676900613
1640	2.8535677676900613
1641	2.8535677676900613
1642	1.8419012278853493
1643	1.8419012278853493
1644	1.8419012278853493
1645	1.8419012278853493
1646	1.778152682348753
1647	1.778152682348753
1648	1.778152682348753
1649	1.778152682348753
1650	3.3320606769877927
1651	3.3320606769877927
1652	3.3320606769877927
1653	3.3320606769877927
1654	2.5447449026814306
1655	2.5447449026814306
1656	2.5447449026814306
1657	2.5447449026814306
1658	2.611983479222708
1659	2.611983479222708
1660	2.611983479222708
1661	2.611983479222708
1662	2.7342246458203148
1663	2.7342246458203148
1664	2.7342246458203148
1665	2.7342246458203148
1666	1.9973597280229982
1667	1.9973597280229982
1668	1.9973597280229982
1669	1.9973597280229982
1670	2.8302415126891214
1671	2.8302415126891214
1672	2.8302415126891214
1673	2.8302415126891214
1674	1.677369617310355
1675	1.677369617310355
1676	1.677369617310355
1677	1.677369617310355
1678	2.95759768996079
1679	2.95759768996079
1680	2.95759768996079
1681	2.95759768996079
1682	2.4687571165731397
1683	2.4687571165731397
1684	2.4687571165731397
1685	2.4687571165731397
1686	2.2103315690378107
1687	2.2103315690378107
1688	2.2103315690378107
1689	2.2103315690378107
1690	1.7305370422533772
1691	1.7305370422533772
1692	1.7305370422533772
1693	1.7305370422533772
1694	0.9350328097626042
1695	0.9350328097626042
1696	0.9350328097626042
1697	0.9350328097626042
1698	2.0339819768364027
1699	2.0339819768364027
1700	2.0339819768364027
1701	2.0339819768364027
1702	2.0379495139510753
1703	2.0379495139510753
1704	2.0379495139510753
1705	2.0379495139510753
1706	1.614322243788909
1707	1.614322243788909
1708	1.614322243788909
1709	1.614322243788909
1710	2.507749182385042
1711	2.507749182385042
1712	2.507749182385042
1713	2.507749182385042
1714	1.6256739259816295
1715	1.6256739259816295
1716	1.6256739259816295
1717	1.6256739259816295
1718	2.628635052779891
1719	2.628635052779891
1720	2.628635052779891
1721	2.628635052779891
1722	2.7410997410630698
1723	2.7410997410630698
1724	2.7410997410630698
1725	2.7410997410630698
1726	3.493340716915129
1727	3.493340716915129
1728	3.493340716915129
1729	3.493340716915129
1730	2.0044081872940502
1731	2.0044081872940502
1732	2.0044081872940502
1733	2.0044081872940502
1734	1.8275454360914631
1735	1.8275454360914631
1736	1.8275454360914631
1737	3.682508070138091
1738	3.682508070138091
1739	3.682508070138091
1740	3.682508070138091
1741	2.2587488478400797
1742	2.2587488478400797
1743	2.2587488478400797
1744	2.2587488478400797
1745	2.824899040769161
1746	2.824899040769161
1747	2.824899040769161
1748	2.824899040769161
1749	4.272471263914948
1750	4.272471263914948
1751	4.272471263914948
1752	4.272471263914948
1753	2.993043085249941
1754	2.993043085249941
1755	2.993043085249941
1756	2.993043085249941
1757	3.2270279143441774
1758	3.2270279143441774
1759	3.2270279143441774
1760	3.2270279143441774
1761	4.064085154100998
1762	4.064085154100998
1763	4.064085154100998
1764	4.064085154100998
1765	3.7031141391711104
1766	3.7031141391711104
1767	3.7031141391711104
1768	3.7031141391711104
1769	2.668905003030198
1770	2.668905003030198
1771	2.668905003030198
1772	2.668905003030198
1773	3.9741369663447594
1774	3.9741369663447594
1775	3.9741369663447594
1776	3.9741369663447594
1777	3.3584044826166455
1778	3.3584044826166455
1779	3.3584044826166455
1780	3.3584044826166455
1781	2.887893276168601
1782	2.887893276168601
1783	2.887893276168601
1784	2.887893276168601
1785	3.3771175451865054
1786	3.3771175451865054
1787	3.3771175451865054
1788	3.3771175451865054
1789	4.016844604818878
1790	4.016844604818878
1791	4.016844604818878
1792	2.5096077710237736
1793	2.5096077710237736
1794	2.5096077710237736
1795	2.5096077710237736
1796	1.5786944332629156
1797	1.5786944332629156
1798	1.5786944332629156
1799	1.5786944332629156
1800	1.6933036807894772
1801	1.6933036807894772
1802	1.6933036807894772
1803	1.6933036807894772
1804	2.5494926085964216
1805	2.5494926085964216
1806	2.5494926085964216
1807	2.5494926085964216
1808	1.6684984831373926
1809	1.6684984831373926
1810	1.6684984831373926
1811	1.6684984831373926
1812	1.8849332720411627
1813	1.8849332720411627
1814	1.8849332720411627
1815	1.8849332720411627
1816	2.6380850305023484
1817	2.6380850305023484
1818	2.6380850305023484
1819	2.6380850305023484
1820	2.170198454639319
1821	2.170198454639319
1822	2.170198454639319
1823	2.170198454639319
1824	2.7756416069958907
1825	2.7756416069958907
1826	2.7756416069958907
1827	2.7756416069958907
1828	2.4109697259890566
1829	2.4109697259890566
1830	2.4109697259890566
1831	2.4109697259890566
1832	1.908690173807215
1833	1.908690173807215
1834	1.908690173807215
1835	1.908690173807215
1836	1.6772479396717388
1837	1.6772479396717388
1838	1.6772479396717388
1839	1.6772479396717388
1840	1.3713892250282504
1841	1.3713892250282504
1842	1.3713892250282504
1843	1.3713892250282504
1844	1.659687858020834
1845	1.659687858020834
1846	1.659687858020834
1847	1.659687858020834
1848	1.64696180203985
1849	1.64696180203985
1850	1.64696180203985
1851	1.64696180203985
1852	1.5964544974849315
1853	1.5964544974849315
1854	1.5964544974849315
1855	1.5964544974849315
1856	1.7693126384914617
1857	1.7693126384914617
1858	1.7693126384914617
1859	1.7693126384914617
1860	2.754696240224966
1861	2.754696240224966
1862	2.754696240224966
1863	2.754696240224966
1864	5.105001023683784
1865	5.105001023683784
1866	5.105001023683784
1867	5.105001023683784
1868	4.768803923856597
1869	4.768803923856597
1870	4.768803923856597
1871	4.768803923856597
1872	2.477500049977597
1873	2.477500049977597
1874	2.477500049977597
1875	2.477500049977597
1876	1.5249579985502981
1877	1.5249579985502981
1878	1.5249579985502981
1879	1.5249579985502981
1880	0.6144794782269858
1881	0.6144794782269858
1882	0.6144794782269858
1883	0.6144794782269858
1884	1.9061434186432213
1885	1.9061434186432213
1886	1.9061434186432213
1887	1.9061434186432213
1888	4.351499690721563
1889	4.351499690721563
1890	4.351499690721563
1891	4.351499690721563
1892	5.136066135818329
1893	5.136066135818329
1894	5.136066135818329
1895	5.136066135818329
1896	3.644503775285463
1897	3.644503775285463
1898	3.644503775285463
1899	3.644503775285463
1900	4.971388890820084
1901	4.971388890820084
1902	4.971388890820084
1903	4.971388890820084
1904	4.041463891573143
1905	4.041463891573143
1906	4.041463891573143
1907	4.041463891573143
1908	4.6411640545820525
1909	4.6411640545820525
1910	4.6411640545820525
1911	4.6411640545820525
1912	3.2026970312001537
1913	3.2026970312001537
1914	3.2026970312001537
1915	3.2026970312001537
1916	2.5257115795048337
1917	2.5257115795048337
1918	2.5257115795048337
1919	2.5257115795048337
1920	6.335871032481988
1921	6.335871032481988
1922	6.335871032481988
1923	6.335871032481988
1924	3.1803386475380346
1925	3.1803386475380346
1926	3.1803386475380346
1927	3.1803386475380346
1928	3.267473570738154
1929	3.267473570738154
1930	3.267473570738154
1931	3.267473570738154
1932	3.8499326600039643
1933	3.8499326600039643
1934	3.8499326600039643
1935	3.8499326600039643
1936	3.451643696945822
1937	3.451643696945822
1938	3.451643696945822
1939	3.451643696945822
1940	4.862593934842119
1941	4.862593934842119
1942	4.862593934842119
1943	4.862593934842119
1944	3.0374949534432063
1945	3.0374949534432063
1946	3.0374949534432063
1947	3.0374949534432063
1948	6.850465554567631
1949	6.850465554567631
1950	6.850465554567631
1951	6.850465554567631
1952	3.1221235528495583
1953	3.1221235528495583
1954	3.1221235528495583
1955	3.1221235528495583
1956	5.385360784418728
1957	5.385360784418728
1958	5.385360784418728
1959	5.385360784418728
1960	4.1541547229301
1961	4.1541547229301
1962	4.1541547229301
1963	4.1541547229301
1964	4.04420474640655
1965	4.04420474640655
1966	4.04420474640655
1967	4.04420474640655
1968	3.6814732920541413
1969	3.6814732920541413
1970	3.6814732920541413
1971	3.6814732920541413
1972	5.164200811616151
1973	5.164200811616151
1974	5.164200811616151
1975	5.164200811616151
1976	5.040455632165376
1977	5.040455632165376
1978	5.040455632165376
1979	5.040455632165376
1980	4.077607368215511
1981	4.077607368215511
1982	4.077607368215511
1983	4.077607368215511
1984	2.481971969558595
1985	2.481971969558595
1986	2.481971969558595
1987	2.481971969558595
1988	5.791640378660201
1989	5.791640378660201
1990	5.791640378660201
1991	5.791640378660201
1992	6.19984628936636
1993	6.19984628936636
1994	6.19984628936636
1995	6.19984628936636
1996	5.589942285841354
1997	5.589942285841354
1998	5.589942285841354
1999	5.589942285841354
