0	0.6744618916072614
1	0.6744618916072614
2	0.6744618916072614
3	0.6744618916072614
4	0.6744618916072614
5	0.6507599601106292
6	0.6507599601106292
7	0.6507599601106292
8	0.6507599601106292
9	0.6507599601106292
10	0.6511231180810202
11	0.6511231180810202
12	0.6511231180810202
13	0.6511231180810202
14	0.6511231180810202
15	0.5526205912487685
16	0.5526205912487685
17	3.2272606381331865
18	3.2272606381331865
19	3.2272606381331865
20	3.2272606381331865
21	3.2272606381331865
22	4.092653912060764
23	4.092653912060764
24	4.092653912060764
25	1.0223755032060922
26	1.0223755032060922
27	1.0223755032060922
28	1.0223755032060922
29	1.0223755032060922
30	1.269001096659486
31	1.269001096659486
32	1.269001096659486
33	1.269001096659486
34	1.269001096659486
35	1.2269152459598782
36	1.2269152459598782
37	1.2269152459598782
38	1.2269152459598782
39	1.2269152459598782
40	1.339532612219812
41	1.339532612219812
42	1.339532612219812
43	1.339532612219812
44	1.339532612219812
45	0.8958395103108235
46	0.8958395103108235
47	0.8958395103108235
48	0.8958395103108235
49	0.8958395103108235
50	1.212431246046402
51	1.212431246046402
52	1.212431246046402
53	1.212431246046402
54	1.212431246046402
55	1.2997301472600453
56	1.2997301472600453
57	1.2997301472600453
58	1.2997301472600453
59	1.2997301472600453
60	1.1185045793132098
61	1.1185045793132098
62	1.1185045793132098
63	1.1185045793132098
64	1.1185045793132098
65	1.1514774625889186
66	1.1514774625889186
67	1.1514774625889186
68	1.1514774625889186
69	1.1514774625889186
70	1.1531202266556835
71	1.1531202266556835
72	1.1531202266556835
73	1.1531202266556835
74	1.1531202266556835
75	1.3145175092710426
76	1.3145175092710426
77	1.3145175092710426
78	1.3145175092710426
79	1.3145175092710426
80	4.524643018821283
81	4.524643018821283
82	4.524643018821283
83	4.524643018821283
84	4.524643018821283
85	3.4228684457635605
86	3.4228684457635605
87	3.4228684457635605
88	3.4228684457635605
89	3.4228684457635605
90	3.15721625699322
91	3.15721625699322
92	3.15721625699322
93	3.15721625699322
94	3.15721625699322
95	2.8081230377771633
96	2.8081230377771633
97	2.8081230377771633
98	2.8081230377771633
99	2.8081230377771633
100	4.73055970262775
101	4.73055970262775
102	4.73055970262775
103	4.73055970262775
104	4.73055970262775
105	4.593654325331492
106	4.593654325331492
107	4.593654325331492
108	4.593654325331492
109	4.593654325331492
110	3.171824919809198
111	3.171824919809198
112	3.171824919809198
113	3.171824919809198
114	3.171824919809198
115	5.0115047654394385
116	5.0115047654394385
117	5.0115047654394385
118	5.0115047654394385
119	5.0115047654394385
120	3.2450117062631696
121	3.2450117062631696
122	3.2450117062631696
123	3.2450117062631696
124	3.2450117062631696
125	2.9167947351361203
126	2.9167947351361203
127	2.9167947351361203
128	2.9167947351361203
129	2.9167947351361203
130	4.409553763978913
131	4.409553763978913
132	4.409553763978913
133	4.409553763978913
134	4.409553763978913
135	2.939760841984099
136	2.939760841984099
137	2.939760841984099
138	2.939760841984099
139	2.939760841984099
140	3.4810729954508024
141	3.4810729954508024
142	3.4810729954508024
143	3.4810729954508024
144	3.4810729954508024
145	4.018536289250156
146	4.018536289250156
147	4.018536289250156
148	4.018536289250156
149	4.018536289250156
150	3.4214081421420453
151	3.4214081421420453
152	3.4214081421420453
153	3.4214081421420453
154	3.4214081421420453
155	3.702332503904736
156	3.702332503904736
157	3.702332503904736
158	3.702332503904736
159	3.702332503904736
160	3.2528882636262004
161	3.2528882636262004
162	3.2528882636262004
163	3.2528882636262004
164	3.2528882636262004
165	3.0380469784979516
166	3.0380469784979516
167	3.0380469784979516
168	3.0380469784979516
169	3.0380469784979516
170	4.131845355334148
171	4.131845355334148
172	4.131845355334148
173	4.131845355334148
174	4.131845355334148
175	4.151989530652257
176	4.151989530652257
177	4.151989530652257
178	4.151989530652257
179	4.151989530652257
180	4.342569533712559
181	4.342569533712559
182	4.342569533712559
183	4.342569533712559
184	4.342569533712559
185	3.9160628701199913
186	3.9160628701199913
187	3.9160628701199913
188	3.9160628701199913
189	3.9160628701199913
190	2.6749419237276717
191	2.6749419237276717
192	2.6749419237276717
193	2.6749419237276717
194	2.6749419237276717
195	3.1158480319839184
196	3.1158480319839184
197	3.1158480319839184
198	3.1158480319839184
199	3.1158480319839184
200	4.659416214960511
201	4.659416214960511
202	4.659416214960511
203	4.659416214960511
204	4.659416214960511
205	4.283588680988903
206	4.283588680988903
207	4.283588680988903
208	4.283588680988903
209	4.283588680988903
210	3.461328628539901
211	3.461328628539901
212	3.461328628539901
213	3.461328628539901
214	3.461328628539901
215	3.4729793543183414
216	3.4729793543183414
217	3.4729793543183414
218	3.4729793543183414
219	3.4729793543183414
220	3.5756989168317173
221	3.5756989168317173
222	3.5756989168317173
223	3.5756989168317173
224	3.5756989168317173
225	4.120773759704904
226	4.120773759704904
227	4.120773759704904
228	4.120773759704904
229	4.120773759704904
230	4.018021368029036
231	4.018021368029036
232	4.018021368029036
233	4.018021368029036
234	4.018021368029036
235	3.218959639681259
236	3.218959639681259
237	3.218959639681259
238	3.218959639681259
239	3.17151834934782
240	3.17151834934782
241	3.17151834934782
242	3.17151834934782
243	3.17151834934782
244	4.112401096566351
245	4.112401096566351
246	4.112401096566351
247	4.112401096566351
248	4.112401096566351
249	3.071514025916797
250	3.071514025916797
251	3.071514025916797
252	3.071514025916797
253	3.071514025916797
254	3.0152709341377113
255	3.0152709341377113
256	3.0152709341377113
257	3.0152709341377113
258	3.0152709341377113
259	3.3066956441506288
260	3.3066956441506288
261	3.3066956441506288
262	3.3066956441506288
263	3.3066956441506288
264	3.1984403297179504
265	3.1984403297179504
266	3.1984403297179504
267	2.037034696299642
268	2.037034696299642
269	2.037034696299642
270	2.037034696299642
271	2.037034696299642
272	1.9085276601872103
273	1.9085276601872103
274	1.9085276601872103
275	1.9085276601872103
276	1.9085276601872103
277	2.2473941650344766
278	2.2473941650344766
279	2.2473941650344766
280	2.2473941650344766
281	2.2473941650344766
282	2.1093865467418516
283	2.1093865467418516
284	2.1093865467418516
285	2.1093865467418516
286	2.1093865467418516
287	1.6972544150918534
288	1.6972544150918534
289	1.6972544150918534
290	2.7031754121150438
291	2.7031754121150438
292	2.7031754121150438
293	2.7031754121150438
294	2.7031754121150438
295	2.7258263933918556
296	2.7258263933918556
297	2.7258263933918556
298	2.7258263933918556
299	2.7258263933918556
300	2.382928872808979
301	2.382928872808979
302	2.382928872808979
303	2.382928872808979
304	2.382928872808979
305	2.489458406611841
306	2.489458406611841
307	2.489458406611841
308	2.489458406611841
309	2.489458406611841
310	2.6576485768860323
311	2.6576485768860323
312	2.6576485768860323
313	2.6576485768860323
314	2.6576485768860323
315	2.238548394870675
316	2.238548394870675
317	2.238548394870675
318	2.238548394870675
319	2.238548394870675
320	2.667426128605953
321	2.667426128605953
322	2.667426128605953
323	2.667426128605953
324	2.667426128605953
325	2.245818920624592
326	2.245818920624592
327	2.245818920624592
328	2.245818920624592
329	2.245818920624592
330	2.928706151947535
331	2.928706151947535
332	2.928706151947535
333	2.928706151947535
334	2.928706151947535
335	2.561169495157002
336	2.561169495157002
337	2.561169495157002
338	2.561169495157002
339	2.561169495157002
340	2.014928703295216
341	2.014928703295216
342	2.014928703295216
343	2.014928703295216
344	2.014928703295216
345	2.2881260094901954
346	2.2881260094901954
347	2.2881260094901954
348	2.2881260094901954
349	2.2881260094901954
350	2.4878775530794512
351	2.4878775530794512
352	2.4878775530794512
353	2.4878775530794512
354	2.4878775530794512
355	2.7920755528192314
356	2.7920755528192314
357	2.7920755528192314
358	2.7920755528192314
359	2.7920755528192314
360	2.615001692875269
361	2.615001692875269
362	2.615001692875269
363	2.615001692875269
364	2.615001692875269
365	2.762548622173892
366	2.762548622173892
367	2.762548622173892
368	2.762548622173892
369	2.762548622173892
370	2.710307688011487
371	2.710307688011487
372	2.710307688011487
373	2.710307688011487
374	2.710307688011487
375	2.4955779971682115
376	2.4955779971682115
377	2.4955779971682115
378	2.4955779971682115
379	2.4955779971682115
380	2.7014539954526327
381	2.7014539954526327
382	2.7014539954526327
383	2.7014539954526327
384	2.7014539954526327
385	1.955261612816333
386	1.955261612816333
387	1.955261612816333
388	1.955261612816333
389	1.955261612816333
390	2.258233620136594
391	2.258233620136594
392	2.258233620136594
393	2.258233620136594
394	2.258233620136594
395	2.1590512817710326
396	2.1590512817710326
397	2.1590512817710326
398	2.1590512817710326
399	1.8479668649630119
400	1.8479668649630119
401	1.8479668649630119
402	1.8479668649630119
403	1.8479668649630119
404	1.1220242431699454
405	1.1220242431699454
406	1.1220242431699454
407	1.1220242431699454
408	1.1220242431699454
409	1.6496337820172458
410	1.6496337820172458
411	1.6496337820172458
412	1.6496337820172458
413	1.6496337820172458
414	1.2612637892407474
415	1.2612637892407474
416	1.2612637892407474
417	1.2612637892407474
418	1.2612637892407474
419	1.3089740650565351
420	1.3089740650565351
421	1.3089740650565351
422	1.3089740650565351
423	1.3089740650565351
424	1.503501535634617
425	1.503501535634617
426	1.503501535634617
427	1.503501535634617
428	1.503501535634617
429	1.295834234524781
430	1.295834234524781
431	1.295834234524781
432	1.295834234524781
433	1.295834234524781
434	1.8366298323232444
435	1.8366298323232444
436	1.8366298323232444
437	1.8366298323232444
438	1.8366298323232444
439	1.9098457766230008
440	1.9098457766230008
441	1.9098457766230008
442	1.9098457766230008
443	1.9098457766230008
444	1.447246142372464
445	1.447246142372464
446	1.447246142372464
447	1.447246142372464
448	1.447246142372464
449	1.5406066112967918
450	1.5406066112967918
451	1.5406066112967918
452	1.5406066112967918
453	1.5406066112967918
454	1.847726550539241
455	1.847726550539241
456	1.847726550539241
457	1.847726550539241
458	1.847726550539241
459	1.5631564514540208
460	1.5631564514540208
461	1.5631564514540208
462	1.5631564514540208
463	1.5631564514540208
464	1.4831184326035776
465	1.4831184326035776
466	1.4831184326035776
467	1.4831184326035776
468	1.4831184326035776
469	1.7223354824957255
470	1.7223354824957255
471	1.7223354824957255
472	1.7223354824957255
473	1.7223354824957255
474	1.6333764698822766
475	2.9566317870778227
476	2.9566317870778227
477	2.9566317870778227
478	2.9566317870778227
479	2.9566317870778227
480	3.1281089925952426
481	3.1281089925952426
482	3.1281089925952426
483	3.1281089925952426
484	3.1281089925952426
485	3.377647547336259
486	3.377647547336259
487	3.377647547336259
488	3.377647547336259
489	3.377647547336259
490	3.7571537045076266
491	3.7571537045076266
492	3.7571537045076266
493	3.7571537045076266
494	3.7571537045076266
495	3.0257564459522963
496	3.0257564459522963
497	3.0257564459522963
498	3.0257564459522963
499	3.0257564459522963
500	3.260206979864663
501	3.260206979864663
502	3.260206979864663
503	1.3516799399830655
504	1.3516799399830655
505	1.3516799399830655
506	1.3516799399830655
507	1.3516799399830655
508	1.6891970443108655
509	1.6891970443108655
510	1.6891970443108655
511	1.6891970443108655
512	1.6891970443108655
513	1.649642710014653
514	1.649642710014653
515	1.649642710014653
516	1.649642710014653
517	1.5854173884120288
518	1.5854173884120288
519	1.5854173884120288
520	1.5854173884120288
521	1.5854173884120288
522	2.030486689778884
523	2.030486689778884
524	2.030486689778884
525	2.030486689778884
526	2.030486689778884
527	1.946740865739505
528	1.946740865739505
529	1.946740865739505
530	1.946740865739505
531	1.946740865739505
532	1.8010664882988427
533	1.8010664882988427
534	1.8010664882988427
535	1.8010664882988427
536	1.8010664882988427
537	1.7607928648117284
538	1.7607928648117284
539	1.7607928648117284
540	1.7607928648117284
541	1.7607928648117284
542	1.8704179926632667
543	1.8704179926632667
544	1.8704179926632667
545	1.8704179926632667
546	1.8704179926632667
547	1.6173640892981935
548	1.6173640892981935
549	1.6173640892981935
550	1.6173640892981935
551	1.6173640892981935
552	1.9802896293470316
553	1.9802896293470316
554	1.9802896293470316
555	1.9802896293470316
556	1.9802896293470316
557	2.06050612335369
558	2.06050612335369
559	2.06050612335369
560	2.06050612335369
561	2.06050612335369
562	2.009993253108614
563	2.009993253108614
564	2.009993253108614
565	2.009993253108614
566	2.009993253108614
567	2.0112887678286953
568	2.0112887678286953
569	2.0112887678286953
570	2.0112887678286953
571	2.0112887678286953
572	1.7569760189696448
573	1.7569760189696448
574	1.7569760189696448
575	1.7569760189696448
576	1.7569760189696448
577	1.7554805752205476
578	1.7554805752205476
579	1.7554805752205476
580	1.7554805752205476
581	1.7554805752205476
582	3.131048253844973
583	1.466805759017809
584	1.466805759017809
585	1.466805759017809
586	1.466805759017809
587	1.466805759017809
588	3.8591447946836284
589	3.8591447946836284
590	3.8591447946836284
591	3.8591447946836284
592	3.8591447946836284
593	2.9568473776953335
594	2.9568473776953335
595	2.9568473776953335
596	2.9568473776953335
597	2.9568473776953335
598	3.520240028081503
599	3.520240028081503
600	3.520240028081503
601	3.520240028081503
602	3.520240028081503
603	3.723933303833198
604	3.723933303833198
605	3.723933303833198
606	3.723933303833198
607	3.723933303833198
608	3.835315582263066
609	3.835315582263066
610	3.835315582263066
611	3.835315582263066
612	3.835315582263066
613	4.03962341283676
614	4.03962341283676
615	4.03962341283676
616	4.03962341283676
617	4.03962341283676
618	3.7310193613297726
619	3.7310193613297726
620	3.7310193613297726
621	3.7310193613297726
622	3.7310193613297726
623	3.3583780400744394
624	3.3583780400744394
625	3.3583780400744394
626	3.3583780400744394
627	3.3583780400744394
628	4.297712350411773
629	4.297712350411773
630	4.297712350411773
631	2.2068904570070123
632	2.2068904570070123
633	2.2068904570070123
634	2.2068904570070123
635	2.2068904570070123
636	1.94680898096245
637	1.94680898096245
638	1.94680898096245
639	1.94680898096245
640	1.94680898096245
641	1.8889778439346325
642	1.8889778439346325
643	1.8889778439346325
644	1.8889778439346325
645	1.8889778439346325
646	2.572825360414925
647	2.572825360414925
648	2.572825360414925
649	2.572825360414925
650	2.572825360414925
651	2.2573872453104626
652	2.2573872453104626
653	2.2573872453104626
654	2.2573872453104626
655	2.2573872453104626
656	1.9278899212335592
657	1.9278899212335592
658	1.9278899212335592
659	1.9278899212335592
660	1.9278899212335592
661	2.297149022566422
662	2.297149022566422
663	2.297149022566422
664	2.297149022566422
665	2.297149022566422
666	2.2347488078200333
667	2.2347488078200333
668	2.2347488078200333
669	2.2347488078200333
670	2.2347488078200333
671	2.0297733031286724
672	2.0297733031286724
673	2.0297733031286724
674	2.0297733031286724
675	2.0297733031286724
676	0.715831908220691
677	0.715831908220691
678	0.715831908220691
679	0.715831908220691
680	0.715831908220691
681	0.6520364670519886
682	0.6520364670519886
683	0.6520364670519886
684	0.6520364670519886
685	0.6520364670519886
686	0.6946056641235905
687	0.6946056641235905
688	0.6946056641235905
689	0.6946056641235905
690	0.6946056641235905
691	0.5459123529584278
692	0.5459123529584278
693	0.5459123529584278
694	0.5459123529584278
695	0.5459123529584278
696	0.6144997159171082
697	0.6144997159171082
698	0.6144997159171082
699	0.6144997159171082
700	0.6144997159171082
701	0.5989289293014246
702	0.5989289293014246
703	0.5989289293014246
704	0.5989289293014246
705	0.5989289293014246
706	0.7244452995196987
707	0.7244452995196987
708	0.7244452995196987
709	0.7244452995196987
710	0.7244452995196987
711	0.7444516578301114
712	0.7444516578301114
713	0.7444516578301114
714	0.7444516578301114
715	0.7444516578301114
716	0.7242670258446002
717	0.7242670258446002
718	0.7242670258446002
719	0.7242670258446002
720	0.7242670258446002
721	0.676441973214287
722	0.676441973214287
723	0.676441973214287
724	0.676441973214287
725	0.676441973214287
726	0.6389899984678749
727	0.6389899984678749
728	0.6389899984678749
729	0.6389899984678749
730	0.6389899984678749
731	0.6424693320965752
732	0.6424693320965752
733	0.6424693320965752
734	0.6424693320965752
735	0.6424693320965752
736	0.5474596461199107
737	0.5474596461199107
738	0.5474596461199107
739	0.5474596461199107
740	0.5474596461199107
741	0.5917346774352974
742	0.5917346774352974
743	0.5917346774352974
744	0.5917346774352974
745	0.5917346774352974
746	0.6427956386455206
747	0.6427956386455206
748	0.6427956386455206
749	0.6427956386455206
750	0.6427956386455206
751	0.6427427357415773
752	0.6427427357415773
753	0.6427427357415773
754	0.6427427357415773
755	0.6427427357415773
756	0.48335253088332825
757	0.48335253088332825
758	0.48335253088332825
759	0.48335253088332825
760	0.48335253088332825
761	0.701520890642544
762	0.701520890642544
763	0.701520890642544
764	0.701520890642544
765	0.701520890642544
766	0.6467030519624499
767	0.6467030519624499
768	0.6467030519624499
769	0.6467030519624499
770	0.6467030519624499
771	0.655762529550592
772	0.655762529550592
773	3.780723373959988
774	3.780723373959988
775	3.780723373959988
776	3.780723373959988
777	3.780723373959988
778	3.6456820512294086
779	3.6456820512294086
780	3.6456820512294086
781	3.6456820512294086
782	3.6456820512294086
783	3.824314209674571
784	3.824314209674571
785	3.824314209674571
786	3.824314209674571
787	3.824314209674571
788	3.47881427728762
789	3.47881427728762
790	3.47881427728762
791	3.47881427728762
792	3.47881427728762
793	2.344585122917476
794	2.344585122917476
795	2.344585122917476
796	2.344585122917476
797	2.344585122917476
798	2.5253590699403725
799	2.5253590699403725
800	2.5253590699403725
801	2.5253590699403725
802	2.5253590699403725
803	3.444675548484531
804	3.444675548484531
805	3.444675548484531
806	3.444675548484531
807	3.444675548484531
808	3.6970355340136414
809	3.6970355340136414
810	3.6970355340136414
811	0.9470023541206072
812	0.9470023541206072
813	0.9470023541206072
814	0.9470023541206072
815	0.9470023541206072
816	0.8658622856212268
817	0.8658622856212268
818	0.8658622856212268
819	0.8658622856212268
820	0.8658622856212268
821	1.098022267145578
822	1.098022267145578
823	1.098022267145578
824	1.098022267145578
825	1.098022267145578
826	1.301626105433283
827	2.119797607377318
828	2.119797607377318
829	2.119797607377318
830	2.119797607377318
831	2.119797607377318
832	2.444443064805959
833	2.444443064805959
834	2.444443064805959
835	2.444443064805959
836	2.444443064805959
837	1.8967726847638853
838	1.8967726847638853
839	1.8967726847638853
840	1.8967726847638853
841	1.8967726847638853
842	1.9187036180329886
843	1.9187036180329886
844	1.9187036180329886
845	1.9187036180329886
846	1.9187036180329886
847	2.101737475542838
848	2.101737475542838
849	2.7715823218763354
850	2.7715823218763354
851	2.7715823218763354
852	2.7715823218763354
853	2.7715823218763354
854	2.578600723625031
855	2.578600723625031
856	2.578600723625031
857	2.578600723625031
858	2.578600723625031
859	3.0702816570219142
860	3.0702816570219142
861	3.0702816570219142
862	3.0702816570219142
863	3.0702816570219142
864	2.576436538727264
865	2.576436538727264
866	2.576436538727264
867	2.576436538727264
868	2.576436538727264
869	3.215759134937492
870	3.215759134937492
871	3.215759134937492
872	3.215759134937492
873	3.215759134937492
874	3.230000200805823
875	3.230000200805823
876	3.230000200805823
877	3.230000200805823
878	3.230000200805823
879	2.9221010077814285
880	2.9221010077814285
881	2.9221010077814285
882	2.9221010077814285
883	2.9221010077814285
884	2.4540900228889626
885	2.4540900228889626
886	1.3198669909816478
887	1.3198669909816478
888	1.3198669909816478
889	1.3198669909816478
890	1.3198669909816478
891	1.407850368964108
892	1.407850368964108
893	1.407850368964108
894	1.407850368964108
895	1.407850368964108
896	1.075815441887658
897	1.075815441887658
898	1.075815441887658
899	1.075815441887658
900	1.075815441887658
901	0.8141205919125589
902	0.8141205919125589
903	0.8141205919125589
904	0.8141205919125589
905	0.8141205919125589
906	1.0560058887148034
907	1.0560058887148034
908	1.0560058887148034
909	1.0560058887148034
910	1.0560058887148034
911	1.243524227805646
912	1.243524227805646
913	1.243524227805646
914	1.243524227805646
915	1.243524227805646
916	1.0096480729431598
917	1.0096480729431598
918	1.0096480729431598
919	1.0096480729431598
920	1.0096480729431598
921	0.9431404304071753
922	0.9431404304071753
923	0.9431404304071753
924	0.9431404304071753
925	0.9431404304071753
926	1.0885900556185881
927	1.0885900556185881
928	1.0885900556185881
929	1.0885900556185881
930	1.0885900556185881
931	0.8776463956188837
932	0.8776463956188837
933	0.8776463956188837
934	0.8776463956188837
935	0.8776463956188837
936	0.8043056910458721
937	0.8043056910458721
938	0.8043056910458721
939	0.8043056910458721
940	0.8043056910458721
941	1.0809846224368738
942	1.0809846224368738
943	1.0809846224368738
944	1.0809846224368738
945	1.0809846224368738
946	1.1862397120799448
947	1.1862397120799448
948	1.1862397120799448
949	1.1862397120799448
950	1.1862397120799448
951	1.0104208706723563
952	1.0104208706723563
953	1.0104208706723563
954	1.0104208706723563
955	1.0104208706723563
956	1.146930280115585
957	1.146930280115585
958	1.146930280115585
959	1.146930280115585
960	1.146930280115585
961	1.1214333994986982
962	1.1214333994986982
963	1.1214333994986982
964	1.1214333994986982
965	1.1214333994986982
966	1.1758675211427772
967	1.1758675211427772
968	1.1758675211427772
969	1.1758675211427772
970	1.1758675211427772
971	1.1441132038052475
972	1.1441132038052475
973	1.1441132038052475
974	1.1441132038052475
975	1.1441132038052475
976	1.008422777298674
977	1.008422777298674
978	1.008422777298674
979	1.008422777298674
980	1.008422777298674
981	1.1156350458923974
982	1.1156350458923974
983	1.1156350458923974
984	1.1156350458923974
985	1.1156350458923974
986	1.0999898703835789
987	1.0999898703835789
988	1.0999898703835789
989	1.0999898703835789
990	1.0999898703835789
991	1.1275260451199327
992	1.1275260451199327
993	1.1275260451199327
994	1.1275260451199327
995	1.1275260451199327
996	3.0540884035568134
997	3.0540884035568134
998	3.0540884035568134
999	3.0540884035568134
1000	3.0540884035568134
1001	2.463135285091546
1002	2.463135285091546
1003	2.463135285091546
1004	2.463135285091546
1005	2.463135285091546
1006	2.4625536523193907
1007	2.4625536523193907
1008	2.4625536523193907
1009	2.4625536523193907
1010	2.4625536523193907
1011	3.250487840626602
1012	3.250487840626602
1013	3.250487840626602
1014	3.250487840626602
1015	3.250487840626602
1016	3.5405032643618695
1017	3.5405032643618695
1018	3.5405032643618695
1019	3.5405032643618695
1020	3.5405032643618695
1021	2.9544682494228804
1022	2.9544682494228804
1023	2.9544682494228804
1024	2.9544682494228804
1025	2.9544682494228804
1026	2.219120455043977
1027	2.219120455043977
1028	2.219120455043977
1029	2.219120455043977
1030	2.219120455043977
1031	2.6227598237607217
1032	2.6227598237607217
1033	2.6227598237607217
1034	2.6227598237607217
1035	2.6227598237607217
1036	2.7637879553449904
1037	2.7637879553449904
1038	2.7637879553449904
1039	2.7637879553449904
1040	2.7637879553449904
1041	2.644194353043361
1042	2.644194353043361
1043	2.644194353043361
1044	1.4032977438339014
1045	1.4032977438339014
1046	1.4032977438339014
1047	1.4032977438339014
1048	1.4032977438339014
1049	2.1458965000438672
1050	2.1458965000438672
1051	2.1458965000438672
1052	2.1458965000438672
1053	2.1458965000438672
1054	2.166978583118647
1055	2.166978583118647
1056	2.166978583118647
1057	2.166978583118647
1058	2.166978583118647
1059	3.0392950099734035
1060	3.0392950099734035
1061	3.0392950099734035
1062	3.0392950099734035
1063	3.0392950099734035
1064	2.4499406751217943
1065	2.4499406751217943
1066	2.4499406751217943
1067	2.4499406751217943
1068	2.4499406751217943
1069	2.3653859524955796
1070	2.3653859524955796
1071	2.3653859524955796
1072	2.3653859524955796
1073	2.3653859524955796
1074	1.77563114883095
1075	1.77563114883095
1076	1.77563114883095
1077	1.1285359826174497
1078	1.1285359826174497
1079	1.1285359826174497
1080	1.1285359826174497
1081	1.1285359826174497
1082	0.1961536357192464
1083	0.1961536357192464
1084	2.938697393936554
1085	2.938697393936554
1086	2.938697393936554
1087	2.938697393936554
1088	2.938697393936554
1089	2.710418318325902
1090	2.710418318325902
1091	2.710418318325902
1092	2.710418318325902
1093	2.710418318325902
1094	3.0409169210678653
1095	3.0409169210678653
1096	3.0409169210678653
1097	3.0409169210678653
1098	3.0409169210678653
1099	2.129229758995689
1100	2.129229758995689
1101	2.129229758995689
1102	2.129229758995689
1103	2.129229758995689
1104	3.8383941813214064
1105	3.8383941813214064
1106	3.8383941813214064
1107	3.8383941813214064
1108	3.8383941813214064
1109	3.0384191708984725
1110	3.0384191708984725
1111	3.0384191708984725
1112	3.0384191708984725
1113	3.0384191708984725
1114	3.780912245509595
1115	3.780912245509595
1116	3.780912245509595
1117	3.780912245509595
1118	3.780912245509595
1119	3.8421904995565814
1120	3.8421904995565814
1121	3.8421904995565814
1122	3.8421904995565814
1123	3.8421904995565814
1124	3.188751031521886
1125	3.188751031521886
1126	3.188751031521886
1127	3.188751031521886
1128	3.188751031521886
1129	2.71094435600128
1130	2.71094435600128
1131	2.71094435600128
1132	2.71094435600128
1133	2.71094435600128
1134	2.563322711652804
1135	2.563322711652804
1136	2.563322711652804
1137	2.563322711652804
1138	1.7749235279308684
1139	1.7749235279308684
1140	1.7749235279308684
1141	1.7749235279308684
1142	1.7749235279308684
1143	1.5328153307103936
1144	1.5328153307103936
1145	1.5328153307103936
1146	1.5328153307103936
1147	1.5328153307103936
1148	1.2723633563919414
1149	1.2723633563919414
1150	1.2723633563919414
1151	1.2723633563919414
1152	1.2723633563919414
1153	1.3259502950211148
1154	1.3259502950211148
1155	1.3259502950211148
1156	1.3259502950211148
1157	1.3259502950211148
1158	1.563955484095413
1159	1.563955484095413
1160	1.563955484095413
1161	1.563955484095413
1162	1.563955484095413
1163	1.7656813636172537
1164	1.7656813636172537
1165	1.7656813636172537
1166	1.7656813636172537
1167	1.7656813636172537
1168	1.172396653703652
1169	1.172396653703652
1170	1.172396653703652
1171	1.172396653703652
1172	1.172396653703652
1173	1.7238008899733501
1174	1.7238008899733501
1175	1.7238008899733501
1176	1.7238008899733501
1177	1.7238008899733501
1178	1.6392542605779103
1179	1.6392542605779103
1180	1.6392542605779103
1181	1.6392542605779103
1182	1.6392542605779103
1183	1.4891242540780667
1184	2.141717285133743
1185	2.141717285133743
1186	2.141717285133743
1187	2.141717285133743
1188	2.141717285133743
1189	2.0293749942768153
1190	2.0293749942768153
1191	0.22553096139423262
1192	0.22553096139423262
1193	0.22553096139423262
1194	0.22553096139423262
1195	0.22553096139423262
1196	0.18852434052497172
1197	0.18852434052497172
1198	0.18852434052497172
1199	0.18852434052497172
1200	0.18852434052497172
1201	0.1709554446229396
1202	0.1709554446229396
1203	0.1709554446229396
1204	0.1709554446229396
1205	0.1709554446229396
1206	0.20156483199111103
1207	0.20156483199111103
1208	0.20156483199111103
1209	0.20156483199111103
1210	0.20156483199111103
1211	0.2304192627644964
1212	0.2304192627644964
1213	0.2304192627644964
1214	0.2304192627644964
1215	0.2304192627644964
1216	0.16890347312378085
1217	0.16890347312378085
1218	0.16890347312378085
1219	0.16890347312378085
1220	0.16890347312378085
1221	0.16668007673403112
1222	0.16668007673403112
1223	0.16668007673403112
1224	0.16668007673403112
1225	0.16668007673403112
1226	3.025733848015706
1227	3.025733848015706
1228	3.3463805733860785
1229	3.3463805733860785
1230	3.3463805733860785
1231	3.3463805733860785
1232	3.3463805733860785
1233	4.010531590351826
1234	4.010531590351826
1235	4.010531590351826
1236	4.010531590351826
1237	4.010531590351826
1238	3.815270761290586
1239	3.815270761290586
1240	3.815270761290586
1241	3.815270761290586
1242	3.815270761290586
1243	4.2211322903563335
1244	4.2211322903563335
1245	4.2211322903563335
1246	1.0822955202783922
1247	1.0822955202783922
1248	1.0822955202783922
1249	1.0822955202783922
1250	1.0822955202783922
1251	0.9578241427231907
1252	0.9578241427231907
1253	0.9578241427231907
1254	0.9578241427231907
1255	0.9578241427231907
1256	1.2067725745834228
1257	1.2067725745834228
1258	1.2067725745834228
1259	1.2067725745834228
1260	1.2067725745834228
1261	1.4092249160998631
1262	1.4092249160998631
1263	3.485066008222623
1264	3.485066008222623
1265	3.485066008222623
1266	3.485066008222623
1267	3.485066008222623
1268	2.546417826356508
1269	2.546417826356508
1270	2.546417826356508
1271	2.546417826356508
1272	0.7254800984705855
1273	0.7254800984705855
1274	1.73791559935719
1275	1.73791559935719
1276	1.73791559935719
1277	1.73791559935719
1278	1.73791559935719
1279	1.9735266413864447
1280	1.9735266413864447
1281	1.9735266413864447
1282	1.9735266413864447
1283	1.9735266413864447
1284	1.8631741673098436
1285	1.8631741673098436
1286	1.8631741673098436
1287	1.8631741673098436
1288	1.8631741673098436
1289	2.130618696095627
1290	2.130618696095627
1291	2.130618696095627
1292	1.1480641909426297
1293	1.1480641909426297
1294	1.1480641909426297
1295	1.1480641909426297
1296	3.3305378217987713
1297	3.3305378217987713
1298	3.3305378217987713
1299	3.3305378217987713
1300	3.3305378217987713
1301	4.072795510400051
1302	4.072795510400051
1303	4.072795510400051
1304	4.072795510400051
1305	4.072795510400051
1306	4.341294885815108
1307	4.341294885815108
1308	4.341294885815108
1309	4.341294885815108
1310	4.341294885815108
1311	3.73634403729014
1312	3.73634403729014
1313	3.73634403729014
1314	3.73634403729014
1315	3.73634403729014
1316	4.087421065397198
1317	4.087421065397198
1318	4.087421065397198
1319	4.087421065397198
1320	4.087421065397198
1321	3.421969750506948
1322	3.421969750506948
1323	3.421969750506948
1324	3.421969750506948
1325	3.421969750506948
1326	4.030351698992356
1327	4.030351698992356
1328	4.030351698992356
1329	4.030351698992356
1330	4.030351698992356
1331	3.6598852892444773
1332	3.6598852892444773
1333	3.6598852892444773
1334	3.6598852892444773
1335	3.6598852892444773
1336	3.505296984269386
1337	3.505296984269386
1338	3.505296984269386
1339	3.505296984269386
1340	3.505296984269386
1341	4.594222606793732
1342	4.594222606793732
1343	4.594222606793732
1344	4.594222606793732
1345	4.594222606793732
1346	4.0688828594962025
1347	4.0688828594962025
1348	4.0688828594962025
1349	4.0688828594962025
1350	4.0688828594962025
1351	3.297365715604943
1352	3.297365715604943
1353	3.297365715604943
1354	3.297365715604943
1355	3.297365715604943
1356	3.538015678294758
1357	3.538015678294758
1358	3.538015678294758
1359	3.538015678294758
1360	3.538015678294758
1361	4.237633436111327
1362	4.237633436111327
1363	4.237633436111327
1364	4.237633436111327
1365	4.237633436111327
1366	2.9254833938577165
1367	2.9254833938577165
1368	2.9254833938577165
1369	2.9254833938577165
1370	2.9254833938577165
1371	3.6489498797961226
1372	3.6489498797961226
1373	3.6489498797961226
1374	3.6489498797961226
1375	3.6489498797961226
1376	3.3442444733780814
1377	3.3442444733780814
1378	3.3442444733780814
1379	3.3442444733780814
1380	3.3442444733780814
1381	3.7515061008639696
1382	3.7515061008639696
1383	3.7515061008639696
1384	3.7515061008639696
1385	3.7515061008639696
1386	3.3714061754012348
1387	3.3714061754012348
1388	3.3714061754012348
1389	3.3714061754012348
1390	3.3714061754012348
1391	3.7369718884198218
1392	3.7369718884198218
1393	3.7369718884198218
1394	3.7369718884198218
1395	3.7369718884198218
1396	3.4390544120870583
1397	3.4390544120870583
1398	3.4390544120870583
1399	3.4390544120870583
1400	3.4390544120870583
1401	3.6380124563629797
1402	3.6380124563629797
1403	3.6380124563629797
1404	3.6380124563629797
1405	3.6380124563629797
1406	5.070240935961776
1407	5.070240935961776
1408	5.070240935961776
1409	5.070240935961776
1410	5.070240935961776
1411	3.8379345274181262
1412	3.8379345274181262
1413	3.8379345274181262
1414	3.8379345274181262
1415	3.8379345274181262
1416	1.9542206228744214
1417	1.9542206228744214
1418	1.9542206228744214
1419	1.9542206228744214
1420	1.9542206228744214
1421	2.5730759210736176
1422	2.5730759210736176
1423	2.5730759210736176
1424	2.5730759210736176
1425	2.5730759210736176
1426	1.6097444045613973
1427	1.6097444045613973
1428	1.6097444045613973
1429	1.6097444045613973
1430	1.6097444045613973
1431	2.8550340745847063
1432	2.8550340745847063
1433	2.8550340745847063
1434	2.8550340745847063
1435	2.8550340745847063
1436	2.45048252802544
1437	2.45048252802544
1438	2.45048252802544
1439	2.45048252802544
1440	2.45048252802544
1441	2.1034039466921413
1442	2.1034039466921413
1443	2.1034039466921413
1444	2.1034039466921413
1445	2.1034039466921413
1446	2.6404242255318033
1447	2.6404242255318033
1448	2.6404242255318033
1449	2.6404242255318033
1450	2.6404242255318033
1451	2.1718679615059933
1452	2.1718679615059933
1453	2.1718679615059933
1454	2.1718679615059933
1455	2.1718679615059933
1456	2.5411514532561634
1457	0.6691230630268399
1458	0.6691230630268399
1459	0.6691230630268399
1460	0.6691230630268399
1461	0.6691230630268399
1462	0.7437531125244989
1463	0.7437531125244989
1464	3.564136938663803
1465	3.564136938663803
1466	3.564136938663803
1467	3.564136938663803
1468	3.564136938663803
1469	2.9776855769447983
1470	2.9776855769447983
1471	2.9776855769447983
1472	2.9776855769447983
1473	2.9776855769447983
1474	3.9033941940468346
1475	3.9033941940468346
1476	3.9033941940468346
1477	3.9033941940468346
1478	3.9033941940468346
1479	3.4270392389067226
1480	3.4270392389067226
1481	3.4270392389067226
1482	3.4270392389067226
1483	3.4270392389067226
1484	3.2208856518290547
1485	3.2208856518290547
1486	3.2208856518290547
1487	3.2208856518290547
1488	3.2208856518290547
1489	3.708244494283497
1490	3.708244494283497
1491	3.708244494283497
1492	3.708244494283497
1493	3.708244494283497
1494	2.6956401593109103
1495	2.6956401593109103
1496	2.6956401593109103
1497	2.6956401593109103
1498	2.6956401593109103
1499	2.3763710665002225
1500	2.3763710665002225
1501	2.3763710665002225
1502	2.3763710665002225
1503	2.3763710665002225
1504	3.546719976013905
1505	3.546719976013905
1506	3.546719976013905
1507	3.546719976013905
1508	3.546719976013905
1509	3.523564016288205
1510	3.523564016288205
1511	3.523564016288205
1512	3.523564016288205
1513	3.523564016288205
1514	3.321681055481541
1515	3.321681055481541
1516	3.321681055481541
1517	3.321681055481541
1518	3.321681055481541
1519	3.130721573893826
1520	3.130721573893826
1521	4.346440282518342
1522	4.346440282518342
1523	4.346440282518342
1524	4.346440282518342
1525	4.346440282518342
1526	3.9407844885970946
1527	3.9407844885970946
1528	3.9407844885970946
1529	3.9407844885970946
1530	3.9407844885970946
1531	4.47024875591277
1532	4.47024875591277
1533	4.47024875591277
1534	4.47024875591277
1535	4.47024875591277
1536	4.57748836593081
1537	4.57748836593081
1538	4.57748836593081
1539	4.57748836593081
1540	4.57748836593081
1541	4.8507982792830635
1542	4.8507982792830635
1543	4.8507982792830635
1544	4.8507982792830635
1545	4.8507982792830635
1546	4.511777983668462
1547	4.511777983668462
1548	4.511777983668462
1549	4.511777983668462
1550	4.511777983668462
1551	4.628831744581455
1552	4.628831744581455
1553	4.628831744581455
1554	4.628831744581455
1555	4.628831744581455
1556	4.646204583266779
1557	4.646204583266779
1558	4.646204583266779
1559	4.646204583266779
1560	4.646204583266779
1561	4.076598273578496
1562	4.076598273578496
1563	4.076598273578496
1564	4.076598273578496
1565	4.076598273578496
1566	4.007006212295241
1567	4.007006212295241
1568	4.007006212295241
1569	4.007006212295241
1570	4.007006212295241
1571	4.37999926995875
1572	4.37999926995875
1573	3.388521978456885
1574	3.388521978456885
1575	3.388521978456885
1576	3.388521978456885
1577	3.388521978456885
1578	3.4393459796744965
1579	3.4393459796744965
1580	3.4393459796744965
1581	3.4393459796744965
1582	3.4393459796744965
1583	3.666593994084791
1584	3.666593994084791
1585	3.666593994084791
1586	3.666593994084791
1587	3.666593994084791
1588	3.620640397091347
1589	3.620640397091347
1590	3.620640397091347
1591	3.620640397091347
1592	3.620640397091347
1593	4.136052497629377
1594	4.136052497629377
1595	4.136052497629377
1596	4.136052497629377
1597	4.136052497629377
1598	3.7598721172368217
1599	3.7598721172368217
1600	3.7598721172368217
1601	3.7598721172368217
1602	3.7598721172368217
1603	3.5457857964512733
1604	3.5457857964512733
1605	3.5457857964512733
1606	3.5457857964512733
1607	3.5457857964512733
1608	3.172364069670345
1609	3.172364069670345
1610	3.172364069670345
1611	3.172364069670345
1612	3.172364069670345
1613	4.550742827043912
1614	4.550742827043912
1615	4.550742827043912
1616	4.550742827043912
1617	4.550742827043912
1618	3.932490495019484
1619	3.932490495019484
1620	3.932490495019484
1621	3.932490495019484
1622	3.932490495019484
1623	3.9357705101243377
1624	3.9357705101243377
1625	3.9357705101243377
1626	3.9357705101243377
1627	3.9357705101243377
1628	4.429488519725606
1629	4.429488519725606
1630	4.429488519725606
1631	4.429488519725606
1632	4.429488519725606
1633	2.9149469083016415
1634	2.9149469083016415
1635	2.9149469083016415
1636	2.9149469083016415
1637	2.9149469083016415
1638	3.9086905903588414
1639	3.9086905903588414
1640	2.67867246811384
1641	2.67867246811384
1642	2.67867246811384
1643	2.67867246811384
1644	2.67867246811384
1645	2.813822479346994
1646	2.813822479346994
1647	2.813822479346994
1648	2.813822479346994
1649	2.813822479346994
1650	2.948571019697903
1651	2.948571019697903
1652	2.948571019697903
1653	2.948571019697903
1654	2.948571019697903
1655	3.2705727475025093
1656	3.2705727475025093
1657	3.2705727475025093
1658	3.2705727475025093
1659	3.2705727475025093
1660	2.4937455571864326
1661	2.4937455571864326
1662	2.4937455571864326
1663	2.4937455571864326
1664	2.4937455571864326
1665	3.218951482633346
1666	3.218951482633346
1667	3.218951482633346
1668	3.218951482633346
1669	3.218951482633346
1670	3.0282394237435657
1671	3.0282394237435657
1672	3.0282394237435657
1673	3.0282394237435657
1674	3.0282394237435657
1675	2.6195139307590853
1676	2.6195139307590853
1677	2.6195139307590853
1678	2.6195139307590853
1679	2.6195139307590853
1680	2.873723208835462
1681	2.873723208835462
1682	2.873723208835462
1683	2.873723208835462
1684	2.873723208835462
1685	2.4210317329654685
1686	2.4210317329654685
1687	2.4210317329654685
1688	2.4210317329654685
1689	2.4210317329654685
1690	3.0365892292791408
1691	3.0365892292791408
1692	3.0365892292791408
1693	3.0365892292791408
1694	3.0365892292791408
1695	2.9031429160128672
1696	2.9031429160128672
1697	2.9031429160128672
1698	2.9031429160128672
1699	2.9031429160128672
1700	2.3115881731973245
1701	2.3115881731973245
1702	2.3115881731973245
1703	2.3115881731973245
1704	2.3115881731973245
1705	2.158550450125639
1706	4.122647694380716
1707	4.122647694380716
1708	4.122647694380716
1709	4.122647694380716
1710	4.122647694380716
1711	4.192717702734421
1712	4.192717702734421
1713	4.192717702734421
1714	4.192717702734421
1715	4.192717702734421
1716	3.24415725322852
1717	3.24415725322852
1718	3.24415725322852
1719	3.24415725322852
1720	3.24415725322852
1721	4.325515976571229
1722	4.325515976571229
1723	4.325515976571229
1724	4.325515976571229
1725	4.325515976571229
1726	5.104054456141042
1727	1.7432603032621814
1728	1.7432603032621814
1729	1.7432603032621814
1730	1.7432603032621814
1731	1.7432603032621814
1732	2.2151418554389077
1733	2.2151418554389077
1734	2.2151418554389077
1735	2.2151418554389077
1736	2.2151418554389077
1737	1.8714070486080563
1738	1.8714070486080563
1739	1.8714070486080563
1740	1.8714070486080563
1741	1.8714070486080563
1742	1.5152949902001023
1743	1.5152949902001023
1744	1.5152949902001023
1745	1.5152949902001023
1746	1.5152949902001023
1747	2.100769465470336
1748	2.100769465470336
1749	2.100769465470336
1750	2.100769465470336
1751	2.100769465470336
1752	1.9602918387026742
1753	1.9602918387026742
1754	1.9602918387026742
1755	1.9602918387026742
1756	1.9602918387026742
1757	2.206044546175242
1758	2.206044546175242
1759	2.206044546175242
1760	2.206044546175242
1761	2.206044546175242
1762	2.009458802048532
1763	2.009458802048532
1764	2.009458802048532
1765	2.009458802048532
1766	2.009458802048532
1767	2.041379095475453
1768	2.041379095475453
1769	2.041379095475453
1770	2.041379095475453
1771	2.041379095475453
1772	2.2072460357438946
1773	2.2072460357438946
1774	2.2072460357438946
1775	2.2072460357438946
1776	2.2072460357438946
1777	2.3799852715102254
1778	2.3799852715102254
1779	2.3799852715102254
1780	2.3799852715102254
1781	2.3799852715102254
1782	1.9318126645866252
1783	1.9318126645866252
1784	1.9318126645866252
1785	1.9318126645866252
1786	1.9318126645866252
1787	1.8435664245183012
1788	1.8435664245183012
1789	1.8435664245183012
1790	1.8435664245183012
1791	1.8435664245183012
1792	2.0400860982411384
1793	2.0400860982411384
1794	4.024984468466505
1795	4.024984468466505
1796	4.024984468466505
1797	4.024984468466505
1798	4.024984468466505
1799	3.9405550414766273
1800	3.9405550414766273
1801	3.9405550414766273
1802	3.9405550414766273
1803	3.9405550414766273
1804	3.145151463622566
1805	0.6270741771774517
1806	0.6270741771774517
1807	0.6270741771774517
1808	0.6270741771774517
1809	0.6270741771774517
1810	0.7122503744727391
1811	0.7122503744727391
1812	0.7122503744727391
1813	0.7122503744727391
1814	0.7122503744727391
1815	0.7320254158195578
1816	0.7320254158195578
1817	0.7320254158195578
1818	0.7320254158195578
1819	0.7320254158195578
1820	0.5453336983256436
1821	0.5453336983256436
1822	0.5453336983256436
1823	0.5453336983256436
1824	0.5453336983256436
1825	0.6730639401054564
1826	0.6730639401054564
1827	0.6730639401054564
1828	0.6730639401054564
1829	0.6730639401054564
1830	0.6873205375158438
1831	0.6873205375158438
1832	0.6873205375158438
1833	0.6873205375158438
1834	0.6873205375158438
1835	0.7844565665895009
1836	0.7844565665895009
1837	2.55489611992393
1838	2.55489611992393
1839	2.55489611992393
1840	2.55489611992393
1841	2.55489611992393
1842	3.144764319369404
1843	3.144764319369404
1844	3.144764319369404
1845	3.144764319369404
1846	3.144764319369404
1847	2.6158470043344986
1848	2.6158470043344986
1849	2.6158470043344986
1850	2.6158470043344986
1851	2.6158470043344986
1852	3.759693775690176
1853	3.759693775690176
1854	3.759693775690176
1855	3.759693775690176
1856	3.759693775690176
1857	3.0892625127464264
1858	3.0892625127464264
1859	3.0892625127464264
1860	3.0892625127464264
1861	3.0892625127464264
1862	3.427427726119793
1863	3.427427726119793
1864	3.427427726119793
1865	3.427427726119793
1866	3.427427726119793
1867	2.691675341088955
1868	2.691675341088955
1869	2.691675341088955
1870	2.691675341088955
1871	2.691675341088955
1872	2.720704545727694
1873	2.720704545727694
1874	2.720704545727694
1875	2.720704545727694
1876	2.720704545727694
1877	2.464087438890976
1878	2.464087438890976
1879	2.464087438890976
1880	2.464087438890976
1881	2.464087438890976
1882	3.3060651063270066
1883	3.3060651063270066
1884	3.3060651063270066
1885	3.3060651063270066
1886	3.3060651063270066
1887	2.683852449111825
1888	2.683852449111825
1889	2.683852449111825
1890	2.683852449111825
1891	2.683852449111825
1892	2.487323466567722
1893	2.487323466567722
1894	2.487323466567722
1895	2.487323466567722
1896	2.487323466567722
1897	2.8634465296929257
1898	2.8634465296929257
1899	2.8634465296929257
1900	2.8634465296929257
1901	2.8634465296929257
1902	3.0547049137986155
1903	3.0547049137986155
1904	3.0547049137986155
1905	3.0547049137986155
1906	3.0547049137986155
1907	2.9351156106739356
1908	2.9351156106739356
1909	2.9351156106739356
1910	2.9351156106739356
1911	2.9351156106739356
1912	2.5797923600649613
1913	2.5797923600649613
1914	2.5797923600649613
1915	2.5797923600649613
1916	0.7685195875395093
1917	0.7685195875395093
1918	0.7685195875395093
1919	0.7685195875395093
1920	0.7685195875395093
1921	1.0935429954164353
1922	1.0935429954164353
1923	1.0935429954164353
1924	1.0935429954164353
1925	1.0935429954164353
1926	1.05358335684078
1927	1.05358335684078
1928	1.05358335684078
1929	1.05358335684078
1930	1.05358335684078
1931	0.8554980925719873
1932	0.8554980925719873
1933	0.8554980925719873
1934	0.8554980925719873
1935	0.8554980925719873
1936	0.9559984411733826
1937	0.9559984411733826
1938	0.9559984411733826
1939	0.9559984411733826
1940	0.9559984411733826
1941	1.087376853144776
1942	1.087376853144776
1943	1.087376853144776
1944	1.087376853144776
1945	1.087376853144776
1946	1.1426919627329264
1947	1.1426919627329264
1948	1.1426919627329264
1949	1.1426919627329264
1950	1.1426919627329264
1951	1.142927965616971
1952	1.142927965616971
1953	1.142927965616971
1954	1.142927965616971
1955	1.142927965616971
1956	1.1310050013088078
1957	1.1310050013088078
1958	1.1310050013088078
1959	1.1310050013088078
1960	1.1310050013088078
1961	1.1399043841928382
1962	1.1399043841928382
1963	1.1399043841928382
1964	1.1399043841928382
1965	1.1399043841928382
1966	1.025599145631631
1967	1.025599145631631
1968	1.025599145631631
1969	1.025599145631631
1970	1.025599145631631
1971	0.9218588606240883
1972	0.9218588606240883
1973	0.9218588606240883
1974	0.9218588606240883
1975	0.9218588606240883
1976	1.2523128951241005
1977	1.2523128951241005
1978	1.2523128951241005
1979	1.2523128951241005
1980	1.2523128951241005
1981	1.351603458590057
1982	1.351603458590057
1983	1.351603458590057
1984	1.351603458590057
1985	1.351603458590057
1986	1.1104969778494718
1987	1.1104969778494718
1988	1.1104969778494718
1989	1.1104969778494718
1990	1.1104969778494718
1991	1.0357877290734154
1992	1.0357877290734154
1993	1.0357877290734154
1994	1.0357877290734154
1995	1.0357877290734154
1996	1.1290316923018844
1997	1.1290316923018844
1998	1.1290316923018844
1999	1.1290316923018844
