0	1.498855701380474
1	1.498855701380474
2	1.498855701380474
3	4.055984869184543
4	4.055984869184543
5	4.055984869184543
6	3.8360624464219995
7	3.8360624464219995
8	3.8360624464219995
9	4.28608711528186
10	4.28608711528186
11	4.28608711528186
12	1.9886770981400261
13	1.9886770981400261
14	1.9886770981400261
15	1.4008626602434004
16	1.4008626602434004
17	1.4008626602434004
18	3.251956676830413
19	3.251956676830413
20	3.251956676830413
21	1.3971833726148697
22	1.3971833726148697
23	1.3971833726148697
24	1.2322807442966206
25	1.2322807442966206
26	1.2322807442966206
27	2.385612329474023
28	2.385612329474023
29	2.385612329474023
30	2.214120125725796
31	2.214120125725796
32	2.214120125725796
33	0.1
34	0.1
35	3.2336500315176155
36	3.2336500315176155
37	3.2336500315176155
38	3.11649238086478
39	3.11649238086478
40	3.11649238086478
41	4.661793353492327
42	4.661793353492327
43	4.661793353492327
44	3.6499181377822953
45	3.6499181377822953
46	3.6499181377822953
47	2.572892344268945
48	2.572892344268945
49	2.572892344268945
50	6.883002897034535
51	6.883002897034535
52	6.883002897034535
53	0.48680930557494007
54	0.48680930557494007
55	0.48680930557494007
56	3.9232898420956492
57	3.9232898420956492
58	3.9232898420956492
59	1.6857395181273944
60	1.6857395181273944
61	1.6857395181273944
62	1.386740630412338
63	1.3264817242294296
64	1.3264817242294296
65	1.3264817242294296
66	0.7095663854687183
67	0.7095663854687183
68	0.7095663854687183
69	0.8235928102492012
70	0.8235928102492012
71	0.8235928102492012
72	0.646412785590538
73	0.646412785590538
74	0.646412785590538
75	0.8189125036520493
76	0.8189125036520493
77	0.8189125036520493
78	0.5673119083404518
79	0.5673119083404518
80	0.5673119083404518
81	0.771385346146483
82	0.771385346146483
83	0.771385346146483
84	1.0389064415279452
85	1.0389064415279452
86	1.0389064415279452
87	0.3708224137689267
88	0.3708224137689267
89	0.3708224137689267
90	0.6665678244400206
91	0.6665678244400206
92	0.6665678244400206
93	0.72349568353296
94	0.1747212752573149
95	0.1747212752573149
96	0.1747212752573149
97	0.1
98	0.1
99	0.1
100	0.2575155374306969
101	0.2575155374306969
102	0.2575155374306969
103	0.20518572777861546
104	0.20518572777861546
105	0.20518572777861546
106	0.1689091166184673
107	0.1689091166184673
108	0.1689091166184673
109	0.3749544437136816
110	0.3749544437136816
111	0.3749544437136816
112	0.1620124925990763
113	0.1620124925990763
114	2.9013460988768296
115	2.9013460988768296
116	2.9013460988768296
117	2.0592076397953494
118	0.1
119	0.1
120	0.1
121	2.282766266954278
122	2.282766266954278
123	2.282766266954278
124	2.010271619774752
125	2.010271619774752
126	2.010271619774752
127	1.9972469404898072
128	1.9972469404898072
129	1.9972469404898072
130	2.750540138238777
131	2.750540138238777
132	2.750540138238777
133	1.541700746987491
134	1.541700746987491
135	1.541700746987491
136	1.6210403146897574
137	1.6210403146897574
138	1.6210403146897574
139	0.9543895932826022
140	0.9543895932826022
141	0.9543895932826022
142	1.4550519229052912
143	1.4550519229052912
144	1.4550519229052912
145	2.842568179401356
146	2.842568179401356
147	2.842568179401356
148	2.338129738851994
149	2.338129738851994
150	2.338129738851994
151	0.6014503437966374
152	0.6014503437966374
153	0.6014503437966374
154	1.7106715261180234
155	1.7106715261180234
156	1.7106715261180234
157	1.734655314702314
158	1.734655314702314
159	1.734655314702314
160	0.3767828956304895
161	0.3767828956304895
162	0.3767828956304895
163	1.0275552063252487
164	1.0275552063252487
165	1.0275552063252487
166	1.2683138421482574
167	1.2683138421482574
168	1.2683138421482574
169	1.811260822007001
170	1.811260822007001
171	1.811260822007001
172	0.19034806659757542
173	2.6466769300415516
174	2.6466769300415516
175	2.6466769300415516
176	2.864110650983269
177	2.864110650983269
178	2.864110650983269
179	2.774951477143758
180	2.774951477143758
181	2.191430589369009
182	2.191430589369009
183	2.191430589369009
184	0.9418621117664808
185	0.9418621117664808
186	0.9418621117664808
187	0.9600318526036813
188	0.9600318526036813
189	0.9600318526036813
190	1.2184743474322484
191	1.2184743474322484
192	1.2184743474322484
193	1.8877675203565927
194	1.8877675203565927
195	1.8877675203565927
196	3.9061969935382503
197	3.9061969935382503
198	3.9061969935382503
199	1.1752996677579848
200	1.1752996677579848
201	1.1752996677579848
202	0.575667131804316
203	0.575667131804316
204	0.575667131804316
205	0.4621472040172483
206	0.1
207	0.1
208	0.1
209	0.1
210	0.1
211	0.1
212	0.3109860106133908
213	0.3109860106133908
214	2.207912954664122
215	1.1542222971057918
216	1.1542222971057918
217	1.82997494677354
218	0.23129547302204767
219	0.23129547302204767
220	0.23129547302204767
221	1.639612207730336
222	1.639612207730336
223	1.639612207730336
224	0.6980462491105393
225	0.6980462491105393
226	0.6980462491105393
227	1.8769363015767428
228	1.8769363015767428
229	1.8769363015767428
230	1.3122377003614645
231	1.3122377003614645
232	1.3122377003614645
233	0.1
234	0.1
235	0.1
236	2.8845528568852714
237	2.8845528568852714
238	2.8845528568852714
239	3.0291429949203987
240	3.0291429949203987
241	3.0291429949203987
242	0.6262741595176392
243	0.6262741595176392
244	0.6262741595176392
245	0.2988125669283248
246	0.2988125669283248
247	0.2988125669283248
248	2.004153926057969
249	2.004153926057969
250	2.004153926057969
251	2.4314482027982445
252	6.054266768353779
253	6.054266768353779
254	6.054266768353779
255	5.168900581874546
256	5.168900581874546
257	5.168900581874546
258	2.1698885517282682
259	3.395759914768328
260	3.395759914768328
261	3.395759914768328
262	1.5514143144367307
263	1.5514143144367307
264	1.5514143144367307
265	0.8321225831209125
266	0.8321225831209125
267	0.8321225831209125
268	1.2596831161583864
269	1.2596831161583864
270	1.2596831161583864
271	2.4384572840272067
272	2.4384572840272067
273	2.4384572840272067
274	0.43758381730670526
275	0.43758381730670526
276	0.43758381730670526
277	0.9111452826759905
278	0.9111452826759905
279	0.9111452826759905
280	1.135880534680899
281	1.135880534680899
282	1.135880534680899
283	0.9737023731638372
284	0.9737023731638372
285	0.9737023731638372
286	0.7327600559382904
287	0.7327600559382904
288	0.7327600559382904
289	0.2539497147723476
290	0.2539497147723476
291	0.2539497147723476
292	0.1606636045567238
293	0.1606636045567238
294	0.1606636045567238
295	1.0891455011065405
296	1.0891455011065405
297	1.0891455011065405
298	0.3742999863278494
299	0.3742999863278494
300	0.3742999863278494
301	2.590209517758686
302	2.590209517758686
303	2.590209517758686
304	1.6691400209353096
305	2.576444110239251
306	2.576444110239251
307	2.576444110239251
308	1.692390590696511
309	1.692390590696511
310	1.692390590696511
311	3.268134134786778
312	1.1943060417845177
313	1.1943060417845177
314	1.1943060417845177
315	0.5277063569007538
316	0.5277063569007538
317	0.5277063569007538
318	1.028388820879582
319	1.028388820879582
320	3.584507923069884
321	3.584507923069884
322	3.584507923069884
323	3.607832452792106
324	3.607832452792106
325	3.607832452792106
326	1.6440953560472829
327	1.6440953560472829
328	1.6440953560472829
329	4.7024658335923055
330	4.7024658335923055
331	4.7024658335923055
332	6.6089940740238085
333	6.6089940740238085
334	6.6089940740238085
335	4.145642251419845
336	4.145642251419845
337	4.145642251419845
338	4.9921412683240325
339	4.9921412683240325
340	4.9921412683240325
341	3.889142597749035
342	3.889142597749035
343	3.889142597749035
344	0.4978847879710271
345	0.4978847879710271
346	0.4978847879710271
347	4.342606333132094
348	4.342606333132094
349	4.342606333132094
350	5.487080721705864
351	5.487080721705864
352	5.487080721705864
353	0.9977372878566841
354	0.9977372878566841
355	0.9977372878566841
356	4.0609676644607955
357	4.0609676644607955
358	4.0609676644607955
359	6.822655813587371
360	6.822655813587371
361	6.822655813587371
362	2.1606048296168296
363	2.1606048296168296
364	2.1606048296168296
365	0.4617995408956529
366	0.4617995408956529
367	0.4617995408956529
368	0.7616614167694227
369	0.7616614167694227
370	0.7616614167694227
371	0.4662716479108917
372	0.4662716479108917
373	0.4662716479108917
374	1.0723164563252103
375	1.0723164563252103
376	1.0723164563252103
377	0.4255506687768792
378	0.4255506687768792
379	0.4255506687768792
380	0.9023907133572802
381	0.9023907133572802
382	0.9023907133572802
383	0.3655598955563334
384	0.3655598955563334
385	0.3655598955563334
386	0.6140076966399486
387	3.284753210019231
388	3.284753210019231
389	3.284753210019231
390	1.6442512110837986
391	1.6442512110837986
392	1.6442512110837986
393	5.534928528958252
394	5.534928528958252
395	5.534928528958252
396	4.635508924796815
397	4.635508924796815
398	1.8008759257459512
399	1.8008759257459512
400	1.8008759257459512
401	0.9245558571782941
402	0.9245558571782941
403	0.9245558571782941
404	0.5895521053015762
405	0.5895521053015762
406	0.5895521053015762
407	1.4614995286220802
408	1.4614995286220802
409	5.124931564989164
410	5.124931564989164
411	0.38747887623613564
412	0.38747887623613564
413	0.38747887623613564
414	0.6488305593972543
415	0.10900746707791723
416	0.10900746707791723
417	4.5447167439588325
418	4.5447167439588325
419	4.5447167439588325
420	2.1434867148198986
421	2.1434867148198986
422	2.1434867148198986
423	2.2876630077281845
424	2.2876630077281845
425	2.2876630077281845
426	1.76131454189801
427	1.76131454189801
428	1.76131454189801
429	2.387958801318585
430	2.387958801318585
431	2.387958801318585
432	1.3602445000295567
433	1.3602445000295567
434	1.3602445000295567
435	1.5652558746649767
436	1.5652558746649767
437	1.5652558746649767
438	2.4452016013461466
439	2.4452016013461466
440	2.4452016013461466
441	1.362858966201882
442	1.362858966201882
443	1.362858966201882
444	1.5612538718337667
445	1.5612538718337667
446	1.5612538718337667
447	1.6251479638136361
448	1.6251479638136361
449	1.6251479638136361
450	1.6133327411907588
451	1.6133327411907588
452	1.6133327411907588
453	2.3795909521101453
454	2.3795909521101453
455	2.3795909521101453
456	3.025896467503501
457	3.025896467503501
458	3.025896467503501
459	1.5795361034785298
460	1.5795361034785298
461	1.5795361034785298
462	0.1219991163874383
463	0.1219991163874383
464	0.1219991163874383
465	0.20128749141430516
466	0.20128749141430516
467	0.20128749141430516
468	0.10844867248254744
469	0.10844867248254744
470	0.10844867248254744
471	0.15281735862020826
472	0.15281735862020826
473	0.15281735862020826
474	0.11470964535001991
475	0.11470964535001991
476	0.11470964535001991
477	0.1
478	0.1
479	0.1
480	0.17603614540180249
481	0.17603614540180249
482	0.17603614540180249
483	0.1
484	0.1
485	0.1
486	0.1
487	0.1
488	0.1
489	0.2702809131722217
490	0.2702809131722217
491	0.2702809131722217
492	0.1
493	0.1
494	0.1
495	0.16637287424024325
496	0.16637287424024325
497	0.16637287424024325
498	0.15214185834565364
499	0.15214185834565364
500	0.15214185834565364
501	0.32454929579707537
502	0.32454929579707537
503	0.32454929579707537
504	0.2939235166088113
505	0.2939235166088113
506	0.2939235166088113
507	0.19231050224842078
508	0.19231050224842078
509	0.19231050224842078
510	0.2834102217268397
511	0.2834102217268397
512	0.2834102217268397
513	0.34517326125695613
514	0.34517326125695613
515	0.34517326125695613
516	0.1713178445976879
517	0.1713178445976879
518	0.1713178445976879
519	0.45929347677189375
520	0.45929347677189375
521	0.45929347677189375
522	0.31083779523459565
523	0.31083779523459565
524	0.31083779523459565
525	0.16565181670054335
526	0.16565181670054335
527	0.16565181670054335
528	0.15320759487409863
529	0.15320759487409863
530	0.15320759487409863
531	0.13884869749897813
532	0.13884869749897813
533	0.13884869749897813
534	0.20251322598439245
535	0.20251322598439245
536	0.20251322598439245
537	0.17693349483130588
538	0.17693349483130588
539	0.17693349483130588
540	0.313454172210252
541	3.8886821272369825
542	3.8886821272369825
543	3.8886821272369825
544	2.2545175541188933
545	2.2545175541188933
546	2.2545175541188933
547	2.015807160749544
548	2.015807160749544
549	2.23720833858283
550	2.23720833858283
551	2.23720833858283
552	1.4002140565210348
553	1.4002140565210348
554	3.067025733302264
555	3.067025733302264
556	3.067025733302264
557	1.546610285952482
558	1.546610285952482
559	1.546610285952482
560	2.7406126690801473
561	2.7406126690801473
562	2.7406126690801473
563	1.5377585670340856
564	1.5377585670340856
565	5.476066985306023
566	5.476066985306023
567	5.476066985306023
568	2.0089227966709475
569	2.0089227966709475
570	2.0089227966709475
571	3.240570775838502
572	3.240570775838502
573	0.9771318252149155
574	0.9771318252149155
575	0.9771318252149155
576	1.367353957828935
577	1.367353957828935
578	1.367353957828935
579	0.8984557261426174
580	0.8984557261426174
581	3.7280739535675527
582	3.7280739535675527
583	3.7280739535675527
584	2.600954219749702
585	2.600954219749702
586	2.600954219749702
587	3.907771557146047
588	3.907771557146047
589	2.1451973503329205
590	2.1451973503329205
591	4.426929822856525
592	4.426929822856525
593	4.426929822856525
594	3.7448817529526996
595	3.7448817529526996
596	3.7448817529526996
597	3.2149285308586215
598	0.9954335499351116
599	0.9954335499351116
600	0.9954335499351116
601	1.4209897734565837
602	1.4209897734565837
603	1.4209897734565837
604	1.4399840460925568
605	1.4399840460925568
606	1.4399840460925568
607	1.4683541613395283
608	1.4683541613395283
609	1.4683541613395283
610	1.0510781687075776
611	1.0510781687075776
612	1.0510781687075776
613	0.9481220530796728
614	0.9481220530796728
615	0.9481220530796728
616	0.9912355319655201
617	0.9912355319655201
618	3.529274747077559
619	3.529274747077559
620	3.529274747077559
621	1.8377527154608253
622	1.8377527154608253
623	1.8377527154608253
624	3.308584357248132
625	3.308584357248132
626	3.308584357248132
627	3.7851831146774098
628	3.7851831146774098
629	3.7851831146774098
630	0.1
631	0.1
632	0.1
633	2.8410619371289996
634	2.8410619371289996
635	2.8410619371289996
636	0.1
637	0.1
638	0.1
639	3.36746200257881
640	3.36746200257881
641	3.36746200257881
642	4.101595749411842
643	4.101595749411842
644	4.101595749411842
645	2.9428117302992893
646	2.9428117302992893
647	2.9428117302992893
648	2.3873088202874597
649	2.3873088202874597
650	2.314046864243579
651	2.314046864243579
652	2.314046864243579
653	1.6040441832145123
654	1.6040441832145123
655	1.6040441832145123
656	2.5932791769057895
657	2.5932791769057895
658	2.5932791769057895
659	0.9007355689758676
660	0.9007355689758676
661	0.9007355689758676
662	3.416960904174545
663	3.416960904174545
664	3.416960904174545
665	4.097117814961164
666	4.097117814961164
667	4.097117814961164
668	1.9308580831821969
669	1.9308580831821969
670	1.9308580831821969
671	3.1116716149641523
672	3.1116716149641523
673	3.1116716149641523
674	1.599424909042619
675	1.599424909042619
676	1.599424909042619
677	1.8177767552458857
678	1.8177767552458857
679	1.8177767552458857
680	2.4178945010307245
681	2.4178945010307245
682	2.4178945010307245
683	2.1562126667103945
684	2.1562126667103945
685	2.1562126667103945
686	5.979063862634373
687	5.979063862634373
688	5.979063862634373
689	0.7334033590061624
690	0.7334033590061624
691	0.7334033590061624
692	1.9070039805793912
693	1.9070039805793912
694	1.9070039805793912
695	3.1438668870594695
696	3.1438668870594695
697	3.1438668870594695
698	0.993676803750756
699	0.993676803750756
700	0.993676803750756
701	0.8724116572739364
702	0.8724116572739364
703	0.8724116572739364
704	0.7726483378475127
705	0.7726483378475127
706	0.7726483378475127
707	1.181177623785453
708	1.181177623785453
709	1.181177623785453
710	0.6641754753470078
711	0.5377050772171598
712	0.5377050772171598
713	0.5377050772171598
714	0.2887482434039662
715	0.2887482434039662
716	0.2887482434039662
717	0.7048370649642637
718	0.7048370649642637
719	0.8678844904538672
720	0.8678844904538672
721	0.29031561461240585
722	0.29031561461240585
723	0.29031561461240585
724	0.21712572603366795
725	0.21712572603366795
726	0.21712572603366795
727	0.9994296045448916
728	0.9994296045448916
729	0.9994296045448916
730	0.6629547981188681
731	0.6629547981188681
732	0.6629547981188681
733	1.9252040251423659
734	1.2934198906693777
735	1.2934198906693777
736	1.2934198906693777
737	0.6508816361561696
738	0.6508816361561696
739	0.6508816361561696
740	1.3469529114549825
741	1.3469529114549825
742	1.3469529114549825
743	1.36340514133614
744	1.36340514133614
745	1.36340514133614
746	0.9208676809793344
747	0.9208676809793344
748	0.9208676809793344
749	1.9562270768846886
750	1.9562270768846886
751	1.9562270768846886
752	1.7249911073108115
753	1.7249911073108115
754	1.7249911073108115
755	1.096721487282941
756	1.096721487282941
757	1.096721487282941
758	0.3074350422352532
759	0.3074350422352532
760	0.3074350422352532
761	0.6320729188299413
762	0.6320729188299413
763	0.6320729188299413
764	0.961878910489998
765	0.961878910489998
766	0.961878910489998
767	0.9534932143414613
768	0.9534932143414613
769	0.9534932143414613
770	0.44954786897039617
771	0.44954786897039617
772	0.44954786897039617
773	0.31489117477019957
774	0.31489117477019957
775	0.31489117477019957
776	0.7117384951234564
777	3.224218671553451
778	3.224218671553451
779	3.224218671553451
780	4.572008089488149
781	4.572008089488149
782	4.572008089488149
783	3.9754800617134345
784	3.9754800617134345
785	3.9754800617134345
786	1.7123742156530906
787	1.7123742156530906
788	1.7123742156530906
789	1.0694467837355177
790	1.0694467837355177
791	1.0694467837355177
792	2.8020709652341864
793	2.8020709652341864
794	2.8020709652341864
795	4.24842387082309
796	4.24842387082309
797	4.24842387082309
798	1.8145693893658221
799	1.8145693893658221
800	1.8145693893658221
801	0.7215266075085536
802	0.7215266075085536
803	0.7215266075085536
804	3.2895909765884896
805	3.2895909765884896
806	0.6101595942882511
807	0.6101595942882511
808	0.6101595942882511
809	0.1
810	0.1
811	0.1
812	1.0296495736907443
813	1.0296495736907443
814	1.0296495736907443
815	0.9631718400199494
816	0.9631718400199494
817	0.9631718400199494
818	0.6063191895849516
819	0.6063191895849516
820	0.6063191895849516
821	0.6403646251696584
822	0.6403646251696584
823	0.6403646251696584
824	0.7293269727049112
825	0.7293269727049112
826	0.7293269727049112
827	0.4728447914046734
828	3.044138813843369
829	0.9346476135101335
830	0.9346476135101335
831	0.9346476135101335
832	1.2762592000146853
833	1.2762592000146853
834	1.2762592000146853
835	2.5302164649477605
836	2.5302164649477605
837	0.10394284567351657
838	1.7556090916214113
839	1.7556090916214113
840	1.7556090916214113
841	2.774227692906623
842	1.9942144770943255
843	1.9942144770943255
844	1.9942144770943255
845	0.1
846	0.1
847	0.1
848	2.1647329722402677
849	2.1647329722402677
850	2.1647329722402677
851	2.1796871306008927
852	2.1796871306008927
853	2.1796871306008927
854	2.3253523162403473
855	2.3253523162403473
856	2.3253523162403473
857	2.0511123798593385
858	2.0511123798593385
859	2.0511123798593385
860	1.2331880856037363
861	1.2331880856037363
862	1.2331880856037363
863	1.3546786269585285
864	1.3546786269585285
865	1.3546786269585285
866	0.5515989427265064
867	0.5515989427265064
868	6.366007207787506
869	6.366007207787506
870	6.366007207787506
871	3.9704491528350982
872	3.9704491528350982
873	3.9704491528350982
874	2.7152564555190093
875	2.7152564555190093
876	2.7152564555190093
877	2.3950193912517967
878	2.3950193912517967
879	2.3950193912517967
880	2.8274562540577337
881	2.8274562540577337
882	2.8274562540577337
883	5.706899488340916
884	5.706899488340916
885	5.706899488340916
886	6.9888766588940126
887	6.9888766588940126
888	6.9888766588940126
889	5.114873299498477
890	5.114873299498477
891	5.114873299498477
892	3.1883817263971284
893	3.1883817263971284
894	0.8101238182614173
895	0.8101238182614173
896	0.8101238182614173
897	0.8607226588071284
898	0.8607226588071284
899	0.8607226588071284
900	0.2833505552820844
901	0.2833505552820844
902	0.2833505552820844
903	0.6578574704057865
904	0.6578574704057865
905	0.6578574704057865
906	0.1
907	0.1
908	0.1
909	0.9644665257666396
910	0.9644665257666396
911	0.9644665257666396
912	0.6611018819375135
913	0.6611018819375135
914	0.6611018819375135
915	1.063062837487754
916	1.0135861972478981
917	1.0135861972478981
918	1.0135861972478981
919	1.1179145819883436
920	1.1179145819883436
921	1.1179145819883436
922	0.5327473445086506
923	0.5327473445086506
924	2.694421537527071
925	2.694421537527071
926	2.694421537527071
927	1.5909534392949642
928	1.5909534392949642
929	1.5909534392949642
930	0.6657485899486884
931	0.6657485899486884
932	0.6657485899486884
933	1.2629538982016224
934	1.2629538982016224
935	1.2629538982016224
936	1.1554509555120733
937	1.1554509555120733
938	1.1554509555120733
939	3.119234892460274
940	3.119234892460274
941	3.119234892460274
942	1.8955589162439908
943	1.8955589162439908
944	1.8955589162439908
945	0.9486589147568776
946	0.9486589147568776
947	0.9486589147568776
948	1.0691030064121487
949	1.0691030064121487
950	1.0691030064121487
951	3.4948675144488712
952	3.4948675144488712
953	3.4948675144488712
954	2.571612667210352
955	0.475289621656493
956	0.475289621656493
957	0.475289621656493
958	0.17387545055720366
959	0.17387545055720366
960	0.17387545055720366
961	0.1
962	0.1
963	0.1
964	0.7221224370555853
965	0.7221224370555853
966	0.7221224370555853
967	0.3977105426917252
968	0.3977105426917252
969	0.3977105426917252
970	0.11193394762754205
971	0.11193394762754205
972	0.11193394762754205
973	0.6813392890735844
974	0.6813392890735844
975	0.6813392890735844
976	0.5323388195047423
977	0.5323388195047423
978	0.5323388195047423
979	0.4815151091884807
980	0.4815151091884807
981	0.4815151091884807
982	0.7890515381433962
983	0.7890515381433962
984	0.7890515381433962
985	0.3665911067870784
986	0.3665911067870784
987	0.3665911067870784
988	1.0339787902181434
989	2.050793200994162
990	2.050793200994162
991	2.050793200994162
992	1.7111257357031917
993	1.7111257357031917
994	1.7111257357031917
995	3.2056909782531604
996	3.2056909782531604
997	3.2056909782531604
998	2.1555304927151955
999	2.1555304927151955
1000	2.1555304927151955
1001	2.5437840138407024
1002	2.5437840138407024
1003	2.5437840138407024
1004	2.169990440021562
1005	2.169990440021562
1006	2.169990440021562
1007	0.437559683771201
1008	0.437559683771201
1009	0.437559683771201
1010	1.5845229137661294
1011	1.5845229137661294
1012	1.5845229137661294
1013	2.2459432134551482
1014	2.2459432134551482
1015	2.5376712501682963
1016	2.5376712501682963
1017	2.5376712501682963
1018	1.9781141934096698
1019	1.9781141934096698
1020	1.9781141934096698
1021	6.074014750860551
1022	6.074014750860551
1023	6.074014750860551
1024	6.707996045035627
1025	6.707996045035627
1026	6.707996045035627
1027	5.515773950723646
1028	5.515773950723646
1029	6.055952541426192
1030	6.055952541426192
1031	6.055952541426192
1032	2.6625863281121536
1033	2.6625863281121536
1034	2.6625863281121536
1035	1.594147630361169
1036	1.594147630361169
1037	1.4876009411491393
1038	1.4876009411491393
1039	1.4876009411491393
1040	1.7573572576842014
1041	1.7573572576842014
1042	1.7573572576842014
1043	0.9447673751921221
1044	0.9447673751921221
1045	0.9447673751921221
1046	0.7134549253958082
1047	0.7134549253958082
1048	0.7134549253958082
1049	1.4069885554467898
1050	1.4069885554467898
1051	1.4069885554467898
1052	1.278535530922165
1053	1.278535530922165
1054	1.278535530922165
1055	0.9378894558576922
1056	0.9378894558576922
1057	0.9378894558576922
1058	1.3026962191978975
1059	1.3026962191978975
1060	1.3026962191978975
1061	1.410022595127719
1062	1.410022595127719
1063	1.410022595127719
1064	1.726380377401527
1065	1.4222111025075135
1066	1.4222111025075135
1067	1.4222111025075135
1068	4.163002601866148
1069	4.163002601866148
1070	4.163002601866148
1071	5.491145651227493
1072	5.491145651227493
1073	5.491145651227493
1074	4.5089974645667255
1075	4.5089974645667255
1076	4.5089974645667255
1077	4.092089317332288
1078	4.092089317332288
1079	4.092089317332288
1080	3.1356170680239352
1081	3.1356170680239352
1082	3.1356170680239352
1083	2.745283440454851
1084	2.745283440454851
1085	2.745283440454851
1086	4.542062511257694
1087	4.542062511257694
1088	4.542062511257694
1089	2.4723324752973808
1090	2.4723324752973808
1091	2.4723324752973808
1092	4.997183984816528
1093	4.997183984816528
1094	4.997183984816528
1095	7.895176023304488
1096	7.895176023304488
1097	7.895176023304488
1098	3.20431325855679
1099	3.20431325855679
1100	3.20431325855679
1101	6.431643479039101
1102	6.431643479039101
1103	2.9929676172711583
1104	2.9929676172711583
1105	2.426081304577988
1106	2.426081304577988
1107	2.426081304577988
1108	3.611030491898517
1109	3.611030491898517
1110	3.611030491898517
1111	2.1341057704554176
1112	2.1341057704554176
1113	2.1341057704554176
1114	2.2204242249349866
1115	2.2204242249349866
1116	2.2204242249349866
1117	4.268194739692762
1118	4.268194739692762
1119	4.268194739692762
1120	2.5757172626736993
1121	2.5757172626736993
1122	2.5757172626736993
1123	1.7710834251561058
1124	1.7710834251561058
1125	1.7710834251561058
1126	3.638767444281438
1127	3.638767444281438
1128	3.638767444281438
1129	0.40215043551065444
1130	0.40215043551065444
1131	0.40215043551065444
1132	2.74161381278798
1133	2.74161381278798
1134	2.74161381278798
1135	2.806916243972188
1136	2.806916243972188
1137	2.806916243972188
1138	1.9822919964274943
1139	1.9822919964274943
1140	1.9822919964274943
1141	1.1127510738837114
1142	1.1127510738837114
1143	1.1127510738837114
1144	1.6232386336033073
1145	1.6232386336033073
1146	1.6232386336033073
1147	1.7741193603041738
1148	1.7741193603041738
1149	1.7741193603041738
1150	3.314085431146265
1151	3.314085431146265
1152	3.314085431146265
1153	3.013841961218839
1154	3.013841961218839
1155	3.013841961218839
1156	0.9637956482228962
1157	0.9637956482228962
1158	0.9637956482228962
1159	1.8626981046804902
1160	1.8626981046804902
1161	1.8626981046804902
1162	5.657462682157268
1163	5.657462682157268
1164	4.32194035929246
1165	4.32194035929246
1166	4.32194035929246
1167	4.55459053777343
1168	4.55459053777343
1169	4.55459053777343
1170	1.1222987326887408
1171	1.1222987326887408
1172	1.1222987326887408
1173	2.7538516994816886
1174	2.7538516994816886
1175	2.7538516994816886
1176	4.814962978430568
1177	2.273157902261696
1178	2.273157902261696
1179	2.273157902261696
1180	3.4522542075525298
1181	3.4522542075525298
1182	3.4522542075525298
1183	2.215204968128466
1184	2.215204968128466
1185	2.215204968128466
1186	1.6703896293055005
1187	1.6703896293055005
1188	1.6703896293055005
1189	1.1033279322043343
1190	1.1033279322043343
1191	1.1033279322043343
1192	2.9473976061011458
1193	2.9473976061011458
1194	2.9473976061011458
1195	2.9264721687241297
1196	2.9264721687241297
1197	0.2755828077116642
1198	0.2755828077116642
1199	0.2755828077116642
1200	0.1
1201	0.1
1202	0.1
1203	0.14131828557968706
1204	0.14131828557968706
1205	4.5723638160828015
1206	4.5723638160828015
1207	4.5723638160828015
1208	2.0232164547960396
1209	2.0232164547960396
1210	3.366571128518006
1211	1.6759889483595907
1212	1.6759889483595907
1213	0.45485078297385184
1214	0.45485078297385184
1215	2.264324431700799
1216	2.264324431700799
1217	2.264324431700799
1218	3.3668304855551083
1219	3.3668304855551083
1220	3.3668304855551083
1221	2.8540367764651062
1222	2.8540367764651062
1223	2.8540367764651062
1224	4.422567137413358
1225	4.422567137413358
1226	4.422567137413358
1227	2.2972064768726295
1228	2.2972064768726295
1229	2.2972064768726295
1230	2.862535137834156
1231	2.862535137834156
1232	2.862535137834156
1233	2.7286788140226044
1234	2.7286788140226044
1235	2.7286788140226044
1236	5.245765654860894
1237	5.245765654860894
1238	5.245765654860894
1239	2.1938737301973674
1240	2.1938737301973674
1241	2.1938737301973674
1242	2.452093453550636
1243	2.452093453550636
1244	2.452093453550636
1245	3.6960070013518136
1246	3.6960070013518136
1247	3.6960070013518136
1248	4.814667735405267
1249	4.814667735405267
1250	4.814667735405267
1251	3.0940505560232037
1252	3.0940505560232037
1253	3.0940505560232037
1254	3.338912080167117
1255	3.338912080167117
1256	3.338912080167117
1257	2.5235157978728884
1258	2.5235157978728884
1259	2.5235157978728884
1260	5.065480412276388
1261	5.065480412276388
1262	5.065480412276388
1263	1.2559319193034306
1264	1.2559319193034306
1265	1.2559319193034306
1266	3.4182085244248044
1267	3.4182085244248044
1268	4.182650380132056
1269	4.182650380132056
1270	4.182650380132056
1271	3.4026036954715595
1272	3.4026036954715595
1273	3.4026036954715595
1274	3.5775262438787294
1275	3.5775262438787294
1276	3.5775262438787294
1277	2.196107219667165
1278	2.196107219667165
1279	2.196107219667165
1280	3.5146313491366463
1281	3.5146313491366463
1282	3.5146313491366463
1283	2.150246605651692
1284	2.150246605651692
1285	2.150246605651692
1286	3.5446055118113917
1287	3.5446055118113917
1288	3.5446055118113917
1289	1.1935349425013042
1290	1.1935349425013042
1291	1.1935349425013042
1292	2.147699633709122
1293	2.147699633709122
1294	2.147699633709122
1295	2.414553641414732
1296	2.414553641414732
1297	2.414553641414732
1298	1.9699857656908295
1299	1.9699857656908295
1300	1.9699857656908295
1301	2.8808623485026614
1302	2.1910732472284735
1303	2.1910732472284735
1304	2.1910732472284735
1305	4.431279536827355
1306	4.431279536827355
1307	4.431279536827355
1308	1.528229271163859
1309	1.528229271163859
1310	1.528229271163859
1311	4.886642380770239
1312	4.886642380770239
1313	4.886642380770239
1314	4.962194932990686
1315	4.962194932990686
1316	4.962194932990686
1317	1.8744307349611866
1318	1.8744307349611866
1319	1.8744307349611866
1320	2.8994913247915837
1321	2.8994913247915837
1322	2.8994913247915837
1323	1.569156051347612
1324	1.569156051347612
1325	1.569156051347612
1326	2.551463262606413
1327	2.551463262606413
1328	2.551463262606413
1329	2.87253334849353
1330	2.87253334849353
1331	2.87253334849353
1332	1.0595893419949487
1333	1.0595893419949487
1334	1.0595893419949487
1335	2.7409737898554747
1336	2.7409737898554747
1337	2.7409737898554747
1338	3.6747785531428376
1339	3.6747785531428376
1340	3.6747785531428376
1341	2.5841458984117414
1342	2.5841458984117414
1343	2.5841458984117414
1344	6.100003188175858
1345	6.100003188175858
1346	6.100003188175858
1347	3.949023546729021
1348	3.949023546729021
1349	3.949023546729021
1350	2.3147928829075415
1351	2.3147928829075415
1352	2.3147928829075415
1353	2.466785704482132
1354	2.466785704482132
1355	2.466785704482132
1356	3.8562461500016116
1357	3.8562461500016116
1358	3.8562461500016116
1359	2.3095980273401793
1360	2.3095980273401793
1361	2.3095980273401793
1362	4.077027339544366
1363	4.077027339544366
1364	4.077027339544366
1365	2.4037592613319045
1366	2.4037592613319045
1367	2.5179328087958743
1368	2.5179328087958743
1369	2.5179328087958743
1370	1.2014517723258655
1371	1.2014517723258655
1372	4.257946539134236
1373	4.257946539134236
1374	4.257946539134236
1375	3.9945944021534867
1376	2.28309267401537
1377	2.28309267401537
1378	2.28309267401537
1379	2.1800542291432863
1380	2.1800542291432863
1381	2.1800542291432863
1382	2.396385488899414
1383	2.396385488899414
1384	2.396385488899414
1385	2.2013753739870228
1386	2.2013753739870228
1387	2.2013753739870228
1388	5.514068152824292
1389	5.514068152824292
1390	5.514068152824292
1391	2.9981399909830238
1392	2.9981399909830238
1393	2.9981399909830238
1394	1.6613719767033008
1395	1.6613719767033008
1396	1.6613719767033008
1397	4.14175224552428
1398	4.14175224552428
1399	4.14175224552428
1400	5.223061046996887
1401	5.223061046996887
1402	5.223061046996887
1403	2.404795518549884
1404	2.404795518549884
1405	2.404795518549884
1406	3.3101624821261337
1407	3.3101624821261337
1408	3.3101624821261337
1409	4.484013872132147
1410	4.484013872132147
1411	4.484013872132147
1412	3.1062881435036513
1413	3.1062881435036513
1414	2.848135161508351
1415	2.848135161508351
1416	2.848135161508351
1417	2.0339314707251344
1418	2.0339314707251344
1419	2.0339314707251344
1420	0.1531132387081704
1421	0.1531132387081704
1422	0.1531132387081704
1423	3.6800889467296525
1424	3.6800889467296525
1425	3.6800889467296525
1426	3.8891509572070824
1427	3.8891509572070824
1428	3.8891509572070824
1429	2.454776900315558
1430	2.454776900315558
1431	2.454776900315558
1432	3.389813177212324
1433	3.389813177212324
1434	3.389813177212324
1435	1.3446529241644793
1436	1.3446529241644793
1437	1.3446529241644793
1438	3.307080050038444
1439	3.307080050038444
1440	3.307080050038444
1441	1.3423017380707192
1442	2.2139020093888395
1443	2.2139020093888395
1444	2.2139020093888395
1445	1.502808659656831
1446	1.502808659656831
1447	1.502808659656831
1448	1.3920366828479929
1449	1.3920366828479929
1450	1.3920366828479929
1451	0.7681075408240036
1452	1.5237829943994337
1453	1.5237829943994337
1454	1.5237829943994337
1455	1.8927645071374624
1456	1.8927645071374624
1457	1.8927645071374624
1458	2.3397046249206515
1459	2.3397046249206515
1460	2.3397046249206515
1461	3.37816222698048
1462	3.37816222698048
1463	3.37816222698048
1464	3.510378289271082
1465	3.510378289271082
1466	3.510378289271082
1467	1.0084552385677135
1468	1.0084552385677135
1469	1.0084552385677135
1470	2.380421490510365
1471	2.380421490510365
1472	2.380421490510365
1473	2.756912555934653
1474	2.756912555934653
1475	5.736395775689773
1476	5.736395775689773
1477	5.736395775689773
1478	3.982376067362796
1479	3.982376067362796
1480	3.982376067362796
1481	0.912790902755856
1482	0.912790902755856
1483	0.912790902755856
1484	0.6155860918017602
1485	0.6155860918017602
1486	0.6155860918017602
1487	0.968926601005776
1488	2.5700643079852727
1489	2.5700643079852727
1490	2.5700643079852727
1491	2.376086727145953
1492	2.376086727145953
1493	2.376086727145953
1494	3.917041481799553
1495	3.917041481799553
1496	3.917041481799553
1497	3.5580589767921134
1498	3.5580589767921134
1499	3.5580589767921134
1500	4.698286929868663
1501	4.698286929868663
1502	4.698286929868663
1503	4.929933647080156
1504	4.929933647080156
1505	4.929933647080156
1506	1.9852970358926356
1507	1.9852970358926356
1508	1.9852970358926356
1509	5.90628988305991
1510	5.90628988305991
1511	5.90628988305991
1512	3.8984257334918064
1513	3.8984257334918064
1514	3.8984257334918064
1515	4.240714627330953
1516	4.240714627330953
1517	4.240714627330953
1518	0.8878099206573724
1519	0.8878099206573724
1520	0.8878099206573724
1521	5.036525795287996
1522	5.036525795287996
1523	5.036525795287996
1524	2.62359470548729
1525	2.62359470548729
1526	2.62359470548729
1527	2.750638627603755
1528	2.750638627603755
1529	2.750638627603755
1530	4.300826363217738
1531	4.300826363217738
1532	4.300826363217738
1533	3.519755682579608
1534	3.519755682579608
1535	3.519755682579608
1536	0.16929119074962173
1537	0.16929119074962173
1538	0.16929119074962173
1539	1.702964141707356
1540	1.702964141707356
1541	1.702964141707356
1542	0.5844446091760069
1543	0.5844446091760069
1544	3.7823585792368872
1545	3.7823585792368872
1546	3.7823585792368872
1547	2.8553886329802056
1548	2.8553886329802056
1549	2.8553886329802056
1550	4.790027425914672
1551	4.790027425914672
1552	4.790027425914672
1553	0.47213516297961977
1554	0.47213516297961977
1555	0.47213516297961977
1556	2.866219465577052
1557	2.866219465577052
1558	2.866219465577052
1559	4.1423969346378025
1560	4.1423969346378025
1561	4.1423969346378025
1562	2.989021082867892
1563	2.989021082867892
1564	2.989021082867892
1565	4.617492260416649
1566	4.617492260416649
1567	4.617492260416649
1568	4.4584017831322855
1569	4.4584017831322855
1570	4.4584017831322855
1571	1.3895603626513071
1572	1.3895603626513071
1573	1.3895603626513071
1574	3.73999324705751
1575	3.73999324705751
1576	3.73999324705751
1577	0.43582078704963445
1578	0.43582078704963445
1579	0.43582078704963445
1580	1.4148647894445447
1581	1.4148647894445447
1582	0.7425090113706558
1583	0.6097200386589879
1584	0.6097200386589879
1585	0.6097200386589879
1586	1.2367368957991445
1587	1.2367368957991445
1588	3.7162711118110794
1589	3.7162711118110794
1590	3.7162711118110794
1591	3.4011332478987533
1592	3.4011332478987533
1593	3.4011332478987533
1594	2.5660311857181584
1595	2.5660311857181584
1596	2.5660311857181584
1597	5.074442073420599
1598	5.074442073420599
1599	5.074442073420599
1600	5.190860903381229
1601	5.190860903381229
1602	5.190860903381229
1603	4.246682215854222
1604	4.246682215854222
1605	4.246682215854222
1606	3.3421984248771213
1607	3.3421984248771213
1608	3.3421984248771213
1609	3.731955940561776
1610	3.731955940561776
1611	3.731955940561776
1612	4.5734186645935
1613	4.5734186645935
1614	4.5734186645935
1615	2.6047950691467454
1616	2.6047950691467454
1617	2.6047950691467454
1618	2.229841212277101
1619	2.229841212277101
1620	2.229841212277101
1621	2.910373364623837
1622	2.910373364623837
1623	2.910373364623837
1624	4.219129910930304
1625	4.219129910930304
1626	4.219129910930304
1627	1.9576665829297435
1628	1.9576665829297435
1629	1.9576665829297435
1630	4.3195499054435
1631	4.3195499054435
1632	4.3195499054435
1633	3.223996703525136
1634	3.223996703525136
1635	3.223996703525136
1636	6.653251638748336
1637	6.653251638748336
1638	6.653251638748336
1639	4.195867343904902
1640	4.195867343904902
1641	4.195867343904902
1642	3.7995933656580885
1643	3.7995933656580885
1644	3.7995933656580885
1645	3.175462442894217
1646	3.175462442894217
1647	3.175462442894217
1648	2.0887982667160356
1649	2.0887982667160356
1650	2.0887982667160356
1651	5.360335018401242
1652	5.360335018401242
1653	5.360335018401242
1654	3.4919592379436617
1655	3.4919592379436617
1656	3.4919592379436617
1657	1.8171100906205635
1658	1.8171100906205635
1659	1.8171100906205635
1660	3.229353149184499
1661	3.229353149184499
1662	3.229353149184499
1663	3.7971838689461253
1664	3.7971838689461253
1665	3.7971838689461253
1666	3.308155921366845
1667	3.308155921366845
1668	3.308155921366845
1669	5.736205212041121
1670	5.736205212041121
1671	5.736205212041121
1672	2.450604713380834
1673	2.450604713380834
1674	2.450604713380834
1675	5.128040717898294
1676	5.128040717898294
1677	5.128040717898294
1678	1.115713417262942
1679	1.115713417262942
1680	1.115713417262942
1681	3.2440183173619914
1682	3.2440183173619914
1683	3.2440183173619914
1684	3.4600013527319198
1685	3.4600013527319198
1686	3.4600013527319198
1687	3.920181676417267
1688	3.920181676417267
1689	3.920181676417267
1690	2.0672227436456616
1691	2.0672227436456616
1692	2.0672227436456616
1693	2.6562549459359714
1694	0.9653778215391193
1695	0.9653778215391193
1696	0.9653778215391193
1697	1.0333286517392017
1698	1.0333286517392017
1699	1.0333286517392017
1700	0.6185638471316726
1701	0.6185638471316726
1702	0.6185638471316726
1703	1.2466901400665147
1704	1.2466901400665147
1705	1.2466901400665147
1706	0.7160419564396058
1707	0.7160419564396058
1708	0.7160419564396058
1709	0.4134819771640387
1710	0.4134819771640387
1711	0.4134819771640387
1712	0.3917999472280305
1713	0.3917999472280305
1714	0.3917999472280305
1715	0.9732738962919971
1716	0.9732738962919971
1717	3.291126926236508
1718	3.291126926236508
1719	3.291126926236508
1720	5.7176149110245
1721	5.7176149110245
1722	5.7176149110245
1723	5.871664318202737
1724	5.871664318202737
1725	5.871664318202737
1726	4.137920230934656
1727	4.137920230934656
1728	4.137920230934656
1729	3.5662554167304386
1730	3.5662554167304386
1731	3.5662554167304386
1732	6.654943048914894
1733	6.654943048914894
1734	6.654943048914894
1735	7.19120947038013
1736	7.19120947038013
1737	7.19120947038013
1738	5.216914539939032
1739	5.216914539939032
1740	5.216914539939032
1741	0.1
1742	0.1
1743	0.1
1744	2.7144133193488456
1745	2.7144133193488456
1746	2.7144133193488456
1747	6.7777256023064885
1748	6.7777256023064885
1749	0.9406064821372756
1750	0.9406064821372756
1751	0.9406064821372756
1752	1.3075646295162746
1753	1.3075646295162746
1754	1.3075646295162746
1755	1.8039561167937945
1756	1.8039561167937945
1757	1.8039561167937945
1758	0.8909711443108757
1759	0.8909711443108757
1760	0.8909711443108757
1761	2.5056557575703042
1762	2.5056557575703042
1763	2.5056557575703042
1764	1.4981267150097526
1765	0.5251981285760543
1766	0.5251981285760543
1767	0.5251981285760543
1768	0.4643971152104448
1769	0.4643971152104448
1770	0.4643971152104448
1771	0.6598164643056108
1772	0.6598164643056108
1773	0.6598164643056108
1774	0.8635739020892421
1775	0.8635739020892421
1776	0.8635739020892421
1777	0.6937216259286687
1778	0.6937216259286687
1779	0.6937216259286687
1780	0.14340816093173814
1781	0.14340816093173814
1782	0.14340816093173814
1783	1.023984780248764
1784	1.023984780248764
1785	1.023984780248764
1786	2.1298957607285605
1787	2.1298957607285605
1788	2.1298957607285605
1789	4.778128754372517
1790	4.778128754372517
1791	4.778128754372517
1792	4.780334062324763
1793	4.780334062324763
1794	4.780334062324763
1795	2.019075801971738
1796	2.019075801971738
1797	2.019075801971738
1798	4.9273780719544815
1799	4.9273780719544815
1800	4.9273780719544815
1801	3.7941868587858587
1802	3.7941868587858587
1803	3.7941868587858587
1804	5.694370963509957
1805	5.694370963509957
1806	5.694370963509957
1807	0.45494210925352574
1808	0.45494210925352574
1809	0.45494210925352574
1810	0.31533158295573255
1811	0.31533158295573255
1812	0.31533158295573255
1813	0.9252053630217695
1814	0.9252053630217695
1815	0.9252053630217695
1816	0.2077712970053499
1817	0.2077712970053499
1818	0.2077712970053499
1819	0.8914268612570595
1820	0.8914268612570595
1821	0.8914268612570595
1822	0.2306102839618458
1823	0.2306102839618458
1824	0.2306102839618458
1825	0.7725129732807853
1826	0.7725129732807853
1827	0.7725129732807853
1828	0.491821200040927
1829	0.491821200040927
1830	0.491821200040927
1831	0.8534858749068363
1832	0.8477849431472886
1833	0.8477849431472886
1834	0.8477849431472886
1835	2.4161269545890742
1836	2.4161269545890742
1837	2.4161269545890742
1838	2.6885528059913613
1839	2.6885528059913613
1840	2.6885528059913613
1841	1.1828784688558038
1842	1.1828784688558038
1843	1.1828784688558038
1844	2.7577890978572963
1845	2.7577890978572963
1846	6.805544564817959
1847	6.805544564817959
1848	6.805544564817959
1849	1.6632143947584108
1850	1.6632143947584108
1851	1.6632143947584108
1852	1.1998674372747562
1853	1.1998674372747562
1854	1.1998674372747562
1855	0.36299013208080255
1856	0.36299013208080255
1857	0.36299013208080255
1858	1.1474019375127344
1859	1.1474019375127344
1860	1.1474019375127344
1861	0.4926522204916275
1862	0.4926522204916275
1863	0.4926522204916275
1864	1.103903991663247
1865	1.103903991663247
1866	2.0179746065585
1867	2.0179746065585
1868	2.0179746065585
1869	1.8284705304531166
1870	1.8284705304531166
1871	1.8056101425037134
1872	1.8056101425037134
1873	1.8056101425037134
1874	1.9442936221249365
1875	1.9442936221249365
1876	1.9442936221249365
1877	0.5952188677240159
1878	0.5952188677240159
1879	0.5952188677240159
1880	2.88720908741746
1881	2.88720908741746
1882	2.88720908741746
1883	2.996085354730871
1884	0.1
1885	0.1
1886	0.1
1887	0.9288619657637024
1888	0.9288619657637024
1889	1.2291927829142233
1890	1.2291927829142233
1891	1.2291927829142233
1892	3.1181338040890525
1893	3.1181338040890525
1894	3.1181338040890525
1895	2.642981485246571
1896	2.642981485246571
1897	2.642981485246571
1898	4.288743872988192
1899	4.288743872988192
1900	4.288743872988192
1901	3.410527181801773
1902	3.410527181801773
1903	3.410527181801773
1904	2.1611299897723706
1905	2.1611299897723706
1906	2.1611299897723706
1907	5.4633288963944375
1908	5.4633288963944375
1909	5.4633288963944375
1910	3.085299681417541
1911	3.085299681417541
1912	3.085299681417541
1913	2.076748399319089
1914	2.076748399319089
1915	2.076748399319089
1916	2.997888380972993
1917	2.997888380972993
1918	2.997888380972993
1919	1.6911919089661966
1920	1.6911919089661966
1921	1.6911919089661966
1922	1.8861589096541005
1923	1.8861589096541005
1924	1.8861589096541005
1925	0.9053416852309849
1926	0.9053416852309849
1927	0.9053416852309849
1928	0.5522764974916186
1929	0.5522764974916186
1930	0.5522764974916186
1931	2.1972042156941054
1932	2.1972042156941054
1933	2.1972042156941054
1934	1.4339780774898352
1935	1.4339780774898352
1936	1.4339780774898352
1937	2.5264667427875787
1938	2.5264667427875787
1939	2.5264667427875787
1940	2.0043165375878154
1941	2.0043165375878154
1942	2.0043165375878154
1943	1.0612910516988188
1944	1.0612910516988188
1945	1.0612910516988188
1946	0.9988891195940164
1947	0.9988891195940164
1948	0.9988891195940164
1949	0.28094130635189063
1950	0.28094130635189063
1951	0.28094130635189063
1952	1.4781041072141674
1953	2.4263752241017404
1954	2.4263752241017404
1955	1.4114247574578824
1956	6.439320856777755
1957	6.439320856777755
1958	6.439320856777755
1959	5.274613952711407
1960	5.274613952711407
1961	5.274613952711407
1962	3.971304409637752
1963	3.971304409637752
1964	3.971304409637752
1965	5.662851551718391
1966	5.662851551718391
1967	5.662851551718391
1968	1.8279932180426737
1969	1.8279932180426737
1970	1.8279932180426737
1971	2.953062686200594
1972	2.953062686200594
1973	2.953062686200594
1974	2.317333643157452
1975	2.317333643157452
1976	2.317333643157452
1977	5.0688257805527
1978	5.0688257805527
1979	5.0688257805527
1980	4.224060881210923
1981	4.224060881210923
1982	4.224060881210923
1983	3.3426540548443935
1984	3.3426540548443935
1985	3.3426540548443935
1986	3.9520448706390594
1987	3.9520448706390594
1988	3.9520448706390594
1989	1.7101139997348689
1990	1.7101139997348689
1991	1.7101139997348689
1992	3.763855320399215
1993	3.763855320399215
1994	3.763855320399215
1995	3.107955499711443
1996	3.107955499711443
1997	3.107955499711443
1998	1.4642193257643923
1999	1.4642193257643923
