0	0.7308022747963343
1	0.7308022747963343
2	0.7308022747963343
3	0.2926762142356293
4	0.2926762142356293
5	0.2926762142356293
6	0.38722527781984434
7	0.38722527781984434
8	0.38722527781984434
9	0.5490944348647123
10	0.5490944348647123
11	0.5490944348647123
12	0.4418202281066663
13	0.4418202281066663
14	0.4418202281066663
15	0.5037960309802563
16	0.5037960309802563
17	0.5037960309802563
18	0.8890336185333246
19	0.8890336185333246
20	0.8890336185333246
21	0.6471881691636379
22	0.5592868760364145
23	0.5592868760364145
24	0.5592868760364145
25	1.7647444509825365
26	1.7647444509825365
27	1.7647444509825365
28	2.062834569239343
29	2.062834569239343
30	2.062834569239343
31	0.9211510245150446
32	0.9211510245150446
33	0.9211510245150446
34	1.0048056711290247
35	1.0048056711290247
36	1.0048056711290247
37	2.1213289910309445
38	2.1213289910309445
39	2.1213289910309445
40	1.1560603550531638
41	1.1560603550531638
42	1.1560603550531638
43	1.632989678752046
44	1.632989678752046
45	1.632989678752046
46	0.8884308330281211
47	0.8884308330281211
48	0.8884308330281211
49	2.034246016446188
50	2.034246016446188
51	2.034246016446188
52	2.917849163593607
53	2.917849163593607
54	2.917849163593607
55	1.9789834681764598
56	4.65095815523962
57	4.65095815523962
58	4.65095815523962
59	1.9060775975321125
60	1.9060775975321125
61	1.9060775975321125
62	1.902594067876279
63	1.902594067876279
64	1.902594067876279
65	4.188382253859193
66	4.188382253859193
67	4.188382253859193
68	3.1923250376897863
69	3.1923250376897863
70	3.1923250376897863
71	0.7057140400774835
72	0.7057140400774835
73	0.7057140400774835
74	4.896328951987375
75	4.896328951987375
76	4.896328951987375
77	4.638489298708793
78	4.638489298708793
79	4.638489298708793
80	3.261583145800799
81	3.261583145800799
82	3.261583145800799
83	5.118815286907015
84	5.118815286907015
85	5.118815286907015
86	6.8120520268876845
87	6.8120520268876845
88	6.8120520268876845
89	4.114310018834103
90	4.114310018834103
91	4.114310018834103
92	5.3799839476662275
93	5.3799839476662275
94	5.3799839476662275
95	2.8226270333941588
96	2.8226270333941588
97	6.6490332649388595
98	6.6490332649388595
99	6.6490332649388595
100	6.040644397648055
101	6.040644397648055
102	6.040644397648055
103	3.301329896855533
104	3.301329896855533
105	3.301329896855533
106	2.73060461664621
107	2.73060461664621
108	2.73060461664621
109	3.843558493544636
110	3.843558493544636
111	3.843558493544636
112	2.564732466404251
113	2.564732466404251
114	2.564732466404251
115	4.914356309961053
116	4.914356309961053
117	1.9317551611095176
118	1.9317551611095176
119	1.9317551611095176
120	1.379373949025467
121	1.379373949025467
122	1.379373949025467
123	0.7381837098713887
124	0.7381837098713887
125	0.7381837098713887
126	1.3097783774522533
127	1.3097783774522533
128	1.3097783774522533
129	2.2396396125361795
130	2.2396396125361795
131	2.2396396125361795
132	0.6715350966147938
133	0.6715350966147938
134	0.6715350966147938
135	1.208950556847908
136	1.208950556847908
137	1.208950556847908
138	1.2853013780532188
139	1.2853013780532188
140	1.2853013780532188
141	1.5167703651287512
142	1.5167703651287512
143	1.5167703651287512
144	3.0727050962090443
145	3.0727050962090443
146	3.0727050962090443
147	0.9553949933494859
148	0.9553949933494859
149	0.9553949933494859
150	3.852573297313858
151	3.852573297313858
152	3.852573297313858
153	0.44737636648110524
154	0.44737636648110524
155	0.44737636648110524
156	4.312084867977018
157	4.312084867977018
158	4.312084867977018
159	4.7332586837111865
160	4.7332586837111865
161	4.7332586837111865
162	4.609386353917634
163	4.609386353917634
164	4.609386353917634
165	3.6701931700944357
166	3.6701931700944357
167	2.1015924815585048
168	2.1015924815585048
169	2.1015924815585048
170	2.307929304250309
171	2.307929304250309
172	2.307929304250309
173	0.8901693528313291
174	0.8901693528313291
175	0.8901693528313291
176	1.7113435560355408
177	1.7113435560355408
178	1.7113435560355408
179	0.1
180	0.1
181	0.1
182	0.3496819872914174
183	0.3496819872914174
184	0.24833759565716035
185	0.24833759565716035
186	0.24833759565716035
187	0.2600942238940943
188	0.2600942238940943
189	0.2600942238940943
190	0.9767008098183221
191	0.9767008098183221
192	0.9767008098183221
193	0.883274502365439
194	0.883274502365439
195	0.883274502365439
196	0.69494663025563
197	0.69494663025563
198	0.69494663025563
199	1.0134115931893346
200	1.0134115931893346
201	1.0134115931893346
202	1.0177250307194092
203	1.0177250307194092
204	1.0177250307194092
205	2.1895597307029995
206	2.1895597307029995
207	2.1895597307029995
208	1.8106356178670153
209	1.8106356178670153
210	1.8106356178670153
211	0.7975742060103259
212	0.7975742060103259
213	0.7975742060103259
214	1.3517081951896273
215	1.3517081951896273
216	1.3517081951896273
217	1.3053904642203897
218	1.3053904642203897
219	1.3053904642203897
220	2.151412887445118
221	2.151412887445118
222	2.151412887445118
223	1.3301563780306382
224	1.3301563780306382
225	1.3301563780306382
226	1.2554759262677222
227	1.2554759262677222
228	1.2554759262677222
229	1.0906417602742442
230	1.0906417602742442
231	1.0906417602742442
232	0.11720592558585707
233	0.11720592558585707
234	0.11720592558585707
235	2.2029642765808757
236	2.2029642765808757
237	2.2029642765808757
238	3.2011081402967765
239	3.7218781486947066
240	3.7218781486947066
241	3.7218781486947066
242	4.655328183112493
243	4.655328183112493
244	4.655328183112493
245	2.429825110949146
246	2.429825110949146
247	2.429825110949146
248	3.500906910920198
249	0.23314804612879342
250	0.23314804612879342
251	0.23314804612879342
252	0.7228227417525289
253	0.7228227417525289
254	0.7228227417525289
255	1.0431675734974997
256	1.0431675734974997
257	4.8189565807913315
258	4.8189565807913315
259	4.8189565807913315
260	3.5015642887039373
261	2.0477705998607916
262	2.0477705998607916
263	2.0477705998607916
264	1.0828760942861568
265	1.0828760942861568
266	1.0828760942861568
267	0.4987842218437095
268	0.4987842218437095
269	0.4987842218437095
270	1.4168603782026816
271	1.4168603782026816
272	1.4168603782026816
273	1.9961666857847518
274	1.1692504413082596
275	1.1692504413082596
276	1.1692504413082596
277	2.5555703029041146
278	2.5555703029041146
279	2.5555703029041146
280	1.2528197875291434
281	1.2528197875291434
282	1.2528197875291434
283	0.2625946350988069
284	0.2625946350988069
285	0.2625946350988069
286	4.761794788640212
287	4.761794788640212
288	4.761794788640212
289	0.970832716937776
290	0.970832716937776
291	0.970832716937776
292	7.556538877578111
293	7.556538877578111
294	7.556538877578111
295	2.803584932713941
296	2.803584932713941
297	2.803584932713941
298	1.8932675670580112
299	1.8932675670580112
300	1.8932675670580112
301	3.312938992967554
302	6.286176684693075
303	6.286176684693075
304	6.286176684693075
305	2.446012997277682
306	2.446012997277682
307	2.446012997277682
308	2.585820460031999
309	2.585820460031999
310	2.585820460031999
311	0.4825172509589958
312	0.4825172509589958
313	0.4825172509589958
314	1.0426796461748629
315	1.0426796461748629
316	1.0426796461748629
317	0.7944514824542168
318	0.7944514824542168
319	0.7944514824542168
320	5.337147064384154
321	5.337147064384154
322	5.337147064384154
323	3.8564509407823038
324	3.8564509407823038
325	3.8564509407823038
326	4.769681436198602
327	4.769681436198602
328	4.769681436198602
329	4.74349428921238
330	4.74349428921238
331	4.74349428921238
332	3.395692620360476
333	3.395692620360476
334	0.5073695195942245
335	0.5073695195942245
336	0.5073695195942245
337	2.4400084728062827
338	2.4400084728062827
339	2.4400084728062827
340	0.697412123021364
341	0.697412123021364
342	0.697412123021364
343	1.1615197356853124
344	1.1615197356853124
345	1.1615197356853124
346	0.3714259336712513
347	0.3714259336712513
348	0.3714259336712513
349	0.5199783333343089
350	0.5199783333343089
351	0.118265589642784
352	0.118265589642784
353	0.118265589642784
354	5.814136712238133
355	5.814136712238133
356	5.814136712238133
357	3.4665239362147457
358	3.4665239362147457
359	3.4665239362147457
360	5.459773845676022
361	0.9930410088179522
362	0.9930410088179522
363	0.9930410088179522
364	1.2489365561473347
365	2.552071407647855
366	2.552071407647855
367	2.552071407647855
368	3.927423635810098
369	3.927423635810098
370	3.927423635810098
371	2.9448852292269545
372	2.9448852292269545
373	2.9448852292269545
374	2.416641625511407
375	2.416641625511407
376	2.416641625511407
377	0.51112983600064
378	0.51112983600064
379	0.51112983600064
380	3.3958627513990463
381	3.3958627513990463
382	3.3958627513990463
383	1.9694129353366243
384	1.9694129353366243
385	1.9694129353366243
386	2.972643950793038
387	2.972643950793038
388	2.972643950793038
389	1.6492210758262
390	1.6492210758262
391	0.311783368545049
392	4.2099088140404115
393	4.2099088140404115
394	4.2099088140404115
395	3.2182814498798096
396	4.382117382222016
397	4.382117382222016
398	4.382117382222016
399	4.176670706635055
400	4.176670706635055
401	4.176670706635055
402	3.359358864780278
403	3.359358864780278
404	3.359358864780278
405	4.736283535205184
406	4.736283535205184
407	4.736283535205184
408	5.176081500320233
409	5.176081500320233
410	5.176081500320233
411	1.6640132907539726
412	1.6640132907539726
413	1.6640132907539726
414	2.943646642540646
415	2.943646642540646
416	2.943646642540646
417	3.190405748352926
418	3.190405748352926
419	3.190405748352926
420	2.7307903236714908
421	2.7307903236714908
422	2.7307903236714908
423	0.6076739838046445
424	0.6076739838046445
425	0.6076739838046445
426	0.8216560783215603
427	0.8216560783215603
428	0.8216560783215603
429	3.4425067237365523
430	3.4425067237365523
431	3.4425067237365523
432	3.949213378362541
433	3.949213378362541
434	3.949213378362541
435	0.6421580191744725
436	0.6421580191744725
437	0.6421580191744725
438	2.0238549481614707
439	2.0238549481614707
440	2.0238549481614707
441	5.686944786128815
442	5.686944786128815
443	5.686944786128815
444	1.4080873531714067
445	1.4080873531714067
446	1.4080873531714067
447	1.604940679518338
448	1.604940679518338
449	1.604940679518338
450	2.6106476049069247
451	2.6106476049069247
452	2.6106476049069247
453	2.5192635980227904
454	2.5192635980227904
455	2.5192635980227904
456	4.077589056673167
457	4.077589056673167
458	4.077589056673167
459	3.3130685013321943
460	3.3130685013321943
461	3.3130685013321943
462	4.3185847996552935
463	4.3185847996552935
464	4.3185847996552935
465	2.3650862987673347
466	2.3650862987673347
467	2.3650862987673347
468	4.709118512431496
469	4.709118512431496
470	4.709118512431496
471	2.509803919959628
472	2.509803919959628
473	2.509803919959628
474	3.9093670343364724
475	3.9093670343364724
476	3.9093670343364724
477	2.925133970096039
478	2.925133970096039
479	2.925133970096039
480	5.452928934773521
481	5.452928934773521
482	5.452928934773521
483	0.7702881870305895
484	0.7702881870305895
485	0.7702881870305895
486	4.558122354289647
487	4.558122354289647
488	4.558122354289647
489	4.155005157220744
490	4.155005157220744
491	4.155005157220744
492	6.542650973531831
493	6.542650973531831
494	6.542650973531831
495	3.1106074589389907
496	3.1106074589389907
497	3.1106074589389907
498	4.446766611901564
499	4.446766611901564
500	4.446766611901564
501	1.260922520289367
502	1.260922520289367
503	1.260922520289367
504	2.9501250057869783
505	0.2154334989785471
506	0.2154334989785471
507	0.2154334989785471
508	0.1
509	0.1
510	0.1
511	0.1
512	0.1
513	0.1
514	0.1
515	0.1
516	0.1
517	0.2869886421310741
518	0.2869886421310741
519	0.2869886421310741
520	0.1
521	2.4801362430480003
522	2.4801362430480003
523	2.4801362430480003
524	3.083178434030346
525	0.7028266341019127
526	0.9613080214436176
527	0.9613080214436176
528	0.9613080214436176
529	1.3959095893962161
530	2.4478455663728926
531	2.4478455663728926
532	2.4478455663728926
533	4.4100248397019985
534	4.4100248397019985
535	4.4100248397019985
536	2.8543471366765916
537	2.8543471366765916
538	2.8543471366765916
539	3.2754573842180217
540	2.8781958728035573
541	2.8781958728035573
542	2.8781958728035573
543	0.2445730284923604
544	0.2445730284923604
545	0.2445730284923604
546	0.6399879756955287
547	0.6399879756955287
548	0.6399879756955287
549	1.3947118663749667
550	1.3947118663749667
551	1.3947118663749667
552	1.121145616160387
553	1.121145616160387
554	1.121145616160387
555	0.5897091366286955
556	0.5897091366286955
557	0.5897091366286955
558	1.0534566820734135
559	1.0534566820734135
560	1.0534566820734135
561	1.2262498725352062
562	1.2262498725352062
563	1.2262498725352062
564	1.9575829113948018
565	1.9575829113948018
566	1.9575829113948018
567	1.6002162093195547
568	1.6002162093195547
569	1.6002162093195547
570	1.121675476954796
571	3.7845245349295866
572	3.7845245349295866
573	3.7845245349295866
574	0.1
575	0.1
576	0.1
577	3.155575664445437
578	3.155575664445437
579	3.155575664445437
580	2.054353219202551
581	2.054353219202551
582	2.054353219202551
583	3.9493755322858215
584	3.9493755322858215
585	3.9493755322858215
586	3.1099995860363743
587	3.1099995860363743
588	0.9754228970461196
589	0.9754228970461196
590	0.9754228970461196
591	1.0176865381306317
592	1.0176865381306317
593	1.0176865381306317
594	0.7805641419214745
595	0.7805641419214745
596	0.7805641419214745
597	0.6947579147491167
598	0.6947579147491167
599	2.5608748525500964
600	2.5608748525500964
601	2.5608748525500964
602	4.275254192342977
603	4.275254192342977
604	4.275254192342977
605	3.3179936932472796
606	3.3179936932472796
607	3.3179936932472796
608	2.519601706586453
609	2.519601706586453
610	2.519601706586453
611	4.74283390529027
612	4.74283390529027
613	4.74283390529027
614	3.923426866008192
615	3.923426866008192
616	3.923426866008192
617	1.0309946160622423
618	1.0309946160622423
619	0.8648415105139714
620	0.8648415105139714
621	0.8648415105139714
622	0.9987820465849168
623	0.9987820465849168
624	0.9987820465849168
625	0.668912719079509
626	3.1322130458551896
627	2.6351032639608984
628	2.6351032639608984
629	2.6351032639608984
630	1.587799147362789
631	1.587799147362789
632	1.587799147362789
633	2.9547776428954844
634	2.9547776428954844
635	2.9547776428954844
636	2.044256473359824
637	2.044256473359824
638	2.044256473359824
639	2.24388211928108
640	2.24388211928108
641	2.24388211928108
642	2.474616253737213
643	2.474616253737213
644	2.474616253737213
645	0.44384277640545533
646	0.44384277640545533
647	0.44384277640545533
648	2.542921068518895
649	2.542921068518895
650	2.542921068518895
651	2.209725072481058
652	2.209725072481058
653	1.5348959836276965
654	1.5348959836276965
655	1.5348959836276965
656	2.0613215466074166
657	2.0613215466074166
658	2.0613215466074166
659	3.611800429308404
660	3.611800429308404
661	3.611800429308404
662	2.7969468126295984
663	2.7969468126295984
664	2.7969468126295984
665	3.72777725809034
666	3.72777725809034
667	0.9685572677294696
668	0.9685572677294696
669	0.9685572677294696
670	0.6667961591218328
671	0.6667961591218328
672	0.6667961591218328
673	0.913242131121532
674	0.913242131121532
675	0.913242131121532
676	0.6335730251197121
677	0.6335730251197121
678	0.6335730251197121
679	0.5922065845813833
680	0.5922065845813833
681	0.5922065845813833
682	1.1703039256201513
683	1.1703039256201513
684	1.1703039256201513
685	0.4544113685643816
686	0.4544113685643816
687	0.4544113685643816
688	1.199762208480363
689	1.199762208480363
690	1.199762208480363
691	0.6903315805670194
692	0.6903315805670194
693	0.6903315805670194
694	1.0492596056783339
695	1.0492596056783339
696	1.0492596056783339
697	2.6367182960329076
698	2.6367182960329076
699	2.6367182960329076
700	1.705182246659153
701	1.705182246659153
702	1.705182246659153
703	1.2708466059542185
704	1.2708466059542185
705	1.2708466059542185
706	1.0576232631596718
707	1.0576232631596718
708	1.0576232631596718
709	1.8924645535492712
710	1.8924645535492712
711	1.8924645535492712
712	3.0359911822961188
713	3.0359911822961188
714	3.0359911822961188
715	2.437141276541408
716	2.437141276541408
717	2.437141276541408
718	2.0419943742829987
719	2.0419943742829987
720	2.0419943742829987
721	1.3911268625027802
722	1.3911268625027802
723	1.3911268625027802
724	3.4487156416965976
725	3.4487156416965976
726	3.4487156416965976
727	2.993050303837868
728	2.993050303837868
729	2.993050303837868
730	0.9300314090704618
731	0.9300314090704618
732	0.9300314090704618
733	0.94416879742052
734	0.94416879742052
735	0.94416879742052
736	0.8369205074023536
737	0.8369205074023536
738	0.8369205074023536
739	2.77801882187403
740	2.77801882187403
741	2.77801882187403
742	1.6337265069115459
743	1.6337265069115459
744	1.6337265069115459
745	2.514214410463669
746	2.514214410463669
747	2.514214410463669
748	1.324477041319124
749	1.324477041319124
750	1.324477041319124
751	3.2166008171473015
752	3.2166008171473015
753	3.2166008171473015
754	4.174703201102744
755	4.174703201102744
756	4.174703201102744
757	1.3962997860235706
758	1.3962997860235706
759	1.3962997860235706
760	2.6189258756078573
761	2.6189258756078573
762	2.6189258756078573
763	0.4637215517568136
764	3.4392529570327737
765	3.4392529570327737
766	3.4392529570327737
767	1.9920072543608733
768	1.9920072543608733
769	1.9920072543608733
770	3.2501602677948402
771	3.2501602677948402
772	3.2501602677948402
773	3.709460332982855
774	3.709460332982855
775	3.709460332982855
776	3.219888428546164
777	3.219888428546164
778	3.219888428546164
779	1.2211581878707687
780	1.6986409879138133
781	1.6986409879138133
782	1.6986409879138133
783	2.546717599881888
784	2.546717599881888
785	5.122737816327258
786	2.994743245105728
787	2.994743245105728
788	2.994743245105728
789	2.091744773357969
790	2.091744773357969
791	2.091744773357969
792	0.5202811543415398
793	0.5202811543415398
794	0.5202811543415398
795	5.514204492204277
796	5.514204492204277
797	5.514204492204277
798	1.1519881272361805
799	1.1519881272361805
800	1.1519881272361805
801	2.5025000107721005
802	2.5025000107721005
803	2.5025000107721005
804	0.7170569248351071
805	0.7170569248351071
806	0.7170569248351071
807	0.6128983177052534
808	0.6128983177052534
809	0.6128983177052534
810	0.47212115474691296
811	0.47212115474691296
812	2.242764744610387
813	2.242764744610387
814	2.242764744610387
815	1.5402483087347951
816	1.5402483087347951
817	1.5402483087347951
818	0.5313404583218535
819	0.5313404583218535
820	0.5313404583218535
821	4.173681340920118
822	4.173681340920118
823	4.173681340920118
824	3.0864601149156106
825	3.0864601149156106
826	3.0864601149156106
827	0.1
828	0.1
829	2.9730046205823184
830	2.9730046205823184
831	2.9730046205823184
832	3.2791959654187073
833	3.2791959654187073
834	3.2791959654187073
835	7.35769050845499
836	7.35769050845499
837	7.35769050845499
838	3.670511110215268
839	3.670511110215268
840	3.670511110215268
841	1.867984831761634
842	1.867984831761634
843	1.867984831761634
844	1.6128010852086199
845	1.6128010852086199
846	1.6128010852086199
847	3.528170419328722
848	3.528170419328722
849	3.528170419328722
850	2.568329334579947
851	2.568329334579947
852	2.568329334579947
853	0.1
854	0.1
855	0.1
856	2.4670443961738537
857	2.4670443961738537
858	2.4670443961738537
859	1.7241746790964492
860	1.7241746790964492
861	1.7241746790964492
862	1.0089253194011092
863	1.0089253194011092
864	1.847604906510118
865	1.847604906510118
866	1.847604906510118
867	2.0417622514921185
868	2.0417622514921185
869	2.0417622514921185
870	2.2138062549168858
871	2.2138062549168858
872	2.2138062549168858
873	3.1406397416792555
874	3.1406397416792555
875	3.1406397416792555
876	3.6465200902458808
877	3.6465200902458808
878	3.6465200902458808
879	4.257521261357788
880	4.257521261357788
881	4.257521261357788
882	3.5031465707273837
883	3.5031465707273837
884	3.5031465707273837
885	2.8059366483559627
886	2.8059366483559627
887	2.8059366483559627
888	4.927954584956045
889	4.927954584956045
890	4.927954584956045
891	1.5650816588862906
892	1.5650816588862906
893	1.5650816588862906
894	0.19935707978752504
895	0.19935707978752504
896	0.19935707978752504
897	6.767645781671158
898	6.767645781671158
899	6.767645781671158
900	1.3436516513715495
901	3.2434763328488576
902	3.2434763328488576
903	3.2434763328488576
904	1.9415525682757242
905	4.086861822626607
906	4.086861822626607
907	4.086861822626607
908	3.170313747921978
909	2.139211390846991
910	2.139211390846991
911	2.139211390846991
912	0.3124231393135062
913	0.3124231393135062
914	0.3124231393135062
915	2.0246753124662726
916	2.0246753124662726
917	2.0246753124662726
918	2.8402102744016253
919	2.8402102744016253
920	2.8402102744016253
921	1.5818668142844268
922	1.5818668142844268
923	1.5818668142844268
924	1.6856044048034744
925	1.6856044048034744
926	1.6856044048034744
927	0.6429402541487643
928	2.387408866222159
929	2.387408866222159
930	2.387408866222159
931	1.2588087705456334
932	1.2588087705456334
933	1.2588087705456334
934	3.2596302051574924
935	3.2596302051574924
936	3.2596302051574924
937	2.283981226572817
938	2.283981226572817
939	2.283981226572817
940	2.9540884158973655
941	2.9540884158973655
942	2.9540884158973655
943	2.0218183598077375
944	2.0218183598077375
945	2.0218183598077375
946	2.38496406628714
947	2.38496406628714
948	2.38496406628714
949	1.6100231551388062
950	1.6100231551388062
951	1.6100231551388062
952	1.283579732151761
953	1.283579732151761
954	1.283579732151761
955	1.187789969344566
956	1.187789969344566
957	1.187789969344566
958	2.547152494996293
959	2.547152494996293
960	3.066293153581229
961	3.066293153581229
962	3.066293153581229
963	1.7889121198780797
964	1.7889121198780797
965	1.7889121198780797
966	0.1902956171604897
967	0.1902956171604897
968	0.1902956171604897
969	5.91600298579089
970	5.91600298579089
971	5.91600298579089
972	3.5535256910768562
973	3.5535256910768562
974	3.5535256910768562
975	4.621995512881451
976	4.621995512881451
977	4.621995512881451
978	2.974695341836635
979	2.974695341836635
980	2.974695341836635
981	5.541077900332585
982	5.541077900332585
983	5.541077900332585
984	1.5493100238354063
985	1.5493100238354063
986	1.5493100238354063
987	3.251925964037592
988	3.251925964037592
989	3.251925964037592
990	3.673766093422351
991	3.673766093422351
992	3.673766093422351
993	1.8907841384507906
994	1.8907841384507906
995	1.8907841384507906
996	2.9363161148932937
997	2.9363161148932937
998	0.6029922012506267
999	0.6029922012506267
1000	0.6029922012506267
1001	1.3955484542178394
1002	2.963967998358509
1003	2.963967998358509
1004	2.963967998358509
1005	3.1207358410566135
1006	3.1207358410566135
1007	3.1207358410566135
1008	5.44505759619394
1009	5.44505759619394
1010	5.44505759619394
1011	2.013373390860333
1012	2.013373390860333
1013	2.013373390860333
1014	1.5503904097572263
1015	1.5503904097572263
1016	1.5503904097572263
1017	4.011892001121024
1018	4.011892001121024
1019	4.011892001121024
1020	2.1206380776026093
1021	2.1206380776026093
1022	1.3460555040064741
1023	1.3460555040064741
1024	1.3460555040064741
1025	1.1651409372422459
1026	1.1651409372422459
1027	1.1651409372422459
1028	0.5117673731917514
1029	0.5117673731917514
1030	0.5117673731917514
1031	1.3044576439636058
1032	1.3044576439636058
1033	1.3044576439636058
1034	2.5318507975109763
1035	2.5318507975109763
1036	2.5318507975109763
1037	3.3758528318139764
1038	3.3758528318139764
1039	3.3758528318139764
1040	4.921854726896014
1041	4.921854726896014
1042	4.921854726896014
1043	2.5067306672485605
1044	2.5067306672485605
1045	2.5067306672485605
1046	5.155452628499211
1047	5.155452628499211
1048	5.155452628499211
1049	2.39575856047119
1050	2.39575856047119
1051	2.39575856047119
1052	3.3260745783618413
1053	3.3260745783618413
1054	3.3260745783618413
1055	2.91722111946471
1056	2.91722111946471
1057	2.91722111946471
1058	2.163569262769789
1059	2.163569262769789
1060	2.163569262769789
1061	3.0790228068888545
1062	3.0790228068888545
1063	3.0790228068888545
1064	4.198539717904475
1065	4.198539717904475
1066	4.198539717904475
1067	1.324441103609454
1068	1.324441103609454
1069	1.324441103609454
1070	1.4152569272379156
1071	1.4152569272379156
1072	1.4152569272379156
1073	3.5019835175501086
1074	3.5019835175501086
1075	3.5019835175501086
1076	3.009253959013158
1077	3.009253959013158
1078	3.009253959013158
1079	0.1
1080	0.1
1081	0.1
1082	1.7088815603294205
1083	1.7088815603294205
1084	1.7088815603294205
1085	0.8668291157432467
1086	0.8668291157432467
1087	0.8668291157432467
1088	1.0236861734591418
1089	1.0236861734591418
1090	1.0236861734591418
1091	2.0929390806255177
1092	2.0929390806255177
1093	2.0929390806255177
1094	3.739305527854139
1095	3.739305527854139
1096	3.739305527854139
1097	3.090537803494157
1098	3.090537803494157
1099	3.090537803494157
1100	0.17998676094737842
1101	0.17998676094737842
1102	0.17998676094737842
1103	0.23378789740456218
1104	0.23378789740456218
1105	0.23378789740456218
1106	0.3379448862120781
1107	0.3379448862120781
1108	0.3379448862120781
1109	0.13892192554076044
1110	0.13892192554076044
1111	0.13892192554076044
1112	0.2500853811762915
1113	0.2500853811762915
1114	0.2500853811762915
1115	0.14394120942485955
1116	0.14394120942485955
1117	0.14394120942485955
1118	0.2004091582020807
1119	0.2004091582020807
1120	0.2004091582020807
1121	0.17743597989370635
1122	0.17743597989370635
1123	3.1549865032660835
1124	0.7469675066385385
1125	0.7469675066385385
1126	0.7469675066385385
1127	1.7394217719386096
1128	1.7394217719386096
1129	1.7394217719386096
1130	1.8799034667317405
1131	1.8799034667317405
1132	1.8799034667317405
1133	2.658138931068847
1134	2.658138931068847
1135	2.658138931068847
1136	1.2537440330065581
1137	1.2537440330065581
1138	1.2537440330065581
1139	0.9173079383929189
1140	0.9173079383929189
1141	0.9173079383929189
1142	0.5531792774764768
1143	0.5531792774764768
1144	0.5531792774764768
1145	0.1
1146	0.1
1147	0.1
1148	0.9330693778785832
1149	0.9330693778785832
1150	0.9330693778785832
1151	1.290565469624039
1152	1.290565469624039
1153	1.290565469624039
1154	2.218750383589098
1155	2.218750383589098
1156	2.218750383589098
1157	5.27240162781181
1158	5.27240162781181
1159	5.27240162781181
1160	3.184735684979593
1161	3.184735684979593
1162	3.184735684979593
1163	4.943098154809329
1164	4.943098154809329
1165	4.943098154809329
1166	2.9155019954090102
1167	2.9155019954090102
1168	2.9155019954090102
1169	4.359726305166334
1170	4.359726305166334
1171	4.359726305166334
1172	3.419579558491825
1173	3.419579558491825
1174	3.419579558491825
1175	4.3053545664223565
1176	4.3053545664223565
1177	1.1308412732367514
1178	1.1308412732367514
1179	0.32622174449685104
1180	0.32622174449685104
1181	0.32622174449685104
1182	0.24980470712509428
1183	0.24980470712509428
1184	0.24980470712509428
1185	0.1966387439121077
1186	0.1966387439121077
1187	0.1966387439121077
1188	0.2612161455043064
1189	0.2612161455043064
1190	0.2612161455043064
1191	0.10697073725887549
1192	0.10697073725887549
1193	0.10697073725887549
1194	0.2793058089688291
1195	0.2793058089688291
1196	0.2793058089688291
1197	0.2461657689794875
1198	0.2461657689794875
1199	0.2461657689794875
1200	0.24822715208921925
1201	0.24822715208921925
1202	0.24822715208921925
1203	0.3853722348484796
1204	0.3853722348484796
1205	0.3853722348484796
1206	0.23504516220498797
1207	2.662769649654156
1208	2.662769649654156
1209	2.662769649654156
1210	3.5496839710441477
1211	0.17987615764383813
1212	0.6560847306388322
1213	0.6560847306388322
1214	4.873339507235566
1215	4.873339507235566
1216	4.873339507235566
1217	1.0529846449772107
1218	1.0529846449772107
1219	1.0529846449772107
1220	2.125135955480582
1221	2.125135955480582
1222	2.125135955480582
1223	4.319984292349607
1224	4.319984292349607
1225	4.319984292349607
1226	4.581344796333362
1227	4.581344796333362
1228	4.581344796333362
1229	2.8282359148676597
1230	2.8282359148676597
1231	2.8282359148676597
1232	4.042298333893727
1233	4.042298333893727
1234	4.042298333893727
1235	2.9047786018622266
1236	7.878506346692867
1237	7.878506346692867
1238	7.878506346692867
1239	10.115170192350547
1240	10.115170192350547
1241	10.115170192350547
1242	2.377080380176867
1243	2.377080380176867
1244	2.377080380176867
1245	4.091477630017873
1246	4.091477630017873
1247	4.091477630017873
1248	2.591224291392841
1249	1.9171499710601712
1250	1.9171499710601712
1251	1.9171499710601712
1252	3.894247244205034
1253	3.894247244205034
1254	3.894247244205034
1255	2.568292047356917
1256	2.568292047356917
1257	2.568292047356917
1258	2.096951326041125
1259	4.250494033498041
1260	4.250494033498041
1261	4.250494033498041
1262	3.1105496961009025
1263	3.1105496961009025
1264	3.1105496961009025
1265	6.6531522092769375
1266	6.6531522092769375
1267	6.6531522092769375
1268	8.627740986647783
1269	8.627740986647783
1270	8.627740986647783
1271	5.190478366259505
1272	5.190478366259505
1273	5.190478366259505
1274	4.978728562091748
1275	4.978728562091748
1276	1.28669785131248
1277	1.28669785131248
1278	4.566304882353616
1279	4.566304882353616
1280	4.566304882353616
1281	2.056956226144475
1282	2.056956226144475
1283	2.056956226144475
1284	0.4955865872754692
1285	0.4955865872754692
1286	0.4955865872754692
1287	0.4857832882490564
1288	0.4857832882490564
1289	0.4857832882490564
1290	0.8290766540779999
1291	0.8290766540779999
1292	0.8290766540779999
1293	0.9365050502794063
1294	0.9365050502794063
1295	3.506244994547778
1296	3.506244994547778
1297	3.506244994547778
1298	2.6253234292968894
1299	2.6253234292968894
1300	2.6253234292968894
1301	2.8874847237185586
1302	2.8874847237185586
1303	2.8874847237185586
1304	0.9313738360652852
1305	0.9313738360652852
1306	0.9313738360652852
1307	2.922260487956281
1308	2.922260487956281
1309	2.922260487956281
1310	1.5986714047368202
1311	1.5986714047368202
1312	1.5986714047368202
1313	4.302399577677667
1314	4.302399577677667
1315	4.302399577677667
1316	2.572430157780282
1317	2.572430157780282
1318	2.572430157780282
1319	3.3510471458020814
1320	3.3510471458020814
1321	3.3510471458020814
1322	3.714220887526035
1323	3.714220887526035
1324	3.714220887526035
1325	7.095406389386691
1326	7.095406389386691
1327	7.095406389386691
1328	0.1
1329	0.1
1330	0.1
1331	3.0125402276841076
1332	3.0125402276841076
1333	3.0125402276841076
1334	4.132998117405358
1335	4.132998117405358
1336	4.132998117405358
1337	1.9574944973384107
1338	1.9574944973384107
1339	1.9574944973384107
1340	2.487842757211797
1341	2.487842757211797
1342	2.487842757211797
1343	6.155668284375363
1344	6.155668284375363
1345	6.155668284375363
1346	3.7146083221673813
1347	2.7597720925463207
1348	2.7597720925463207
1349	1.7923139513095294
1350	1.7923139513095294
1351	1.7923139513095294
1352	3.364081351324688
1353	3.364081351324688
1354	3.364081351324688
1355	1.6624963383240987
1356	1.6624963383240987
1357	1.6624963383240987
1358	1.912852413397779
1359	1.912852413397779
1360	1.912852413397779
1361	1.8956416917637564
1362	1.8956416917637564
1363	1.8956416917637564
1364	1.96102676137183
1365	1.96102676137183
1366	1.96102676137183
1367	0.87148030176785
1368	0.87148030176785
1369	0.87148030176785
1370	1.4786626892171373
1371	1.4786626892171373
1372	1.4786626892171373
1373	2.0488450191623095
1374	2.0488450191623095
1375	2.0488450191623095
1376	1.590984068902529
1377	1.590984068902529
1378	3.306802574034471
1379	3.306802574034471
1380	3.407166950827395
1381	3.407166950827395
1382	3.407166950827395
1383	6.7939243259245305
1384	6.7939243259245305
1385	6.7939243259245305
1386	5.903149291352711
1387	5.903149291352711
1388	5.903149291352711
1389	7.86518238676699
1390	7.86518238676699
1391	7.86518238676699
1392	5.998573766751986
1393	5.998573766751986
1394	5.998573766751986
1395	1.9150300582036144
1396	1.9150300582036144
1397	1.9150300582036144
1398	5.380480743291387
1399	5.380480743291387
1400	5.380480743291387
1401	6.47911668678192
1402	6.47911668678192
1403	6.47911668678192
1404	7.006830692895727
1405	7.006830692895727
1406	1.8071523363752082
1407	1.8071523363752082
1408	1.8071523363752082
1409	0.8918806035616723
1410	0.8918806035616723
1411	0.8918806035616723
1412	2.1559926448305333
1413	2.1559926448305333
1414	2.1559926448305333
1415	2.830071476155534
1416	5.313960392755162
1417	5.313960392755162
1418	5.313960392755162
1419	2.9287244737585674
1420	2.9287244737585674
1421	2.9287244737585674
1422	1.9845736516309522
1423	1.9845736516309522
1424	1.9845736516309522
1425	4.444370125844145
1426	4.444370125844145
1427	4.444370125844145
1428	4.625073819424106
1429	1.3596625031376532
1430	1.3596625031376532
1431	1.3596625031376532
1432	1.9399285333406746
1433	1.9399285333406746
1434	1.9399285333406746
1435	4.117360338234446
1436	4.117360338234446
1437	4.117360338234446
1438	1.2492489424687836
1439	1.2492489424687836
1440	1.2492489424687836
1441	4.8500296920579
1442	4.8500296920579
1443	4.8500296920579
1444	3.5691798912140147
1445	3.5691798912140147
1446	3.5691798912140147
1447	5.035574261090428
1448	5.035574261090428
1449	5.035574261090428
1450	3.1201040991743967
1451	3.1201040991743967
1452	3.1201040991743967
1453	5.520656798747098
1454	5.520656798747098
1455	5.057353331654193
1456	5.057353331654193
1457	5.057353331654193
1458	5.112851520923051
1459	5.112851520923051
1460	5.112851520923051
1461	2.0057488181143555
1462	2.0057488181143555
1463	2.0057488181143555
1464	3.7105745534007832
1465	3.7105745534007832
1466	3.7105745534007832
1467	2.74275269001541
1468	2.74275269001541
1469	2.74275269001541
1470	1.9001698402968419
1471	1.9001698402968419
1472	1.9001698402968419
1473	1.8834710945157767
1474	1.8834710945157767
1475	1.8834710945157767
1476	1.9740307966412791
1477	1.9740307966412791
1478	4.97663216905666
1479	4.97663216905666
1480	4.97663216905666
1481	1.8664630329179561
1482	1.8664630329179561
1483	1.8664630329179561
1484	3.3800071315503883
1485	3.3800071315503883
1486	3.3800071315503883
1487	5.283728638692631
1488	5.283728638692631
1489	5.283728638692631
1490	7.025805156461557
1491	7.025805156461557
1492	7.025805156461557
1493	2.2396995050793818
1494	2.2396995050793818
1495	2.2396995050793818
1496	0.6795899581939349
1497	0.6795899581939349
1498	0.6795899581939349
1499	4.305681579886935
1500	4.305681579886935
1501	4.305681579886935
1502	2.4965893379253288
1503	2.4965893379253288
1504	2.4965893379253288
1505	2.398475802003655
1506	2.398475802003655
1507	2.398475802003655
1508	4.465684918171426
1509	4.465684918171426
1510	4.465684918171426
1511	2.085423697953514
1512	2.085423697953514
1513	2.085423697953514
1514	3.714670487839247
1515	3.714670487839247
1516	3.714670487839247
1517	1.4649717534460733
1518	1.4649717534460733
1519	1.4649717534460733
1520	0.899589087609034
1521	0.899589087609034
1522	0.899589087609034
1523	1.3739309801816588
1524	1.3739309801816588
1525	1.3739309801816588
1526	3.365377224289496
1527	3.365377224289496
1528	3.365377224289496
1529	2.052616046212771
1530	2.052616046212771
1531	2.052616046212771
1532	1.50755340489604
1533	1.50755340489604
1534	1.50755340489604
1535	3.328276436613506
1536	3.328276436613506
1537	3.328276436613506
1538	5.824740495019373
1539	5.824740495019373
1540	5.824740495019373
1541	6.482103711657671
1542	6.482103711657671
1543	6.482103711657671
1544	0.8932816469691227
1545	0.8932816469691227
1546	0.8932816469691227
1547	0.4615090524745896
1548	0.4615090524745896
1549	0.4615090524745896
1550	3.390116265121122
1551	3.390116265121122
1552	3.390116265121122
1553	0.9928270591917252
1554	0.9928270591917252
1555	0.9928270591917252
1556	5.516073947449481
1557	5.516073947449481
1558	5.516073947449481
1559	1.5756069060880213
1560	1.5756069060880213
1561	1.5756069060880213
1562	3.640207958875992
1563	3.640207958875992
1564	3.640207958875992
1565	2.089151728125916
1566	2.089151728125916
1567	2.089151728125916
1568	1.0423662368938245
1569	1.0423662368938245
1570	1.0423662368938245
1571	4.303631162920537
1572	4.303631162920537
1573	4.303631162920537
1574	1.6603993550953864
1575	1.6603993550953864
1576	1.6603993550953864
1577	3.2132569464313505
1578	3.2132569464313505
1579	3.2132569464313505
1580	6.317929016345294
1581	6.317929016345294
1582	6.317929016345294
1583	5.657229500790057
1584	5.657229500790057
1585	5.657229500790057
1586	2.8058135642766517
1587	2.8058135642766517
1588	2.8058135642766517
1589	1.2051195197719673
1590	1.2051195197719673
1591	1.2051195197719673
1592	3.281552404359208
1593	3.281552404359208
1594	4.579748503921751
1595	4.579748503921751
1596	4.579748503921751
1597	0.24028134736823858
1598	0.24028134736823858
1599	0.24028134736823858
1600	3.4804735796747677
1601	2.700537002727116
1602	2.700537002727116
1603	2.700537002727116
1604	2.2025685347276465
1605	2.2025685347276465
1606	3.658696702351825
1607	3.658696702351825
1608	3.658696702351825
1609	3.139895140895297
1610	3.139895140895297
1611	3.139895140895297
1612	4.7002134276047105
1613	4.7002134276047105
1614	4.7002134276047105
1615	1.6169248903304894
1616	1.6169248903304894
1617	1.6169248903304894
1618	1.7537375784523357
1619	1.7537375784523357
1620	1.7537375784523357
1621	6.16699727494537
1622	6.16699727494537
1623	6.16699727494537
1624	2.578769006556689
1625	2.578769006556689
1626	2.578769006556689
1627	3.057179826332425
1628	3.057179826332425
1629	3.057179826332425
1630	1.3455619958073022
1631	1.3455619958073022
1632	0.6022716141645358
1633	0.6022716141645358
1634	0.6022716141645358
1635	0.7795807425718464
1636	0.7795807425718464
1637	0.7795807425718464
1638	0.36315024234960297
1639	0.36315024234960297
1640	1.2379808691152436
1641	1.2379808691152436
1642	1.2379808691152436
1643	1.143326271684442
1644	1.143326271684442
1645	1.143326271684442
1646	2.7481652257184246
1647	2.7481652257184246
1648	2.7481652257184246
1649	0.5009765417931131
1650	0.5009765417931131
1651	0.5009765417931131
1652	0.7762353950286189
1653	0.7762353950286189
1654	0.7762353950286189
1655	3.8135554124647375
1656	3.8135554124647375
1657	3.8135554124647375
1658	4.9850707047567315
1659	3.589748172427671
1660	3.589748172427671
1661	3.589748172427671
1662	8.674235479412584
1663	8.674235479412584
1664	8.674235479412584
1665	5.13206935334062
1666	5.13206935334062
1667	5.13206935334062
1668	4.533157905446805
1669	4.533157905446805
1670	4.533157905446805
1671	2.5434261791472057
1672	1.0093225365921143
1673	1.0093225365921143
1674	1.0093225365921143
1675	1.2223041067541
1676	3.390418560199208
1677	3.390418560199208
1678	3.390418560199208
1679	3.245317637147904
1680	3.245317637147904
1681	3.245317637147904
1682	5.213606122629398
1683	0.7679736655717513
1684	0.7679736655717513
1685	0.7679736655717513
1686	1.5246064357080797
1687	1.5246064357080797
1688	1.5246064357080797
1689	1.368375920159253
1690	1.368375920159253
1691	1.368375920159253
1692	1.945428958232498
1693	1.945428958232498
1694	1.945428958232498
1695	1.713239149632104
1696	1.713239149632104
1697	1.713239149632104
1698	0.5878790232712343
1699	0.3133857369567387
1700	0.3133857369567387
1701	0.3133857369567387
1702	0.24862658924967682
1703	0.24862658924967682
1704	0.24862658924967682
1705	0.3414321138167785
1706	0.4636494720387918
1707	0.4636494720387918
1708	0.4636494720387918
1709	3.670091228584787
1710	3.670091228584787
1711	3.670091228584787
1712	1.8310138957862163
1713	1.3566867779549237
1714	2.6012472154037707
1715	2.6012472154037707
1716	2.6012472154037707
1717	6.795905361378075
1718	6.795905361378075
1719	6.795905361378075
1720	1.1194011645349862
1721	1.1194011645349862
1722	1.1194011645349862
1723	1.3798921203686145
1724	1.3798921203686145
1725	1.3798921203686145
1726	2.684735183935275
1727	3.142860946027495
1728	1.9311813343399085
1729	1.9311813343399085
1730	1.9311813343399085
1731	1.1300208599559123
1732	1.1300208599559123
1733	1.1300208599559123
1734	0.1
1735	0.1
1736	0.7092175881864705
1737	0.7092175881864705
1738	0.7092175881864705
1739	0.4811699173209705
1740	0.4811699173209705
1741	0.4811699173209705
1742	0.3966295255577062
1743	0.26865756068994884
1744	0.26865756068994884
1745	0.26865756068994884
1746	1.4730677628515552
1747	1.4730677628515552
1748	1.4730677628515552
1749	0.6411271399462969
1750	2.88238203311996
1751	2.88238203311996
1752	2.88238203311996
1753	3.2598302142759112
1754	3.2598302142759112
1755	3.3346603524490153
1756	3.3346603524490153
1757	3.3346603524490153
1758	1.5090470195251964
1759	1.5090470195251964
1760	1.5090470195251964
1761	1.07412514900978
1762	1.07412514900978
1763	1.07412514900978
1764	1.3720528362385151
1765	1.3720528362385151
1766	1.3720528362385151
1767	1.213742372092997
1768	1.213742372092997
1769	1.213742372092997
1770	1.6367507720198435
1771	1.6367507720198435
1772	1.6367507720198435
1773	1.6295045889133994
1774	1.6295045889133994
1775	1.6295045889133994
1776	2.3632458146038573
1777	2.3632458146038573
1778	2.3632458146038573
1779	1.8369626508578754
1780	1.8369626508578754
1781	1.8369626508578754
1782	1.9147181111133522
1783	1.9147181111133522
1784	1.9147181111133522
1785	1.9781105856185073
1786	1.9781105856185073
1787	1.9781105856185073
1788	1.7082032275869254
1789	1.7082032275869254
1790	1.7082032275869254
1791	1.59653698838339
1792	1.59653698838339
1793	1.59653698838339
1794	3.419031035140528
1795	3.419031035140528
1796	3.419031035140528
1797	1.7245692852069312
1798	1.7245692852069312
1799	1.7245692852069312
1800	2.008526286860004
1801	2.008526286860004
1802	2.008526286860004
1803	1.4243014080729517
1804	1.4243014080729517
1805	1.4243014080729517
1806	2.64806097448909
1807	2.64806097448909
1808	2.64806097448909
1809	1.2654450450132937
1810	5.0377659888388955
1811	5.0377659888388955
1812	5.0377659888388955
1813	3.885979616285854
1814	3.885979616285854
1815	2.428321380355085
1816	2.428321380355085
1817	2.428321380355085
1818	3.089788612371053
1819	3.089788612371053
1820	3.089788612371053
1821	4.0028115439281
1822	4.0028115439281
1823	4.0028115439281
1824	5.03422082091973
1825	5.03422082091973
1826	5.03422082091973
1827	4.403759385848444
1828	4.403759385848444
1829	4.403759385848444
1830	3.246339573479076
1831	3.246339573479076
1832	2.03174929054956
1833	2.03174929054956
1834	2.03174929054956
1835	4.0780231446410475
1836	4.0780231446410475
1837	4.0780231446410475
1838	1.3796722047457515
1839	1.3796722047457515
1840	1.3796722047457515
1841	2.2395862890657163
1842	2.2395862890657163
1843	2.2395862890657163
1844	2.25257949765814
1845	2.25257949765814
1846	2.25257949765814
1847	2.5900854177670736
1848	2.5900854177670736
1849	2.5900854177670736
1850	0.9116538330950381
1851	0.9116538330950381
1852	0.9116538330950381
1853	1.5017384119903743
1854	1.5017384119903743
1855	1.5017384119903743
1856	6.184539846593369
1857	6.184539846593369
1858	6.184539846593369
1859	5.092093435852389
1860	5.092093435852389
1861	3.3159576138571207
1862	3.3159576138571207
1863	3.3159576138571207
1864	1.080037833688308
1865	1.080037833688308
1866	1.080037833688308
1867	1.3717860975932807
1868	1.3717860975932807
1869	0.4138757036619589
1870	0.4138757036619589
1871	0.4138757036619589
1872	4.263846082993108
1873	4.263846082993108
1874	4.263846082993108
1875	5.134076967186255
1876	5.134076967186255
1877	5.134076967186255
1878	3.4391177042132055
1879	3.4391177042132055
1880	3.4391177042132055
1881	3.168068992975719
1882	3.168068992975719
1883	3.168068992975719
1884	2.0888052961908534
1885	2.0888052961908534
1886	2.0888052961908534
1887	2.808896087096278
1888	2.808896087096278
1889	2.808896087096278
1890	8.32774584698644
1891	8.32774584698644
1892	8.32774584698644
1893	4.936235964641608
1894	4.936235964641608
1895	4.936235964641608
1896	0.9648432462113963
1897	0.9648432462113963
1898	0.9648432462113963
1899	3.9718073134125396
1900	3.9718073134125396
1901	3.9718073134125396
1902	2.956650259710566
1903	2.956650259710566
1904	2.956650259710566
1905	2.944727125117547
1906	2.944727125117547
1907	7.294483487196256
1908	7.294483487196256
1909	7.294483487196256
1910	3.9239988492782816
1911	3.9239988492782816
1912	3.9239988492782816
1913	1.5893382555115685
1914	1.5893382555115685
1915	1.5893382555115685
1916	2.338540364209182
1917	4.594448050118213
1918	4.175628679263625
1919	4.175628679263625
1920	4.175628679263625
1921	3.2870000818734963
1922	3.2870000818734963
1923	3.2870000818734963
1924	5.796557667068411
1925	5.796557667068411
1926	4.943044367180439
1927	4.943044367180439
1928	4.943044367180439
1929	3.940545635826214
1930	3.940545635826214
1931	3.940545635826214
1932	1.857185274003595
1933	1.857185274003595
1934	1.857185274003595
1935	4.041424485161177
1936	4.041424485161177
1937	4.041424485161177
1938	2.9043053977407434
1939	2.9043053977407434
1940	2.9043053977407434
1941	4.437375495788351
1942	4.437375495788351
1943	4.437375495788351
1944	2.5136215785053055
1945	2.5136215785053055
1946	2.5136215785053055
1947	3.3122756055881095
1948	3.3122756055881095
1949	3.3122756055881095
1950	0.8240050261784053
1951	0.8240050261784053
1952	0.8240050261784053
1953	3.1908559335430935
1954	3.1908559335430935
1955	3.1908559335430935
1956	3.729935215388202
1957	3.729935215388202
1958	3.729935215388202
1959	4.651484378152543
1960	4.651484378152543
1961	4.651484378152543
1962	4.2692116494546015
1963	4.2692116494546015
1964	0.1
1965	0.1
1966	0.1
1967	0.5517438761348801
1968	0.5517438761348801
1969	0.5517438761348801
1970	0.9391524538618718
1971	0.9391524538618718
1972	0.9391524538618718
1973	0.8120628041375638
1974	0.8120628041375638
1975	0.8120628041375638
1976	0.7736633031066887
1977	0.7736633031066887
1978	0.7736633031066887
1979	0.29351735462648326
1980	3.012368895533602
1981	3.012368895533602
1982	3.012368895533602
1983	3.535210594888931
1984	3.535210594888931
1985	3.535210594888931
1986	3.699346760520494
1987	3.699346760520494
1988	3.699346760520494
1989	3.4430259963799017
1990	3.4430259963799017
1991	3.4430259963799017
1992	3.294341933826466
1993	3.294341933826466
1994	3.294341933826466
1995	2.3561498106536454
1996	2.3561498106536454
1997	2.3561498106536454
1998	1.0297961146480137
1999	1.0297961146480137
