0	8.145483616450363
1	8.145483616450363
2	8.145483616450363
3	7.4471619020873
4	7.4471619020873
5	7.4471619020873
6	7.562983729282232
7	7.562983729282232
8	7.562983729282232
9	0.2961016858638228
10	0.2961016858638228
11	0.2961016858638228
12	2.987905498211676
13	2.987905498211676
14	2.987905498211676
15	1.7197140783523643
16	1.7197140783523643
17	1.7197140783523643
18	5.607480865201604
19	5.607480865201604
20	5.607480865201604
21	6.8545273437716165
22	4.729279384410984
23	4.729279384410984
24	4.729279384410984
25	4.2917622554201875
26	4.2917622554201875
27	4.2917622554201875
28	6.312723011066709
29	6.312723011066709
30	6.312723011066709
31	3.6121690840853926
32	3.6121690840853926
33	3.6121690840853926
34	3.4762929795137065
35	3.4762929795137065
36	3.4762929795137065
37	3.5439887547515396
38	3.5439887547515396
39	3.5439887547515396
40	3.8003000413664254
41	3.8003000413664254
42	3.8003000413664254
43	1.5685799376259886
44	1.5685799376259886
45	1.5685799376259886
46	2.132574642725128
47	2.132574642725128
48	2.132574642725128
49	5.8758391512295045
50	5.8758391512295045
51	5.8758391512295045
52	1.0332695745274894
53	1.0332695745274894
54	1.0332695745274894
55	2.343745735047478
56	2.343745735047478
57	2.343745735047478
58	4.843032829229476
59	4.843032829229476
60	4.843032829229476
61	0.7026336122218817
62	0.7026336122218817
63	0.7026336122218817
64	3.488296569451246
65	3.488296569451246
66	3.488296569451246
67	4.126053466827209
68	4.126053466827209
69	4.126053466827209
70	6.7576637754166935
71	6.7576637754166935
72	6.7576637754166935
73	4.9576905192956024
74	4.9576905192956024
75	4.9576905192956024
76	2.467886588048987
77	2.68590809175707
78	2.68590809175707
79	2.68590809175707
80	2.6892163868998207
81	2.6892163868998207
82	2.6892163868998207
83	0.7210856181143681
84	0.7210856181143681
85	0.7210856181143681
86	3.7823536978847483
87	3.7823536978847483
88	3.7823536978847483
89	1.1583289810810833
90	1.1583289810810833
91	1.1583289810810833
92	1.4670965918500238
93	1.4670965918500238
94	1.4670965918500238
95	1.7486014799994065
96	1.7486014799994065
97	1.7486014799994065
98	0.9128113458402844
99	0.9128113458402844
100	0.9128113458402844
101	1.8819670553929215
102	1.8819670553929215
103	1.8819670553929215
104	2.5039571591061796
105	2.5039571591061796
106	2.5039571591061796
107	2.3282756367973585
108	2.3282756367973585
109	2.3282756367973585
110	1.7587953167720347
111	1.7587953167720347
112	1.7587953167720347
113	1.1332084880522362
114	1.1332084880522362
115	1.1332084880522362
116	1.4558966878626405
117	1.4558966878626405
118	1.4558966878626405
119	1.4800649480951409
120	1.4800649480951409
121	1.4800649480951409
122	2.5871837737830043
123	2.5871837737830043
124	2.5871837737830043
125	3.8963410969616414
126	3.8963410969616414
127	3.8963410969616414
128	2.2577093466267284
129	2.2577093466267284
130	2.2577093466267284
131	3.746190994884416
132	3.746190994884416
133	3.746190994884416
134	2.2336305842178454
135	2.2336305842178454
136	2.2336305842178454
137	1.8108476669336802
138	1.8108476669336802
139	1.8108476669336802
140	1.8125373396507356
141	1.8125373396507356
142	1.8125373396507356
143	2.763890558822103
144	2.763890558822103
145	2.763890558822103
146	1.3788445450492195
147	1.3788445450492195
148	1.3788445450492195
149	0.30087855261921237
150	0.30087855261921237
151	0.30087855261921237
152	0.8324048061508218
153	0.8324048061508218
154	0.8324048061508218
155	1.615832493484641
156	1.615832493484641
157	1.615832493484641
158	2.096321101395843
159	2.096321101395843
160	2.096321101395843
161	2.1030591704591477
162	2.1030591704591477
163	2.1030591704591477
164	3.5522472117161894
165	3.5522472117161894
166	3.5522472117161894
167	2.3825462539549003
168	2.3825462539549003
169	2.3825462539549003
170	1.6038565681716304
171	1.6038565681716304
172	1.6038565681716304
173	2.481763101131448
174	2.481763101131448
175	2.481763101131448
176	2.944549895342626
177	2.944549895342626
178	2.944549895342626
179	1.9409038334281907
180	1.9409038334281907
181	1.9409038334281907
182	1.754422762265131
183	1.754422762265131
184	1.754422762265131
185	1.9600318799300482
186	1.9600318799300482
187	1.9600318799300482
188	2.2128916143037256
189	2.2128916143037256
190	2.2128916143037256
191	1.3014243152582106
192	1.3014243152582106
193	1.3014243152582106
194	2.217738342443758
195	2.217738342443758
196	2.217738342443758
197	1.7023500875163644
198	1.7023500875163644
199	1.7023500875163644
200	3.2422545985168565
201	3.2422545985168565
202	3.2422545985168565
203	1.9338697505662876
204	1.9338697505662876
205	1.9338697505662876
206	1.6985745947845092
207	1.6985745947845092
208	1.6985745947845092
209	0.1
210	0.1
211	0.1
212	2.2285746490869816
213	2.2285746490869816
214	2.2285746490869816
215	2.1888957820778283
216	2.1888957820778283
217	2.1888957820778283
218	2.6511343176697184
219	2.6511343176697184
220	2.6511343176697184
221	1.5222576730372348
222	1.5222576730372348
223	1.5222576730372348
224	1.3032855263583882
225	1.3032855263583882
226	1.3032855263583882
227	2.3781038304198643
228	2.3781038304198643
229	2.3781038304198643
230	3.2653155356276544
231	3.2653155356276544
232	3.2653155356276544
233	0.5575440222680959
234	0.5575440222680959
235	0.5575440222680959
236	3.325840770299507
237	3.325840770299507
238	3.325840770299507
239	2.0779150602580296
240	2.0779150602580296
241	2.0779150602580296
242	1.833445028629068
243	1.833445028629068
244	1.833445028629068
245	1.8316659972736382
246	1.8316659972736382
247	1.8316659972736382
248	1.3961094828325125
249	1.3961094828325125
250	1.3961094828325125
251	2.7827002821820157
252	2.7827002821820157
253	2.7827002821820157
254	0.9458213368435788
255	0.9458213368435788
256	0.9458213368435788
257	3.7667378251619343
258	3.7667378251619343
259	3.7667378251619343
260	4.046559200496082
261	4.046559200496082
262	4.046559200496082
263	1.4806315669878107
264	1.4806315669878107
265	1.4806315669878107
266	2.188195109547553
267	2.188195109547553
268	2.188195109547553
269	2.400771145981266
270	2.400771145981266
271	2.400771145981266
272	1.8433651774608968
273	0.7625104483799219
274	0.7625104483799219
275	0.7625104483799219
276	0.967575865605087
277	0.967575865605087
278	0.967575865605087
279	0.7727192835364303
280	0.7727192835364303
281	0.7727192835364303
282	3.003777512930566
283	3.003777512930566
284	3.003777512930566
285	5.6643485517685175
286	5.6643485517685175
287	5.6643485517685175
288	2.2021135006722976
289	2.2021135006722976
290	2.2021135006722976
291	0.1
292	0.1
293	0.1
294	4.1634439644764445
295	4.1634439644764445
296	4.1634439644764445
297	4.586358555189323
298	4.586358555189323
299	4.586358555189323
300	5.872015470121406
301	5.872015470121406
302	5.872015470121406
303	6.14470262950708
304	6.14470262950708
305	6.14470262950708
306	4.329421050119951
307	4.329421050119951
308	4.329421050119951
309	2.9917855857762277
310	2.9917855857762277
311	2.9917855857762277
312	4.375032216574095
313	4.375032216574095
314	4.375032216574095
315	5.442361446239042
316	5.442361446239042
317	5.442361446239042
318	3.5107010807932495
319	3.5107010807932495
320	3.5107010807932495
321	4.355304181438466
322	4.355304181438466
323	4.355304181438466
324	2.8288965995062805
325	2.8288965995062805
326	2.8288965995062805
327	0.1
328	0.1
329	0.1
330	6.847524922796433
331	6.847524922796433
332	6.847524922796433
333	5.580536622861846
334	5.580536622861846
335	5.580536622861846
336	2.2984401946178266
337	2.2984401946178266
338	2.2984401946178266
339	3.472974711252598
340	3.472974711252598
341	3.472974711252598
342	3.6518654722974118
343	3.6518654722974118
344	3.6518654722974118
345	2.9917647633418896
346	2.9917647633418896
347	2.9917647633418896
348	5.380084511276946
349	5.380084511276946
350	5.380084511276946
351	3.3839435439143095
352	3.3839435439143095
353	3.3839435439143095
354	3.44307023432528
355	3.44307023432528
356	3.44307023432528
357	2.2222590965939917
358	2.2222590965939917
359	2.2222590965939917
360	0.1
361	0.1
362	0.1
363	4.029215748465861
364	4.029215748465861
365	4.029215748465861
366	4.560190364936899
367	4.560190364936899
368	4.560190364936899
369	4.416188557779143
370	4.416188557779143
371	4.416188557779143
372	2.942464253816207
373	2.942464253816207
374	2.942464253816207
375	3.9700027178055888
376	3.9700027178055888
377	3.9700027178055888
378	2.376751102770972
379	2.376751102770972
380	2.376751102770972
381	2.830187282335835
382	2.830187282335835
383	2.830187282335835
384	5.5468158202881455
385	5.5468158202881455
386	5.5468158202881455
387	2.179210294454647
388	2.179210294454647
389	2.179210294454647
390	3.35596878698137
391	3.35596878698137
392	3.35596878698137
393	3.7798123976801303
394	3.7798123976801303
395	3.7798123976801303
396	0.660599638945397
397	0.660599638945397
398	0.660599638945397
399	1.1000298614359787
400	1.1000298614359787
401	1.1000298614359787
402	3.8809096941849135
403	3.8809096941849135
404	3.8809096941849135
405	4.220806531320564
406	4.220806531320564
407	4.220806531320564
408	3.5720035386211504
409	3.5720035386211504
410	3.5720035386211504
411	1.8622566450086036
412	1.8622566450086036
413	1.8622566450086036
414	2.9910785673778317
415	2.9910785673778317
416	2.9910785673778317
417	1.188132260740391
418	1.188132260740391
419	1.188132260740391
420	2.2502494991692528
421	2.2502494991692528
422	2.2502494991692528
423	3.4900837447836706
424	3.4900837447836706
425	3.4900837447836706
426	5.109109401993142
427	5.109109401993142
428	5.109109401993142
429	3.1601195079200437
430	3.1601195079200437
431	3.1601195079200437
432	3.658898267546283
433	3.658898267546283
434	3.658898267546283
435	2.8203830728206163
436	2.8203830728206163
437	2.8203830728206163
438	3.4145922107539763
439	3.4145922107539763
440	3.4145922107539763
441	0.25045205851081587
442	0.25045205851081587
443	0.25045205851081587
444	0.40375121295002914
445	0.40375121295002914
446	0.40375121295002914
447	2.2539992106682165
448	2.2539992106682165
449	2.2539992106682165
450	1.640268160891296
451	1.640268160891296
452	1.640268160891296
453	1.1935585473201846
454	1.1935585473201846
455	1.1935585473201846
456	1.2386024099630848
457	1.2386024099630848
458	1.2386024099630848
459	3.566808409124021
460	3.566808409124021
461	3.566808409124021
462	1.8593643052233686
463	1.8593643052233686
464	1.8593643052233686
465	2.057142698753518
466	2.057142698753518
467	2.057142698753518
468	2.574851432243732
469	2.574851432243732
470	2.574851432243732
471	2.0837748177145223
472	2.0837748177145223
473	2.0837748177145223
474	2.988219279372152
475	2.988219279372152
476	2.988219279372152
477	0.9867553670467393
478	0.9867553670467393
479	0.9867553670467393
480	2.9476649008901084
481	2.9476649008901084
482	2.9476649008901084
483	1.1169534469242794
484	1.1169534469242794
485	1.1169534469242794
486	0.6152830732722989
487	0.6152830732722989
488	0.6152830732722989
489	1.250971267642111
490	1.250971267642111
491	1.250971267642111
492	3.46622145133111
493	3.46622145133111
494	3.46622145133111
495	1.9178136937838821
496	1.9178136937838821
497	1.9178136937838821
498	2.655310444679805
499	2.655310444679805
500	2.655310444679805
501	2.897349032362982
502	2.897349032362982
503	2.897349032362982
504	2.858522484821836
505	2.858522484821836
506	2.858522484821836
507	1.7100082559012362
508	1.7100082559012362
509	1.7100082559012362
510	1.4298439283119937
511	1.4298439283119937
512	1.4298439283119937
513	0.1
514	0.1
515	0.1
516	2.077278873786909
517	2.077278873786909
518	2.077278873786909
519	1.0968562217448712
520	1.0968562217448712
521	1.0968562217448712
522	1.6567306500781205
523	1.6567306500781205
524	1.6567306500781205
525	1.381310154723487
526	1.381310154723487
527	1.381310154723487
528	0.8609928494320194
529	0.8609928494320194
530	0.8609928494320194
531	2.126678398774195
532	2.126678398774195
533	2.126678398774195
534	2.507716623538274
535	2.507716623538274
536	2.507716623538274
537	2.3436304642522727
538	2.3436304642522727
539	2.3436304642522727
540	2.5120760717695876
541	2.5120760717695876
542	2.5120760717695876
543	1.8365225425274396
544	1.8365225425274396
545	1.8365225425274396
546	2.5802395901774657
547	2.5802395901774657
548	2.5802395901774657
549	0.7378897613602771
550	0.7378897613602771
551	0.5343632541146126
552	0.5343632541146126
553	0.5343632541146126
554	1.7977374176711445
555	1.7977374176711445
556	1.7977374176711445
557	3.7092803954266644
558	3.7092803954266644
559	3.7092803954266644
560	0.9888635749087253
561	0.9888635749087253
562	0.9888635749087253
563	1.0306429717524295
564	1.0306429717524295
565	1.0306429717524295
566	2.921224090852584
567	2.921224090852584
568	2.921224090852584
569	2.6508492048997256
570	2.6508492048997256
571	2.6508492048997256
572	2.890811529629645
573	2.890811529629645
574	2.890811529629645
575	1.01712728504679
576	1.01712728504679
577	3.7915562848441633
578	3.7915562848441633
579	3.7915562848441633
580	2.957699833807367
581	2.957699833807367
582	0.7121486811468025
583	0.7121486811468025
584	0.7121486811468025
585	0.6500999209582847
586	0.6500999209582847
587	0.6500999209582847
588	0.1
589	0.1
590	0.1
591	0.1
592	0.1
593	0.1
594	0.46920708654499205
595	0.46920708654499205
596	0.46920708654499205
597	0.6504024598798682
598	0.6504024598798682
599	0.6504024598798682
600	0.6403148641651694
601	0.6403148641651694
602	0.6403148641651694
603	0.5695168490625683
604	0.5695168490625683
605	0.5695168490625683
606	0.621359961292618
607	0.621359961292618
608	1.8396144544577446
609	1.8396144544577446
610	1.8396144544577446
611	2.975588672468413
612	2.975588672468413
613	2.975588672468413
614	2.7993985215669186
615	2.7993985215669186
616	2.7993985215669186
617	1.7416254330826717
618	1.7416254330826717
619	1.7416254330826717
620	2.04995913555833
621	2.04995913555833
622	2.04995913555833
623	1.7845536259327204
624	1.7845536259327204
625	1.7845536259327204
626	2.684373545835384
627	2.684373545835384
628	2.684373545835384
629	0.1
630	0.1
631	0.1
632	1.3137100276076092
633	6.614180262711178
634	6.614180262711178
635	6.614180262711178
636	3.8064515260495253
637	3.8064515260495253
638	3.8064515260495253
639	4.496757226879369
640	4.496757226879369
641	4.496757226879369
642	2.365336417477649
643	2.365336417477649
644	2.365336417477649
645	5.533128821465864
646	5.533128821465864
647	5.533128821465864
648	1.0095495336009215
649	1.0095495336009215
650	1.0095495336009215
651	5.145020466958354
652	5.145020466958354
653	5.145020466958354
654	4.464199694138564
655	4.464199694138564
656	4.464199694138564
657	3.7182100045540922
658	3.7182100045540922
659	3.7182100045540922
660	5.335718927877991
661	5.335718927877991
662	5.335718927877991
663	2.033701629448813
664	2.033701629448813
665	2.033701629448813
666	1.8842499511301534
667	1.8842499511301534
668	1.8842499511301534
669	5.529557419896736
670	5.529557419896736
671	5.529557419896736
672	5.889156040439378
673	5.889156040439378
674	5.889156040439378
675	1.3181868703865391
676	1.3181868703865391
677	1.3181868703865391
678	1.5550911470076718
679	1.5550911470076718
680	1.5550911470076718
681	3.6926001780761735
682	3.6926001780761735
683	3.6926001780761735
684	4.8748578195615675
685	4.8748578195615675
686	4.8748578195615675
687	4.85347910785803
688	4.85347910785803
689	4.85347910785803
690	3.4157420792068325
691	3.4157420792068325
692	3.4157420792068325
693	5.770221731777376
694	5.770221731777376
695	5.770221731777376
696	7.344753289380857
697	7.344753289380857
698	7.344753289380857
699	5.991802740600297
700	5.991802740600297
701	5.991802740600297
702	3.363834052400032
703	3.363834052400032
704	3.363834052400032
705	3.378590060971186
706	3.378590060971186
707	3.378590060971186
708	6.505881263498064
709	6.505881263498064
710	6.505881263498064
711	4.40848395915323
712	2.3380606534426036
713	2.3380606534426036
714	2.3380606534426036
715	7.361781713498344
716	7.361781713498344
717	7.361781713498344
718	1.6236806837848234
719	1.6236806837848234
720	1.6236806837848234
721	7.678326446097611
722	7.678326446097611
723	7.678326446097611
724	1.2029803352365063
725	1.2029803352365063
726	1.2029803352365063
727	2.6216004810096685
728	2.6216004810096685
729	2.6216004810096685
730	3.7119800108189773
731	3.7119800108189773
732	3.7119800108189773
733	4.1650890005740875
734	4.1650890005740875
735	4.1650890005740875
736	0.5694981902605281
737	0.5694981902605281
738	0.5694981902605281
739	3.740795562231627
740	3.740795562231627
741	3.740795562231627
742	4.132607790080405
743	4.132607790080405
744	4.132607790080405
745	3.891425082816741
746	3.891425082816741
747	3.891425082816741
748	3.3070661477492327
749	3.3070661477492327
750	3.3070661477492327
751	5.826253508758001
752	5.826253508758001
753	5.826253508758001
754	6.527498292999338
755	6.527498292999338
756	6.527498292999338
757	3.0564615961968427
758	3.0564615961968427
759	3.0564615961968427
760	2.749920373703918
761	2.749920373703918
762	2.749920373703918
763	4.706201990537976
764	4.706201990537976
765	4.706201990537976
766	4.64028081544113
767	4.64028081544113
768	4.64028081544113
769	1.867045483887121
770	1.867045483887121
771	1.867045483887121
772	2.181623013531225
773	2.181623013531225
774	2.181623013531225
775	0.1
776	0.1
777	0.1
778	5.639799810861694
779	5.639799810861694
780	5.639799810861694
781	4.89614408446807
782	4.89614408446807
783	4.89614408446807
784	2.933712636493207
785	2.933712636493207
786	2.933712636493207
787	4.180304393141223
788	4.180304393141223
789	4.180304393141223
790	4.138549609718163
791	4.138549609718163
792	4.138549609718163
793	2.530255325934327
794	2.530255325934327
795	2.530255325934327
796	3.0531485064268526
797	3.0531485064268526
798	3.0531485064268526
799	3.25545495817573
800	3.25545495817573
801	3.25545495817573
802	6.252351166075055
803	6.252351166075055
804	6.252351166075055
805	1.6021442996064403
806	1.6021442996064403
807	1.6021442996064403
808	3.771113864808134
809	3.771113864808134
810	3.771113864808134
811	5.463849485479411
812	5.463849485479411
813	5.463849485479411
814	3.860584244823951
815	3.860584244823951
816	3.860584244823951
817	4.604700456724757
818	4.604700456724757
819	4.604700456724757
820	5.20595248959695
821	5.20595248959695
822	5.20595248959695
823	2.3102822376330794
824	2.3102822376330794
825	2.3102822376330794
826	3.7632310857683073
827	3.7632310857683073
828	3.7632310857683073
829	1.3223695836168363
830	1.3223695836168363
831	1.3223695836168363
832	0.1
833	0.1
834	0.1
835	3.94916857029638
836	3.94916857029638
837	3.94916857029638
838	2.3118900685587107
839	2.3118900685587107
840	2.3118900685587107
841	6.234934438446814
842	6.234934438446814
843	6.234934438446814
844	2.51804736807568
845	2.51804736807568
846	2.51804736807568
847	2.750332891163432
848	2.750332891163432
849	2.750332891163432
850	2.347218790467137
851	2.347218790467137
852	2.347218790467137
853	2.8039163384553527
854	2.8039163384553527
855	2.8039163384553527
856	2.9932859888357957
857	2.9932859888357957
858	2.9932859888357957
859	4.787421232152315
860	4.787421232152315
861	4.787421232152315
862	8.378216794312497
863	8.378216794312497
864	8.378216794312497
865	6.537676213552049
866	6.537676213552049
867	6.537676213552049
868	6.918893179040525
869	6.918893179040525
870	6.918893179040525
871	1.0872228584222956
872	1.0872228584222956
873	1.0872228584222956
874	2.7107616005998016
875	2.7107616005998016
876	2.7107616005998016
877	4.139919829257451
878	4.139919829257451
879	4.139919829257451
880	3.8006920209070985
881	3.8006920209070985
882	3.8006920209070985
883	2.49082064194093
884	2.49082064194093
885	2.49082064194093
886	1.094644549419829
887	1.094644549419829
888	1.094644549419829
889	3.4317311948239615
890	3.4317311948239615
891	3.4317311948239615
892	4.064158160926296
893	4.064158160926296
894	4.064158160926296
895	5.990043688421171
896	5.990043688421171
897	5.990043688421171
898	5.8834925189070315
899	5.8834925189070315
900	5.8834925189070315
901	1.597896034551183
902	1.597896034551183
903	1.597896034551183
904	1.3987044412051293
905	1.3987044412051293
906	1.3987044412051293
907	3.0512956418209525
908	3.0512956418209525
909	3.0512956418209525
910	1.9490670728543749
911	1.9490670728543749
912	1.9490670728543749
913	1.9686120866046957
914	1.9686120866046957
915	1.9686120866046957
916	1.3975295204330407
917	1.3975295204330407
918	1.3975295204330407
919	2.758391485534718
920	2.758391485534718
921	2.758391485534718
922	3.211470808384613
923	3.211470808384613
924	3.211470808384613
925	1.2335524502922186
926	1.2335524502922186
927	1.2335524502922186
928	2.2937553697695936
929	2.2937553697695936
930	2.2937553697695936
931	2.341709561126359
932	2.341709561126359
933	2.341709561126359
934	4.2204343302350065
935	4.2204343302350065
936	4.2204343302350065
937	2.2523134171107544
938	2.2523134171107544
939	2.2523134171107544
940	2.5736338613554555
941	2.5736338613554555
942	2.5736338613554555
943	1.0673379025832754
944	1.0673379025832754
945	1.0673379025832754
946	0.6445435674219702
947	0.6445435674219702
948	0.6445435674219702
949	3.5978105419853286
950	3.5978105419853286
951	3.5978105419853286
952	4.431575451911296
953	4.431575451911296
954	4.431575451911296
955	2.304924447974674
956	2.304924447974674
957	2.304924447974674
958	2.9649136597767543
959	2.9649136597767543
960	2.9649136597767543
961	0.1
962	0.1
963	0.1
964	4.300609910022017
965	4.300609910022017
966	4.300609910022017
967	1.8063197725908944
968	1.8063197725908944
969	1.8063197725908944
970	2.251169798622431
971	2.251169798622431
972	2.251169798622431
973	2.1212746407155953
974	2.1212746407155953
975	2.1212746407155953
976	3.1446383710237074
977	3.1446383710237074
978	3.1446383710237074
979	1.922578148039273
980	1.922578148039273
981	1.922578148039273
982	2.9813538398067108
983	2.9813538398067108
984	2.9813538398067108
985	1.5063948681967836
986	1.5063948681967836
987	1.5063948681967836
988	2.1689411865408985
989	2.1689411865408985
990	2.1689411865408985
991	1.5217881354267202
992	1.5217881354267202
993	1.5217881354267202
994	2.59876239771807
995	2.59876239771807
996	2.59876239771807
997	2.9791084253784006
998	2.9791084253784006
999	2.9791084253784006
1000	2.592210817876288
1001	2.592210817876288
1002	2.592210817876288
1003	2.679354082855351
1004	2.679354082855351
1005	2.679354082855351
1006	1.342334355212672
1007	1.342334355212672
1008	1.342334355212672
1009	0.2991030709040894
1010	0.2991030709040894
1011	0.2991030709040894
1012	0.29268687940406024
1013	0.29268687940406024
1014	0.29268687940406024
1015	0.7019073097178703
1016	0.7019073097178703
1017	0.7019073097178703
1018	0.9805249959208777
1019	0.9805249959208777
1020	0.9805249959208777
1021	0.16588092239074936
1022	0.16588092239074936
1023	0.16588092239074936
1024	1.0217085720084453
1025	1.0217085720084453
1026	1.0217085720084453
1027	0.1620682099510854
1028	0.1620682099510854
1029	0.1620682099510854
1030	0.5711078869669309
1031	0.5711078869669309
1032	0.5711078869669309
1033	0.7133767999599492
1034	0.7133767999599492
1035	0.7133767999599492
1036	0.11272965873556817
1037	0.11272965873556817
1038	0.11272965873556817
1039	0.20298845674125843
1040	0.20298845674125843
1041	0.20298845674125843
1042	0.25653782067056097
1043	0.25653782067056097
1044	0.25653782067056097
1045	0.9725532703777362
1046	0.9725532703777362
1047	0.9725532703777362
1048	0.9381074078147262
1049	0.9381074078147262
1050	0.9381074078147262
1051	1.2380735761119854
1052	1.2380735761119854
1053	1.2380735761119854
1054	0.5552073895472024
1055	0.5552073895472024
1056	0.5552073895472024
1057	1.4439777604524346
1058	1.4439777604524346
1059	1.4439777604524346
1060	0.9997660036849563
1061	0.9997660036849563
1062	0.9997660036849563
1063	0.6885547778851104
1064	0.6885547778851104
1065	0.6885547778851104
1066	1.292179756167167
1067	1.292179756167167
1068	1.292179756167167
1069	0.6958730495879023
1070	0.6958730495879023
1071	0.6958730495879023
1072	0.4010948078688085
1073	0.4010948078688085
1074	0.4010948078688085
1075	1.0450530472455073
1076	1.0450530472455073
1077	1.0450530472455073
1078	0.6425392393265988
1079	0.6425392393265988
1080	0.6425392393265988
1081	0.8261380973790454
1082	0.8261380973790454
1083	0.8261380973790454
1084	1.2435650248150933
1085	1.2435650248150933
1086	1.2435650248150933
1087	0.4553920753794142
1088	0.4553920753794142
1089	0.4553920753794142
1090	0.6734883418175224
1091	0.6734883418175224
1092	0.6734883418175224
1093	0.9932185968002497
1094	0.9932185968002497
1095	0.9932185968002497
1096	0.7105819720613585
1097	0.7105819720613585
1098	0.7105819720613585
1099	0.9639968982060827
1100	0.9639968982060827
1101	0.9639968982060827
1102	0.42749505655549
1103	0.42749505655549
1104	0.42749505655549
1105	0.8325873253760543
1106	0.8325873253760543
1107	0.8325873253760543
1108	1.268863368628626
1109	1.268863368628626
1110	1.268863368628626
1111	0.42640047897956274
1112	0.42640047897956274
1113	0.42640047897956274
1114	1.0183124972309145
1115	1.0183124972309145
1116	1.0183124972309145
1117	0.7173582608162843
1118	0.7173582608162843
1119	0.7173582608162843
1120	0.564282847136298
1121	0.564282847136298
1122	0.564282847136298
1123	0.16228728325490488
1124	0.16228728325490488
1125	0.16228728325490488
1126	0.3096522143328796
1127	0.3096522143328796
1128	0.3096522143328796
1129	0.5308149040026721
1130	0.5308149040026721
1131	0.5308149040026721
1132	0.39259093584240434
1133	0.39259093584240434
1134	0.39259093584240434
1135	0.403887305524063
1136	0.403887305524063
1137	0.403887305524063
1138	0.8929790658440205
1139	0.8929790658440205
1140	0.8929790658440205
1141	0.4062556406863622
1142	0.4062556406863622
1143	0.4062556406863622
1144	0.15687429006325876
1145	0.15687429006325876
1146	0.15687429006325876
1147	0.1
1148	0.1
1149	0.1
1150	0.3002830949994954
1151	0.3002830949994954
1152	0.3002830949994954
1153	0.5608328988875437
1154	0.5608328988875437
1155	0.5608328988875437
1156	0.7184681989433499
1157	0.7184681989433499
1158	0.7184681989433499
1159	1.087380713307785
1160	1.087380713307785
1161	1.087380713307785
1162	0.5562149630739623
1163	0.5562149630739623
1164	0.5562149630739623
1165	0.32127192333844246
1166	0.32127192333844246
1167	0.32127192333844246
1168	0.9385644472265349
1169	0.9385644472265349
1170	0.9385644472265349
1171	0.4408916333613717
1172	0.4408916333613717
1173	0.4408916333613717
1174	0.8838238591010349
1175	0.8838238591010349
1176	0.8838238591010349
1177	0.7257077807981949
1178	0.7257077807981949
1179	0.7257077807981949
1180	0.31932148561166607
1181	0.31932148561166607
1182	0.31932148561166607
1183	0.6646926119466198
1184	0.6646926119466198
1185	0.6646926119466198
1186	0.6304461411497408
1187	0.6304461411497408
1188	0.6304461411497408
1189	0.8509445736010773
1190	0.8509445736010773
1191	0.8509445736010773
1192	0.33290841555814876
1193	0.33290841555814876
1194	0.33290841555814876
1195	0.1
1196	0.1
1197	0.1
1198	1.1199248686078258
1199	1.1199248686078258
1200	1.1199248686078258
1201	0.7418036546259463
1202	0.7418036546259463
1203	0.7418036546259463
1204	1.1525882230770161
1205	1.1525882230770161
1206	1.1525882230770161
1207	1.2594284307494417
1208	1.2594284307494417
1209	1.2594284307494417
1210	1.072255535999473
1211	1.072255535999473
1212	1.072255535999473
1213	0.48933927668037575
1214	0.48933927668037575
1215	0.48933927668037575
1216	0.677045778810247
1217	0.677045778810247
1218	0.677045778810247
1219	0.2655897995061132
1220	0.2655897995061132
1221	0.2655897995061132
1222	0.6600209260355362
1223	0.6600209260355362
1224	0.6600209260355362
1225	0.47262701684919206
1226	0.47262701684919206
1227	0.47262701684919206
1228	0.5882242064341121
1229	0.5882242064341121
1230	0.5882242064341121
1231	1.0744966711778035
1232	1.0744966711778035
1233	1.0744966711778035
1234	0.7151532526226483
1235	0.7151532526226483
1236	0.7151532526226483
1237	0.3469304878496077
1238	0.3469304878496077
1239	0.3469304878496077
1240	0.8655286613857757
1241	0.8655286613857757
1242	0.8655286613857757
1243	0.8192540464958804
1244	0.8192540464958804
1245	0.8192540464958804
1246	0.7765303923071372
1247	0.7765303923071372
1248	0.7765303923071372
1249	0.1
1250	0.1
1251	0.1
1252	0.5250182328882362
1253	0.5250182328882362
1254	0.5250182328882362
1255	0.3120098020828185
1256	0.3120098020828185
1257	0.3120098020828185
1258	0.5737938133403266
1259	0.5737938133403266
1260	0.5737938133403266
1261	0.6966404438654838
1262	0.6966404438654838
1263	0.6966404438654838
1264	0.5509592093697414
1265	0.5509592093697414
1266	0.5509592093697414
1267	0.7328729953795721
1268	0.7328729953795721
1269	0.7328729953795721
1270	0.5160788965012975
1271	0.5160788965012975
1272	0.5160788965012975
1273	1.1922281390154308
1274	1.1922281390154308
1275	1.1922281390154308
1276	0.9655778693792948
1277	0.9655778693792948
1278	0.9655778693792948
1279	0.2051945043178527
1280	0.2051945043178527
1281	0.2051945043178527
1282	0.15885657893746785
1283	0.15885657893746785
1284	0.15885657893746785
1285	0.3538862139615448
1286	0.3538862139615448
1287	0.3538862139615448
1288	0.9479032801233966
1289	0.9479032801233966
1290	0.9479032801233966
1291	0.35789936626384034
1292	0.35789936626384034
1293	0.35789936626384034
1294	0.349526086277394
1295	0.349526086277394
1296	0.349526086277394
1297	0.35991322581166696
1298	0.35991322581166696
1299	0.35991322581166696
1300	0.49576701609791923
1301	0.49576701609791923
1302	0.49576701609791923
1303	1.0213829698653727
1304	1.0213829698653727
1305	1.0213829698653727
1306	0.2877998464940259
1307	0.2877998464940259
1308	0.2877998464940259
1309	0.8572154356699984
1310	0.8572154356699984
1311	0.8572154356699984
1312	0.6278904507042148
1313	0.6278904507042148
1314	0.6278904507042148
1315	0.7812203953560906
1316	0.7812203953560906
1317	0.7812203953560906
1318	0.8456673777425098
1319	0.8456673777425098
1320	0.8456673777425098
1321	0.7044075508774161
1322	0.7044075508774161
1323	0.7044075508774161
1324	0.39281424253043246
1325	0.39281424253043246
1326	0.39281424253043246
1327	0.13351599696633942
1328	0.13351599696633942
1329	0.13351599696633942
1330	0.29693259305219183
1331	0.29693259305219183
1332	0.29693259305219183
1333	0.7057797238008976
1334	0.7057797238008976
1335	0.7057797238008976
1336	0.7783083626723505
1337	0.7783083626723505
1338	0.7783083626723505
1339	0.7725811075260185
1340	0.7725811075260185
1341	0.7725811075260185
1342	0.6699738249913256
1343	0.6699738249913256
1344	0.6699738249913256
1345	0.2901214258205555
1346	0.2901214258205555
1347	0.2901214258205555
1348	0.1
1349	0.1
1350	0.1
1351	0.34340858749554903
1352	0.34340858749554903
1353	0.34340858749554903
1354	1.118605219600592
1355	1.118605219600592
1356	1.118605219600592
1357	0.7958736166177084
1358	0.7958736166177084
1359	0.7958736166177084
1360	0.401719220883162
1361	0.401719220883162
1362	0.401719220883162
1363	0.9241872219325118
1364	0.9241872219325118
1365	0.9241872219325118
1366	1.0643261960414492
1367	1.0643261960414492
1368	1.0643261960414492
1369	0.5850022511086719
1370	0.5850022511086719
1371	0.5850022511086719
1372	0.6814037647410419
1373	0.6814037647410419
1374	0.6814037647410419
1375	0.2506250146845256
1376	0.2506250146845256
1377	0.2506250146845256
1378	0.44291757231479845
1379	0.44291757231479845
1380	0.44291757231479845
1381	0.786175374124205
1382	0.786175374124205
1383	0.786175374124205
1384	1.638365292515536
1385	1.638365292515536
1386	1.638365292515536
1387	3.6653227689627497
1388	3.6653227689627497
1389	3.6653227689627497
1390	2.45997541501144
1391	2.45997541501144
1392	2.45997541501144
1393	3.2921463480960034
1394	3.2921463480960034
1395	3.2921463480960034
1396	2.420175529141304
1397	2.420175529141304
1398	2.420175529141304
1399	0.5008356927843978
1400	0.5008356927843978
1401	0.5008356927843978
1402	1.887975764875062
1403	1.887975764875062
1404	1.887975764875062
1405	1.308085880736356
1406	1.308085880736356
1407	1.308085880736356
1408	2.863569805000942
1409	2.863569805000942
1410	2.863569805000942
1411	2.8554083000322974
1412	2.8554083000322974
1413	2.8554083000322974
1414	3.796537924285886
1415	3.796537924285886
1416	3.796537924285886
1417	1.466888884166387
1418	1.466888884166387
1419	1.466888884166387
1420	1.9822977881807862
1421	1.9822977881807862
1422	1.9822977881807862
1423	1.7002600915462702
1424	1.7002600915462702
1425	1.7002600915462702
1426	0.9803668303611397
1427	0.9803668303611397
1428	0.9803668303611397
1429	1.50242603820637
1430	1.50242603820637
1431	1.50242603820637
1432	1.9860867965547833
1433	0.3865929339865408
1434	0.3865929339865408
1435	0.3865929339865408
1436	1.880758210955373
1437	1.880758210955373
1438	1.880758210955373
1439	2.6136776682940193
1440	2.6136776682940193
1441	2.6136776682940193
1442	1.806638680348257
1443	1.806638680348257
1444	1.806638680348257
1445	3.7723380757825713
1446	3.7723380757825713
1447	3.7723380757825713
1448	0.1
1449	0.1
1450	0.1
1451	2.0494838538302322
1452	2.0494838538302322
1453	2.0494838538302322
1454	1.6572360497663992
1455	1.6572360497663992
1456	1.6572360497663992
1457	2.0122485811017845
1458	2.0122485811017845
1459	2.0122485811017845
1460	1.105056273055274
1461	1.105056273055274
1462	1.105056273055274
1463	1.7550341955172213
1464	1.7550341955172213
1465	1.7550341955172213
1466	0.9453748228890552
1467	0.9453748228890552
1468	0.1
1469	0.1
1470	0.1
1471	3.1440266077407717
1472	3.1440266077407717
1473	3.1440266077407717
1474	1.2283288267977315
1475	1.2283288267977315
1476	1.2283288267977315
1477	2.8819852383902305
1478	2.8819852383902305
1479	2.8819852383902305
1480	3.3760329971495704
1481	3.3760329971495704
1482	3.3760329971495704
1483	6.781691041548606
1484	6.781691041548606
1485	6.781691041548606
1486	0.7856018026670508
1487	0.7856018026670508
1488	0.7856018026670508
1489	3.117291630187429
1490	3.117291630187429
1491	3.117291630187429
1492	6.181568168460397
1493	6.181568168460397
1494	6.181568168460397
1495	2.5874983080397795
1496	2.5874983080397795
1497	2.5874983080397795
1498	3.7912078193602934
1499	3.7912078193602934
1500	3.7912078193602934
1501	3.063247038719312
1502	3.063247038719312
1503	3.063247038719312
1504	4.994827643062402
1505	4.994827643062402
1506	4.994827643062402
1507	5.80273499153822
1508	5.80273499153822
1509	5.80273499153822
1510	5.171020519924555
1511	5.171020519924555
1512	5.171020519924555
1513	5.250339260124557
1514	5.250339260124557
1515	5.250339260124557
1516	3.9817033585600763
1517	3.9817033585600763
1518	3.9817033585600763
1519	1.460512801151682
1520	1.460512801151682
1521	1.460512801151682
1522	7.121994919478928
1523	7.121994919478928
1524	7.121994919478928
1525	4.912752430000015
1526	4.912752430000015
1527	4.912752430000015
1528	4.098044739264104
1529	4.098044739264104
1530	4.098044739264104
1531	2.833648303337001
1532	2.833648303337001
1533	2.833648303337001
1534	4.732388668785189
1535	4.732388668785189
1536	4.732388668785189
1537	4.013627602897969
1538	4.013627602897969
1539	4.013627602897969
1540	3.2278980521102696
1541	3.2278980521102696
1542	3.2278980521102696
1543	7.878711228599209
1544	7.878711228599209
1545	7.878711228599209
1546	7.5840291885713915
1547	7.5840291885713915
1548	7.5840291885713915
1549	5.950221609002439
1550	5.950221609002439
1551	5.950221609002439
1552	0.1
1553	0.1
1554	0.1
1555	1.0296587535911539
1556	1.0296587535911539
1557	1.0296587535911539
1558	0.1
1559	0.1
1560	0.1
1561	1.768256055012218
1562	1.768256055012218
1563	1.768256055012218
1564	7.376637648817945
1565	7.376637648817945
1566	7.376637648817945
1567	4.502515335635502
1568	4.502515335635502
1569	4.502515335635502
1570	5.2842109099780075
1571	5.2842109099780075
1572	5.2842109099780075
1573	6.83338458753375
1574	6.83338458753375
1575	6.83338458753375
1576	2.4214653473444923
1577	2.4214653473444923
1578	2.4214653473444923
1579	3.698567448981258
1580	3.698567448981258
1581	3.698567448981258
1582	4.987819457422747
1583	4.987819457422747
1584	4.987819457422747
1585	4.511591332210719
1586	4.511591332210719
1587	4.511591332210719
1588	5.572673682073741
1589	5.572673682073741
1590	5.572673682073741
1591	7.279014826353025
1592	7.279014826353025
1593	7.279014826353025
1594	8.66348189715485
1595	8.66348189715485
1596	8.66348189715485
1597	2.464259853372171
1598	2.464259853372171
1599	2.464259853372171
1600	5.8230820833619035
1601	5.8230820833619035
1602	5.8230820833619035
1603	5.276254447643657
1604	5.276254447643657
1605	5.276254447643657
1606	6.142377369556467
1607	6.142377369556467
1608	6.142377369556467
1609	6.485098588929727
1610	6.485098588929727
1611	6.485098588929727
1612	7.697487355899517
1613	7.697487355899517
1614	7.697487355899517
1615	5.168330544623005
1616	5.168330544623005
1617	5.168330544623005
1618	5.019569769832567
1619	5.019569769832567
1620	5.019569769832567
1621	4.487960131813988
1622	4.487960131813988
1623	4.487960131813988
1624	4.8499766503654635
1625	4.8499766503654635
1626	4.8499766503654635
1627	3.6719273692247696
1628	3.6719273692247696
1629	3.6719273692247696
1630	3.5853696281709424
1631	3.5853696281709424
1632	3.5853696281709424
1633	5.408596717687917
1634	5.408596717687917
1635	5.408596717687917
1636	3.1312386265720393
1637	3.1312386265720393
1638	3.1312386265720393
1639	4.6798242373619985
1640	4.6798242373619985
1641	4.6798242373619985
1642	3.6915103552648034
1643	3.6915103552648034
1644	3.6915103552648034
1645	6.205501795363169
1646	6.205501795363169
1647	6.205501795363169
1648	2.5559338253573394
1649	2.5559338253573394
1650	2.5559338253573394
1651	3.7792070626701473
1652	3.7792070626701473
1653	3.7792070626701473
1654	2.6308099137254146
1655	2.6308099137254146
1656	2.6308099137254146
1657	4.806842113065184
1658	4.806842113065184
1659	4.806842113065184
1660	1.9917351245073536
1661	1.9917351245073536
1662	1.9917351245073536
1663	5.386759779623239
1664	5.386759779623239
1665	5.386759779623239
1666	4.118198283304927
1667	4.118198283304927
1668	4.118198283304927
1669	5.457183789664302
1670	5.457183789664302
1671	5.457183789664302
1672	6.66188204552321
1673	6.66188204552321
1674	6.66188204552321
1675	6.711860874460694
1676	6.711860874460694
1677	6.711860874460694
1678	3.655972975832581
1679	3.655972975832581
1680	3.655972975832581
1681	3.131629305310338
1682	3.131629305310338
1683	3.131629305310338
1684	0.1
1685	0.1
1686	0.1
1687	6.46330470434423
1688	6.46330470434423
1689	6.46330470434423
1690	3.7130037842925336
1691	3.7130037842925336
1692	3.7130037842925336
1693	4.046677816164271
1694	4.046677816164271
1695	4.046677816164271
1696	6.458228427237701
1697	6.458228427237701
1698	6.458228427237701
1699	2.5384065461086056
1700	2.5384065461086056
1701	2.5384065461086056
1702	6.851128555960035
1703	6.851128555960035
1704	6.851128555960035
1705	6.720850540659642
1706	6.720850540659642
1707	6.720850540659642
1708	6.499782082525373
1709	6.499782082525373
1710	6.499782082525373
1711	5.352448420457956
1712	5.352448420457956
1713	5.352448420457956
1714	6.28472954597858
1715	6.28472954597858
1716	6.28472954597858
1717	3.5965979325019712
1718	3.5965979325019712
1719	3.5965979325019712
1720	3.5094919482179447
1721	3.5094919482179447
1722	3.5094919482179447
1723	5.468261394121632
1724	5.468261394121632
1725	5.468261394121632
1726	2.3424114784981604
1727	2.3424114784981604
1728	2.3424114784981604
1729	6.534811885194953
1730	6.534811885194953
1731	6.534811885194953
1732	1.9557108423336098
1733	1.9557108423336098
1734	1.9557108423336098
1735	4.043917540694277
1736	4.043917540694277
1737	4.043917540694277
1738	4.5702502613345075
1739	4.5702502613345075
1740	4.5702502613345075
1741	0.34112734186648286
1742	0.34112734186648286
1743	0.34112734186648286
1744	2.938401495552596
1745	2.938401495552596
1746	2.938401495552596
1747	3.079996331943258
1748	3.079996331943258
1749	3.079996331943258
1750	3.282037423802084
1751	3.282037423802084
1752	3.282037423802084
1753	4.694180296973899
1754	4.694180296973899
1755	4.694180296973899
1756	0.1
1757	0.1
1758	0.1
1759	6.430724474869027
1760	6.430724474869027
1761	6.430724474869027
1762	3.500144163296201
1763	3.500144163296201
1764	3.500144163296201
1765	4.667942809418738
1766	4.667942809418738
1767	4.667942809418738
1768	4.417882218306461
1769	4.417882218306461
1770	4.417882218306461
1771	3.370815173522534
1772	3.370815173522534
1773	3.370815173522534
1774	5.741553762004556
1775	5.741553762004556
1776	5.741553762004556
1777	6.739507045072919
1778	6.739507045072919
1779	6.739507045072919
1780	2.4173047572144823
1781	2.4173047572144823
1782	2.4173047572144823
1783	3.6835703812395453
1784	3.6835703812395453
1785	3.6835703812395453
1786	2.8309203715545115
1787	2.8309203715545115
1788	2.8309203715545115
1789	2.1708976294594793
1790	2.1708976294594793
1791	2.1708976294594793
1792	4.5084768944772415
1793	4.5084768944772415
1794	4.5084768944772415
1795	10.380231070573851
1796	10.380231070573851
1797	10.380231070573851
1798	5.537443961018197
1799	5.537443961018197
1800	5.537443961018197
1801	8.865368541805108
1802	8.865368541805108
1803	8.865368541805108
1804	7.19425827601928
1805	7.19425827601928
1806	7.19425827601928
1807	6.063793869954647
1808	6.063793869954647
1809	6.063793869954647
1810	6.112504676465612
1811	6.112504676465612
1812	6.112504676465612
1813	4.343307427574742
1814	4.343307427574742
1815	4.343307427574742
1816	5.0822632939927725
1817	5.0822632939927725
1818	5.0822632939927725
1819	3.077680654819895
1820	3.077680654819895
1821	3.077680654819895
1822	6.792016292531221
1823	6.792016292531221
1824	6.792016292531221
1825	4.177271275644478
1826	4.177271275644478
1827	4.177271275644478
1828	4.284864323216351
1829	4.284864323216351
1830	4.284864323216351
1831	1.711684339626109
1832	1.711684339626109
1833	1.711684339626109
1834	7.302808359979299
1835	7.302808359979299
1836	7.302808359979299
1837	3.6955552727443948
1838	3.6955552727443948
1839	3.6955552727443948
1840	2.658654181688865
1841	2.658654181688865
1842	2.658654181688865
1843	4.912678388032261
1844	4.912678388032261
1845	4.912678388032261
1846	3.6854538712007052
1847	3.6854538712007052
1848	3.6854538712007052
1849	4.806737929416864
1850	4.806737929416864
1851	4.806737929416864
1852	6.000090558704088
1853	6.000090558704088
1854	6.000090558704088
1855	2.5908742915620078
1856	2.5908742915620078
1857	2.5908742915620078
1858	0.6579045092688545
1859	0.6579045092688545
1860	0.6579045092688545
1861	5.9120166565001036
1862	5.9120166565001036
1863	5.9120166565001036
1864	5.028257713774912
1865	5.028257713774912
1866	5.028257713774912
1867	4.956055030968425
1868	4.956055030968425
1869	4.956055030968425
1870	7.611503022105595
1871	7.611503022105595
1872	7.611503022105595
1873	1.660059935345216
1874	1.660059935345216
1875	1.660059935345216
1876	4.47562465332068
1877	4.47562465332068
1878	4.47562465332068
1879	4.508861210183117
1880	4.508861210183117
1881	4.508861210183117
1882	5.298533559448345
1883	5.298533559448345
1884	5.298533559448345
1885	7.948061106012825
1886	7.948061106012825
1887	7.948061106012825
1888	1.517297239348737
1889	1.517297239348737
1890	1.517297239348737
1891	3.1156197493865916
1892	3.1156197493865916
1893	3.1156197493865916
1894	0.46120658903696743
1895	0.46120658903696743
1896	0.46120658903696743
1897	3.368584132576072
1898	3.368584132576072
1899	3.368584132576072
1900	0.6028474414261069
1901	0.6028474414261069
1902	0.6028474414261069
1903	4.267271069259134
1904	4.267271069259134
1905	4.267271069259134
1906	4.720012565428686
1907	4.720012565428686
1908	4.720012565428686
1909	4.9495406845655285
1910	4.9495406845655285
1911	4.9495406845655285
1912	5.241779517555561
1913	5.241779517555561
1914	5.241779517555561
1915	1.1186179257178837
1916	1.1186179257178837
1917	1.1186179257178837
1918	4.358903862010255
1919	4.358903862010255
1920	4.358903862010255
1921	6.79954880829596
1922	6.79954880829596
1923	6.79954880829596
1924	5.069511140527639
1925	5.069511140527639
1926	5.069511140527639
1927	6.058431751860336
1928	6.058431751860336
1929	6.058431751860336
1930	6.654326740437442
1931	6.654326740437442
1932	6.654326740437442
1933	5.527847336077052
1934	5.527847336077052
1935	5.527847336077052
1936	4.3530922452849605
1937	0.1
1938	0.1
1939	0.1
1940	5.102402205157274
1941	5.102402205157274
1942	5.102402205157274
1943	2.3747985007379633
1944	2.3747985007379633
1945	2.3747985007379633
1946	7.05328884121451
1947	7.05328884121451
1948	7.05328884121451
1949	2.180689114789458
1950	2.180689114789458
1951	2.180689114789458
1952	4.376353197583873
1953	4.376353197583873
1954	4.376353197583873
1955	1.2830191314876038
1956	1.2830191314876038
1957	1.2830191314876038
1958	4.025096905176845
1959	4.025096905176845
1960	4.025096905176845
1961	3.786571365623752
1962	3.786571365623752
1963	3.786571365623752
1964	5.065097791513342
1965	5.065097791513342
1966	5.065097791513342
1967	5.264250561709528
1968	5.264250561709528
1969	5.264250561709528
1970	4.645699802649689
1971	4.645699802649689
1972	4.645699802649689
1973	3.5448297367428734
1974	3.5448297367428734
1975	3.5448297367428734
1976	5.5050428538052705
1977	5.339814422050649
1978	5.339814422050649
1979	5.339814422050649
1980	2.7223374528181785
1981	2.7223374528181785
1982	2.7223374528181785
1983	3.5924381866138195
1984	3.5924381866138195
1985	3.5924381866138195
1986	1.4660171832190647
1987	1.4660171832190647
1988	1.4660171832190647
1989	2.5305459534648365
1990	2.5305459534648365
1991	2.5305459534648365
1992	3.283337248790245
1993	3.283337248790245
1994	3.283337248790245
1995	1.2389665590125365
1996	1.2389665590125365
1997	1.2389665590125365
1998	0.494666432879324
1999	0.494666432879324
