0	0.2177714598927169
1	0.2177714598927169
2	0.2518049826175882
3	0.2518049826175882
4	0.26773824427666587
5	0.26773824427666587
6	0.23240946167614362
7	0.23240946167614362
8	0.1
9	4.056392654785041
10	4.056392654785041
11	4.1041452031738785
12	4.1041452031738785
13	3.412646710521998
14	3.412646710521998
15	3.477114972086133
16	3.477114972086133
17	2.9494895059435935
18	2.9494895059435935
19	2.4115796733468224
20	2.4115796733468224
21	3.4695521845551083
22	3.4695521845551083
23	2.3730554950279767
24	2.3730554950279767
25	2.9265382635475485
26	2.9265382635475485
27	4.989487335405864
28	4.989487335405864
29	3.6795871151672026
30	1.5557249770811574
31	1.0753665944432518
32	1.0753665944432518
33	1.1946175115441953
34	1.1946175115441953
35	0.3302090033898515
36	0.3302090033898515
37	0.952136902845204
38	0.952136902845204
39	1.2884347166790906
40	1.2884347166790906
41	1.062331482650915
42	1.062331482650915
43	0.9566570180508691
44	0.7206709179038511
45	0.7206709179038511
46	0.37462739987335675
47	0.37462739987335675
48	0.5396059229163286
49	0.5396059229163286
50	1.056809901052461
51	1.056809901052461
52	0.5987264112519863
53	0.5987264112519863
54	0.9264907193986287
55	0.9264907193986287
56	0.6894517350243601
57	0.6894517350243601
58	0.510412370697868
59	0.510412370697868
60	0.7605190633384242
61	0.7605190633384242
62	2.540151497166524
63	2.540151497166524
64	0.6215345674709631
65	0.6215345674709631
66	4.701527920223412
67	4.701527920223412
68	2.8527376639053545
69	2.8527376639053545
70	1.0956873606408393
71	1.0956873606408393
72	1.434495687101244
73	1.434495687101244
74	2.4108137197466077
75	2.4108137197466077
76	0.9095032630716808
77	0.9095032630716808
78	3.609100706991319
79	3.609100706991319
80	2.6789801586128332
81	2.6789801586128332
82	4.253912337362021
83	4.253912337362021
84	0.999365054738826
85	1.7606065325914761
86	1.7606065325914761
87	1.7481427268656717
88	1.7481427268656717
89	0.5034176552224767
90	0.5034176552224767
91	2.0350576371707443
92	2.0350576371707443
93	2.389106552258295
94	3.7683850753860404
95	3.7683850753860404
96	4.538162884304666
97	4.538162884304666
98	4.1827091130611675
99	4.1827091130611675
100	2.536817277933602
101	2.536817277933602
102	5.9275006178349905
103	5.9275006178349905
104	5.127744387360256
105	5.127744387360256
106	3.9777560185569243
107	3.9777560185569243
108	0.7158560095233968
109	0.7158560095233968
110	4.662149359898674
111	4.662149359898674
112	2.7104324330313188
113	2.7104324330313188
114	5.10151005543023
115	5.10151005543023
116	2.413327407372485
117	2.413327407372485
118	4.414268748854241
119	4.414268748854241
120	4.128081437840983
121	4.128081437840983
122	2.387964118860193
123	2.387964118860193
124	3.879681279641387
125	3.879681279641387
126	4.485707800244988
127	4.485707800244988
128	1.5555309272123918
129	1.5555309272123918
130	5.77583975680058
131	5.77583975680058
132	4.567050161865797
133	4.567050161865797
134	5.634993824244441
135	5.634993824244441
136	3.327677964867811
137	3.327677964867811
138	3.822394670754307
139	1.104725855406358
140	1.104725855406358
141	0.44806264585202593
142	0.44806264585202593
143	1.4310698668626936
144	1.4310698668626936
145	0.8052435398288298
146	0.8052435398288298
147	1.2723872293837089
148	1.2723872293837089
149	1.4184846671803735
150	1.4184846671803735
151	1.1227696503570224
152	1.1227696503570224
153	0.6697434507429261
154	0.6697434507429261
155	1.465201440297776
156	1.465201440297776
157	0.6927331879009827
158	0.6927331879009827
159	1.4392919284382062
160	1.4392919284382062
161	0.9810892829054155
162	0.9810892829054155
163	1.2576887803127066
164	1.2576887803127066
165	1.2942252241148555
166	1.2942252241148555
167	1.2740150371981662
168	1.2740150371981662
169	1.6234988332581688
170	1.6234988332581688
171	0.8339170969798981
172	0.8339170969798981
173	1.3042786840280067
174	1.3042786840280067
175	1.5661602698093564
176	1.5661602698093564
177	0.23214176649703155
178	0.23214176649703155
179	0.948356977508104
180	0.948356977508104
181	0.7605286938209235
182	0.7605286938209235
183	1.3746768958640927
184	1.3746768958640927
185	1.47066422431723
186	1.47066422431723
187	0.9936327325209883
188	0.9936327325209883
189	1.1589699833976819
190	1.1589699833976819
191	1.2821806830929672
192	1.2821806830929672
193	1.2505421949709894
194	1.2505421949709894
195	1.2079015858352053
196	2.7264441725075197
197	2.7264441725075197
198	3.284644359150188
199	3.284644359150188
200	4.988954090446182
201	4.988954090446182
202	6.431990602625053
203	6.431990602625053
204	4.881241642718241
205	4.881241642718241
206	3.269081457764632
207	3.269081457764632
208	4.619565770586077
209	4.619565770586077
210	3.4547438695351116
211	3.4547438695351116
212	5.876377104712109
213	5.876377104712109
214	5.497189176718671
215	5.497189176718671
216	3.995336906692715
217	3.995336906692715
218	3.6661303338200177
219	3.6661303338200177
220	6.559459106716616
221	6.559459106716616
222	3.2249737524511928
223	3.2249737524511928
224	5.187097691193129
225	5.187097691193129
226	4.864712555446612
227	4.864712555446612
228	5.275710771328763
229	5.275710771328763
230	3.1967401091850967
231	0.1154153850555908
232	0.1154153850555908
233	0.2372031501358802
234	0.2372031501358802
235	0.17456531290643507
236	0.17456531290643507
237	0.2576390701969816
238	0.2576390701969816
239	0.1
240	0.1
241	0.16174871845320937
242	0.16174871845320937
243	0.22806940549123209
244	0.22806940549123209
245	0.18727026966340005
246	0.18727026966340005
247	0.3063449576653411
248	0.3063449576653411
249	0.14982906989528164
250	0.14982906989528164
251	0.18672883562628614
252	0.18672883562628614
253	0.22955580481979537
254	0.22955580481979537
255	0.21640592130250566
256	0.21640592130250566
257	0.20478861967840226
258	0.20478861967840226
259	0.19444627065256478
260	0.19444627065256478
261	0.14192066437073433
262	0.14192066437073433
263	0.20190126784012524
264	0.20190126784012524
265	2.718163019822238
266	2.718163019822238
267	4.458972016543416
268	1.513360686485312
269	3.918484377501289
270	4.477512492929583
271	4.477512492929583
272	4.501814399854617
273	4.501814399854617
274	5.3909837248151815
275	5.3909837248151815
276	4.605210602684357
277	4.605210602684357
278	4.0124718512526885
279	4.0124718512526885
280	6.34939658232288
281	6.34939658232288
282	2.1530182958708974
283	2.1530182958708974
284	2.5672519156932347
285	2.5672519156932347
286	5.495106016848313
287	5.495106016848313
288	6.654419135501856
289	6.654419135501856
290	6.760572405559566
291	6.760572405559566
292	2.9944747759479453
293	2.9944747759479453
294	4.587923193488914
295	4.587923193488914
296	3.323943650138708
297	3.323943650138708
298	3.005441735334899
299	3.005441735334899
300	1.639332286069342
301	1.639332286069342
302	1.8563399321929328
303	1.8563399321929328
304	4.63081565264378
305	4.63081565264378
306	6.666989920152325
307	6.666989920152325
308	4.649327379241162
309	4.649327379241162
310	6.140966617355762
311	6.140966617355762
312	3.068026721082129
313	3.068026721082129
314	3.2218403155874427
315	3.2218403155874427
316	6.083446388496952
317	6.083446388496952
318	7.8811540067408625
319	7.8811540067408625
320	5.373355209021466
321	5.373355209021466
322	3.91873032847885
323	3.91873032847885
324	5.03156300453625
325	5.03156300453625
326	7.105445275135249
327	7.105445275135249
328	4.41273174429117
329	4.41273174429117
330	5.693451982277595
331	5.693451982277595
332	5.050097951093105
333	5.050097951093105
334	4.934570123647277
335	4.934570123647277
336	4.300486180251071
337	4.300486180251071
338	5.113264949280654
339	5.113264949280654
340	3.9997309616825603
341	3.9997309616825603
342	2.631985848881019
343	2.631985848881019
344	6.036544042881012
345	6.036544042881012
346	6.472844441123222
347	6.472844441123222
348	3.0556453831023207
349	3.0556453831023207
350	3.371121922919623
351	3.371121922919623
352	3.601259141316571
353	3.601259141316571
354	1.8376514325986042
355	2.2624886664579993
356	2.2624886664579993
357	3.8117664001415745
358	3.8117664001415745
359	4.87723617705933
360	4.87723617705933
361	2.631408819431477
362	2.631408819431477
363	4.5908083731643
364	4.5908083731643
365	4.057913086133137
366	4.057913086133137
367	2.5195568648766824
368	2.5195568648766824
369	1.5027822939853999
370	1.5027822939853999
371	0.9342997924387242
372	0.9342997924387242
373	1.967628941310685
374	1.967628941310685
375	5.698750198471901
376	5.698750198471901
377	2.445313072667549
378	2.445313072667549
379	3.5654859172240694
380	3.5654859172240694
381	4.551559692527678
382	4.551559692527678
383	4.524258608342391
384	4.524258608342391
385	2.892815370998135
386	2.892815370998135
387	2.356331765928082
388	2.356331765928082
389	3.227245496893138
390	3.227245496893138
391	4.630206775354392
392	4.630206775354392
393	5.067634637305375
394	5.067634637305375
395	2.7539646809501086
396	2.7539646809501086
397	4.3411188032049415
398	4.3411188032049415
399	5.135998678240384
400	3.43335093353409
401	3.43335093353409
402	4.575394480213552
403	4.575394480213552
404	2.4693195330075994
405	2.4693195330075994
406	3.138133436094005
407	3.138133436094005
408	0.5491283906479394
409	0.5491283906479394
410	2.9912960568989395
411	2.9912960568989395
412	2.437495772574884
413	2.437495772574884
414	1.7867067807908572
415	1.7867067807908572
416	3.5088049357331332
417	3.5088049357331332
418	2.539197018864636
419	2.539197018864636
420	1.7429922528573165
421	1.7429922528573165
422	2.4581165126638527
423	2.4581165126638527
424	2.731307794538179
425	2.731307794538179
426	3.3157772120702247
427	3.3157772120702247
428	1.20135370940077
429	1.20135370940077
430	3.0766870381709834
431	3.0766870381709834
432	3.3977610909590754
433	3.3977610909590754
434	2.19871406647074
435	2.19871406647074
436	3.2909488121664383
437	3.2909488121664383
438	2.6206627382636722
439	2.6206627382636722
440	2.4604009558246407
441	2.4604009558246407
442	1.980707704708975
443	1.980707704708975
444	3.9551390703507048
445	3.9551390703507048
446	2.727713956394364
447	1.6921363924281319
448	1.6921363924281319
449	0.6524295393646069
450	0.6524295393646069
451	0.7906819040438936
452	0.7906819040438936
453	1.1742254873896252
454	1.1742254873896252
455	1.3549412620102386
456	1.3549412620102386
457	1.208585770877421
458	1.208585770877421
459	0.9951708838971579
460	0.9951708838971579
461	1.6188272641060617
462	1.6188272641060617
463	1.12571823666691
464	1.12571823666691
465	0.7883352959147917
466	0.7883352959147917
467	0.9762661951349642
468	0.9762661951349642
469	1.0099373897722133
470	1.0099373897722133
471	1.1696244941700833
472	1.1696244941700833
473	0.6917545863020471
474	0.6917545863020471
475	1.8834130488226104
476	1.8834130488226104
477	0.7404026939795862
478	0.7404026939795862
479	1.2427668938815566
480	3.0803502748689953
481	3.0803502748689953
482	2.3468037842122738
483	2.3468037842122738
484	0.5872162169396429
485	2.2192917739463707
486	2.2192917739463707
487	3.4619614995460357
488	3.4619614995460357
489	3.7424232959910744
490	3.7424232959910744
491	6.29515166931369
492	6.29515166931369
493	3.318529957928259
494	3.318529957928259
495	3.8254664700271728
496	3.8254664700271728
497	3.6522865218857303
498	3.6522865218857303
499	3.9305821581352154
500	1.861908688349669
501	1.861908688349669
502	2.3348111290224125
503	2.3348111290224125
504	1.0050949123068438
505	1.0050949123068438
506	2.017665620484317
507	2.017665620484317
508	1.7692698382331185
509	1.7692698382331185
510	2.88283691284747
511	3.6231058102161002
512	3.6231058102161002
513	4.843101535869613
514	4.843101535869613
515	5.991142494971408
516	5.991142494971408
517	3.13483394814247
518	3.13483394814247
519	3.102601585639233
520	3.102601585639233
521	2.752884879746367
522	2.752884879746367
523	3.5432936070121595
524	3.5432936070121595
525	2.271575823662169
526	2.271575823662169
527	5.765391469932837
528	5.765391469932837
529	5.546315639993667
530	5.546315639993667
531	3.789753654382673
532	3.789753654382673
533	3.7575167224341812
534	3.7575167224341812
535	3.9720431952832564
536	3.9720431952832564
537	2.9234141853971156
538	2.9234141853971156
539	5.1163674101590475
540	5.1163674101590475
541	4.428447256419271
542	4.428447256419271
543	6.217314895141525
544	6.217314895141525
545	2.495797397141306
546	2.495797397141306
547	5.00161327124838
548	5.00161327124838
549	2.2192365256812416
550	2.2192365256812416
551	3.266243385623374
552	3.266243385623374
553	3.5278445793802153
554	3.391981727227934
555	3.391981727227934
556	2.5926108760025626
557	2.5926108760025626
558	1.113741868945993
559	1.113741868945993
560	0.884758726303494
561	0.884758726303494
562	0.5789953389965286
563	0.5789953389965286
564	0.8752426079810866
565	0.8752426079810866
566	1.290088044524331
567	1.290088044524331
568	1.4268449503543628
569	1.4268449503543628
570	1.5648658733646945
571	1.5648658733646945
572	0.7529332533012252
573	0.7529332533012252
574	1.9003297962589247
575	0.19136305393707034
576	0.19136305393707034
577	0.1953032822110959
578	0.1953032822110959
579	0.12238126926236728
580	0.12238126926236728
581	0.15958245376920455
582	0.15958245376920455
583	0.2051369887597756
584	0.2051369887597756
585	0.2878302340028173
586	0.2878302340028173
587	0.1828252043312441
588	0.1828252043312441
589	0.24271234780188125
590	0.24271234780188125
591	0.15113863214793
592	0.15113863214793
593	0.16463313471353846
594	0.16463313471353846
595	0.3287812238205014
596	1.607746402596451
597	1.607746402596451
598	1.7897820672632982
599	1.7897820672632982
600	1.5663148552536996
601	1.5663148552536996
602	1.1808994294083517
603	1.1808994294083517
604	1.9561807678992107
605	1.9561807678992107
606	2.5439998123182663
607	2.5439998123182663
608	2.209865813460555
609	2.209865813460555
610	2.009021574903725
611	2.009021574903725
612	2.4721000675961493
613	2.4721000675961493
614	1.9286032285290835
615	1.9286032285290835
616	2.419647096383954
617	2.419647096383954
618	2.1011852530401054
619	2.1011852530401054
620	2.546463227124417
621	2.546463227124417
622	1.4944718047989916
623	1.4944718047989916
624	1.8136929337251204
625	1.8136929337251204
626	2.0447263696149216
627	2.0447263696149216
628	2.321069312232775
629	2.321069312232775
630	3.3529800013050646
631	3.3529800013050646
632	3.196527580924905
633	3.196527580924905
634	2.8929760273165583
635	2.8929760273165583
636	2.2142345001293022
637	2.2142345001293022
638	1.7200172192766467
639	1.7200172192766467
640	2.0121959299709196
641	2.0121959299709196
642	1.2232163479636537
643	1.2232163479636537
644	2.227566849900205
645	2.227566849900205
646	1.492551574021939
647	1.492551574021939
648	1.630317453474959
649	1.630317453474959
650	2.108683381026487
651	2.108683381026487
652	2.8478664569758974
653	2.8478664569758974
654	2.7991323841472178
655	2.7991323841472178
656	1.9861480374406524
657	1.9861480374406524
658	2.0876106465025743
659	2.0876106465025743
660	1.801809458311386
661	1.801809458311386
662	1.8040469742658856
663	1.8040469742658856
664	2.6008197569676534
665	2.6008197569676534
666	0.7978264296127733
667	0.7978264296127733
668	0.3891351333142401
669	0.3891351333142401
670	1.6340681619250175
671	1.6340681619250175
672	3.263194193994784
673	3.263194193994784
674	2.3458631995879036
675	2.3458631995879036
676	1.749507350749827
677	1.749507350749827
678	2.605766956195847
679	2.605766956195847
680	1.8952444624774665
681	1.8952444624774665
682	2.461257750816331
683	2.461257750816331
684	2.5641853592595445
685	2.5641853592595445
686	1.9167985679104946
687	1.9167985679104946
688	1.1719897879557206
689	1.1719897879557206
690	1.9425864243806186
691	1.9425864243806186
692	1.8929447841591371
693	1.8929447841591371
694	2.753794236304859
695	2.753794236304859
696	2.1985750749862247
697	2.1985750749862247
698	0.9857722033680754
699	0.9857722033680754
700	2.9067389707748457
701	2.9067389707748457
702	2.4823945371826137
703	2.4823945371826137
704	2.0273931485354804
705	2.0273931485354804
706	2.0185378086013834
707	2.0185378086013834
708	1.77982065460588
709	1.77982065460588
710	4.653224757137348
711	4.653224757137348
712	3.8982597084475845
713	3.8982597084475845
714	2.7616601655530686
715	2.7616601655530686
716	2.3567627234347253
717	2.3567627234347253
718	3.3888249230971432
719	3.3888249230971432
720	3.376089458178896
721	3.376089458178896
722	3.284172611787929
723	3.284172611787929
724	4.172348506823291
725	4.172348506823291
726	3.729968221867923
727	3.729968221867923
728	3.0370370938056777
729	2.5633669545758617
730	2.5633669545758617
731	1.9590147090537504
732	1.9590147090537504
733	1.3993071764269183
734	1.3993071764269183
735	1.514346143449149
736	1.514346143449149
737	0.9548767194764621
738	0.9548767194764621
739	1.5160232504725868
740	1.5160232504725868
741	0.7655087866052799
742	0.7655087866052799
743	1.060835488656679
744	1.060835488656679
745	1.199017422303374
746	1.199017422303374
747	1.8470458801941303
748	1.8470458801941303
749	2.062707436806917
750	2.062707436806917
751	0.664743592312778
752	0.664743592312778
753	1.7813618969886442
754	1.7813618969886442
755	2.560390556643958
756	2.560390556643958
757	1.5467223082413686
758	1.5467223082413686
759	2.095216068982788
760	2.095216068982788
761	1.0794662592750837
762	1.0794662592750837
763	2.488525245563988
764	2.488525245563988
765	1.8803605861432704
766	1.8803605861432704
767	2.2785539226837397
768	2.2785539226837397
769	1.2995125509784953
770	1.2995125509784953
771	2.5092061912938535
772	2.5092061912938535
773	0.6632000254982129
774	0.6632000254982129
775	1.7907759709066777
776	1.7907759709066777
777	1.8203433618186649
778	1.8203433618186649
779	2.2507658689769654
780	2.2507658689769654
781	2.3084488988760485
782	2.3084488988760485
783	1.849077368635827
784	1.849077368635827
785	1.8764885330187808
786	1.8764885330187808
787	1.5065029779820862
788	1.5065029779820862
789	2.158431302325854
790	2.158431302325854
791	1.2305761383053593
792	1.2305761383053593
793	0.6992347518055689
794	0.6992347518055689
795	1.79692372959068
796	1.79692372959068
797	5.371576451628806
798	5.371576451628806
799	2.625516159248792
800	2.625516159248792
801	5.243276697334313
802	5.243276697334313
803	2.378009378136226
804	2.378009378136226
805	0.9353302002494727
806	0.9353302002494727
807	0.6886954163316628
808	0.6886954163316628
809	0.8132370024552353
810	0.8132370024552353
811	1.2572006715279966
812	1.2572006715279966
813	0.277099593871289
814	0.277099593871289
815	1.0748776648529468
816	1.0748776648529468
817	0.9867517432196674
818	0.30959664494981753
819	0.30959664494981753
820	0.28713049684730035
821	0.28713049684730035
822	0.1469606028625676
823	0.1469606028625676
824	0.1
825	0.1
826	0.13672232585920713
827	0.13672232585920713
828	0.1674356026607458
829	0.1674356026607458
830	0.18812297138052617
831	0.18812297138052617
832	0.2929556260827709
833	0.2929556260827709
834	0.14613926128526125
835	0.14613926128526125
836	0.20296537947936102
837	0.20296537947936102
838	0.20156281096639805
839	0.20156281096639805
840	0.1581679455213422
841	0.1581679455213422
842	0.15167850824943932
843	0.15167850824943932
844	0.23864219392398783
845	0.23864219392398783
846	0.10127748057824104
847	0.10127748057824104
848	0.138831874217213
849	0.138831874217213
850	0.172105029532219
851	0.172105029532219
852	0.1462010498637911
853	0.1462010498637911
854	0.21285803811502765
855	0.21285803811502765
856	0.18497051505892576
857	0.18497051505892576
858	0.3078357983075143
859	0.3078357983075143
860	0.2853300011450332
861	0.2853300011450332
862	0.18596830260423244
863	0.18596830260423244
864	0.18896681540805602
865	0.18896681540805602
866	0.24024912330551088
867	0.24024912330551088
868	0.20786803756128758
869	0.20786803756128758
870	0.27984892172333764
871	0.27984892172333764
872	1.1184347362776776
873	0.31178793350500633
874	0.31178793350500633
875	0.6538352503316479
876	0.6538352503316479
877	0.7294491987146335
878	0.7294491987146335
879	0.9285908478406198
880	0.9285908478406198
881	0.7974536772651537
882	0.7974536772651537
883	0.5137331862110985
884	0.5137331862110985
885	0.53083153349458
886	0.53083153349458
887	0.1
888	0.1
889	0.7457145758955726
890	0.7457145758955726
891	3.2982286589393004
892	3.2982286589393004
893	2.6116123980020216
894	2.6116123980020216
895	0.10318255025375533
896	0.10318255025375533
897	1.7687228459978492
898	1.7687228459978492
899	2.2232689203523357
900	2.2232689203523357
901	1.5966953786173126
902	1.5966953786173126
903	3.0728570955873806
904	3.0728570955873806
905	1.5615438828192787
906	1.5615438828192787
907	1.3246290819173974
908	1.3246290819173974
909	3.007664962429907
910	3.007664962429907
911	4.058664968920532
912	4.058664968920532
913	3.9496079141122076
914	3.9496079141122076
915	2.195018090789173
916	2.195018090789173
917	0.8593077287695026
918	0.8593077287695026
919	2.865802055774151
920	2.865802055774151
921	3.6424481866567193
922	3.6424481866567193
923	3.347360737879014
924	3.347360737879014
925	4.884725989300792
926	4.884725989300792
927	2.7400615223835363
928	2.7400615223835363
929	2.1075902980334513
930	2.1075902980334513
931	2.6433530277509276
932	2.6433530277509276
933	1.8560467269103071
934	1.8560467269103071
935	2.086376648573922
936	2.086376648573922
937	1.0638796610512422
938	1.0638796610512422
939	3.1699470712726425
940	3.1699470712726425
941	5.712199073230544
942	5.712199073230544
943	4.0253812997288
944	4.0253812997288
945	2.3147526813571897
946	2.3147526813571897
947	3.938201704489944
948	3.938201704489944
949	5.791878219153902
950	5.791878219153902
951	6.772825734989562
952	6.772825734989562
953	3.350252954372333
954	3.350252954372333
955	6.622976946461985
956	6.622976946461985
957	1.6474500296325072
958	1.6474500296325072
959	2.416891518922542
960	2.416891518922542
961	3.9347106256423676
962	3.9347106256423676
963	5.9412872449298435
964	5.9412872449298435
965	4.2817414905760405
966	4.2817414905760405
967	3.0626230175177445
968	3.0626230175177445
969	4.0746273123054895
970	4.0746273123054895
971	4.677267147809549
972	4.677267147809549
973	3.766220373000524
974	3.766220373000524
975	3.3990739051289425
976	3.3990739051289425
977	3.708142099196613
978	3.708142099196613
979	1.931101872726846
980	1.931101872726846
981	3.01166224826163
982	3.01166224826163
983	5.002194860528154
984	5.002194860528154
985	5.10166741357034
986	5.10166741357034
987	5.159414859611159
988	5.159414859611159
989	2.0647825710181587
990	2.0647825710181587
991	4.6181339382795565
992	4.6181339382795565
993	1.1739884023268217
994	1.1739884023268217
995	2.770564394270057
996	2.770564394270057
997	3.6049828692505375
998	3.6049828692505375
999	4.545506517098352
1000	4.545506517098352
1001	2.870516579159547
1002	2.870516579159547
1003	4.372231323360519
1004	4.372231323360519
1005	1.6038585498972964
1006	1.6038585498972964
1007	2.1919288870254463
1008	2.1919288870254463
1009	4.697005299398367
1010	4.697005299398367
1011	5.173055895039536
1012	5.173055895039536
1013	0.8960490795093636
1014	0.9796364963113801
1015	0.9796364963113801
1016	2.131865938603256
1017	2.131865938603256
1018	1.594650232918878
1019	1.594650232918878
1020	2.515164417172297
1021	2.515164417172297
1022	5.5925721408466424
1023	1.7848037011280684
1024	1.7848037011280684
1025	2.1892688934971907
1026	2.1892688934971907
1027	1.778640415594416
1028	1.778640415594416
1029	0.9130394420179357
1030	0.9130394420179357
1031	1.569564949972901
1032	1.569564949972901
1033	1.5524596264475388
1034	1.5524596264475388
1035	3.7107365934770673
1036	3.7107365934770673
1037	3.0675347225292873
1038	3.0675347225292873
1039	4.859794872513934
1040	2.992290547128521
1041	2.992290547128521
1042	1.6528410060106173
1043	1.6528410060106173
1044	2.143296603613363
1045	2.143296603613363
1046	2.207825024005153
1047	2.207825024005153
1048	3.064347154454744
1049	3.064347154454744
1050	3.453637118097271
1051	3.453637118097271
1052	2.6080913949579463
1053	2.6080913949579463
1054	0.12127586672427126
1055	0.12127586672427126
1056	0.7410235601050594
1057	0.7410235601050594
1058	1.280697305634207
1059	1.280697305634207
1060	4.648167681859687
1061	4.648167681859687
1062	3.320300737150985
1063	3.320300737150985
1064	6.01791680474086
1065	6.01791680474086
1066	3.2964633059115247
1067	3.2964633059115247
1068	5.020633510459195
1069	5.020633510459195
1070	2.881711431554249
1071	2.881711431554249
1072	3.1229507522913047
1073	3.1229507522913047
1074	4.524223743710859
1075	4.524223743710859
1076	5.5592937376297655
1077	5.5592937376297655
1078	5.642341098684888
1079	1.1119496460586962
1080	1.1119496460586962
1081	0.7211560633310418
1082	0.7211560633310418
1083	0.7677456637773267
1084	0.7677456637773267
1085	0.839582386434419
1086	0.839582386434419
1087	0.1
1088	0.1
1089	0.41386031848526045
1090	0.41386031848526045
1091	0.42418993425573714
1092	0.42418993425573714
1093	0.4171734945948729
1094	0.4171734945948729
1095	0.8881596329640571
1096	0.8881596329640571
1097	0.682746789109431
1098	0.682746789109431
1099	0.5322740214852703
1100	6.029979283973029
1101	6.029979283973029
1102	2.1305928884507903
1103	2.1305928884507903
1104	2.536616444966139
1105	2.536616444966139
1106	1.5123824501690721
1107	1.5123824501690721
1108	3.1178466919193037
1109	3.1178466919193037
1110	4.293256344764682
1111	4.293256344764682
1112	1.690031710567646
1113	1.690031710567646
1114	1.4363597113180655
1115	1.4363597113180655
1116	2.5950595737145745
1117	2.5950595737145745
1118	3.2005786973643935
1119	3.2005786973643935
1120	3.7089596925573622
1121	3.7089596925573622
1122	0.6773131030522737
1123	0.6773131030522737
1124	2.8985716538607464
1125	1.1748545333931457
1126	1.1748545333931457
1127	1.7524265448596543
1128	1.7524265448596543
1129	1.0373321050893696
1130	1.0373321050893696
1131	1.8743007298206091
1132	1.8743007298206091
1133	2.3145531655298375
1134	2.3145531655298375
1135	2.9253215305206615
1136	2.9253215305206615
1137	2.117671770575399
1138	2.117671770575399
1139	1.4946963254339853
1140	1.4946963254339853
1141	2.8771075208381416
1142	2.8771075208381416
1143	2.654137788038143
1144	2.654137788038143
1145	1.0866914352995243
1146	1.0866914352995243
1147	2.904959788248504
1148	2.904959788248504
1149	1.6520246603626774
1150	1.6520246603626774
1151	3.477258259826768
1152	3.477258259826768
1153	0.4256532425905659
1154	0.4256532425905659
1155	1.4573567562314294
1156	1.4573567562314294
1157	3.5716376382321253
1158	3.5716376382321253
1159	3.238954320131426
1160	3.238954320131426
1161	1.145375017373485
1162	1.145375017373485
1163	1.2616471683105916
1164	1.2616471683105916
1165	1.6779819578334785
1166	1.6779819578334785
1167	2.105817427655749
1168	2.105817427655749
1169	1.2651782342591975
1170	1.2651782342591975
1171	1.5468485861598498
1172	1.5468485861598498
1173	1.2426696762417577
1174	1.2426696762417577
1175	0.6190821170732148
1176	0.6190821170732148
1177	1.9680166838417912
1178	0.1
1179	0.1
1180	0.5650149380262293
1181	0.5650149380262293
1182	0.7689587379541076
1183	0.7689587379541076
1184	0.6980502104368371
1185	0.6980502104368371
1186	0.6970063571621674
1187	0.6970063571621674
1188	0.6980088102453893
1189	0.6980088102453893
1190	0.9937968024294102
1191	0.9937968024294102
1192	1.0963400884015873
1193	1.0963400884015873
1194	0.6237642292302146
1195	0.6237642292302146
1196	0.3706469633972109
1197	0.3706469633972109
1198	0.7537252542341496
1199	0.7537252542341496
1200	0.6674905136533458
1201	0.6674905136533458
1202	0.5237884724686812
1203	0.5237884724686812
1204	0.4257238618405044
1205	0.4257238618405044
1206	0.18178183906034634
1207	0.18178183906034634
1208	0.17387333687188
1209	0.17387333687188
1210	0.5641297372609843
1211	0.5641297372609843
1212	0.9619537026142915
1213	0.9619537026142915
1214	0.8390857106816156
1215	0.8390857106816156
1216	0.7150578990837249
1217	0.7150578990837249
1218	0.7996928386701363
1219	0.7996928386701363
1220	0.4185806046265868
1221	0.4185806046265868
1222	0.4811765738128156
1223	0.4811765738128156
1224	1.0141942050941044
1225	1.0141942050941044
1226	1.0608190762384144
1227	1.0608190762384144
1228	0.7976963792390341
1229	0.7976963792390341
1230	0.7134955297794147
1231	0.7134955297794147
1232	0.2905765179070758
1233	0.2905765179070758
1234	0.2563430350590923
1235	0.2563430350590923
1236	0.7222224795212098
1237	0.7222224795212098
1238	0.7053320823915976
1239	0.7053320823915976
1240	0.1
1241	0.1
1242	0.40735629395197925
1243	0.40735629395197925
1244	0.8046552886947568
1245	0.8046552886947568
1246	0.9938190806562686
1247	0.9938190806562686
1248	0.27774035144004944
1249	0.27774035144004944
1250	0.7725151585115444
1251	0.7725151585115444
1252	0.7167866020191344
1253	0.7167866020191344
1254	0.6517272123289716
1255	0.6517272123289716
1256	0.9880644617091694
1257	0.9880644617091694
1258	0.5574960369461754
1259	0.5574960369461754
1260	0.2133110316589677
1261	0.2133110316589677
1262	0.6628267317931614
1263	0.6628267317931614
1264	0.40521647741049366
1265	0.40521647741049366
1266	0.7766559351558081
1267	0.7766559351558081
1268	0.7800190703877578
1269	0.7800190703877578
1270	0.944387410010901
1271	0.944387410010901
1272	0.515672242369939
1273	2.9320178468023985
1274	2.9320178468023985
1275	2.8652255173239403
1276	2.8652255173239403
1277	2.8288559879865502
1278	2.8288559879865502
1279	2.2221713838696147
1280	3.422950604145353
1281	3.422950604145353
1282	3.540014782927585
1283	3.540014782927585
1284	1.6450167048726132
1285	1.6450167048726132
1286	3.6732730894222136
1287	3.6732730894222136
1288	5.0132457366944525
1289	5.0132457366944525
1290	3.853550839627466
1291	3.853550839627466
1292	4.002291954825132
1293	4.002291954825132
1294	0.6181553579208283
1295	0.6181553579208283
1296	3.725127253057811
1297	2.9222937188141045
1298	2.9222937188141045
1299	4.498570378792627
1300	2.3578474737108843
1301	2.3578474737108843
1302	2.3434855652878457
1303	2.3434855652878457
1304	0.6014858260947094
1305	0.6014858260947094
1306	2.1808828502251867
1307	2.1808828502251867
1308	2.148353876556151
1309	2.148353876556151
1310	1.685735407799641
1311	1.685735407799641
1312	2.91446530167165
1313	2.91446530167165
1314	2.3659137214867036
1315	2.3659137214867036
1316	2.808137571740115
1317	2.808137571740115
1318	2.09247422402093
1319	2.09247422402093
1320	3.2050749314378217
1321	3.2050749314378217
1322	2.2346608237344285
1323	0.46718877382516577
1324	0.46718877382516577
1325	0.7444104138419572
1326	0.7444104138419572
1327	0.8634490133012442
1328	0.8634490133012442
1329	0.7942397709313532
1330	0.7942397709313532
1331	0.45838850646787865
1332	0.45838850646787865
1333	0.8230925237927686
1334	3.8849366536945475
1335	3.8849366536945475
1336	1.9654259063914277
1337	4.321809794748497
1338	4.321809794748497
1339	0.1
1340	0.1
1341	5.146180616064206
1342	5.146180616064206
1343	7.041275218146122
1344	7.041275218146122
1345	5.065493394906483
1346	5.065493394906483
1347	6.907676445018483
1348	6.907676445018483
1349	4.908916013472674
1350	4.908916013472674
1351	5.338399885889668
1352	5.338399885889668
1353	7.2054522349767565
1354	7.2054522349767565
1355	3.724744871008409
1356	3.724744871008409
1357	3.0455553507178594
1358	3.0455553507178594
1359	3.292985723116634
1360	3.292985723116634
1361	2.3029333746536462
1362	2.3029333746536462
1363	3.5511218195372343
1364	3.5511218195372343
1365	5.205772623927492
1366	2.7977167586751492
1367	2.7977167586751492
1368	4.427632170335169
1369	0.4730592053871705
1370	0.4730592053871705
1371	0.46820111326963254
1372	0.46820111326963254
1373	1.05931610631238
1374	1.05931610631238
1375	0.4572318384647052
1376	0.4572318384647052
1377	0.4272154432196029
1378	0.4272154432196029
1379	0.6648698413511603
1380	0.6648698413511603
1381	0.6910568060215027
1382	0.6910568060215027
1383	0.4714114258176992
1384	0.4714114258176992
1385	0.9117963053152727
1386	0.9117963053152727
1387	0.8342595298652893
1388	0.8342595298652893
1389	0.7921990778012137
1390	0.7921990778012137
1391	0.7869214907797049
1392	0.7869214907797049
1393	0.7560007398716144
1394	0.7560007398716144
1395	0.23462450453417483
1396	0.23462450453417483
1397	0.24267521606698933
1398	0.24267521606698933
1399	0.24589797960116114
1400	0.24589797960116114
1401	0.1
1402	0.1
1403	2.4249649029923295
1404	2.4249649029923295
1405	2.638579901845138
1406	2.638579901845138
1407	2.4130865356431617
1408	2.4130865356431617
1409	1.7269789382169498
1410	1.7269789382169498
1411	2.6007116490334927
1412	2.6007116490334927
1413	2.8710990625005666
1414	2.8710990625005666
1415	1.6370443000019343
1416	1.6370443000019343
1417	2.5954886158586166
1418	2.5954886158586166
1419	2.466020070989402
1420	2.466020070989402
1421	3.425018815130174
1422	3.425018815130174
1423	2.3245658780548406
1424	2.3245658780548406
1425	1.7722106047181
1426	1.7722106047181
1427	1.7478940453968494
1428	1.7478940453968494
1429	2.44279154129939
1430	2.44279154129939
1431	1.9890729308659585
1432	1.9890729308659585
1433	3.0589355953847615
1434	3.0589355953847615
1435	0.7215574059982997
1436	0.7215574059982997
1437	3.004110689931134
1438	3.004110689931134
1439	3.3429340598236568
1440	3.3429340598236568
1441	2.431791608619945
1442	2.431791608619945
1443	2.5302406417360563
1444	2.5302406417360563
1445	3.9719835964159547
1446	3.9719835964159547
1447	1.245698391612316
1448	1.245698391612316
1449	2.343044036631441
1450	2.343044036631441
1451	2.681389686354685
1452	2.681389686354685
1453	1.8582572775757034
1454	1.8582572775757034
1455	2.775172273124465
1456	2.775172273124465
1457	1.8873192615665073
1458	1.8873192615665073
1459	1.8046378118360709
1460	1.8046378118360709
1461	2.9499704279749857
1462	2.9499704279749857
1463	3.2018424177368336
1464	3.2018424177368336
1465	4.512659272977331
1466	4.512659272977331
1467	3.0145583539260805
1468	3.0145583539260805
1469	2.4634688891607026
1470	2.4634688891607026
1471	2.282127720137512
1472	2.282127720137512
1473	3.0131191058258233
1474	3.0131191058258233
1475	2.964719601030204
1476	2.964719601030204
1477	1.4389932435552557
1478	1.4389932435552557
1479	2.108627866820274
1480	2.108627866820274
1481	2.1664800262120982
1482	2.1664800262120982
1483	2.6445875955019345
1484	2.6445875955019345
1485	1.618383358825874
1486	1.618383358825874
1487	2.9115867918102114
1488	2.9115867918102114
1489	2.9504835161664333
1490	2.9504835161664333
1491	1.571641430461475
1492	1.571641430461475
1493	1.315330712549161
1494	1.315330712549161
1495	1.209206464107154
1496	1.209206464107154
1497	6.353748048591107
1498	6.353748048591107
1499	3.855803673572558
1500	3.855803673572558
1501	5.534747360689818
1502	5.534747360689818
1503	6.422213599860871
1504	6.422213599860871
1505	1.6042837208690333
1506	1.6042837208690333
1507	1.5759915273739928
1508	1.5759915273739928
1509	2.054924617694777
1510	2.054924617694777
1511	2.158387542172039
1512	2.158387542172039
1513	1.3001572549536866
1514	1.3001572549536866
1515	1.5202195582274116
1516	1.5202195582274116
1517	1.4126906206954672
1518	1.4126906206954672
1519	1.1323875177508493
1520	1.1323875177508493
1521	1.2556061570800425
1522	1.2556061570800425
1523	1.095379133425394
1524	1.095379133425394
1525	0.6142962474406238
1526	0.6142962474406238
1527	0.5423759961709317
1528	0.5423759961709317
1529	0.19851890866665664
1530	0.19851890866665664
1531	0.24064486319947756
1532	0.24064486319947756
1533	0.3685992145428238
1534	1.5419327613663463
1535	1.5419327613663463
1536	0.20338135407867064
1537	0.20338135407867064
1538	3.477470665969686
1539	3.477470665969686
1540	5.136974827460434
1541	5.136974827460434
1542	0.6760387416946785
1543	0.6760387416946785
1544	0.8301761870744098
1545	0.8301761870744098
1546	0.7290179877647966
1547	0.7290179877647966
1548	0.857901920595737
1549	0.857901920595737
1550	0.7617686498818077
1551	0.7617686498818077
1552	0.5305690509660684
1553	0.5305690509660684
1554	4.1222256418992975
1555	4.1222256418992975
1556	3.445513458612745
1557	3.445513458612745
1558	5.771130388552484
1559	5.771130388552484
1560	6.053045804086543
1561	6.053045804086543
1562	3.480570175477406
1563	3.480570175477406
1564	4.352205638524265
1565	4.352205638524265
1566	4.339112973642616
1567	4.339112973642616
1568	4.076041618056855
1569	2.0237643768312785
1570	2.780049192130002
1571	2.780049192130002
1572	1.941095339136805
1573	1.941095339136805
1574	3.4400639540995894
1575	3.4400639540995894
1576	2.055240805663891
1577	2.055240805663891
1578	0.6152075054303692
1579	0.6152075054303692
1580	3.2988508021056155
1581	3.2988508021056155
1582	2.3720909173905977
1583	2.3720909173905977
1584	2.5055034633954656
1585	2.5055034633954656
1586	1.8589018098411594
1587	1.8589018098411594
1588	4.431050783373312
1589	4.431050783373312
1590	2.3762934346139297
1591	2.3762934346139297
1592	0.8300404150371608
1593	0.8300404150371608
1594	3.977686891145157
1595	3.977686891145157
1596	2.8769271407102335
1597	2.8769271407102335
1598	3.1965476360823457
1599	3.1965476360823457
1600	1.7424071803178405
1601	1.7424071803178405
1602	3.885881432352165
1603	3.885881432352165
1604	3.081151970549224
1605	3.081151970549224
1606	2.3810563678499204
1607	2.3810563678499204
1608	2.279535419723271
1609	2.279535419723271
1610	1.921574903264848
1611	1.921574903264848
1612	1.9349664037124903
1613	1.9349664037124903
1614	2.1385098385603425
1615	2.1385098385603425
1616	2.964606294830307
1617	2.964606294830307
1618	2.99923741619083
1619	2.99923741619083
1620	3.253894137215782
1621	3.253894137215782
1622	1.5145673967187008
1623	1.5145673967187008
1624	2.855121576388944
1625	2.855121576388944
1626	3.6682420603665253
1627	3.6682420603665253
1628	2.8089149993571514
1629	2.8089149993571514
1630	2.711619865753751
1631	2.711619865753751
1632	1.5356836482374492
1633	1.5356836482374492
1634	3.013848205195563
1635	3.013848205195563
1636	1.5644829363029598
1637	2.819457863952814
1638	2.819457863952814
1639	1.5378201090562864
1640	1.5378201090562864
1641	1.5286840418438519
1642	1.5286840418438519
1643	2.591165502780257
1644	2.591165502780257
1645	3.578064552044705
1646	3.578064552044705
1647	3.152527843560378
1648	3.152527843560378
1649	2.3025414635547414
1650	2.3025414635547414
1651	4.776877401705813
1652	4.776877401705813
1653	2.273416584232344
1654	2.273416584232344
1655	3.691450415893213
1656	3.691450415893213
1657	3.943460042460711
1658	3.943460042460711
1659	3.0060426998269647
1660	3.0060426998269647
1661	0.15287455188389076
1662	0.15287455188389076
1663	2.634399044357543
1664	2.634399044357543
1665	1.796697162602448
1666	1.796697162602448
1667	4.29750941049505
1668	4.29750941049505
1669	1.2239344492048743
1670	1.2239344492048743
1671	4.679578999915607
1672	4.679578999915607
1673	4.685891774411605
1674	4.685891774411605
1675	2.448205049249436
1676	2.448205049249436
1677	2.0941528308747603
1678	2.0941528308747603
1679	2.385805354737439
1680	2.385805354737439
1681	3.0342686007363056
1682	3.0342686007363056
1683	1.6301639004704487
1684	1.6301639004704487
1685	0.931447673330644
1686	0.931447673330644
1687	2.119471248860228
1688	2.119471248860228
1689	1.687531386724511
1690	1.687531386724511
1691	1.3576579135207123
1692	1.3576579135207123
1693	1.962986148511426
1694	0.6701734425255751
1695	0.6701734425255751
1696	0.40834707923131186
1697	0.40834707923131186
1698	2.609350031343798
1699	2.609350031343798
1700	1.2897995992069864
1701	1.2897995992069864
1702	2.373134495191269
1703	2.373134495191269
1704	2.6144120579820496
1705	2.6144120579820496
1706	1.7908110255112906
1707	1.7908110255112906
1708	0.717271768187534
1709	0.717271768187534
1710	3.1608889643019027
1711	3.1608889643019027
1712	3.9313972730417728
1713	3.9313972730417728
1714	1.2379247940770057
1715	1.2379247940770057
1716	2.1375794411081492
1717	2.1375794411081492
1718	1.3297609661372158
1719	1.3297609661372158
1720	2.393811892880938
1721	2.393811892880938
1722	2.2463656667988063
1723	2.2463656667988063
1724	1.2095943787954302
1725	1.2095943787954302
1726	2.3486025521700866
1727	2.3486025521700866
1728	3.477172782261003
1729	3.477172782261003
1730	1.7710067188220937
1731	1.7710067188220937
1732	2.166252747058046
1733	2.166252747058046
1734	1.7506270247020317
1735	1.7506270247020317
1736	2.545572203746832
1737	2.545572203746832
1738	0.7406797014432207
1739	0.7406797014432207
1740	2.0004277769568155
1741	2.0004277769568155
1742	3.0392644308745522
1743	3.0392644308745522
1744	2.9174941256063818
1745	2.9174941256063818
1746	2.026954923766285
1747	2.026954923766285
1748	1.213843472893509
1749	1.213843472893509
1750	2.453471699787842
1751	2.453471699787842
1752	2.925823528055958
1753	2.925823528055958
1754	2.8889967949812547
1755	2.8889967949812547
1756	1.778154680479432
1757	1.778154680479432
1758	2.3849663570955264
1759	2.3849663570955264
1760	1.9299569303998687
1761	1.9299569303998687
1762	1.937601048589387
1763	1.937601048589387
1764	0.9952918584931048
1765	0.9952918584931048
1766	2.300034509824896
1767	2.300034509824896
1768	2.418352540581787
1769	2.418352540581787
1770	2.845059160541868
1771	2.845059160541868
1772	1.819165005490184
1773	1.819165005490184
1774	2.0637981083412344
1775	2.0637981083412344
1776	0.4283659306339018
1777	0.4283659306339018
1778	2.069818112562473
1779	2.069818112562473
1780	1.4409725781627414
1781	1.4409725781627414
1782	1.9900871005140663
1783	1.9900871005140663
1784	2.0474828899900333
1785	2.0474828899900333
1786	1.8142629273164717
1787	1.8142629273164717
1788	1.3903906899479783
1789	1.3903906899479783
1790	3.032189542825833
1791	3.032189542825833
1792	1.6195067051081926
1793	1.6195067051081926
1794	2.4239840351702306
1795	2.4239840351702306
1796	1.9558790810917255
1797	1.9558790810917255
1798	1.6857803459782281
1799	1.6857803459782281
1800	1.856550060364111
1801	1.856550060364111
1802	1.1404254279295258
1803	1.1404254279295258
1804	2.920453705244147
1805	2.920453705244147
1806	2.137945093411579
1807	2.137945093411579
1808	1.3839525114907634
1809	1.3839525114907634
1810	2.361790019476957
1811	2.361790019476957
1812	2.0630445209461294
1813	2.0630445209461294
1814	4.607593749758412
1815	4.607593749758412
1816	3.398769470332187
1817	3.398769470332187
1818	4.203227813222676
1819	4.203227813222676
1820	3.2835002751346303
1821	3.2835002751346303
1822	1.8156572346955042
1823	1.8156572346955042
1824	2.519474622669869
1825	2.519474622669869
1826	3.9003452979409206
1827	3.9003452979409206
1828	0.6738602926340618
1829	0.6738602926340618
1830	2.431133146876196
1831	2.431133146876196
1832	2.872422272615823
1833	2.872422272615823
1834	3.366737660810539
1835	3.366737660810539
1836	1.7137236674604728
1837	1.7137236674604728
1838	4.594912723194968
1839	4.594912723194968
1840	2.1160991793696713
1841	2.1160991793696713
1842	1.3852767496451535
1843	1.3852767496451535
1844	2.2805486824945156
1845	2.2805486824945156
1846	2.2816336201646767
1847	2.2816336201646767
1848	2.647373097957904
1849	2.647373097957904
1850	4.6240326840273624
1851	4.6240326840273624
1852	3.0459384504174585
1853	3.0459384504174585
1854	2.269571005994934
1855	2.269571005994934
1856	2.4992920113176305
1857	2.4992920113176305
1858	2.361857459473444
1859	2.361857459473444
1860	3.2240668602562064
1861	3.2240668602562064
1862	3.3121190567391725
1863	3.3121190567391725
1864	3.1828559761400808
1865	3.1828559761400808
1866	2.0764192468598845
1867	2.0764192468598845
1868	2.591609228573651
1869	2.591609228573651
1870	2.058289836310698
1871	2.058289836310698
1872	3.775114254426801
1873	3.775114254426801
1874	4.281656045227882
1875	1.418960707717871
1876	1.418960707717871
1877	1.4348055935272013
1878	1.4348055935272013
1879	1.864557359794957
1880	1.864557359794957
1881	0.947196277264879
1882	0.947196277264879
1883	1.27665971368573
1884	1.27665971368573
1885	0.19435036071489112
1886	0.19435036071489112
1887	0.23408408651068274
1888	0.23408408651068274
1889	0.2986320302545936
1890	0.2986320302545936
1891	0.14715083561572873
1892	0.14715083561572873
1893	0.3148138334612379
1894	0.3148138334612379
1895	0.14044101154326216
1896	0.14044101154326216
1897	0.17689939625225232
1898	0.17689939625225232
1899	0.20441945061168096
1900	0.20441945061168096
1901	0.1
1902	0.1
1903	0.13445503396710465
1904	0.13445503396710465
1905	0.20360127678437237
1906	0.20360127678437237
1907	0.1480784075366395
1908	0.1480784075366395
1909	0.1
1910	0.1
1911	0.11598979914250841
1912	0.11598979914250841
1913	0.1
1914	0.1
1915	0.25496505263114755
1916	0.25496505263114755
1917	4.550791382484151
1918	4.550791382484151
1919	1.7904409747985324
1920	1.7904409747985324
1921	5.733560028476722
1922	5.733560028476722
1923	0.9256662911489517
1924	0.9256662911489517
1925	0.7094884769218988
1926	0.7094884769218988
1927	0.48118445533605525
1928	0.48118445533605525
1929	2.202941382518977
1930	2.202941382518977
1931	0.26613204487195186
1932	0.26613204487195186
1933	0.5374752754151135
1934	0.5374752754151135
1935	1.1177618289376827
1936	1.1177618289376827
1937	1.3480812171699867
1938	1.3480812171699867
1939	0.8518112308070643
1940	0.8518112308070643
1941	1.0100421084455407
1942	1.0100421084455407
1943	1.3649829506923385
1944	1.3649829506923385
1945	1.2771941210925106
1946	1.2771941210925106
1947	0.4445819079059957
1948	0.4445819079059957
1949	1.0653273395805267
1950	1.0653273395805267
1951	1.1837358262968078
1952	1.1837358262968078
1953	0.931057842887376
1954	0.931057842887376
1955	1.7613742504913377
1956	1.7613742504913377
1957	1.042197687401877
1958	1.042197687401877
1959	0.36172140596988367
1960	0.36172140596988367
1961	1.5014814506165317
1962	1.5014814506165317
1963	0.9025691709937314
1964	0.9025691709937314
1965	1.045730084946891
1966	1.045730084946891
1967	3.9235349586276635
1968	3.7324533685522097
1969	1.6284262561741731
1970	1.6284262561741731
1971	1.469246037450421
1972	1.469246037450421
1973	0.9702717799448265
1974	0.9702717799448265
1975	1.9092876717245786
1976	1.9092876717245786
1977	2.2649774879705604
1978	2.2649774879705604
1979	2.3221816610616846
1980	2.3221816610616846
1981	1.6908829624152983
1982	1.6908829624152983
1983	0.2792619809234662
1984	0.2792619809234662
1985	0.6971280458265774
1986	0.6971280458265774
1987	1.0535843871727681
1988	1.0535843871727681
1989	1.502172114613028
1990	1.502172114613028
1991	0.7395407260762867
1992	0.7395407260762867
1993	0.4656804783459002
1994	0.4656804783459002
1995	0.964550378629162
1996	0.964550378629162
1997	1.1238167847568288
1998	1.1238167847568288
1999	0.8458973340501188
