0	3.4230780584394815
1	3.4230780584394815
2	3.4230780584394815
3	3.4230780584394815
4	3.4230780584394815
5	2.993683766579125
6	2.993683766579125
7	2.993683766579125
8	2.993683766579125
9	2.993683766579125
10	3.102211009601252
11	3.102211009601252
12	3.102211009601252
13	3.102211009601252
14	2.317437622489491
15	2.317437622489491
16	2.317437622489491
17	2.317437622489491
18	2.317437622489491
19	2.1585558699965812
20	2.1585558699965812
21	2.1585558699965812
22	2.1585558699965812
23	2.1585558699965812
24	1.9091240908889742
25	1.9091240908889742
26	1.9091240908889742
27	1.9091240908889742
28	1.9091240908889742
29	2.7273177681750354
30	2.7273177681750354
31	2.7273177681750354
32	2.7273177681750354
33	2.7273177681750354
34	1.873684676635649
35	1.873684676635649
36	1.873684676635649
37	1.873684676635649
38	1.873684676635649
39	4.244435417295811
40	4.244435417295811
41	4.244435417295811
42	4.244435417295811
43	4.244435417295811
44	3.5822874984921294
45	3.5822874984921294
46	3.5822874984921294
47	3.5822874984921294
48	3.5822874984921294
49	3.5972590248533907
50	3.5972590248533907
51	3.5972590248533907
52	3.5972590248533907
53	3.5972590248533907
54	1.993330329049519
55	1.993330329049519
56	1.993330329049519
57	1.993330329049519
58	1.993330329049519
59	3.0078894940561085
60	3.0078894940561085
61	3.0078894940561085
62	3.0078894940561085
63	3.0078894940561085
64	3.438765132413816
65	3.438765132413816
66	3.438765132413816
67	3.438765132413816
68	3.438765132413816
69	2.9040268634532618
70	2.9040268634532618
71	2.9040268634532618
72	2.9040268634532618
73	2.9040268634532618
74	2.7887035095044603
75	2.7887035095044603
76	2.7887035095044603
77	2.7887035095044603
78	2.7887035095044603
79	3.9612928009401704
80	3.9612928009401704
81	3.9612928009401704
82	3.9612928009401704
83	3.9612928009401704
84	2.9298326504629313
85	2.9298326504629313
86	2.9298326504629313
87	2.9298326504629313
88	2.9298326504629313
89	2.1815026412522798
90	2.1815026412522798
91	2.1815026412522798
92	2.1815026412522798
93	2.1815026412522798
94	0.979317480008105
95	0.979317480008105
96	0.979317480008105
97	0.979317480008105
98	0.979317480008105
99	0.574119878603746
100	0.574119878603746
101	0.574119878603746
102	0.574119878603746
103	0.574119878603746
104	0.609880478392338
105	0.609880478392338
106	0.609880478392338
107	0.609880478392338
108	0.609880478392338
109	0.8683596325175496
110	0.8683596325175496
111	0.8683596325175496
112	0.8683596325175496
113	0.8683596325175496
114	0.680069056572332
115	0.680069056572332
116	0.680069056572332
117	0.680069056572332
118	0.680069056572332
119	0.6489607083065414
120	0.6489607083065414
121	0.6489607083065414
122	0.6489607083065414
123	0.6489607083065414
124	0.6663388826707994
125	0.6663388826707994
126	0.6663388826707994
127	0.6663388826707994
128	0.6663388826707994
129	0.704705369072641
130	0.704705369072641
131	0.704705369072641
132	0.704705369072641
133	0.704705369072641
134	0.5002121524799868
135	0.5002121524799868
136	0.5002121524799868
137	0.5002121524799868
138	0.5002121524799868
139	0.8925795510229382
140	0.8925795510229382
141	0.8925795510229382
142	0.8925795510229382
143	0.8925795510229382
144	0.6279163109362002
145	0.6279163109362002
146	0.6279163109362002
147	0.6279163109362002
148	0.6279163109362002
149	0.7135821070132117
150	0.7135821070132117
151	0.7135821070132117
152	0.7135821070132117
153	0.7135821070132117
154	0.7168637276499102
155	0.7168637276499102
156	0.7168637276499102
157	0.7168637276499102
158	0.7168637276499102
159	0.8481300890631638
160	0.8481300890631638
161	0.8481300890631638
162	0.8481300890631638
163	0.8481300890631638
164	0.7824675990410649
165	0.7824675990410649
166	0.7824675990410649
167	0.7824675990410649
168	0.7824675990410649
169	0.7034628060887956
170	0.7034628060887956
171	0.7034628060887956
172	0.7034628060887956
173	0.7034628060887956
174	1.0770985638490853
175	1.0770985638490853
176	1.0770985638490853
177	1.0770985638490853
178	1.0770985638490853
179	0.7636799273188671
180	0.7636799273188671
181	0.7636799273188671
182	0.7636799273188671
183	0.7636799273188671
184	0.5581405204219514
185	0.5581405204219514
186	0.5581405204219514
187	0.5581405204219514
188	0.5581405204219514
189	0.5304357563805991
190	0.5304357563805991
191	0.5304357563805991
192	0.5304357563805991
193	0.5304357563805991
194	0.8980927097517519
195	0.8980927097517519
196	0.8980927097517519
197	0.8980927097517519
198	0.8980927097517519
199	0.4544859133066069
200	0.4544859133066069
201	0.4544859133066069
202	0.4544859133066069
203	0.4544859133066069
204	0.780293620040899
205	0.780293620040899
206	3.955652050528317
207	3.955652050528317
208	3.955652050528317
209	3.955652050528317
210	3.955652050528317
211	4.165714865556227
212	4.165714865556227
213	4.165714865556227
214	4.165714865556227
215	4.165714865556227
216	3.5356138113949
217	3.5356138113949
218	3.5356138113949
219	3.5356138113949
220	3.5356138113949
221	5.15511962336723
222	5.15511962336723
223	5.15511962336723
224	5.15511962336723
225	5.15511962336723
226	3.703306986888955
227	3.703306986888955
228	3.703306986888955
229	3.703306986888955
230	3.703306986888955
231	1.7267020307825032
232	1.7267020307825032
233	1.7267020307825032
234	1.7267020307825032
235	1.7267020307825032
236	3.939794982680455
237	4.0136359714241046
238	4.0136359714241046
239	4.0136359714241046
240	0.5030358904350616
241	0.5030358904350616
242	1.950019188629913
243	1.950019188629913
244	1.950019188629913
245	1.950019188629913
246	1.950019188629913
247	3.032280488459509
248	3.032280488459509
249	3.032280488459509
250	3.032280488459509
251	3.032280488459509
252	2.0566272234622773
253	2.0566272234622773
254	2.0566272234622773
255	2.0566272234622773
256	2.0566272234622773
257	2.937459808107044
258	2.937459808107044
259	2.937459808107044
260	2.937459808107044
261	2.937459808107044
262	2.4500658473679535
263	2.4500658473679535
264	2.4500658473679535
265	2.4500658473679535
266	2.4500658473679535
267	2.493413858445305
268	2.493413858445305
269	2.493413858445305
270	2.493413858445305
271	2.493413858445305
272	3.4639049212877917
273	3.4639049212877917
274	3.4639049212877917
275	3.4639049212877917
276	3.4639049212877917
277	2.942777201644017
278	2.942777201644017
279	2.942777201644017
280	2.942777201644017
281	2.942777201644017
282	1.7876676756798007
283	1.7876676756798007
284	1.7876676756798007
285	1.7876676756798007
286	1.7876676756798007
287	2.0335677929873373
288	2.0335677929873373
289	2.0335677929873373
290	2.0335677929873373
291	2.0335677929873373
292	1.9216468285753314
293	1.9216468285753314
294	1.9216468285753314
295	1.9216468285753314
296	1.9216468285753314
297	2.808856339954812
298	2.808856339954812
299	1.2817152454202558
300	1.2817152454202558
301	1.2817152454202558
302	1.2817152454202558
303	1.2817152454202558
304	2.085647098011976
305	2.085647098011976
306	2.085647098011976
307	2.085647098011976
308	2.085647098011976
309	4.3902462599038685
310	4.3902462599038685
311	4.3902462599038685
312	4.3902462599038685
313	4.3902462599038685
314	3.481846093752728
315	3.481846093752728
316	3.481846093752728
317	3.481846093752728
318	3.481846093752728
319	3.8224451003854965
320	3.8224451003854965
321	3.8224451003854965
322	0.5315514398961033
323	0.5315514398961033
324	0.5315514398961033
325	0.5315514398961033
326	0.5315514398961033
327	0.28738139634391324
328	0.28738139634391324
329	0.28738139634391324
330	0.28738139634391324
331	0.28738139634391324
332	0.6077435453148006
333	0.6077435453148006
334	0.6077435453148006
335	0.6077435453148006
336	0.6077435453148006
337	0.5030207532599628
338	0.5030207532599628
339	0.5030207532599628
340	0.5030207532599628
341	0.5030207532599628
342	0.5065670887078688
343	0.5065670887078688
344	0.5065670887078688
345	0.5065670887078688
346	0.5065670887078688
347	0.6255452404649616
348	0.6255452404649616
349	0.6255452404649616
350	0.6255452404649616
351	0.6255452404649616
352	0.3702409668831152
353	0.3702409668831152
354	0.3702409668831152
355	0.3702409668831152
356	0.3702409668831152
357	1.1950546802988309
358	1.1950546802988309
359	1.1950546802988309
360	1.1950546802988309
361	1.1950546802988309
362	0.3248683935151314
363	0.3248683935151314
364	0.3248683935151314
365	0.3248683935151314
366	0.3248683935151314
367	0.8353804269332161
368	0.8353804269332161
369	0.8353804269332161
370	0.8353804269332161
371	0.8353804269332161
372	0.9541275484625351
373	0.9541275484625351
374	0.9541275484625351
375	0.9541275484625351
376	0.9541275484625351
377	0.7712727262822348
378	0.7712727262822348
379	0.7712727262822348
380	0.7712727262822348
381	0.7712727262822348
382	0.8363618486742257
383	0.8363618486742257
384	0.8363618486742257
385	0.8363618486742257
386	0.8363618486742257
387	0.2903281181518038
388	0.2903281181518038
389	0.2903281181518038
390	0.2903281181518038
391	0.2903281181518038
392	0.8896072491307123
393	0.8896072491307123
394	0.8896072491307123
395	0.8896072491307123
396	0.8896072491307123
397	0.8006286388941477
398	0.8006286388941477
399	0.8006286388941477
400	0.8006286388941477
401	0.8006286388941477
402	0.6059825236145135
403	0.6059825236145135
404	0.6059825236145135
405	0.6059825236145135
406	0.6059825236145135
407	0.6608803175689372
408	0.6608803175689372
409	0.6608803175689372
410	0.6608803175689372
411	0.6608803175689372
412	0.40473670244406074
413	0.40473670244406074
414	0.40473670244406074
415	0.40473670244406074
416	0.40473670244406074
417	0.644123346205172
418	0.644123346205172
419	0.644123346205172
420	0.644123346205172
421	0.644123346205172
422	0.7792646092020139
423	0.7792646092020139
424	0.7792646092020139
425	0.7792646092020139
426	0.7792646092020139
427	0.9560858726181483
428	0.9560858726181483
429	0.9560858726181483
430	0.9560858726181483
431	0.9560858726181483
432	0.5043796319356757
433	0.5043796319356757
434	0.5043796319356757
435	0.5043796319356757
436	0.5043796319356757
437	0.6306202309611388
438	0.6306202309611388
439	0.6306202309611388
440	0.6306202309611388
441	0.6306202309611388
442	0.6971942793304461
443	0.6971942793304461
444	0.6971942793304461
445	0.6971942793304461
446	0.6971942793304461
447	0.3706852762370554
448	0.3706852762370554
449	0.3706852762370554
450	0.3706852762370554
451	0.3706852762370554
452	0.7316634080453845
453	0.7316634080453845
454	0.7316634080453845
455	0.7316634080453845
456	0.7316634080453845
457	0.6188003109631774
458	0.6188003109631774
459	0.6188003109631774
460	0.6188003109631774
461	0.6188003109631774
462	0.7716374557099706
463	0.7716374557099706
464	0.7716374557099706
465	0.7716374557099706
466	0.7716374557099706
467	0.4482085302074934
468	0.4482085302074934
469	0.4482085302074934
470	0.4482085302074934
471	0.4482085302074934
472	0.6937335592856282
473	0.6937335592856282
474	0.6937335592856282
475	0.6937335592856282
476	0.6937335592856282
477	0.8144461696729175
478	0.8144461696729175
479	0.8144461696729175
480	0.8144461696729175
481	0.8144461696729175
482	0.7433981425881646
483	0.7433981425881646
484	0.7433981425881646
485	0.7433981425881646
486	0.7433981425881646
487	0.6926087913003175
488	0.6926087913003175
489	0.6926087913003175
490	1.8882299842382961
491	1.8882299842382961
492	1.8882299842382961
493	1.8882299842382961
494	1.8882299842382961
495	0.18915395307868255
496	0.18915395307868255
497	0.18915395307868255
498	0.18915395307868255
499	0.18915395307868255
500	1.9673795819868487
501	1.9673795819868487
502	1.9673795819868487
503	1.9673795819868487
504	1.9673795819868487
505	1.5911304951615615
506	1.5911304951615615
507	1.5911304951615615
508	1.5911304951615615
509	1.5911304951615615
510	1.6764437743950968
511	1.6764437743950968
512	1.6764437743950968
513	1.6764437743950968
514	1.6764437743950968
515	1.8306690567828636
516	1.8306690567828636
517	1.8306690567828636
518	1.8306690567828636
519	1.8306690567828636
520	0.8134862372937139
521	0.8134862372937139
522	0.8134862372937139
523	0.8134862372937139
524	0.8134862372937139
525	1.0355212813250083
526	1.0355212813250083
527	1.0355212813250083
528	1.0355212813250083
529	1.0355212813250083
530	1.5683070147486808
531	1.5683070147486808
532	1.5683070147486808
533	1.5683070147486808
534	1.5683070147486808
535	2.250796523476447
536	2.250796523476447
537	2.250796523476447
538	2.250796523476447
539	2.250796523476447
540	1.4475158238461368
541	1.4475158238461368
542	1.4475158238461368
543	1.4475158238461368
544	1.4475158238461368
545	1.7188188513599436
546	1.7188188513599436
547	1.7188188513599436
548	1.7188188513599436
549	1.7188188513599436
550	1.8682833867071131
551	1.8682833867071131
552	1.8682833867071131
553	1.8682833867071131
554	1.8682833867071131
555	0.7762126661894957
556	0.7762126661894957
557	0.7762126661894957
558	0.7762126661894957
559	0.7762126661894957
560	1.5089274345915675
561	1.5089274345915675
562	1.5089274345915675
563	1.5089274345915675
564	1.5089274345915675
565	1.5850826846159916
566	1.5850826846159916
567	1.5850826846159916
568	1.5850826846159916
569	1.5850826846159916
570	0.8420074262618811
571	0.8420074262618811
572	0.8420074262618811
573	0.8420074262618811
574	0.8420074262618811
575	1.2099915753524981
576	1.2099915753524981
577	1.2099915753524981
578	1.2099915753524981
579	1.2099915753524981
580	1.9586557171636496
581	1.9586557171636496
582	1.9586557171636496
583	1.9586557171636496
584	1.9586557171636496
585	1.253500385439116
586	1.253500385439116
587	1.253500385439116
588	1.253500385439116
589	1.253500385439116
590	2.2213132082532994
591	2.2213132082532994
592	2.2213132082532994
593	2.2213132082532994
594	2.2213132082532994
595	1.6031041659856267
596	0.2823082087324075
597	0.6990486799636288
598	0.6990486799636288
599	0.6990486799636288
600	0.6990486799636288
601	0.6990486799636288
602	1.223027743802228
603	1.223027743802228
604	1.223027743802228
605	1.223027743802228
606	1.223027743802228
607	1.2968220554117236
608	1.2968220554117236
609	1.2968220554117236
610	1.2968220554117236
611	1.2968220554117236
612	0.9686219877238249
613	0.9686219877238249
614	0.9686219877238249
615	0.9686219877238249
616	0.9686219877238249
617	0.6514782146565516
618	0.6514782146565516
619	0.6514782146565516
620	0.6514782146565516
621	0.6514782146565516
622	1.0123253075275775
623	1.0123253075275775
624	1.0123253075275775
625	1.0123253075275775
626	1.0123253075275775
627	0.7521026578053287
628	0.7521026578053287
629	0.7521026578053287
630	0.7521026578053287
631	0.7521026578053287
632	0.9601906252731105
633	0.9601906252731105
634	0.9601906252731105
635	0.9601906252731105
636	0.9601906252731105
637	1.5776687935363622
638	1.5776687935363622
639	1.5776687935363622
640	1.5776687935363622
641	1.5776687935363622
642	1.268321765164211
643	1.268321765164211
644	1.268321765164211
645	1.268321765164211
646	1.268321765164211
647	1.023914497994047
648	1.023914497994047
649	1.023914497994047
650	1.023914497994047
651	1.023914497994047
652	1.563703501155891
653	1.563703501155891
654	1.563703501155891
655	1.563703501155891
656	1.563703501155891
657	0.8572259653736728
658	0.8572259653736728
659	0.8572259653736728
660	0.8572259653736728
661	0.8572259653736728
662	1.4313083288085393
663	1.4313083288085393
664	1.4313083288085393
665	1.4313083288085393
666	1.4313083288085393
667	0.8056255136173518
668	0.8056255136173518
669	0.8056255136173518
670	0.8056255136173518
671	1.1339709425406888
672	1.1339709425406888
673	1.1339709425406888
674	1.1339709425406888
675	1.1339709425406888
676	2.737148619821599
677	2.737148619821599
678	2.737148619821599
679	2.737148619821599
680	2.737148619821599
681	2.239907921349953
682	2.239907921349953
683	2.239907921349953
684	2.239907921349953
685	2.239907921349953
686	1.6624583748171577
687	1.6624583748171577
688	1.6624583748171577
689	3.0151463549245694
690	3.0151463549245694
691	3.0151463549245694
692	3.0151463549245694
693	3.0151463549245694
694	4.204159561173121
695	4.204159561173121
696	4.204159561173121
697	4.204159561173121
698	4.204159561173121
699	3.5567270805161217
700	3.5567270805161217
701	3.5567270805161217
702	3.5567270805161217
703	3.5567270805161217
704	3.115373121334943
705	3.115373121334943
706	5.577307610119306
707	5.577307610119306
708	5.577307610119306
709	5.577307610119306
710	5.577307610119306
711	4.815283928209043
712	4.815283928209043
713	4.815283928209043
714	4.815283928209043
715	4.815283928209043
716	4.628412366063974
717	4.628412366063974
718	4.628412366063974
719	4.628412366063974
720	4.628412366063974
721	4.064355299226192
722	4.064355299226192
723	4.064355299226192
724	4.064355299226192
725	4.064355299226192
726	3.0168849393875234
727	3.0168849393875234
728	3.0168849393875234
729	3.0168849393875234
730	3.0168849393875234
731	4.657553016647953
732	4.657553016647953
733	4.657553016647953
734	4.657553016647953
735	4.657553016647953
736	5.340961436919415
737	5.340961436919415
738	5.340961436919415
739	5.340961436919415
740	5.340961436919415
741	3.005447830019634
742	3.005447830019634
743	3.005447830019634
744	3.005447830019634
745	3.005447830019634
746	6.118898656519123
747	6.118898656519123
748	6.118898656519123
749	6.118898656519123
750	6.118898656519123
751	2.137213608835205
752	2.137213608835205
753	2.137213608835205
754	2.137213608835205
755	2.137213608835205
756	5.513224582852361
757	5.513224582852361
758	5.513224582852361
759	5.513224582852361
760	5.513224582852361
761	0.534193936316937
762	0.534193936316937
763	0.534193936316937
764	0.534193936316937
765	0.534193936316937
766	6.499975270322896
767	6.499975270322896
768	6.499975270322896
769	6.499975270322896
770	6.499975270322896
771	3.3839899440427006
772	3.3839899440427006
773	3.3839899440427006
774	3.3839899440427006
775	3.3839899440427006
776	3.3010842673573766
777	3.3010842673573766
778	3.3010842673573766
779	3.3010842673573766
780	3.3010842673573766
781	4.110602753210291
782	4.110602753210291
783	4.110602753210291
784	4.110602753210291
785	4.110602753210291
786	3.3987975685050027
787	3.3987975685050027
788	3.3987975685050027
789	3.3987975685050027
790	3.3987975685050027
791	3.294621103035359
792	3.294621103035359
793	3.294621103035359
794	3.294621103035359
795	3.294621103035359
796	4.653773504764686
797	4.653773504764686
798	4.653773504764686
799	4.653773504764686
800	4.653773504764686
801	3.8531450337280733
802	2.879323855807952
803	2.879323855807952
804	2.879323855807952
805	2.879323855807952
806	2.879323855807952
807	3.4510886006518295
808	3.4510886006518295
809	3.4510886006518295
810	3.4510886006518295
811	3.4510886006518295
812	2.6265136340283894
813	2.6265136340283894
814	2.6265136340283894
815	2.6265136340283894
816	2.6265136340283894
817	2.7162400251690446
818	2.7162400251690446
819	2.7162400251690446
820	1.6590935539832752
821	1.6590935539832752
822	1.6590935539832752
823	1.6590935539832752
824	1.6590935539832752
825	1.3405808959651635
826	1.3405808959651635
827	1.3405808959651635
828	1.3405808959651635
829	1.3405808959651635
830	1.00600975157726
831	1.00600975157726
832	1.00600975157726
833	1.00600975157726
834	1.00600975157726
835	0.9521494368498239
836	0.9521494368498239
837	0.9521494368498239
838	0.9521494368498239
839	0.9521494368498239
840	0.1
841	0.1
842	0.1
843	0.1
844	0.1
845	0.21150980344319342
846	0.21150980344319342
847	0.21150980344319342
848	4.285197538734458
849	4.285197538734458
850	4.285197538734458
851	4.285197538734458
852	4.285197538734458
853	2.253178570433449
854	2.253178570433449
855	2.253178570433449
856	2.253178570433449
857	2.253178570433449
858	2.6440702567828716
859	2.6440702567828716
860	2.6440702567828716
861	2.6440702567828716
862	2.6440702567828716
863	3.1365556753361354
864	3.1365556753361354
865	3.1365556753361354
866	3.1365556753361354
867	3.1365556753361354
868	3.3664160961277854
869	3.3664160961277854
870	3.3664160961277854
871	3.3664160961277854
872	3.3664160961277854
873	2.6482750944573032
874	2.6482750944573032
875	2.6482750944573032
876	2.6482750944573032
877	2.6482750944573032
878	0.9119191389993957
879	0.9119191389993957
880	0.9119191389993957
881	0.9119191389993957
882	0.9119191389993957
883	3.17442248000232
884	3.17442248000232
885	3.17442248000232
886	3.17442248000232
887	3.17442248000232
888	2.105612305531173
889	2.105612305531173
890	2.105612305531173
891	2.105612305531173
892	2.105612305531173
893	3.6791778117262606
894	3.6791778117262606
895	3.6791778117262606
896	3.6791778117262606
897	3.6791778117262606
898	3.177346398402171
899	3.177346398402171
900	3.177346398402171
901	3.177346398402171
902	3.177346398402171
903	3.0947523510280157
904	3.0947523510280157
905	3.0947523510280157
906	3.0947523510280157
907	3.0947523510280157
908	1.6452965427557324
909	1.6452965427557324
910	1.6452965427557324
911	1.6452965427557324
912	1.6452965427557324
913	1.1175431115379655
914	1.1175431115379655
915	1.1175431115379655
916	1.1175431115379655
917	1.1175431115379655
918	5.2908763533319485
919	5.2908763533319485
920	5.2908763533319485
921	5.2908763533319485
922	5.2908763533319485
923	3.63634943700513
924	3.63634943700513
925	3.63634943700513
926	3.63634943700513
927	3.63634943700513
928	1.7155125841359686
929	1.7155125841359686
930	1.0416402700322003
931	1.0416402700322003
932	1.0416402700322003
933	1.0416402700322003
934	1.0416402700322003
935	0.10526720127571756
936	0.10526720127571756
937	0.10526720127571756
938	0.10526720127571756
939	0.10526720127571756
940	0.19558602997777297
941	0.19558602997777297
942	0.19558602997777297
943	0.19558602997777297
944	0.19558602997777297
945	0.27638369896180015
946	0.27638369896180015
947	0.27638369896180015
948	0.27638369896180015
949	0.7236985220558071
950	0.7236985220558071
951	0.7236985220558071
952	0.7236985220558071
953	0.7236985220558071
954	0.6171965946001693
955	0.6171965946001693
956	0.6171965946001693
957	0.6171965946001693
958	0.6171965946001693
959	0.8865472763740835
960	0.8865472763740835
961	0.8865472763740835
962	0.8865472763740835
963	0.8865472763740835
964	0.8044321591663111
965	0.8044321591663111
966	0.8044321591663111
967	0.8044321591663111
968	0.8044321591663111
969	0.9197070297409047
970	0.9197070297409047
971	0.9197070297409047
972	0.9197070297409047
973	0.9197070297409047
974	0.8553645500625755
975	0.8553645500625755
976	0.8553645500625755
977	0.8553645500625755
978	0.8553645500625755
979	0.6962085811057572
980	0.6962085811057572
981	2.8378531075619327
982	2.8378531075619327
983	2.8378531075619327
984	2.8378531075619327
985	2.8378531075619327
986	2.966689392496403
987	2.966689392496403
988	2.966689392496403
989	2.966689392496403
990	2.966689392496403
991	2.123541138129193
992	2.123541138129193
993	2.123541138129193
994	2.123541138129193
995	2.123541138129193
996	2.8108460347232267
997	2.8108460347232267
998	2.8108460347232267
999	2.8108460347232267
1000	2.8108460347232267
1001	2.2335062243327215
1002	2.2335062243327215
1003	2.2335062243327215
1004	2.2335062243327215
1005	2.2335062243327215
1006	2.7498172638627008
1007	2.7498172638627008
1008	2.7498172638627008
1009	2.7498172638627008
1010	2.7498172638627008
1011	1.3732128051549652
1012	1.3732128051549652
1013	1.3732128051549652
1014	1.3732128051549652
1015	1.3732128051549652
1016	2.2509160552599523
1017	2.2509160552599523
1018	2.2509160552599523
1019	2.2509160552599523
1020	2.2509160552599523
1021	2.19934824536091
1022	2.19934824536091
1023	2.19934824536091
1024	2.19934824536091
1025	2.19934824536091
1026	1.4355057584122262
1027	1.4355057584122262
1028	1.4355057584122262
1029	1.4355057584122262
1030	3.55236098855102
1031	3.55236098855102
1032	3.55236098855102
1033	3.55236098855102
1034	3.55236098855102
1035	1.785583814825182
1036	1.785583814825182
1037	1.785583814825182
1038	1.785583814825182
1039	1.785583814825182
1040	1.4686677946850324
1041	1.4686677946850324
1042	1.4686677946850324
1043	1.4686677946850324
1044	1.4686677946850324
1045	2.822652694287634
1046	2.822652694287634
1047	2.822652694287634
1048	2.822652694287634
1049	2.822652694287634
1050	4.1936964005958925
1051	4.1936964005958925
1052	4.1936964005958925
1053	4.1936964005958925
1054	6.401849818519227
1055	6.401849818519227
1056	6.401849818519227
1057	6.401849818519227
1058	6.401849818519227
1059	3.816373815313685
1060	3.816373815313685
1061	3.816373815313685
1062	3.816373815313685
1063	3.816373815313685
1064	4.7212038454729175
1065	4.7212038454729175
1066	4.7212038454729175
1067	4.7212038454729175
1068	4.7212038454729175
1069	4.304215416901577
1070	4.304215416901577
1071	4.304215416901577
1072	4.304215416901577
1073	4.304215416901577
1074	5.886025349093458
1075	5.886025349093458
1076	5.886025349093458
1077	5.886025349093458
1078	5.886025349093458
1079	6.3548344487314505
1080	6.3548344487314505
1081	6.3548344487314505
1082	6.3548344487314505
1083	6.3548344487314505
1084	5.023053006434544
1085	5.023053006434544
1086	5.023053006434544
1087	5.023053006434544
1088	5.023053006434544
1089	4.133978014110334
1090	4.133978014110334
1091	4.133978014110334
1092	4.133978014110334
1093	4.133978014110334
1094	3.0128284206396008
1095	3.0128284206396008
1096	3.0128284206396008
1097	3.0128284206396008
1098	3.0128284206396008
1099	4.831513625679594
1100	4.831513625679594
1101	4.831513625679594
1102	4.831513625679594
1103	4.831513625679594
1104	0.6812998548991813
1105	0.6812998548991813
1106	0.6812998548991813
1107	0.6812998548991813
1108	0.6812998548991813
1109	0.6621973695573768
1110	0.6621973695573768
1111	0.6621973695573768
1112	0.6621973695573768
1113	0.6621973695573768
1114	1.7984847052590156
1115	1.7984847052590156
1116	1.7984847052590156
1117	1.7984847052590156
1118	1.7984847052590156
1119	1.2544818779924656
1120	1.2544818779924656
1121	1.2544818779924656
1122	1.2544818779924656
1123	1.2544818779924656
1124	0.8608568646558267
1125	0.8608568646558267
1126	0.8608568646558267
1127	0.8608568646558267
1128	0.8608568646558267
1129	0.7549939263836375
1130	0.7549939263836375
1131	0.7549939263836375
1132	0.7549939263836375
1133	0.7549939263836375
1134	0.44561808951303494
1135	0.44561808951303494
1136	0.44561808951303494
1137	0.44561808951303494
1138	0.44561808951303494
1139	0.8318943021083234
1140	0.8318943021083234
1141	0.8318943021083234
1142	0.8318943021083234
1143	0.8318943021083234
1144	0.5402494934493172
1145	0.5402494934493172
1146	0.5402494934493172
1147	0.5402494934493172
1148	0.5402494934493172
1149	0.9608397092321815
1150	0.9608397092321815
1151	0.9608397092321815
1152	0.9608397092321815
1153	0.9608397092321815
1154	0.7930162698956686
1155	0.7930162698956686
1156	0.7930162698956686
1157	0.7930162698956686
1158	0.7930162698956686
1159	1.0295956803870372
1160	1.0295956803870372
1161	1.0295956803870372
1162	1.0295956803870372
1163	1.0295956803870372
1164	1.2659287783447422
1165	1.2659287783447422
1166	1.2659287783447422
1167	1.2659287783447422
1168	1.2659287783447422
1169	0.9046186060829688
1170	0.9046186060829688
1171	0.9046186060829688
1172	0.9046186060829688
1173	0.9046186060829688
1174	0.5671807454510409
1175	0.5671807454510409
1176	0.5671807454510409
1177	0.5671807454510409
1178	0.5671807454510409
1179	1.4044526343053916
1180	1.4044526343053916
1181	1.4044526343053916
1182	1.4044526343053916
1183	1.4044526343053916
1184	0.7670161689255189
1185	0.7670161689255189
1186	0.7670161689255189
1187	0.7670161689255189
1188	0.7670161689255189
1189	1.260180342509104
1190	1.260180342509104
1191	1.260180342509104
1192	1.260180342509104
1193	1.260180342509104
1194	0.7234361686330131
1195	0.7234361686330131
1196	0.7234361686330131
1197	0.7234361686330131
1198	0.7234361686330131
1199	1.5703039254951319
1200	1.5703039254951319
1201	1.5703039254951319
1202	1.5703039254951319
1203	1.5703039254951319
1204	0.6778209475333002
1205	0.6778209475333002
1206	0.6778209475333002
1207	0.6778209475333002
1208	0.6778209475333002
1209	0.48447295250331945
1210	0.48447295250331945
1211	0.48447295250331945
1212	0.48447295250331945
1213	0.48447295250331945
1214	1.1897866140379552
1215	1.1897866140379552
1216	2.5854661558631697
1217	2.5854661558631697
1218	2.5854661558631697
1219	2.5854661558631697
1220	2.5854661558631697
1221	2.6989566201561184
1222	2.6989566201561184
1223	2.6989566201561184
1224	2.6989566201561184
1225	2.6989566201561184
1226	2.189705012734625
1227	2.189705012734625
1228	2.189705012734625
1229	2.189705012734625
1230	2.189705012734625
1231	1.6816697271784227
1232	1.6816697271784227
1233	1.6816697271784227
1234	1.6816697271784227
1235	1.6816697271784227
1236	2.820787771105441
1237	2.820787771105441
1238	2.820787771105441
1239	2.820787771105441
1240	2.820787771105441
1241	2.019593453412387
1242	2.019593453412387
1243	2.019593453412387
1244	2.019593453412387
1245	2.019593453412387
1246	2.19855172862381
1247	2.19855172862381
1248	2.19855172862381
1249	2.19855172862381
1250	2.19855172862381
1251	1.6113105609451726
1252	1.6113105609451726
1253	1.6113105609451726
1254	1.6113105609451726
1255	1.6113105609451726
1256	3.203889116181963
1257	3.203889116181963
1258	3.203889116181963
1259	3.203889116181963
1260	3.203889116181963
1261	0.7229512860174567
1262	0.7229512860174567
1263	0.7229512860174567
1264	0.7229512860174567
1265	0.7229512860174567
1266	2.428919504224148
1267	2.428919504224148
1268	2.428919504224148
1269	2.428919504224148
1270	2.428919504224148
1271	1.8500095100947427
1272	1.8500095100947427
1273	1.8500095100947427
1274	1.8500095100947427
1275	1.8500095100947427
1276	1.7486737437221265
1277	1.7486737437221265
1278	1.7486737437221265
1279	1.7486737437221265
1280	1.7486737437221265
1281	2.4609766598855307
1282	2.4609766598855307
1283	2.4609766598855307
1284	2.4609766598855307
1285	2.4609766598855307
1286	2.364127129824383
1287	2.364127129824383
1288	2.364127129824383
1289	2.364127129824383
1290	2.364127129824383
1291	2.1579192476779565
1292	2.1579192476779565
1293	2.1579192476779565
1294	2.1579192476779565
1295	2.1579192476779565
1296	3.3729152432579106
1297	3.3729152432579106
1298	3.3729152432579106
1299	3.3729152432579106
1300	3.3729152432579106
1301	3.189411213885186
1302	3.189411213885186
1303	3.189411213885186
1304	3.189411213885186
1305	3.189411213885186
1306	3.449989684858722
1307	3.449989684858722
1308	3.449989684858722
1309	3.449989684858722
1310	3.449989684858722
1311	3.7822256682390307
1312	3.7822256682390307
1313	3.7822256682390307
1314	3.7822256682390307
1315	3.7822256682390307
1316	3.2713569969503027
1317	2.838854478477387
1318	2.838854478477387
1319	2.838854478477387
1320	2.838854478477387
1321	2.838854478477387
1322	2.101686470188914
1323	2.101686470188914
1324	2.101686470188914
1325	2.101686470188914
1326	2.101686470188914
1327	2.0426442392836637
1328	2.0426442392836637
1329	2.0426442392836637
1330	2.0426442392836637
1331	2.0426442392836637
1332	1.8496273376064942
1333	1.8496273376064942
1334	1.8496273376064942
1335	1.8496273376064942
1336	1.8496273376064942
1337	1.9151046566158714
1338	1.9151046566158714
1339	1.9151046566158714
1340	1.9151046566158714
1341	1.9151046566158714
1342	2.3308223451904553
1343	2.3308223451904553
1344	2.3308223451904553
1345	2.3308223451904553
1346	2.3308223451904553
1347	1.7836681248708046
1348	1.7836681248708046
1349	1.7836681248708046
1350	1.7836681248708046
1351	1.7836681248708046
1352	2.2909856609427495
1353	2.2909856609427495
1354	2.2909856609427495
1355	2.2909856609427495
1356	2.2909856609427495
1357	1.563198288979608
1358	1.563198288979608
1359	1.563198288979608
1360	1.563198288979608
1361	1.563198288979608
1362	2.040887498907017
1363	2.040887498907017
1364	2.040887498907017
1365	2.040887498907017
1366	2.040887498907017
1367	1.6574140231319654
1368	1.6574140231319654
1369	1.6574140231319654
1370	1.6574140231319654
1371	1.6574140231319654
1372	1.7161999592685568
1373	1.7161999592685568
1374	1.7161999592685568
1375	1.7161999592685568
1376	1.7161999592685568
1377	2.3738787828403236
1378	2.3738787828403236
1379	2.3738787828403236
1380	2.3738787828403236
1381	2.3738787828403236
1382	2.1983134154716066
1383	2.1983134154716066
1384	2.1983134154716066
1385	2.1983134154716066
1386	2.1983134154716066
1387	4.004227042194566
1388	4.004227042194566
1389	4.004227042194566
1390	4.004227042194566
1391	4.004227042194566
1392	4.385422147303519
1393	4.385422147303519
1394	4.385422147303519
1395	4.385422147303519
1396	4.385422147303519
1397	2.745956055304507
1398	2.745956055304507
1399	2.745956055304507
1400	2.745956055304507
1401	2.745956055304507
1402	2.024160451253442
1403	1.419467174824788
1404	1.419467174824788
1405	1.419467174824788
1406	1.419467174824788
1407	1.419467174824788
1408	0.6361425589439345
1409	0.6361425589439345
1410	0.6361425589439345
1411	0.6361425589439345
1412	0.6361425589439345
1413	3.377587939791201
1414	3.377587939791201
1415	3.377587939791201
1416	3.377587939791201
1417	3.377587939791201
1418	4.168587612781328
1419	4.168587612781328
1420	4.168587612781328
1421	4.168587612781328
1422	4.168587612781328
1423	4.881141002972797
1424	4.881141002972797
1425	4.215493506234311
1426	4.215493506234311
1427	4.215493506234311
1428	4.215493506234311
1429	4.215493506234311
1430	3.602138106726532
1431	3.602138106726532
1432	3.602138106726532
1433	3.602138106726532
1434	3.602138106726532
1435	5.213537630901303
1436	5.213537630901303
1437	5.213537630901303
1438	5.213537630901303
1439	5.213537630901303
1440	3.6964000823771253
1441	3.6964000823771253
1442	3.6964000823771253
1443	3.6964000823771253
1444	3.6964000823771253
1445	4.987635452176598
1446	4.987635452176598
1447	4.987635452176598
1448	2.4951891201396936
1449	2.4951891201396936
1450	2.4951891201396936
1451	2.4951891201396936
1452	2.4951891201396936
1453	2.4488613597847912
1454	2.4488613597847912
1455	2.4488613597847912
1456	2.4488613597847912
1457	2.4488613597847912
1458	1.8201747654183857
1459	1.8201747654183857
1460	1.8201747654183857
1461	1.8201747654183857
1462	1.8201747654183857
1463	3.101743083485234
1464	3.101743083485234
1465	3.101743083485234
1466	3.101743083485234
1467	3.101743083485234
1468	3.1281722107269085
1469	3.1281722107269085
1470	3.1281722107269085
1471	3.1281722107269085
1472	3.1281722107269085
1473	2.2445859391463285
1474	2.2445859391463285
1475	2.2445859391463285
1476	2.2445859391463285
1477	2.2445859391463285
1478	1.635818566022635
1479	1.635818566022635
1480	1.635818566022635
1481	1.635818566022635
1482	1.635818566022635
1483	1.712199898599461
1484	1.712199898599461
1485	1.712199898599461
1486	1.712199898599461
1487	1.712199898599461
1488	1.0213250561664782
1489	1.0213250561664782
1490	1.0213250561664782
1491	1.0213250561664782
1492	1.0213250561664782
1493	0.7158772898850392
1494	0.7158772898850392
1495	0.7158772898850392
1496	0.7158772898850392
1497	0.7158772898850392
1498	1.3952900636324563
1499	1.3952900636324563
1500	1.3952900636324563
1501	1.3952900636324563
1502	1.3952900636324563
1503	0.8197937765050518
1504	0.8197937765050518
1505	0.8197937765050518
1506	0.8197937765050518
1507	0.8197937765050518
1508	1.4775344545835387
1509	1.4775344545835387
1510	1.4775344545835387
1511	1.4775344545835387
1512	1.4775344545835387
1513	0.8157574525536243
1514	0.8157574525536243
1515	0.8157574525536243
1516	0.8157574525536243
1517	0.8157574525536243
1518	1.1285896594310356
1519	1.1285896594310356
1520	1.1285896594310356
1521	1.1285896594310356
1522	1.1285896594310356
1523	0.771110453509009
1524	0.771110453509009
1525	0.771110453509009
1526	0.771110453509009
1527	0.771110453509009
1528	1.2623233734930388
1529	1.2623233734930388
1530	1.2623233734930388
1531	1.2623233734930388
1532	1.2623233734930388
1533	0.8414138582485694
1534	0.8414138582485694
1535	0.8414138582485694
1536	0.8414138582485694
1537	0.8414138582485694
1538	1.2612187534859656
1539	1.2612187534859656
1540	1.7245391655020816
1541	1.7245391655020816
1542	1.7245391655020816
1543	1.7245391655020816
1544	1.7245391655020816
1545	3.3949843709587295
1546	3.3949843709587295
1547	3.3949843709587295
1548	3.3949843709587295
1549	3.3949843709587295
1550	3.791610303807303
1551	3.791610303807303
1552	3.791610303807303
1553	3.791610303807303
1554	3.791610303807303
1555	2.8113997545772413
1556	2.8113997545772413
1557	2.8113997545772413
1558	2.8113997545772413
1559	1.9302120482301048
1560	1.9302120482301048
1561	1.568411428506153
1562	1.568411428506153
1563	1.568411428506153
1564	1.568411428506153
1565	1.568411428506153
1566	1.2491238891784664
1567	1.2491238891784664
1568	1.2491238891784664
1569	3.048076020313502
1570	3.048076020313502
1571	3.048076020313502
1572	3.048076020313502
1573	3.048076020313502
1574	3.2600300024533455
1575	3.2600300024533455
1576	3.2600300024533455
1577	3.2600300024533455
1578	3.2600300024533455
1579	2.593693741440166
1580	2.593693741440166
1581	2.593693741440166
1582	2.593693741440166
1583	2.593693741440166
1584	2.967382671004075
1585	2.967382671004075
1586	2.967382671004075
1587	2.967382671004075
1588	2.967382671004075
1589	3.7590160969631263
1590	3.7590160969631263
1591	3.7590160969631263
1592	3.7590160969631263
1593	3.7590160969631263
1594	3.12577505686706
1595	3.12577505686706
1596	3.12577505686706
1597	3.12577505686706
1598	3.12577505686706
1599	2.3216571913219286
1600	2.3216571913219286
1601	2.3216571913219286
1602	2.3216571913219286
1603	4.614733866475769
1604	4.614733866475769
1605	4.614733866475769
1606	4.614733866475769
1607	4.614733866475769
1608	2.127641124505571
1609	2.127641124505571
1610	2.127641124505571
1611	2.127641124505571
1612	2.127641124505571
1613	3.2885022260274455
1614	3.2885022260274455
1615	3.2885022260274455
1616	3.2885022260274455
1617	3.2885022260274455
1618	2.640470393162425
1619	2.640470393162425
1620	2.640470393162425
1621	2.640470393162425
1622	2.640470393162425
1623	3.678597238527033
1624	3.678597238527033
1625	3.678597238527033
1626	3.678597238527033
1627	3.678597238527033
1628	0.9457689609773257
1629	0.9457689609773257
1630	0.9457689609773257
1631	0.9457689609773257
1632	0.9457689609773257
1633	1.14596561613201
1634	1.14596561613201
1635	1.14596561613201
1636	1.14596561613201
1637	1.14596561613201
1638	0.6203690199480119
1639	0.6203690199480119
1640	0.6203690199480119
1641	0.6203690199480119
1642	0.6203690199480119
1643	0.9891264905168939
1644	0.9891264905168939
1645	0.9891264905168939
1646	0.9891264905168939
1647	0.9891264905168939
1648	1.1644667076486461
1649	1.1644667076486461
1650	1.1644667076486461
1651	1.1644667076486461
1652	1.1644667076486461
1653	0.7197564577279505
1654	0.7197564577279505
1655	0.7197564577279505
1656	0.7197564577279505
1657	0.7197564577279505
1658	1.3068549683197987
1659	1.3068549683197987
1660	1.3068549683197987
1661	1.3068549683197987
1662	1.3068549683197987
1663	1.4690792608179915
1664	1.4690792608179915
1665	1.4690792608179915
1666	1.4690792608179915
1667	1.4690792608179915
1668	1.06111461577855
1669	1.06111461577855
1670	1.06111461577855
1671	1.06111461577855
1672	1.06111461577855
1673	1.3367013940581476
1674	1.3367013940581476
1675	1.3367013940581476
1676	1.3367013940581476
1677	1.3367013940581476
1678	1.4171632010734108
1679	1.4171632010734108
1680	1.4171632010734108
1681	1.4171632010734108
1682	0.8062372926128714
1683	0.8062372926128714
1684	0.8062372926128714
1685	0.8062372926128714
1686	0.8062372926128714
1687	0.9310992796356186
1688	0.9310992796356186
1689	0.9310992796356186
1690	0.9310992796356186
1691	0.9310992796356186
1692	0.5400952091761853
1693	0.5400952091761853
1694	0.5400952091761853
1695	0.5400952091761853
1696	0.5400952091761853
1697	0.7800729776770143
1698	0.7800729776770143
1699	0.2342135207206758
1700	0.2342135207206758
1701	0.2342135207206758
1702	0.2342135207206758
1703	0.2342135207206758
1704	0.2755312150643498
1705	0.2755312150643498
1706	0.2755312150643498
1707	0.2755312150643498
1708	0.2755312150643498
1709	0.1286415343584577
1710	0.1286415343584577
1711	0.1286415343584577
1712	0.1286415343584577
1713	0.1286415343584577
1714	0.1
1715	0.1
1716	0.1
1717	0.1
1718	0.1
1719	0.21385926956679413
1720	0.21385926956679413
1721	0.21385926956679413
1722	0.21385926956679413
1723	0.21385926956679413
1724	0.17988191061804915
1725	0.17988191061804915
1726	0.17988191061804915
1727	0.17988191061804915
1728	0.17988191061804915
1729	0.28742380393118705
1730	0.28742380393118705
1731	0.28742380393118705
1732	0.28742380393118705
1733	0.28742380393118705
1734	0.1365512803934888
1735	0.1365512803934888
1736	0.1365512803934888
1737	0.1365512803934888
1738	0.1365512803934888
1739	0.12901496044993058
1740	0.39446060654930915
1741	0.39446060654930915
1742	0.39446060654930915
1743	0.39446060654930915
1744	0.39446060654930915
1745	0.249722635486815
1746	2.5458638828878724
1747	3.9566106971996184
1748	3.9566106971996184
1749	3.9566106971996184
1750	3.9566106971996184
1751	3.9566106971996184
1752	2.326279865644982
1753	2.326279865644982
1754	2.326279865644982
1755	2.326279865644982
1756	2.3957968321559937
1757	2.3957968321559937
1758	2.3957968321559937
1759	2.3957968321559937
1760	2.3957968321559937
1761	3.258988916966347
1762	3.258988916966347
1763	3.258988916966347
1764	3.258988916966347
1765	0.5196194377883727
1766	0.5196194377883727
1767	0.5196194377883727
1768	0.5196194377883727
1769	0.5196194377883727
1770	0.5889632638149852
1771	0.5889632638149852
1772	0.5889632638149852
1773	0.5889632638149852
1774	0.5889632638149852
1775	0.6048950651081735
1776	0.6048950651081735
1777	0.6048950651081735
1778	0.6048950651081735
1779	0.6048950651081735
1780	0.8283391905464893
1781	0.8283391905464893
1782	0.8283391905464893
1783	0.8283391905464893
1784	0.8283391905464893
1785	0.6781031837377841
1786	0.6781031837377841
1787	0.6781031837377841
1788	0.6781031837377841
1789	0.6781031837377841
1790	0.9084906111704041
1791	0.9084906111704041
1792	0.9084906111704041
1793	0.9084906111704041
1794	0.9084906111704041
1795	0.4367596319012455
1796	0.4367596319012455
1797	0.4367596319012455
1798	0.4367596319012455
1799	0.4367596319012455
1800	0.5241615204795453
1801	0.5241615204795453
1802	0.5241615204795453
1803	0.5241615204795453
1804	0.5241615204795453
1805	2.9694793633086305
1806	2.9694793633086305
1807	2.9694793633086305
1808	1.8868939342708408
1809	1.8868939342708408
1810	1.8868939342708408
1811	1.120044377616446
1812	1.120044377616446
1813	1.120044377616446
1814	1.120044377616446
1815	1.120044377616446
1816	1.193911444305806
1817	1.193911444305806
1818	1.193911444305806
1819	2.1953695349247293
1820	2.1953695349247293
1821	2.1953695349247293
1822	2.1953695349247293
1823	2.1953695349247293
1824	3.46594987547566
1825	3.46594987547566
1826	3.46594987547566
1827	3.46594987547566
1828	3.46594987547566
1829	3.3189738551032257
1830	3.3189738551032257
1831	3.3189738551032257
1832	3.3189738551032257
1833	3.3189738551032257
1834	2.898988770220427
1835	2.898988770220427
1836	2.898988770220427
1837	2.898988770220427
1838	2.898988770220427
1839	3.021766135503638
1840	3.021766135503638
1841	3.021766135503638
1842	3.021766135503638
1843	3.021766135503638
1844	4.036396133521087
1845	4.036396133521087
1846	4.036396133521087
1847	4.036396133521087
1848	4.036396133521087
1849	2.6773391773715938
1850	2.6773391773715938
1851	2.6773391773715938
1852	2.6773391773715938
1853	2.6773391773715938
1854	3.7616760532110565
1855	3.7616760532110565
1856	3.7616760532110565
1857	3.7616760532110565
1858	3.7616760532110565
1859	3.5107088816199195
1860	3.5107088816199195
1861	3.5107088816199195
1862	3.5107088816199195
1863	3.5107088816199195
1864	3.575414352948167
1865	3.575414352948167
1866	3.575414352948167
1867	3.575414352948167
1868	3.575414352948167
1869	2.33048744090647
1870	2.33048744090647
1871	2.33048744090647
1872	2.33048744090647
1873	2.33048744090647
1874	3.7630202278379667
1875	3.7630202278379667
1876	3.7630202278379667
1877	3.7630202278379667
1878	3.7630202278379667
1879	4.595885912209362
1880	4.595885912209362
1881	4.595885912209362
1882	4.595885912209362
1883	4.595885912209362
1884	4.343127490429569
1885	4.343127490429569
1886	4.343127490429569
1887	4.343127490429569
1888	4.343127490429569
1889	3.7398912291082866
1890	3.7398912291082866
1891	3.7398912291082866
1892	3.7398912291082866
1893	3.7398912291082866
1894	5.829895213535001
1895	5.829895213535001
1896	5.829895213535001
1897	5.829895213535001
1898	0.36769477445731463
1899	0.36769477445731463
1900	0.36769477445731463
1901	0.36769477445731463
1902	0.36769477445731463
1903	0.5901097633769955
1904	0.5901097633769955
1905	0.5901097633769955
1906	0.5901097633769955
1907	0.5901097633769955
1908	0.724759433420766
1909	0.724759433420766
1910	0.724759433420766
1911	0.724759433420766
1912	0.724759433420766
1913	0.7800815974441163
1914	0.7800815974441163
1915	4.7379289497339725
1916	4.7379289497339725
1917	4.7379289497339725
1918	4.7379289497339725
1919	4.7379289497339725
1920	2.8544239592109997
1921	2.8544239592109997
1922	2.8544239592109997
1923	2.8544239592109997
1924	2.8544239592109997
1925	2.8516632160526334
1926	2.8516632160526334
1927	2.8516632160526334
1928	2.8516632160526334
1929	2.8516632160526334
1930	4.701820197637634
1931	4.701820197637634
1932	4.701820197637634
1933	4.701820197637634
1934	4.701820197637634
1935	2.1527476407812713
1936	2.1527476407812713
1937	2.1527476407812713
1938	2.1527476407812713
1939	2.1527476407812713
1940	3.218995224455499
1941	3.218995224455499
1942	3.218995224455499
1943	3.218995224455499
1944	3.218995224455499
1945	2.427656337486665
1946	1.287672014485222
1947	1.287672014485222
1948	1.287672014485222
1949	1.287672014485222
1950	1.287672014485222
1951	0.1
1952	0.1
1953	0.1
1954	0.1
1955	0.1
1956	0.15874710030922742
1957	0.15874710030922742
1958	0.15874710030922742
1959	0.15874710030922742
1960	1.417345382302059
1961	1.417345382302059
1962	1.417345382302059
1963	1.417345382302059
1964	1.417345382302059
1965	1.713290431675697
1966	1.713290431675697
1967	1.713290431675697
1968	1.713290431675697
1969	1.713290431675697
1970	2.7840547347785836
1971	2.7840547347785836
1972	2.7840547347785836
1973	2.7840547347785836
1974	2.7840547347785836
1975	2.2864527479707193
1976	2.2864527479707193
1977	2.2864527479707193
1978	2.2864527479707193
1979	2.2864527479707193
1980	2.191432474115225
1981	2.191432474115225
1982	2.191432474115225
1983	2.191432474115225
1984	2.191432474115225
1985	2.680897181458266
1986	2.680897181458266
1987	2.680897181458266
1988	2.680897181458266
1989	2.680897181458266
1990	2.108768437397022
1991	2.108768437397022
1992	2.108768437397022
1993	2.108768437397022
1994	2.108768437397022
1995	1.7736354875404812
1996	1.7736354875404812
1997	1.7736354875404812
1998	1.7736354875404812
1999	1.7736354875404812
