0	3.0533815774882664
1	3.0533815774882664
2	2.2234985892776495
3	2.2234985892776495
4	2.544182585544751
5	2.544182585544751
6	3.0922850964987156
7	3.0922850964987156
8	2.3052267411726284
9	2.3052267411726284
10	2.429195528271508
11	2.429195528271508
12	2.416915430166919
13	2.416915430166919
14	2.756252230525429
15	2.756252230525429
16	2.843592864412256
17	2.843592864412256
18	2.2113045380858356
19	2.2113045380858356
20	2.2430202890798325
21	2.2430202890798325
22	2.3950287828103316
23	2.3950287828103316
24	1.661607489157853
25	1.661607489157853
26	2.5620887811503916
27	2.5620887811503916
28	2.341713822919907
29	2.341713822919907
30	2.1101446184816286
31	2.1101446184816286
32	2.7429239659342306
33	2.7429239659342306
34	2.6717562525709493
35	2.6717562525709493
36	2.7260753475601587
37	2.7260753475601587
38	2.6934272025775523
39	2.6934272025775523
40	2.0879701308555907
41	2.0879701308555907
42	2.6934684751490883
43	2.6934684751490883
44	2.365358070844157
45	2.365358070844157
46	1.5227408278351038
47	1.5227408278351038
48	1.752603929581979
49	1.752603929581979
50	3.1455385914148626
51	3.1455385914148626
52	1.9960489859869806
53	1.9960489859869806
54	2.6136343099833295
55	2.6136343099833295
56	2.165272777463339
57	2.165272777463339
58	3.139009268004883
59	3.139009268004883
60	2.5122583930264066
61	2.5122583930264066
62	1.7403518442947357
63	1.7403518442947357
64	2.652502069181375
65	2.652502069181375
66	2.757429007764158
67	2.757429007764158
68	2.419590028336564
69	2.419590028336564
70	3.1507911663575854
71	3.1507911663575854
72	3.0868018554326104
73	3.0868018554326104
74	2.59295536310899
75	2.59295536310899
76	1.4146518673177786
77	1.4146518673177786
78	1.4163032263511217
79	1.4163032263511217
80	1.0912348829931724
81	1.0912348829931724
82	1.9840039838383228
83	1.9840039838383228
84	1.4758696687988444
85	1.4758696687988444
86	1.2655091992679077
87	1.2655091992679077
88	1.8156943547917928
89	1.8156943547917928
90	1.8469257133802421
91	1.8469257133802421
92	1.5110573876958768
93	1.5110573876958768
94	2.0046249987573623
95	2.0046249987573623
96	1.8312953910600738
97	1.8312953910600738
98	1.356651790784428
99	1.356651790784428
100	1.7856106177933337
101	1.7856106177933337
102	1.7289166952164772
103	1.7289166952164772
104	1.144787928036513
105	1.144787928036513
106	1.3306692111805583
107	1.3306692111805583
108	1.3432572878232445
109	1.3432572878232445
110	1.521998579124421
111	1.521998579124421
112	1.0195078521715546
113	1.0195078521715546
114	1.945370020391362
115	1.945370020391362
116	1.0437873583354325
117	1.0437873583354325
118	1.5354133875384628
119	1.5354133875384628
120	1.1350461683581496
121	1.1350461683581496
122	1.0993057177582046
123	1.0993057177582046
124	1.6095836569751922
125	1.6095836569751922
126	1.9187072895117225
127	1.9187072895117225
128	1.4962174121650202
129	1.4962174121650202
130	1.9009629453461265
131	1.9009629453461265
132	1.527128849559985
133	1.527128849559985
134	1.596130775873413
135	1.596130775873413
136	1.9152577791203538
137	1.9152577791203538
138	1.8558369852840424
139	1.8558369852840424
140	1.2514421590731197
141	1.2514421590731197
142	2.06393764023213
143	2.06393764023213
144	1.8235088224457368
145	1.8235088224457368
146	2.1456650483694166
147	2.1456650483694166
148	1.546609383095957
149	1.546609383095957
150	1.9817016349508476
151	1.9817016349508476
152	1.6963809620797508
153	1.6963809620797508
154	1.3551016839404315
155	1.3551016839404315
156	1.6848452616333438
157	1.6848452616333438
158	1.1775629097988323
159	1.1775629097988323
160	1.153317840046032
161	1.153317840046032
162	1.7666861118305017
163	1.7666861118305017
164	1.4625659039012342
165	1.4625659039012342
166	1.5048490858197783
167	1.5048490858197783
168	1.3191260096913822
169	1.3191260096913822
170	0.9832024142791131
171	0.9832024142791131
172	1.4791426232994072
173	1.4791426232994072
174	1.4775945376869293
175	1.4775945376869293
176	1.7142798001323787
177	1.7142798001323787
178	0.8825343256810044
179	0.8825343256810044
180	0.8065157851378802
181	0.8065157851378802
182	0.7085848265782971
183	0.7085848265782971
184	0.6790878387322147
185	0.6790878387322147
186	0.581923817471854
187	0.581923817471854
188	0.5310416143059942
189	0.5310416143059942
190	0.5829328232934432
191	0.5829328232934432
192	0.641478420558617
193	0.641478420558617
194	0.6515052242398608
195	0.6515052242398608
196	0.6053845071083258
197	0.6053845071083258
198	0.5714732708616377
199	0.5714732708616377
200	0.6376251314781528
201	0.6376251314781528
202	0.7931737516338739
203	0.7931737516338739
204	0.5407444326563374
205	0.5407444326563374
206	0.6173535063111854
207	0.6173535063111854
208	0.7175232461122937
209	0.7175232461122937
210	0.6368068180191719
211	0.6368068180191719
212	0.7702775009044885
213	0.7702775009044885
214	0.8488966988308269
215	0.8488966988308269
216	0.6925694082685738
217	0.6925694082685738
218	0.6842233439599982
219	0.6842233439599982
220	0.7391488420294575
221	0.7391488420294575
222	0.573962660749941
223	0.573962660749941
224	0.7645134389568505
225	0.7645134389568505
226	0.6733886713762461
227	0.6733886713762461
228	0.7057415657347058
229	0.7057415657347058
230	0.676890968827848
231	0.676890968827848
232	0.764523941689115
233	0.764523941689115
234	0.5271889405299388
235	0.5271889405299388
236	0.7179326446192159
237	0.7179326446192159
238	0.8352658688697189
239	0.8352658688697189
240	0.6604071855059876
241	0.6604071855059876
242	0.7763056770229786
243	0.7763056770229786
244	0.6887079675553994
245	0.6887079675553994
246	0.6297209493514467
247	0.6297209493514467
248	0.6859354584323617
249	0.6859354584323617
250	0.5558044455827951
251	0.5558044455827951
252	0.5844976647216188
253	0.5844976647216188
254	0.6756072944969536
255	0.6756072944969536
256	0.45673748023003435
257	0.45673748023003435
258	0.7431887478873012
259	0.7431887478873012
260	0.5195209404332652
261	0.5195209404332652
262	0.4585955301772754
263	0.4585955301772754
264	0.6331353135602029
265	0.6331353135602029
266	0.5152733438949391
267	0.5152733438949391
268	0.6335261607494646
269	0.6335261607494646
270	0.7974867643861964
271	0.7974867643861964
272	0.7027135210345864
273	0.7027135210345864
274	0.6142718077728202
275	0.6142718077728202
276	0.6235225965305543
277	0.6235225965305543
278	0.5113109967180707
279	0.5113109967180707
280	0.46240824115930296
281	0.46240824115930296
282	0.5835224051135675
283	0.5835224051135675
284	0.731911767387712
285	0.731911767387712
286	0.7038583998012817
287	0.7038583998012817
288	0.7154872419171483
289	0.7154872419171483
290	0.7984418870921026
291	0.7984418870921026
292	0.6676769853161101
293	0.6676769853161101
294	0.6752212535044828
295	0.6752212535044828
296	0.7058651834057569
297	0.7058651834057569
298	0.5166041372557535
299	0.5166041372557535
300	0.5450518753536229
301	0.5450518753536229
302	0.6917860464872236
303	0.6917860464872236
304	0.5653966554648184
305	0.5653966554648184
306	0.7654386295103134
307	0.7654386295103134
308	0.37179878683413964
309	0.37179878683413964
310	0.735872092515879
311	0.735872092515879
312	0.6366245992142098
313	0.6366245992142098
314	0.5481752687213087
315	0.5481752687213087
316	0.47554277857302707
317	0.47554277857302707
318	0.6085617639653539
319	0.6085617639653539
320	0.5301595056964294
321	0.5301595056964294
322	0.752522586168486
323	0.752522586168486
324	0.4771351480825006
325	0.4771351480825006
326	0.6225071950350484
327	0.6225071950350484
328	0.6356070571742152
329	0.6356070571742152
330	0.8110249285578233
331	0.8110249285578233
332	0.7760446630457735
333	0.7760446630457735
334	1.01058852666521
335	1.01058852666521
336	0.5156673795269978
337	0.5156673795269978
338	0.8487183930709339
339	0.8487183930709339
340	0.46559256047956005
341	0.46559256047956005
342	0.6442916007244045
343	0.6442916007244045
344	0.6632621570052359
345	0.6632621570052359
346	0.6010618697108591
347	0.6010618697108591
348	0.6818046452765686
349	0.6818046452765686
350	0.8674234765119427
351	0.8674234765119427
352	0.6886343866401279
353	0.6886343866401279
354	0.7155274670757306
355	0.7155274670757306
356	0.7291795462799137
357	0.7291795462799137
358	0.7187855672036427
359	0.7187855672036427
360	0.852690353745559
361	0.852690353745559
362	0.8210610798412886
363	0.8210610798412886
364	0.6503290877046577
365	0.6503290877046577
366	0.765599451909686
367	0.765599451909686
368	0.6082392168325617
369	0.6082392168325617
370	0.5981679678250262
371	0.5981679678250262
372	0.524707711293155
373	0.524707711293155
374	0.7933531848382916
375	0.7933531848382916
376	0.6828776304793419
377	0.6828776304793419
378	0.6380665671315056
379	0.6380665671315056
380	0.592545495520731
381	0.592545495520731
382	0.8380939142393822
383	0.8380939142393822
384	0.5548141230643431
385	0.5548141230643431
386	0.5922871045098774
387	0.5922871045098774
388	0.6805173556772197
389	0.6805173556772197
390	0.7597212561156619
391	0.7597212561156619
392	0.4731720471355624
393	0.4731720471355624
394	0.7094909621806923
395	0.7094909621806923
396	0.6000069192462105
397	0.6000069192462105
398	0.5423975606400212
399	0.5423975606400212
400	0.6909626813838952
401	0.6909626813838952
402	0.808508214001008
403	0.808508214001008
404	0.7122202760215057
405	0.7122202760215057
406	0.9007320188782265
407	0.9007320188782265
408	0.6093764062693072
409	0.6093764062693072
410	0.725679163557779
411	0.725679163557779
412	0.6390307246563002
413	0.6390307246563002
414	0.7317674335952861
415	0.7317674335952861
416	0.739325975627466
417	0.739325975627466
418	0.670225175330124
419	0.670225175330124
420	0.708672352190771
421	0.708672352190771
422	0.40036601795397814
423	0.40036601795397814
424	0.6039369788645226
425	0.6039369788645226
426	0.6103457403733672
427	0.6103457403733672
428	0.6684926696869818
429	0.6684926696869818
430	0.7071932229162057
431	0.7071932229162057
432	0.54721590627683
433	0.54721590627683
434	0.7286601683657865
435	0.7286601683657865
436	0.5662295567628346
437	0.5662295567628346
438	0.5424346556092017
439	0.5424346556092017
440	0.6947610755242617
441	0.6947610755242617
442	0.7192363328702466
443	0.7192363328702466
444	0.5873155556994509
445	0.5873155556994509
446	0.5931214733515872
447	0.5931214733515872
448	0.5695809104928349
449	0.5695809104928349
450	0.7497651312940579
451	0.7497651312940579
452	0.7485270811978748
453	0.7485270811978748
454	0.42094303239208086
455	0.42094303239208086
456	0.7251808511496411
457	0.7251808511496411
458	0.5765198025238831
459	0.5765198025238831
460	0.5971578767135907
461	0.5971578767135907
462	0.6076085302757009
463	0.6076085302757009
464	0.6440759829813469
465	0.6440759829813469
466	0.6272466141533198
467	0.6272466141533198
468	0.40451996530351336
469	0.40451996530351336
470	0.7995271731382727
471	0.7995271731382727
472	0.8398390351398015
473	0.8398390351398015
474	0.5826438030646383
475	0.5826438030646383
476	0.5960266073254323
477	0.5960266073254323
478	0.7505133726120946
479	0.7505133726120946
480	0.7819376997949268
481	0.7819376997949268
482	0.7799551537174272
483	0.7799551537174272
484	0.6989008342649984
485	0.6989008342649984
486	0.781035036697888
487	0.781035036697888
488	0.47967158090219775
489	0.47967158090219775
490	0.5914298136504067
491	0.5914298136504067
492	0.5553583264739566
493	0.5553583264739566
494	0.6468157624777822
495	2.6597887004731513
496	2.6597887004731513
497	2.2416197047108173
498	2.2416197047108173
499	2.3184290531521072
500	2.3184290531521072
501	2.8137902195221733
502	2.8137902195221733
503	2.6216638375659946
504	2.6216638375659946
505	1.6901464123830043
506	1.6901464123830043
507	2.1780472771524875
508	2.1780472771524875
509	2.284676721678256
510	2.284676721678256
511	2.2752364933207008
512	2.2752364933207008
513	2.685170736936127
514	2.685170736936127
515	2.3223253194341624
516	2.3223253194341624
517	2.01269434333907
518	2.01269434333907
519	1.922604971630915
520	1.922604971630915
521	1.8481639744095402
522	1.8481639744095402
523	2.020852431326846
524	2.020852431326846
525	2.3265947320874405
526	2.3265947320874405
527	2.8835854785249455
528	2.8835854785249455
529	2.2657359171549643
530	2.2657359171549643
531	2.344097816485126
532	2.344097816485126
533	1.3277468086984896
534	1.3277468086984896
535	2.294057544281636
536	2.294057544281636
537	2.6846153790652076
538	2.6846153790652076
539	3.0502734923889765
540	3.0502734923889765
541	2.3323285633527933
542	2.3323285633527933
543	2.9846650107980435
544	2.9846650107980435
545	2.7924658179512276
546	2.7924658179512276
547	2.6266153790156466
548	2.6266153790156466
549	2.3664125643050684
550	2.3664125643050684
551	2.79604662554394
552	2.79604662554394
553	2.243560839394215
554	2.243560839394215
555	3.331005373526769
556	3.331005373526769
557	2.2147120955600776
558	2.2147120955600776
559	2.3303282468495103
560	2.3303282468495103
561	2.0675811313353694
562	2.0675811313353694
563	3.0287238160389762
564	3.0287238160389762
565	3.149059581958173
566	3.149059581958173
567	2.610850596206748
568	2.610850596206748
569	2.340044640505262
570	2.340044640505262
571	2.984163043241029
572	2.984163043241029
573	3.0885945602342546
574	3.0885945602342546
575	1.8096112010913763
576	1.8096112010913763
577	2.830965316301322
578	2.830965316301322
579	2.7211034107392935
580	2.7211034107392935
581	1.8047376291134674
582	1.8047376291134674
583	3.037850232656555
584	3.037850232656555
585	1.8208719190510205
586	1.8208719190510205
587	2.151048546835428
588	2.151048546835428
589	2.4861287619301624
590	2.4861287619301624
591	2.3753184911814307
592	2.3753184911814307
593	2.6191239043851375
594	2.6191239043851375
595	2.109406032423976
596	2.109406032423976
597	3.198236610076808
598	3.198236610076808
599	2.971407752073279
600	2.971407752073279
601	1.5431413099855371
602	1.5431413099855371
603	2.6027213077004583
604	2.6027213077004583
605	1.6520684734994526
606	1.6520684734994526
607	2.2136462192613613
608	2.2136462192613613
609	2.6308428783163613
610	2.6308428783163613
611	2.5707738844969135
612	2.5707738844969135
613	2.453086341867068
614	2.453086341867068
615	2.3272115030234333
616	2.3272115030234333
617	2.4257283470926803
618	2.4257283470926803
619	1.8545008897078137
620	1.8545008897078137
621	1.9647019815911049
622	1.9647019815911049
623	1.9704532886346022
624	1.9704532886346022
625	2.3899015053201094
626	2.3899015053201094
627	2.137521565253633
628	2.137521565253633
629	2.879944026207399
630	2.879944026207399
631	1.8802307532414075
632	1.8802307532414075
633	2.6335824602035416
634	2.6335824602035416
635	1.6136233938778284
636	1.6136233938778284
637	2.7150461488242517
638	2.7150461488242517
639	2.5406455010602613
640	2.5406455010602613
641	3.142759133477871
642	3.142759133477871
643	2.002059089134004
644	2.002059089134004
645	2.5994860249993375
646	2.5994860249993375
647	2.0816972124580757
648	2.0816972124580757
649	2.3054618115081453
650	2.3054618115081453
651	2.2459824727524125
652	2.2459824727524125
653	2.124216496223593
654	2.124216496223593
655	2.5055158154772283
656	2.5055158154772283
657	2.184241694454407
658	2.184241694454407
659	1.6297786670318346
660	1.6297786670318346
661	1.7768678498655741
662	1.7768678498655741
663	2.888350992196092
664	2.888350992196092
665	1.4873189155696045
666	1.4873189155696045
667	2.2672283194029927
668	2.2672283194029927
669	1.9580952222237669
670	1.9580952222237669
671	2.3196721390721557
672	2.3196721390721557
673	2.784150537677853
674	2.784150537677853
675	2.2249133238777916
676	2.2249133238777916
677	3.8485103986325178
678	3.8485103986325178
679	3.1724287737009838
680	3.1724287737009838
681	1.942401669363988
682	1.942401669363988
683	2.6657420065502793
684	1.552177459143537
685	1.552177459143537
686	1.5418341274644
687	3.879334239351567
688	3.879334239351567
689	4.455880697702466
690	4.455880697702466
691	3.3547177459986033
692	3.3547177459986033
693	3.329836522636299
694	3.329836522636299
695	4.386276031963768
696	4.386276031963768
697	3.8585022726605933
698	3.8585022726605933
699	4.65461812174879
700	4.65461812174879
701	3.071350951580173
702	3.071350951580173
703	4.582491502549326
704	4.582491502549326
705	3.4188048140032388
706	3.4188048140032388
707	4.037919005275924
708	4.037919005275924
709	4.171356230277168
710	4.171356230277168
711	4.643651188286673
712	4.643651188286673
713	3.0297892805203275
714	3.0297892805203275
715	3.0701252820373512
716	3.0701252820373512
717	3.3394873996110586
718	3.3394873996110586
719	4.525297135381431
720	4.525297135381431
721	3.537665539836844
722	3.537665539836844
723	3.6236423226534464
724	3.6236423226534464
725	3.4053734477890942
726	3.4053734477890942
727	5.036757657967456
728	5.036757657967456
729	4.016383440079309
730	4.016383440079309
731	3.467030449034854
732	3.467030449034854
733	4.574873743916913
734	4.574873743916913
735	4.334294989874824
736	4.334294989874824
737	4.025650419912429
738	4.025650419912429
739	2.8450554264167853
740	2.8450554264167853
741	5.906797100984139
742	5.906797100984139
743	4.486863370385718
744	4.486863370385718
745	5.039347104984915
746	5.039347104984915
747	4.790145123853778
748	4.790145123853778
749	2.81122530796343
750	2.81122530796343
751	4.132718178814401
752	4.132718178814401
753	1.950438087195673
754	3.495395947520593
755	3.495395947520593
756	5.169507904384012
757	5.169507904384012
758	3.3951111666826916
759	3.3951111666826916
760	3.677425487633477
761	3.677425487633477
762	2.600122501311177
763	2.600122501311177
764	3.3592066343847704
765	3.3592066343847704
766	3.9272431310856795
767	3.9272431310856795
768	3.479295043893954
769	3.479295043893954
770	3.3855336850712217
771	3.3855336850712217
772	3.5404209328325726
773	3.5404209328325726
774	3.265734389598786
775	3.265734389598786
776	3.395746185570837
777	3.395746185570837
778	4.537728140426008
779	4.537728140426008
780	2.4694479157847047
781	2.4694479157847047
782	2.736027465159885
783	2.736027465159885
784	3.2997548986263525
785	3.2997548986263525
786	4.355896512090744
787	4.355896512090744
788	2.900046479144856
789	2.900046479144856
790	2.7295303186925066
791	2.7295303186925066
792	3.394558017871216
793	3.394558017871216
794	3.8376193496771505
795	3.8376193496771505
796	3.040268545522073
797	3.040268545522073
798	3.0610514255998176
799	3.0610514255998176
800	4.179604606067084
801	4.179604606067084
802	2.7425394225669275
803	2.7425394225669275
804	3.6472844395161554
805	3.6472844395161554
806	4.131032868612618
807	4.131032868612618
808	2.116420817515709
809	2.116420817515709
810	3.3407670452334743
811	3.3407670452334743
812	3.327670096849224
813	3.327670096849224
814	4.319160970070811
815	4.319160970070811
816	2.847313323885545
817	2.847313323885545
818	4.5640391657502875
819	4.5640391657502875
820	4.023736443074376
821	4.023736443074376
822	3.537573511456495
823	3.537573511456495
824	4.6490194971744785
825	4.6490194971744785
826	3.4489912688297117
827	3.4489912688297117
828	2.9173152961731263
829	2.9173152961731263
830	2.559918811905691
831	2.559918811905691
832	4.256179138982185
833	4.256179138982185
834	4.0360927263563715
835	4.0360927263563715
836	4.025104088926024
837	4.025104088926024
838	3.7345856242251485
839	3.7345856242251485
840	4.797315324364077
841	4.797315324364077
842	3.2039214391477744
843	3.2039214391477744
844	3.1307093472021963
845	3.1307093472021963
846	3.0117047669710075
847	3.0117047669710075
848	3.8353074941335707
849	3.8353074941335707
850	3.5180791020122144
851	3.5180791020122144
852	4.136974204038591
853	4.136974204038591
854	3.927686942923318
855	3.927686942923318
856	3.744745910747459
857	3.744745910747459
858	3.5990082295652854
859	3.5990082295652854
860	3.97824395297455
861	3.97824395297455
862	3.0766302743005847
863	3.0766302743005847
864	4.006684665913322
865	4.006684665913322
866	4.088138574735272
867	4.088138574735272
868	3.092699467252817
869	3.092699467252817
870	2.763623232280098
871	2.763623232280098
872	4.601219770431027
873	4.601219770431027
874	4.203696973605728
875	4.203696973605728
876	3.0612943965591035
877	3.0612943965591035
878	4.52558996459439
879	4.52558996459439
880	4.4674966537027325
881	4.4674966537027325
882	4.049474148908611
883	4.049474148908611
884	3.8118500178230037
885	3.8118500178230037
886	3.136506103576885
887	3.136506103576885
888	3.35333751609087
889	3.35333751609087
890	4.111179624172284
891	4.111179624172284
892	3.528343408120383
893	3.528343408120383
894	3.234020279784657
895	3.234020279784657
896	4.010693160080613
897	4.010693160080613
898	2.2967469560330995
899	2.2967469560330995
900	2.8634887998718606
901	2.8634887998718606
902	5.255437720084878
903	5.255437720084878
904	2.6355298865014873
905	2.6355298865014873
906	3.0294225247577176
907	3.0294225247577176
908	4.335249199810332
909	4.335249199810332
910	3.818516807233977
911	3.818516807233977
912	3.8010847529587726
913	3.8010847529587726
914	4.07827234698429
915	4.07827234698429
916	4.0285320197474075
917	4.0285320197474075
918	3.6497255499999914
919	3.6497255499999914
920	3.908519566182179
921	3.908519566182179
922	3.855411669612486
923	3.855411669612486
924	4.224311566770217
925	4.224311566770217
926	3.8973711324630553
927	3.8973711324630553
928	4.270436468076505
929	4.270436468076505
930	4.029175783536714
931	4.029175783536714
932	4.417360608356586
933	4.417360608356586
934	4.4388022778118374
935	4.4388022778118374
936	3.4283425473795166
937	3.4283425473795166
938	4.626226041054885
939	4.626226041054885
940	2.324177193576733
941	2.324177193576733
942	4.553820118155121
943	4.553820118155121
944	3.2103621530391098
945	3.2103621530391098
946	3.610051716636017
947	3.610051716636017
948	3.027016318244315
949	3.027016318244315
950	4.11923983400453
951	4.11923983400453
952	3.2305717723669
953	3.2305717723669
954	5.335499770728424
955	5.335499770728424
956	2.628290815907426
957	2.628290815907426
958	3.3301060803300846
959	3.3301060803300846
960	3.921608828498722
961	3.921608828498722
962	4.971811008859517
963	4.971811008859517
964	3.5323566173314758
965	3.5323566173314758
966	3.751547759582701
967	3.751547759582701
968	4.169627524316504
969	4.169627524316504
970	4.561367142027096
971	4.561367142027096
972	3.5128233154730215
973	3.5128233154730215
974	5.470026080631422
975	5.470026080631422
976	5.804260423456353
977	5.804260423456353
978	1.4202067518241563
979	1.4202067518241563
980	1.2869517950823066
981	1.2869517950823066
982	1.3928116182468426
983	1.3928116182468426
984	2.006813821883365
985	2.006813821883365
986	1.8164170045170605
987	1.8164170045170605
988	1.5864364269827222
989	1.5864364269827222
990	1.7164889599999353
991	1.7164889599999353
992	1.1960941811973012
993	1.1960941811973012
994	1.4078347653131806
995	1.4078347653131806
996	1.3389476971742027
997	1.3389476971742027
998	2.0516343663904486
999	2.0516343663904486
1000	1.4632008460123156
1001	1.4632008460123156
1002	1.3220660083017364
1003	1.3220660083017364
1004	1.3335753558347225
1005	1.3335753558347225
1006	1.18246018138598
1007	1.18246018138598
1008	1.880555322863058
1009	1.880555322863058
1010	1.2862834631407227
1011	1.2862834631407227
1012	1.6917980744842644
1013	1.6917980744842644
1014	1.3189577233182512
1015	1.3189577233182512
1016	1.6940926847639748
1017	1.6940926847639748
1018	0.9831540024587906
1019	0.9831540024587906
1020	1.7479228266965028
1021	1.7479228266965028
1022	1.641601832751831
1023	1.641601832751831
1024	1.7666418205840069
1025	1.7666418205840069
1026	2.1887216617236316
1027	2.1887216617236316
1028	1.3181033960024346
1029	1.3181033960024346
1030	1.3704275399636818
1031	1.3704275399636818
1032	1.8696615937496945
1033	1.8696615937496945
1034	2.703763399863189
1035	2.703763399863189
1036	1.587100230977517
1037	1.587100230977517
1038	2.2313515520246447
1039	2.2313515520246447
1040	2.430343820146949
1041	2.430343820146949
1042	2.922518173449655
1043	2.922518173449655
1044	2.6988986649247395
1045	2.6988986649247395
1046	3.2763059618913952
1047	3.2763059618913952
1048	2.62238839850783
1049	2.62238839850783
1050	2.975662681800037
1051	2.975662681800037
1052	2.858715375578494
1053	2.858715375578494
1054	3.3893137740384778
1055	3.3893137740384778
1056	2.956168881397162
1057	2.956168881397162
1058	3.7995435519438434
1059	3.7995435519438434
1060	2.191059757017714
1061	2.191059757017714
1062	2.3615415462172598
1063	2.3615415462172598
1064	1.9847616297784376
1065	1.9847616297784376
1066	3.298752603780814
1067	3.298752603780814
1068	3.42084014443608
1069	3.42084014443608
1070	3.229777541543933
1071	3.229777541543933
1072	2.83848942291396
1073	2.83848942291396
1074	2.933250553469499
1075	2.933250553469499
1076	3.5131901093717857
1077	3.5131901093717857
1078	4.1780783183658565
1079	4.1780783183658565
1080	2.8093230094723536
1081	2.8093230094723536
1082	2.549706127217648
1083	2.549706127217648
1084	2.898154193167078
1085	2.898154193167078
1086	1.9983092700452931
1087	1.9983092700452931
1088	2.9792674269454102
1089	2.9792674269454102
1090	2.554132077022616
1091	2.554132077022616
1092	2.476661943818703
1093	2.476661943818703
1094	3.2480376888311504
1095	3.2480376888311504
1096	3.1169950042282455
1097	3.1169950042282455
1098	3.0183598113108734
1099	3.0183598113108734
1100	2.7647070484475305
1101	2.7647070484475305
1102	2.7258310975558144
1103	2.7258310975558144
1104	2.965255237210208
1105	2.965255237210208
1106	2.4214723210161533
1107	2.4214723210161533
1108	1.972272730333252
1109	1.972272730333252
1110	2.9006445146784166
1111	2.9006445146784166
1112	3.3428525245477383
1113	3.3428525245477383
1114	2.9699015725167257
1115	2.9699015725167257
1116	2.1773747584967356
1117	2.1773747584967356
1118	3.9443510884478163
1119	3.9443510884478163
1120	1.5188696855207175
1121	1.5188696855207175
1122	2.7632109587840024
1123	2.7632109587840024
1124	3.543142362384183
1125	3.543142362384183
1126	2.6455527953371956
1127	2.6455527953371956
1128	3.3401438985634484
1129	3.3401438985634484
1130	3.0769813552169927
1131	3.0769813552169927
1132	3.0274900900334494
1133	3.0274900900334494
1134	2.9117432630741225
1135	2.9117432630741225
1136	3.163586503479164
1137	3.163586503479164
1138	2.9290575815681175
1139	2.9290575815681175
1140	2.5805253425832233
1141	2.5805253425832233
1142	3.1370277796230304
1143	3.1370277796230304
1144	2.723664565307227
1145	2.723664565307227
1146	2.8071730367416605
1147	2.8071730367416605
1148	3.095904157784972
1149	3.095904157784972
1150	3.9469753293105834
1151	3.9469753293105834
1152	2.874181892846766
1153	2.874181892846766
1154	2.434903174486484
1155	2.434903174486484
1156	3.011809282869252
1157	3.011809282869252
1158	2.8611227290690815
1159	2.8611227290690815
1160	3.7955476419944163
1161	3.7955476419944163
1162	3.374342485455092
1163	3.374342485455092
1164	2.8653814135709057
1165	2.8653814135709057
1166	2.9043307579937654
1167	2.9043307579937654
1168	3.9698767969981468
1169	3.9698767969981468
1170	3.1281357209577334
1171	3.1281357209577334
1172	2.444760512083791
1173	2.444760512083791
1174	3.10382985559279
1175	3.10382985559279
1176	4.2170021144539485
1177	4.2170021144539485
1178	3.3846495138142436
1179	3.3846495138142436
1180	2.352898896554357
1181	2.352898896554357
1182	2.7100220332361697
1183	2.7100220332361697
1184	4.033814014891595
1185	4.033814014891595
1186	2.7462072973697205
1187	2.7462072973697205
1188	3.645035939167265
1189	3.645035939167265
1190	2.9780531294673627
1191	2.9780531294673627
1192	3.0029619031763266
1193	3.0029619031763266
1194	3.122741293918122
1195	3.122741293918122
1196	1.886362424963513
1197	1.886362424963513
1198	3.219605294212324
1199	3.219605294212324
1200	2.6144316633931513
1201	2.6144316633931513
1202	3.1307364443294285
1203	3.1307364443294285
1204	3.194303799558095
1205	3.194303799558095
1206	3.164948442817541
1207	3.164948442817541
1208	2.5762321788357605
1209	2.5762321788357605
1210	3.531017920420788
1211	3.531017920420788
1212	3.6322437170963817
1213	3.6322437170963817
1214	3.060273567584484
1215	3.060273567584484
1216	3.5392807175634413
1217	3.5392807175634413
1218	2.719814785611742
1219	2.719814785611742
1220	3.199013956007594
1221	3.199013956007594
1222	3.672467165840809
1223	3.672467165840809
1224	3.5502391580069874
1225	3.5502391580069874
1226	4.049234145320352
1227	4.049234145320352
1228	2.69063304341436
1229	2.69063304341436
1230	2.574486143919617
1231	2.574486143919617
1232	2.6227262989421583
1233	2.6227262989421583
1234	2.554295844795115
1235	2.554295844795115
1236	3.6828216852042477
1237	3.6828216852042477
1238	3.158489617207891
1239	3.158489617207891
1240	3.4748504276364094
1241	3.4748504276364094
1242	3.2425823692243703
1243	3.2425823692243703
1244	3.917684831011801
1245	3.917684831011801
1246	1.4023988135079035
1247	1.4023988135079035
1248	2.4133005405117713
1249	2.4133005405117713
1250	2.867492393917143
1251	2.867492393917143
1252	2.919292978240048
1253	2.919292978240048
1254	2.8277110738799327
1255	2.8277110738799327
1256	2.636176375120199
1257	2.636176375120199
1258	3.5279139748576935
1259	3.5279139748576935
1260	3.642238356214392
1261	3.642238356214392
1262	3.038159779392574
1263	3.038159779392574
1264	2.9868630989118112
1265	2.9868630989118112
1266	2.5682959737951516
1267	2.5682959737951516
1268	1.989294100319769
1269	1.989294100319769
1270	3.2876772461315227
1271	3.2876772461315227
1272	3.127953965868484
1273	3.127953965868484
1274	3.0275228112650487
1275	3.0275228112650487
1276	3.2314419685090194
1277	3.2314419685090194
1278	2.7649581033843798
1279	2.7649581033843798
1280	3.352151483788608
1281	3.352151483788608
1282	2.5983847148220285
1283	2.5983847148220285
1284	2.955385599154391
1285	2.955385599154391
1286	3.0625945118635283
1287	3.0625945118635283
1288	3.322704443643309
1289	3.322704443643309
1290	2.4704300104036787
1291	2.4704300104036787
1292	2.486183138924993
1293	2.486183138924993
1294	3.289544527469551
1295	3.289544527469551
1296	3.1057681079903077
1297	3.1057681079903077
1298	2.3806581377829525
1299	2.3806581377829525
1300	1.7244059456898064
1301	1.7244059456898064
1302	3.7505775712834284
1303	3.7505775712834284
1304	2.9440195766395485
1305	2.9440195766395485
1306	3.6277931381935336
1307	3.6277931381935336
1308	3.539337238505203
1309	3.539337238505203
1310	2.6374426110723217
1311	2.6374426110723217
1312	3.626238816428432
1313	3.626238816428432
1314	2.6650183510223395
1315	2.6650183510223395
1316	2.794083080152203
1317	2.794083080152203
1318	3.4460856665521185
1319	3.4460856665521185
1320	2.9503319875075626
1321	2.9503319875075626
1322	2.810748117475123
1323	2.810748117475123
1324	3.7372614375532605
1325	3.7372614375532605
1326	2.618576248791014
1327	2.618576248791014
1328	2.8986577637389557
1329	2.8986577637389557
1330	3.1548853513127058
1331	3.1548853513127058
1332	3.0178088133894194
1333	3.0178088133894194
1334	2.8748355021043404
1335	2.8748355021043404
1336	1.9275064120733194
1337	1.9275064120733194
1338	2.761262648283427
1339	2.761262648283427
1340	3.3118423888024036
1341	3.3118423888024036
1342	2.8122115746857514
1343	2.8122115746857514
1344	3.2158933248172055
1345	3.2158933248172055
1346	3.5625223681667895
1347	3.5625223681667895
1348	2.3467100988554717
1349	2.3467100988554717
1350	3.204090272612736
1351	3.204090272612736
1352	3.077752627340211
1353	3.077752627340211
1354	3.1438338460456516
1355	3.1438338460456516
1356	3.407332635796526
1357	3.407332635796526
1358	3.2791853595918803
1359	3.2791853595918803
1360	2.052243749874101
1361	2.052243749874101
1362	2.96189806218532
1363	2.96189806218532
1364	3.0459758380625575
1365	3.0459758380625575
1366	3.028225307860665
1367	3.028225307860665
1368	2.580901851364865
1369	2.580901851364865
1370	1.901820123310845
1371	1.901820123310845
1372	3.009071097181573
1373	3.009071097181573
1374	2.954695280686831
1375	2.954695280686831
1376	3.4121848704872404
1377	3.4121848704872404
1378	2.567829447276404
1379	2.567829447276404
1380	3.618757386797639
1381	3.618757386797639
1382	3.297658934653108
1383	3.297658934653108
1384	3.275689533526253
1385	3.275689533526253
1386	3.4332738898517783
1387	3.4332738898517783
1388	3.6448299659938765
1389	3.6448299659938765
1390	2.9948215419157913
1391	2.9948215419157913
1392	2.160175057601901
1393	2.160175057601901
1394	2.0707401163943677
1395	2.0707401163943677
1396	3.3852322736827127
1397	3.3852322736827127
1398	4.511544015320693
1399	4.511544015320693
1400	2.6852712574757414
1401	2.6852712574757414
1402	2.4691260310511947
1403	2.4691260310511947
1404	3.596136074001641
1405	3.596136074001641
1406	2.4999222486941517
1407	2.4999222486941517
1408	2.9100352014894844
1409	2.9100352014894844
1410	2.9360345239862995
1411	2.9360345239862995
1412	3.392235257563931
1413	3.392235257563931
1414	3.6890178505954925
1415	3.6890178505954925
1416	2.5016481832371156
1417	2.5016481832371156
1418	3.265957200366075
1419	3.265957200366075
1420	2.8454075988979177
1421	2.8454075988979177
1422	2.838932790604227
1423	2.838932790604227
1424	2.27298022840475
1425	2.27298022840475
1426	2.011380207607056
1427	2.011380207607056
1428	2.876637993819746
1429	2.876637993819746
1430	2.4565622563696397
1431	2.4565622563696397
1432	2.729611154923325
1433	2.729611154923325
1434	3.1116116289402354
1435	3.1116116289402354
1436	3.0128909216448294
1437	3.0128909216448294
1438	2.54124581573499
1439	2.54124581573499
1440	2.307719264832337
1441	2.307719264832337
1442	3.017561005543768
1443	3.017561005543768
1444	1.6611024631012934
1445	1.6611024631012934
1446	2.922103795414611
1447	2.922103795414611
1448	2.9860303820667347
1449	2.9860303820667347
1450	2.7161340797068263
1451	2.7161340797068263
1452	3.384776941477386
1453	3.384776941477386
1454	2.352845918700256
1455	2.352845918700256
1456	2.615791341290917
1457	2.615791341290917
1458	3.406182363399856
1459	3.406182363399856
1460	1.5283010107179682
1461	1.5283010107179682
1462	2.442412914452203
1463	2.442412914452203
1464	3.0577140900060717
1465	3.0577140900060717
1466	2.3054527094092756
1467	2.3054527094092756
1468	2.336690256233567
1469	2.336690256233567
1470	3.0604704667435283
1471	3.0604704667435283
1472	3.602660124708502
1473	3.602660124708502
1474	3.488904320463812
1475	3.488904320463812
1476	3.2070313087098845
1477	3.2070313087098845
1478	2.304356199545217
1479	2.304356199545217
1480	3.4796429773027615
1481	3.4796429773027615
1482	3.292454655800174
1483	3.292454655800174
1484	2.7951546478887104
1485	2.7951546478887104
1486	3.0287052330577247
1487	3.0287052330577247
1488	2.023658138374452
1489	2.023658138374452
1490	3.5351055653571963
1491	3.5351055653571963
1492	2.895181649929054
1493	2.895181649929054
1494	3.1755898311279043
1495	3.1755898311279043
1496	2.9289804607893783
1497	2.9289804607893783
1498	3.275654662709606
1499	3.275654662709606
1500	3.0647512783739557
1501	3.0647512783739557
1502	3.828602633731247
1503	3.828602633731247
1504	3.5346095886479163
1505	3.5346095886479163
1506	4.680999440929124
1507	4.680999440929124
1508	3.711968408642787
1509	3.711968408642787
1510	2.3245317511445656
1511	2.3245317511445656
1512	3.8158444794742055
1513	3.8158444794742055
1514	3.612538962271169
1515	3.612538962271169
1516	2.843802524045004
1517	2.843802524045004
1518	3.748405873142068
1519	3.748405873142068
1520	2.5047005270671105
1521	2.5047005270671105
1522	4.589544030398034
1523	4.589544030398034
1524	3.0343295102688383
1525	3.0343295102688383
1526	3.93253513399329
1527	3.93253513399329
1528	2.7241569913253882
1529	2.7241569913253882
1530	2.981364532916939
1531	2.981364532916939
1532	3.7098942773935746
1533	3.7098942773935746
1534	4.163382728233968
1535	4.163382728233968
1536	2.9446639145087756
1537	2.9446639145087756
1538	3.707604429982788
1539	3.707604429982788
1540	3.4442250522318743
1541	3.4442250522318743
1542	3.459473808301892
1543	3.459473808301892
1544	2.664684821501438
1545	2.664684821501438
1546	3.7599852313011484
1547	3.7599852313011484
1548	2.7804572208631697
1549	2.7804572208631697
1550	2.824321891536539
1551	2.824321891536539
1552	4.8024720644681205
1553	4.8024720644681205
1554	2.351037390820389
1555	2.351037390820389
1556	2.92634284602154
1557	2.92634284602154
1558	4.074882054933575
1559	4.074882054933575
1560	3.4283755048477595
1561	3.4283755048477595
1562	4.325497242542388
1563	4.325497242542388
1564	4.0507671944876655
1565	4.0507671944876655
1566	3.671648227159899
1567	3.671648227159899
1568	4.2805891950546595
1569	4.2805891950546595
1570	4.482835465264658
1571	4.482835465264658
1572	4.091068502353796
1573	4.091068502353796
1574	4.806253489122135
1575	4.806253489122135
1576	2.7892131664037647
1577	2.7892131664037647
1578	4.249687901912031
1579	4.249687901912031
1580	2.0019518087752424
1581	2.0019518087752424
1582	4.584536818967038
1583	4.584536818967038
1584	3.2622067297121857
1585	3.2622067297121857
1586	4.109990204922527
1587	4.109990204922527
1588	2.9707322378027268
1589	2.9707322378027268
1590	3.410689287748658
1591	3.410689287748658
1592	2.3592275108788767
1593	2.3592275108788767
1594	2.757093382724759
1595	2.757093382724759
1596	3.939411367133542
1597	3.939411367133542
1598	2.7392156792894773
1599	2.7392156792894773
1600	3.739783016656969
1601	3.739783016656969
1602	1.6435227328640962
1603	1.6435227328640962
1604	2.866301470910029
1605	2.866301470910029
1606	3.091768007215311
1607	3.091768007215311
1608	3.983207871196371
1609	3.983207871196371
1610	3.0655286638872665
1611	3.0655286638872665
1612	2.976128137793291
1613	2.976128137793291
1614	4.933052598237529
1615	4.933052598237529
1616	3.3524017168887275
1617	3.3524017168887275
1618	3.7109978574284717
1619	3.7109978574284717
1620	3.2936580504045567
1621	3.2936580504045567
1622	3.0192944431571123
1623	3.0192944431571123
1624	3.593644989937887
1625	3.593644989937887
1626	2.7314967188087995
1627	2.7314967188087995
1628	1.7684079660385679
1629	1.7684079660385679
1630	4.0655045154704155
1631	4.0655045154704155
1632	3.277441132660962
1633	3.277441132660962
1634	2.6942781280067294
1635	2.6942781280067294
1636	2.1615451055610224
1637	2.1615451055610224
1638	2.483278019360268
1639	2.483278019360268
1640	4.341799170202052
1641	4.341799170202052
1642	3.7404213859659974
1643	3.7404213859659974
1644	2.633302707069417
1645	2.633302707069417
1646	3.1633652814421156
1647	3.1633652814421156
1648	2.5867620349137863
1649	2.5867620349137863
1650	4.20645253848645
1651	4.20645253848645
1652	3.224117430636841
1653	3.224117430636841
1654	2.901860748572833
1655	2.901860748572833
1656	3.651934277163462
1657	3.651934277163462
1658	2.5825537032270276
1659	2.5825537032270276
1660	4.490169790465744
1661	4.490169790465744
1662	3.8132571001737325
1663	3.8132571001737325
1664	4.66134172410227
1665	4.66134172410227
1666	2.768226425392644
1667	2.768226425392644
1668	2.9852868188471504
1669	2.9852868188471504
1670	3.1877306451394456
1671	3.1877306451394456
1672	1.04368522965197
1673	1.04368522965197
1674	0.8393999336459397
1675	0.8393999336459397
1676	1.2031521358934438
1677	1.2031521358934438
1678	1.378845341050945
1679	1.378845341050945
1680	1.2626519336260853
1681	1.2626519336260853
1682	1.0266150984872682
1683	1.0266150984872682
1684	1.130738460845339
1685	1.130738460845339
1686	0.9721285317986151
1687	0.9721285317986151
1688	1.677547576093923
1689	1.677547576093923
1690	1.1991560463904511
1691	1.1991560463904511
1692	1.218525076528902
1693	1.218525076528902
1694	0.9315742864959611
1695	0.9315742864959611
1696	1.1927221297661161
1697	1.1927221297661161
1698	1.2883683994941595
1699	1.2883683994941595
1700	0.9390245089449456
1701	0.9390245089449456
1702	0.925844759401541
1703	0.925844759401541
1704	0.8002030265320895
1705	0.8002030265320895
1706	0.7640663164215177
1707	0.7640663164215177
1708	1.2951647566342204
1709	1.2951647566342204
1710	0.7500587708197829
1711	0.7500587708197829
1712	1.3453255962671737
1713	1.3453255962671737
1714	1.3553165691890396
1715	1.3553165691890396
1716	1.110101519172022
1717	1.110101519172022
1718	1.1992572847522924
1719	1.1992572847522924
1720	1.3119285316299354
1721	1.3119285316299354
1722	1.1262604741032907
1723	1.1262604741032907
1724	1.2842662323701124
1725	1.2842662323701124
1726	0.9709197074084055
1727	0.9709197074084055
1728	1.1297899135959815
1729	1.1297899135959815
1730	1.079496669857651
1731	1.079496669857651
1732	0.9791641804760578
1733	0.9791641804760578
1734	1.0085669784508995
1735	1.0085669784508995
1736	0.6467536828007402
1737	0.6467536828007402
1738	0.9945565826497822
1739	0.9945565826497822
1740	0.9646301614706472
1741	0.9646301614706472
1742	1.1976380955181347
1743	1.1976380955181347
1744	0.710716275300489
1745	0.710716275300489
1746	0.7432045441751645
1747	0.7432045441751645
1748	1.1834170854333272
1749	1.1834170854333272
1750	1.194664943531031
1751	1.194664943531031
1752	1.2216667034260686
1753	1.2216667034260686
1754	0.9669520595128336
1755	0.9669520595128336
1756	0.6972185115166947
1757	0.6972185115166947
1758	1.3766354611946747
1759	1.3766354611946747
1760	0.7115275336362004
1761	0.7115275336362004
1762	0.6906808327561409
1763	0.6906808327561409
1764	1.0527579475696287
1765	1.0527579475696287
1766	0.8053426392052003
1767	0.8053426392052003
1768	1.1126493631308383
1769	1.1126493631308383
1770	0.799607100612119
1771	0.799607100612119
1772	1.1434590605183876
1773	1.1434590605183876
1774	1.1318819083831806
1775	1.1318819083831806
1776	1.0490470308139437
1777	1.0490470308139437
1778	0.9090111396392793
1779	0.9090111396392793
1780	1.243248754949674
1781	1.243248754949674
1782	0.43685231658078516
1783	0.43685231658078516
1784	1.076791008090882
1785	1.076791008090882
1786	1.426122583172796
1787	1.426122583172796
1788	1.1155443549431994
1789	1.1155443549431994
1790	0.7582607210889082
1791	0.7582607210889082
1792	1.2754687042762685
1793	1.2754687042762685
1794	1.1486998540085689
1795	1.1486998540085689
1796	1.1684389364822605
1797	1.1684389364822605
1798	1.2599482330837921
1799	1.2599482330837921
1800	1.2341040766392324
1801	1.2341040766392324
1802	0.9938258600406439
1803	0.9938258600406439
1804	1.1358616183899977
1805	1.1358616183899977
1806	0.7935677132596222
1807	0.7935677132596222
1808	1.1632412327441337
1809	1.1632412327441337
1810	1.0275178313895097
1811	1.0275178313895097
1812	1.1146553405337807
1813	1.1146553405337807
1814	0.9119451942395238
1815	0.9119451942395238
1816	1.0462558661403705
1817	1.0462558661403705
1818	1.2844888294157362
1819	1.2844888294157362
1820	1.174795110986125
1821	1.174795110986125
1822	1.0426886529981807
1823	1.9505860965325224
1824	1.9505860965325224
1825	2.77789898192019
1826	2.77789898192019
1827	2.8755586948793055
1828	2.8755586948793055
1829	2.1999810649756415
1830	2.1999810649756415
1831	2.0868335774021975
1832	2.0868335774021975
1833	2.6211568478188516
1834	2.6211568478188516
1835	2.253265627051326
1836	2.253265627051326
1837	3.3804501931073414
1838	3.3804501931073414
1839	2.0689029315426835
1840	2.0689029315426835
1841	1.8262946605687134
1842	1.8262946605687134
1843	2.7041913453187574
1844	2.7041913453187574
1845	2.3943488409846982
1846	2.3943488409846982
1847	2.3738112534712013
1848	2.3738112534712013
1849	2.0951001641277105
1850	2.0951001641277105
1851	1.8918777472582757
1852	1.8918777472582757
1853	2.3636987939894434
1854	2.3636987939894434
1855	2.170319662191539
1856	2.170319662191539
1857	3.283413181630561
1858	3.283413181630561
1859	2.443627643768208
1860	2.443627643768208
1861	2.403092722570308
1862	2.403092722570308
1863	2.3900491013329948
1864	2.3900491013329948
1865	2.263439416210758
1866	2.263439416210758
1867	2.4084898878474563
1868	2.4084898878474563
1869	1.6645326458507184
1870	1.6645326458507184
1871	2.544978427629979
1872	2.544978427629979
1873	2.5768758244050742
1874	2.5768758244050742
1875	2.3319323941415084
1876	2.3319323941415084
1877	2.5698830227166978
1878	2.5698830227166978
1879	2.1137661443863944
1880	2.1137661443863944
1881	2.724243266133181
1882	2.724243266133181
1883	2.085111026235583
1884	2.085111026235583
1885	3.0390083389499245
1886	3.0390083389499245
1887	2.3878854259586375
1888	2.3878854259586375
1889	2.027637917967626
1890	2.027637917967626
1891	2.745332719905764
1892	2.745332719905764
1893	2.603187209542595
1894	2.603187209542595
1895	2.6490910105542596
1896	2.6490910105542596
1897	2.4274137532753692
1898	2.4274137532753692
1899	2.3538624473221397
1900	2.3538624473221397
1901	2.3822523953782366
1902	2.3822523953782366
1903	2.126838823559137
1904	2.126838823559137
1905	3.02573447867872
1906	3.02573447867872
1907	1.8636991806465986
1908	1.8636991806465986
1909	2.939591884746352
1910	2.939591884746352
1911	3.1995291801580716
1912	3.1995291801580716
1913	3.167836505436868
1914	3.167836505436868
1915	2.387912402581296
1916	2.387912402581296
1917	2.8084093485600796
1918	2.8084093485600796
1919	1.7829732163092875
1920	1.7829732163092875
1921	1.845075978358802
1922	1.845075978358802
1923	2.820555326006277
1924	2.820555326006277
1925	1.6469191607031157
1926	1.6469191607031157
1927	1.8779340587259377
1928	1.8779340587259377
1929	2.354896961989076
1930	2.354896961989076
1931	2.1536668171503184
1932	2.1536668171503184
1933	2.7492430196806747
1934	2.7492430196806747
1935	1.9937701434810031
1936	1.9937701434810031
1937	2.6072683494408917
1938	2.6072683494408917
1939	2.3690537059876116
1940	2.3690537059876116
1941	2.5133794549062594
1942	2.5133794549062594
1943	2.8970487098464703
1944	2.8970487098464703
1945	2.024395336190811
1946	2.024395336190811
1947	2.6188487161004232
1948	2.6188487161004232
1949	3.6186592237314743
1950	3.6186592237314743
1951	2.7436120173705136
1952	2.7436120173705136
1953	2.813391038551378
1954	2.813391038551378
1955	2.8209194469303585
1956	2.8209194469303585
1957	2.3029227888363586
1958	2.3029227888363586
1959	2.2760559527589117
1960	2.2760559527589117
1961	2.5571316510862587
1962	2.5571316510862587
1963	2.394564459455576
1964	2.394564459455576
1965	2.6164552174325633
1966	2.6164552174325633
1967	1.7053887099476808
1968	1.7053887099476808
1969	2.3532256042505644
1970	2.3532256042505644
1971	2.2284288002653514
1972	2.2284288002653514
1973	2.6241662601709472
1974	2.6241662601709472
1975	2.4727291964885043
1976	2.4727291964885043
1977	2.674762126633625
1978	2.674762126633625
1979	2.311860176081439
1980	2.311860176081439
1981	2.6647460405405488
1982	2.6647460405405488
1983	2.2137971261886293
1984	2.2137971261886293
1985	2.8468747562410246
1986	2.8468747562410246
1987	1.5650079930422005
1988	1.5650079930422005
1989	2.0899642020611586
1990	2.0899642020611586
1991	2.83789180890298
1992	2.83789180890298
1993	2.3254892847720816
1994	2.3254892847720816
1995	2.3274468198732436
1996	2.3274468198732436
1997	2.9988542312351063
1998	2.9988542312351063
1999	2.5932849032107375
