0	3.9828089094801804
1	3.9828089094801804
2	3.9828089094801804
3	3.9828089094801804
4	2.986817850413574
5	2.986817850413574
6	2.986817850413574
7	2.986817850413574
8	3.385643923387545
9	3.385643923387545
10	3.385643923387545
11	3.385643923387545
12	2.968411117679944
13	2.968411117679944
14	2.968411117679944
15	2.968411117679944
16	3.1261125005901675
17	3.1261125005901675
18	3.1261125005901675
19	3.1261125005901675
20	3.4219635196017637
21	3.4219635196017637
22	3.4219635196017637
23	3.4219635196017637
24	3.305667585819646
25	3.305667585819646
26	3.305667585819646
27	3.305667585819646
28	4.0172814783728175
29	4.0172814783728175
30	4.0172814783728175
31	4.0172814783728175
32	2.85576521131518
33	2.85576521131518
34	2.85576521131518
35	2.85576521131518
36	3.217375795515491
37	3.217375795515491
38	3.217375795515491
39	3.217375795515491
40	3.8592719195792937
41	3.8592719195792937
42	3.8592719195792937
43	3.8592719195792937
44	3.257393362554358
45	3.257393362554358
46	3.257393362554358
47	3.257393362554358
48	3.4435853012480364
49	3.4435853012480364
50	3.4435853012480364
51	3.4435853012480364
52	3.484442103385315
53	3.484442103385315
54	1.1711997473089848
55	1.1711997473089848
56	1.1711997473089848
57	1.1711997473089848
58	1.0006570146875897
59	1.0006570146875897
60	1.0006570146875897
61	1.0006570146875897
62	1.0402721956913834
63	1.0402721956913834
64	1.0402721956913834
65	1.0402721956913834
66	1.0822280147698524
67	1.0822280147698524
68	1.0822280147698524
69	1.0822280147698524
70	1.0001930727728203
71	1.0001930727728203
72	1.0001930727728203
73	1.0001930727728203
74	0.8801981560249577
75	0.8801981560249577
76	0.8801981560249577
77	0.8801981560249577
78	1.0225224568922564
79	1.0225224568922564
80	1.0225224568922564
81	1.0225224568922564
82	1.0233059142126038
83	1.0233059142126038
84	1.0233059142126038
85	1.0233059142126038
86	1.2821746659988835
87	1.2821746659988835
88	1.2821746659988835
89	1.2821746659988835
90	0.9788357412296333
91	0.9788357412296333
92	0.9788357412296333
93	0.9788357412296333
94	1.102043882543897
95	1.102043882543897
96	1.102043882543897
97	1.102043882543897
98	1.0749974641677549
99	1.0749974641677549
100	1.0749974641677549
101	1.0749974641677549
102	1.2776936709860853
103	1.2776936709860853
104	1.2776936709860853
105	1.2776936709860853
106	1.0049781075244852
107	1.0049781075244852
108	1.0049781075244852
109	1.0049781075244852
110	0.8859856650787753
111	0.8859856650787753
112	0.8859856650787753
113	0.8859856650787753
114	0.7763474301102322
115	0.7763474301102322
116	0.7763474301102322
117	0.7763474301102322
118	1.1664334942291275
119	1.1664334942291275
120	1.1664334942291275
121	1.1664334942291275
122	1.0009636441465626
123	1.0009636441465626
124	1.0009636441465626
125	1.0009636441465626
126	0.826924729330831
127	0.826924729330831
128	0.826924729330831
129	0.826924729330831
130	0.9836808424428496
131	0.9836808424428496
132	0.9836808424428496
133	0.9836808424428496
134	1.1396275835017624
135	1.1396275835017624
136	1.1396275835017624
137	1.1396275835017624
138	0.9769693653380191
139	0.9769693653380191
140	0.9769693653380191
141	0.9769693653380191
142	1.2641444470356156
143	1.2641444470356156
144	1.2641444470356156
145	1.2641444470356156
146	1.2088159656486235
147	1.2088159656486235
148	1.2088159656486235
149	1.2088159656486235
150	1.1868437845082431
151	1.1868437845082431
152	1.1868437845082431
153	1.1868437845082431
154	0.9428035479500703
155	0.9428035479500703
156	0.9428035479500703
157	0.9428035479500703
158	1.218497762174285
159	1.218497762174285
160	1.218497762174285
161	1.218497762174285
162	1.072528244573857
163	3.0268911605244804
164	3.0268911605244804
165	3.0268911605244804
166	3.0268911605244804
167	3.2773818085645723
168	3.2773818085645723
169	3.2773818085645723
170	3.2773818085645723
171	2.499836239050887
172	2.499836239050887
173	2.499836239050887
174	2.499836239050887
175	1.076981050649065
176	1.076981050649065
177	1.076981050649065
178	1.076981050649065
179	1.1329075226928842
180	1.1329075226928842
181	1.1329075226928842
182	1.1329075226928842
183	1.0324052322886597
184	1.0324052322886597
185	1.0324052322886597
186	1.0324052322886597
187	0.8416216858326799
188	0.8416216858326799
189	0.8416216858326799
190	0.8416216858326799
191	0.8022580005527329
192	0.8022580005527329
193	0.8022580005527329
194	0.8022580005527329
195	1.0177686710165732
196	1.0177686710165732
197	1.0177686710165732
198	1.0177686710165732
199	1.1105254935207896
200	1.1105254935207896
201	1.1105254935207896
202	1.1105254935207896
203	0.9366170848575617
204	0.9366170848575617
205	0.9366170848575617
206	0.9366170848575617
207	1.148912232558756
208	1.148912232558756
209	1.148912232558756
210	1.148912232558756
211	1.1440772157662882
212	1.1440772157662882
213	1.1440772157662882
214	1.1440772157662882
215	0.9623660724504748
216	0.9623660724504748
217	0.9623660724504748
218	0.9623660724504748
219	1.1900835880332696
220	1.1900835880332696
221	1.1900835880332696
222	1.1900835880332696
223	1.18299343100949
224	1.18299343100949
225	1.18299343100949
226	1.18299343100949
227	1.0840025070685926
228	1.0840025070685926
229	1.0840025070685926
230	1.0840025070685926
231	1.1171373478730764
232	1.1171373478730764
233	1.1171373478730764
234	1.1171373478730764
235	0.9498346118194607
236	0.9498346118194607
237	0.9498346118194607
238	0.9498346118194607
239	1.05049976441023
240	1.05049976441023
241	1.05049976441023
242	1.05049976441023
243	1.260507940805046
244	1.260507940805046
245	1.260507940805046
246	1.260507940805046
247	1.141493381127723
248	1.141493381127723
249	1.141493381127723
250	1.141493381127723
251	1.1842049133238903
252	1.1842049133238903
253	1.1842049133238903
254	1.1842049133238903
255	1.0473430920831006
256	1.0473430920831006
257	1.0473430920831006
258	1.0473430920831006
259	1.1313583213352143
260	1.1313583213352143
261	1.1313583213352143
262	1.1313583213352143
263	1.2620176631368878
264	1.2620176631368878
265	1.2620176631368878
266	1.2620176631368878
267	1.2410410050739635
268	1.2410410050739635
269	1.2410410050739635
270	1.2410410050739635
271	1.217618612608507
272	1.217618612608507
273	1.217618612608507
274	1.217618612608507
275	1.0302703862877316
276	1.0302703862877316
277	1.0302703862877316
278	1.0302703862877316
279	1.315052844539652
280	1.315052844539652
281	1.315052844539652
282	1.315052844539652
283	0.8632410321644921
284	0.8632410321644921
285	0.8632410321644921
286	0.8632410321644921
287	1.1349099688497726
288	1.1349099688497726
289	1.1349099688497726
290	1.1349099688497726
291	1.0795764287718843
292	1.0795764287718843
293	1.0795764287718843
294	1.0795764287718843
295	1.1056123302514127
296	1.1056123302514127
297	1.1056123302514127
298	1.1056123302514127
299	0.17535597851833076
300	0.17535597851833076
301	0.17535597851833076
302	0.17535597851833076
303	0.23006884340888525
304	0.23006884340888525
305	0.23006884340888525
306	0.23006884340888525
307	0.1732983582714228
308	0.1732983582714228
309	0.1732983582714228
310	0.1732983582714228
311	0.17381551166161555
312	0.17381551166161555
313	0.17381551166161555
314	0.17381551166161555
315	0.14993141676666275
316	0.14993141676666275
317	0.14993141676666275
318	0.14993141676666275
319	0.2106064600117956
320	0.2106064600117956
321	0.2106064600117956
322	0.2106064600117956
323	0.20220303654183064
324	0.20220303654183064
325	0.20220303654183064
326	0.20220303654183064
327	0.17181298047313318
328	0.17181298047313318
329	0.17181298047313318
330	0.17181298047313318
331	0.19533870467829326
332	0.19533870467829326
333	2.3466842800879775
334	2.3466842800879775
335	2.3466842800879775
336	2.3466842800879775
337	1.7618905935310558
338	1.7618905935310558
339	1.7618905935310558
340	1.7618905935310558
341	2.563835855615385
342	2.563835855615385
343	2.563835855615385
344	2.563835855615385
345	2.127814008314046
346	2.127814008314046
347	2.127814008314046
348	2.127814008314046
349	2.3751576531781975
350	2.3751576531781975
351	2.3751576531781975
352	2.3751576531781975
353	1.8292459623131294
354	1.8292459623131294
355	1.8292459623131294
356	1.8292459623131294
357	2.1347724908134573
358	2.1347724908134573
359	2.1347724908134573
360	2.1347724908134573
361	1.8678682501296537
362	1.8678682501296537
363	1.8678682501296537
364	1.8678682501296537
365	1.745595618446076
366	1.745595618446076
367	1.745595618446076
368	1.745595618446076
369	1.7633076062456985
370	2.146262136964998
371	2.146262136964998
372	2.146262136964998
373	2.146262136964998
374	2.4976716808604764
375	2.4976716808604764
376	2.4976716808604764
377	2.4976716808604764
378	2.4297793642796837
379	2.4297793642796837
380	2.4297793642796837
381	2.4297793642796837
382	2.3617883640010255
383	2.3617883640010255
384	2.3617883640010255
385	2.3617883640010255
386	2.6551254172336023
387	2.6551254172336023
388	2.6551254172336023
389	2.6551254172336023
390	2.185423021488575
391	2.185423021488575
392	2.185423021488575
393	2.185423021488575
394	2.6632842152174194
395	2.6632842152174194
396	2.6632842152174194
397	2.6632842152174194
398	2.2507732495288857
399	2.2507732495288857
400	2.2507732495288857
401	2.2507732495288857
402	2.569816978976673
403	2.569816978976673
404	2.569816978976673
405	2.569816978976673
406	2.531297214050447
407	2.531297214050447
408	2.531297214050447
409	2.531297214050447
410	2.555977194312191
411	2.555977194312191
412	2.555977194312191
413	2.555977194312191
414	2.3893745506641415
415	2.3893745506641415
416	2.3893745506641415
417	2.3893745506641415
418	2.635226379974646
419	2.635226379974646
420	2.635226379974646
421	2.635226379974646
422	2.169909904131031
423	2.169909904131031
424	2.169909904131031
425	2.169909904131031
426	2.1659606254829247
427	2.1659606254829247
428	2.1659606254829247
429	2.1659606254829247
430	2.5470942323704597
431	2.5470942323704597
432	2.5470942323704597
433	2.5470942323704597
434	2.419856921039082
435	2.419856921039082
436	2.419856921039082
437	2.419856921039082
438	2.7904807820176467
439	2.7904807820176467
440	2.7904807820176467
441	2.7904807820176467
442	2.804710097568628
443	2.804710097568628
444	2.804710097568628
445	2.804710097568628
446	2.447452550790625
447	2.447452550790625
448	2.447452550790625
449	2.447452550790625
450	2.8324175684096375
451	2.8324175684096375
452	2.8324175684096375
453	2.8324175684096375
454	2.7452679811391323
455	2.7452679811391323
456	2.7452679811391323
457	2.7452679811391323
458	2.1488539009684735
459	2.1488539009684735
460	2.1488539009684735
461	2.1488539009684735
462	1.9897547768926735
463	1.9897547768926735
464	1.9897547768926735
465	1.7104146633679607
466	1.7104146633679607
467	1.7104146633679607
468	1.7104146633679607
469	2.188030406432598
470	2.188030406432598
471	2.188030406432598
472	2.188030406432598
473	2.2622690299797155
474	2.608230782849344
475	2.608230782849344
476	2.608230782849344
477	2.608230782849344
478	2.4746826832861917
479	2.4746826832861917
480	2.4746826832861917
481	2.4746826832861917
482	2.389373357220427
483	2.389373357220427
484	2.389373357220427
485	2.389373357220427
486	2.9152913760420427
487	2.9152913760420427
488	2.9152913760420427
489	2.9152913760420427
490	2.3817852141104323
491	2.3817852141104323
492	2.3817852141104323
493	2.3817852141104323
494	2.7649282470802845
495	2.7649282470802845
496	2.7649282470802845
497	2.7649282470802845
498	2.2908089659315967
499	2.2908089659315967
500	2.2908089659315967
501	2.2908089659315967
502	2.5322288618589264
503	2.5322288618589264
504	2.5322288618589264
505	2.5322288618589264
506	2.6481109152366287
507	2.6481109152366287
508	2.6481109152366287
509	2.6481109152366287
510	2.6552193205694685
511	2.6552193205694685
512	2.6552193205694685
513	2.6552193205694685
514	2.089968350363499
515	2.089968350363499
516	2.089968350363499
517	2.089968350363499
518	1.7483460496495296
519	1.7483460496495296
520	1.7483460496495296
521	1.7483460496495296
522	3.168570095950112
523	3.168570095950112
524	3.168570095950112
525	3.168570095950112
526	1.7309916528642315
527	1.7309916528642315
528	1.7309916528642315
529	1.7309916528642315
530	2.632667309747241
531	2.632667309747241
532	2.632667309747241
533	2.632667309747241
534	2.703933030779199
535	2.703933030779199
536	2.703933030779199
537	2.703933030779199
538	3.074563095974741
539	3.074563095974741
540	3.074563095974741
541	3.074563095974741
542	2.487692506346782
543	2.487692506346782
544	2.487692506346782
545	2.487692506346782
546	2.1377680926225064
547	3.9549007347993728
548	3.9549007347993728
549	3.9549007347993728
550	3.9549007347993728
551	3.63617824598503
552	3.63617824598503
553	3.63617824598503
554	3.63617824598503
555	4.362545551758603
556	2.127759233861857
557	2.127759233861857
558	2.127759233861857
559	2.127759233861857
560	1.6313297923025332
561	1.6313297923025332
562	1.6313297923025332
563	1.6313297923025332
564	1.226197386400187
565	1.226197386400187
566	1.226197386400187
567	1.226197386400187
568	1.4428456766704445
569	1.4428456766704445
570	1.4428456766704445
571	1.4428456766704445
572	1.6886412818533323
573	1.6886412818533323
574	1.6886412818533323
575	1.6886412818533323
576	1.319143420256958
577	1.319143420256958
578	1.319143420256958
579	1.319143420256958
580	1.7222349378138189
581	1.7222349378138189
582	1.7222349378138189
583	1.7222349378138189
584	1.8855973160989443
585	1.8855973160989443
586	1.8855973160989443
587	1.8855973160989443
588	1.4640474515980544
589	1.4640474515980544
590	1.4640474515980544
591	1.4640474515980544
592	1.5744221365611994
593	1.5744221365611994
594	1.5744221365611994
595	1.5744221365611994
596	1.1156953082498933
597	1.1156953082498933
598	1.1156953082498933
599	1.1156953082498933
600	1.390463673018302
601	1.390463673018302
602	1.390463673018302
603	1.390463673018302
604	1.6840885679855937
605	1.6840885679855937
606	1.6840885679855937
607	1.6840885679855937
608	1.8050988480773325
609	1.8050988480773325
610	1.8050988480773325
611	1.8050988480773325
612	1.6541121714036737
613	1.6541121714036737
614	1.6541121714036737
615	1.6541121714036737
616	2.048226326111393
617	2.048226326111393
618	2.048226326111393
619	2.048226326111393
620	1.5903937295632011
621	1.5903937295632011
622	1.5903937295632011
623	1.5903937295632011
624	1.4176263272118006
625	1.4176263272118006
626	1.4176263272118006
627	1.4176263272118006
628	1.654686908560127
629	1.654686908560127
630	1.654686908560127
631	1.654686908560127
632	1.7467977701159882
633	1.7467977701159882
634	1.7467977701159882
635	2.60658172239048
636	2.60658172239048
637	2.60658172239048
638	2.60658172239048
639	3.617466091010012
640	3.617466091010012
641	3.617466091010012
642	3.617466091010012
643	3.0066165353850156
644	3.0066165353850156
645	3.0066165353850156
646	3.0066165353850156
647	4.880075583058337
648	4.880075583058337
649	4.880075583058337
650	4.880075583058337
651	3.2000590201388874
652	3.2000590201388874
653	3.2000590201388874
654	3.2000590201388874
655	2.8133548628262197
656	2.8133548628262197
657	2.8133548628262197
658	2.8133548628262197
659	3.7667342662346583
660	3.7667342662346583
661	3.7667342662346583
662	3.7667342662346583
663	3.5353788067512224
664	0.6406612720667345
665	0.6406612720667345
666	0.6406612720667345
667	0.6406612720667345
668	0.7253876289660189
669	0.7253876289660189
670	0.7253876289660189
671	0.7253876289660189
672	0.624871015409658
673	0.624871015409658
674	0.624871015409658
675	0.624871015409658
676	0.6704497211551301
677	0.6704497211551301
678	0.6704497211551301
679	0.6704497211551301
680	0.683173934855069
681	0.683173934855069
682	0.683173934855069
683	0.683173934855069
684	0.812767424372146
685	0.812767424372146
686	0.812767424372146
687	0.812767424372146
688	0.6728127722876589
689	0.6728127722876589
690	0.6728127722876589
691	0.6728127722876589
692	0.5327972406211898
693	0.5327972406211898
694	0.5327972406211898
695	0.5327972406211898
696	0.6959772212953224
697	0.6959772212953224
698	0.6959772212953224
699	0.6959772212953224
700	0.6267958975186791
701	0.6267958975186791
702	0.6267958975186791
703	0.6267958975186791
704	0.7423056512518031
705	0.7423056512518031
706	0.7423056512518031
707	0.7423056512518031
708	0.6763916215265957
709	0.6763916215265957
710	0.6763916215265957
711	0.6763916215265957
712	0.7375809743323337
713	0.7375809743323337
714	0.7375809743323337
715	0.7375809743323337
716	0.5833329241599386
717	0.5833329241599386
718	0.5833329241599386
719	0.5833329241599386
720	0.567372967281861
721	0.567372967281861
722	0.567372967281861
723	0.567372967281861
724	0.6646586455294988
725	0.6646586455294988
726	0.6646586455294988
727	0.6646586455294988
728	0.6423423100404663
729	0.6423423100404663
730	0.6423423100404663
731	0.6423423100404663
732	0.7632045870893784
733	0.7632045870893784
734	0.7632045870893784
735	0.7632045870893784
736	0.6503572730071367
737	0.6503572730071367
738	0.6503572730071367
739	0.6503572730071367
740	0.5843857105406927
741	0.5843857105406927
742	0.5843857105406927
743	0.5843857105406927
744	0.718126015610655
745	0.718126015610655
746	0.718126015610655
747	0.718126015610655
748	0.6960251856527937
749	0.6960251856527937
750	0.6960251856527937
751	0.6960251856527937
752	0.65331246148031
753	0.65331246148031
754	0.65331246148031
755	0.65331246148031
756	0.6683275674636298
757	0.6683275674636298
758	0.6683275674636298
759	0.6683275674636298
760	0.6657607714154772
761	0.6657607714154772
762	0.6657607714154772
763	0.6657607714154772
764	0.6325682063597401
765	0.6325682063597401
766	0.6325682063597401
767	0.6325682063597401
768	0.7041405318019074
769	0.7041405318019074
770	0.7041405318019074
771	0.7041405318019074
772	0.522142993689583
773	0.522142993689583
774	2.0890166977980793
775	2.0890166977980793
776	2.0890166977980793
777	2.0890166977980793
778	1.9272572890088926
779	1.9272572890088926
780	1.9272572890088926
781	1.9272572890088926
782	1.879276819575318
783	1.879276819575318
784	1.879276819575318
785	1.879276819575318
786	2.117802853957446
787	2.117802853957446
788	2.117802853957446
789	2.117802853957446
790	1.7905091619660847
791	1.7905091619660847
792	1.7905091619660847
793	1.7905091619660847
794	1.9543255357414395
795	1.9543255357414395
796	1.9543255357414395
797	1.9543255357414395
798	1.9140729449007152
799	1.9140729449007152
800	1.9140729449007152
801	1.9140729449007152
802	2.236172653371171
803	2.236172653371171
804	2.236172653371171
805	2.236172653371171
806	2.277635559364232
807	2.277635559364232
808	2.277635559364232
809	2.277635559364232
810	3.1445652147495355
811	3.1445652147495355
812	3.1445652147495355
813	3.1445652147495355
814	4.191173796260105
815	4.191173796260105
816	4.191173796260105
817	4.191173796260105
818	4.580834345289927
819	4.580834345289927
820	4.580834345289927
821	4.580834345289927
822	3.5044794163780106
823	3.5044794163780106
824	3.5044794163780106
825	3.5044794163780106
826	3.631703281082784
827	3.631703281082784
828	3.631703281082784
829	3.631703281082784
830	3.925680032601254
831	3.925680032601254
832	3.925680032601254
833	3.925680032601254
834	3.1121761954727845
835	3.1121761954727845
836	3.1121761954727845
837	3.1121761954727845
838	3.986940328216237
839	3.986940328216237
840	3.986940328216237
841	3.986940328216237
842	3.866674551896289
843	3.866674551896289
844	3.866674551896289
845	3.866674551896289
846	4.106920452197244
847	4.106920452197244
848	4.106920452197244
849	4.106920452197244
850	4.009561205586632
851	4.009561205586632
852	4.009561205586632
853	4.009561205586632
854	4.059492520734295
855	4.059492520734295
856	4.059492520734295
857	4.059492520734295
858	3.5018175958902487
859	3.5018175958902487
860	3.5018175958902487
861	3.5018175958902487
862	3.2493876327637867
863	3.2493876327637867
864	3.2493876327637867
865	3.2493876327637867
866	3.8646522741726432
867	3.8646522741726432
868	3.8646522741726432
869	3.8646522741726432
870	3.962451542387258
871	3.962451542387258
872	3.962451542387258
873	3.962451542387258
874	3.5789018040640346
875	3.5789018040640346
876	3.5789018040640346
877	3.5789018040640346
878	4.4274944946114525
879	4.4274944946114525
880	4.4274944946114525
881	4.4274944946114525
882	4.2483888108973895
883	4.2483888108973895
884	4.2483888108973895
885	4.2483888108973895
886	3.845027732226233
887	3.845027732226233
888	3.845027732226233
889	3.845027732226233
890	3.2153609542355137
891	3.2153609542355137
892	3.2153609542355137
893	3.2153609542355137
894	4.26992506139489
895	4.26992506139489
896	4.26992506139489
897	4.26992506139489
898	3.704195393333365
899	3.704195393333365
900	3.704195393333365
901	3.704195393333365
902	3.5599138694066603
903	3.5599138694066603
904	3.5599138694066603
905	3.5599138694066603
906	4.0817055023977185
907	4.0817055023977185
908	4.0817055023977185
909	4.0817055023977185
910	4.133731007824844
911	4.133731007824844
912	4.133731007824844
913	4.133731007824844
914	4.111605504952158
915	4.111605504952158
916	4.111605504952158
917	4.111605504952158
918	3.010273673696228
919	3.010273673696228
920	3.010273673696228
921	3.010273673696228
922	4.312162026872356
923	2.7091795289100897
924	2.7091795289100897
925	2.7091795289100897
926	2.7091795289100897
927	1.8766702187932676
928	1.8766702187932676
929	1.8766702187932676
930	1.8766702187932676
931	1.5734695623738588
932	1.5734695623738588
933	1.5734695623738588
934	1.5734695623738588
935	2.1622090578395396
936	2.1622090578395396
937	2.1622090578395396
938	2.1622090578395396
939	2.109597018557742
940	2.109597018557742
941	2.109597018557742
942	2.109597018557742
943	2.2193085061598357
944	2.2193085061598357
945	2.2193085061598357
946	2.2193085061598357
947	2.3119611186751117
948	2.3119611186751117
949	2.3119611186751117
950	2.3119611186751117
951	2.053310057233079
952	2.053310057233079
953	2.053310057233079
954	2.053310057233079
955	1.6553919948932492
956	1.6553919948932492
957	1.6871797583362134
958	1.6871797583362134
959	1.6871797583362134
960	1.6871797583362134
961	1.748944749469257
962	1.748944749469257
963	1.748944749469257
964	1.748944749469257
965	1.6739721743941816
966	1.6739721743941816
967	1.6739721743941816
968	1.6739721743941816
969	1.532570207546706
970	1.532570207546706
971	1.532570207546706
972	1.532570207546706
973	1.5372136300679198
974	1.5372136300679198
975	1.5372136300679198
976	1.5372136300679198
977	1.6802785501132536
978	1.6802785501132536
979	1.6802785501132536
980	1.6802785501132536
981	1.413825937424202
982	1.413825937424202
983	1.413825937424202
984	1.413825937424202
985	1.6655170357624607
986	1.6655170357624607
987	1.6655170357624607
988	1.6655170357624607
989	1.1581330400412653
990	1.1581330400412653
991	1.1581330400412653
992	1.1581330400412653
993	1.3323287484258008
994	1.3323287484258008
995	1.3323287484258008
996	1.3323287484258008
997	1.4003920005932171
998	1.4003920005932171
999	1.4003920005932171
1000	1.4003920005932171
1001	1.9463145286317374
1002	1.9463145286317374
1003	1.9463145286317374
1004	1.9463145286317374
1005	2.451725911331527
1006	2.451725911331527
1007	2.451725911331527
1008	2.451725911331527
1009	2.0548276508839436
1010	2.0548276508839436
1011	2.0548276508839436
1012	2.0548276508839436
1013	2.452588214290741
1014	2.452588214290741
1015	2.452588214290741
1016	2.452588214290741
1017	1.8726506712477684
1018	1.8726506712477684
1019	1.8726506712477684
1020	1.8726506712477684
1021	2.253855210395776
1022	2.253855210395776
1023	2.253855210395776
1024	2.253855210395776
1025	2.084332347350685
1026	2.084332347350685
1027	2.084332347350685
1028	2.084332347350685
1029	1.8696897459712332
1030	1.8696897459712332
1031	1.8696897459712332
1032	1.8696897459712332
1033	1.9704996273116901
1034	1.9704996273116901
1035	1.9704996273116901
1036	1.9704996273116901
1037	2.1288352134240336
1038	2.1288352134240336
1039	2.1288352134240336
1040	2.1288352134240336
1041	2.060572615016713
1042	2.060572615016713
1043	2.060572615016713
1044	2.060572615016713
1045	1.787178137475803
1046	1.787178137475803
1047	1.787178137475803
1048	1.787178137475803
1049	2.243976711995889
1050	2.243976711995889
1051	2.243976711995889
1052	2.243976711995889
1053	2.006520936986604
1054	2.006520936986604
1055	2.006520936986604
1056	2.006520936986604
1057	2.3483006155852606
1058	2.3483006155852606
1059	2.3483006155852606
1060	2.3483006155852606
1061	1.7754550151721207
1062	1.7754550151721207
1063	1.7754550151721207
1064	1.7754550151721207
1065	2.215777748586871
1066	2.215777748586871
1067	2.215777748586871
1068	2.215777748586871
1069	2.0244354221584846
1070	2.0244354221584846
1071	2.0244354221584846
1072	2.0244354221584846
1073	1.5553496870491479
1074	1.5553496870491479
1075	1.5553496870491479
1076	1.5553496870491479
1077	2.06572810332202
1078	2.06572810332202
1079	2.06572810332202
1080	2.06572810332202
1081	1.51860569524648
1082	1.51860569524648
1083	1.51860569524648
1084	1.51860569524648
1085	1.4323158716454159
1086	1.4323158716454159
1087	1.4323158716454159
1088	1.4323158716454159
1089	1.5861757643639276
1090	1.5861757643639276
1091	1.5861757643639276
1092	1.5861757643639276
1093	1.5927735301852606
1094	1.5927735301852606
1095	1.5927735301852606
1096	1.5927735301852606
1097	1.567846626620299
1098	1.567846626620299
1099	1.567846626620299
1100	1.567846626620299
1101	1.8641059070291686
1102	1.8641059070291686
1103	1.8641059070291686
1104	1.8641059070291686
1105	1.5153238906675206
1106	1.5153238906675206
1107	1.5153238906675206
1108	1.5153238906675206
1109	1.5561445215060072
1110	1.5561445215060072
1111	1.5561445215060072
1112	1.5561445215060072
1113	1.4793902883209815
1114	1.4793902883209815
1115	1.4793902883209815
1116	1.4793902883209815
1117	1.5560758902559897
1118	1.5560758902559897
1119	1.5560758902559897
1120	1.5560758902559897
1121	1.6893485138344129
1122	1.6893485138344129
1123	1.6893485138344129
1124	1.6893485138344129
1125	1.7041821863859363
1126	1.7041821863859363
1127	1.7041821863859363
1128	1.7041821863859363
1129	1.6922363726570515
1130	1.6922363726570515
1131	1.6922363726570515
1132	1.6922363726570515
1133	1.4521692791640872
1134	1.4521692791640872
1135	1.4521692791640872
1136	1.4521692791640872
1137	1.752405930575157
1138	1.752405930575157
1139	1.752405930575157
1140	1.752405930575157
1141	1.3241157452350654
1142	1.3241157452350654
1143	1.3241157452350654
1144	1.3241157452350654
1145	1.837139962152769
1146	1.837139962152769
1147	1.837139962152769
1148	1.837139962152769
1149	1.090613371354549
1150	1.090613371354549
1151	1.090613371354549
1152	1.090613371354549
1153	1.773896412105146
1154	1.773896412105146
1155	1.773896412105146
1156	1.773896412105146
1157	1.5286373362278785
1158	1.5286373362278785
1159	1.5286373362278785
1160	1.5286373362278785
1161	1.7929622010653028
1162	1.7929622010653028
1163	1.7929622010653028
1164	1.7929622010653028
1165	1.6044052764822512
1166	1.6044052764822512
1167	1.6044052764822512
1168	1.6044052764822512
1169	1.586442855817731
1170	1.586442855817731
1171	1.586442855817731
1172	1.586442855817731
1173	1.4226149728067832
1174	1.4226149728067832
1175	1.4226149728067832
1176	1.4226149728067832
1177	1.548354774458238
1178	1.548354774458238
1179	1.548354774458238
1180	1.548354774458238
1181	1.8965715238464964
1182	1.8965715238464964
1183	1.8965715238464964
1184	1.8965715238464964
1185	1.7677957800429278
1186	1.7677957800429278
1187	1.7677957800429278
1188	1.7677957800429278
1189	1.441920263991808
1190	1.441920263991808
1191	1.441920263991808
1192	1.441920263991808
1193	1.3085304815894947
1194	1.3085304815894947
1195	1.3085304815894947
1196	1.3085304815894947
1197	1.5165584958167415
1198	1.5165584958167415
1199	1.5165584958167415
1200	1.5165584958167415
1201	1.560379061602607
1202	1.560379061602607
1203	1.560379061602607
1204	1.560379061602607
1205	1.5833766036971002
1206	1.5833766036971002
1207	1.5833766036971002
1208	1.5833766036971002
1209	1.5067656674870686
1210	1.5067656674870686
1211	1.5067656674870686
1212	1.5067656674870686
1213	1.0710314256046707
1214	1.0710314256046707
1215	1.0710314256046707
1216	1.0710314256046707
1217	1.448314128179146
1218	1.448314128179146
1219	1.448314128179146
1220	1.448314128179146
1221	1.3633972820279234
1222	1.3633972820279234
1223	1.3633972820279234
1224	1.3633972820279234
1225	1.5631759570995132
1226	1.5631759570995132
1227	1.5631759570995132
1228	1.5631759570995132
1229	1.5499004257141902
1230	1.5499004257141902
1231	1.5499004257141902
1232	1.5499004257141902
1233	1.6751667471738247
1234	1.6751667471738247
1235	1.6751667471738247
1236	1.6751667471738247
1237	1.1901967401266458
1238	1.1901967401266458
1239	1.1901967401266458
1240	1.1901967401266458
1241	1.8505692911418712
1242	1.8505692911418712
1243	1.8505692911418712
1244	1.8505692911418712
1245	1.7520846200408953
1246	1.7520846200408953
1247	1.7520846200408953
1248	1.7520846200408953
1249	1.671839232812825
1250	1.671839232812825
1251	1.671839232812825
1252	1.671839232812825
1253	1.5260080131362834
1254	1.5260080131362834
1255	1.5260080131362834
1256	1.5260080131362834
1257	1.6185271692673313
1258	1.6185271692673313
1259	1.6185271692673313
1260	1.6185271692673313
1261	1.3006969262545727
1262	1.3006969262545727
1263	1.3006969262545727
1264	1.3006969262545727
1265	1.62575782063596
1266	1.62575782063596
1267	1.62575782063596
1268	1.62575782063596
1269	1.5660395909779619
1270	1.5660395909779619
1271	1.5660395909779619
1272	1.5660395909779619
1273	1.7073657914669937
1274	1.7073657914669937
1275	1.7073657914669937
1276	1.7073657914669937
1277	1.9693256321855006
1278	1.9693256321855006
1279	1.9693256321855006
1280	1.9693256321855006
1281	1.6468730859323588
1282	1.6468730859323588
1283	1.6468730859323588
1284	1.6468730859323588
1285	1.818690257240637
1286	1.818690257240637
1287	1.818690257240637
1288	1.818690257240637
1289	1.8058973934013598
1290	1.8058973934013598
1291	1.8058973934013598
1292	1.8058973934013598
1293	1.7001293341068482
1294	1.7001293341068482
1295	1.7001293341068482
1296	1.7001293341068482
1297	1.4938905764873047
1298	1.4938905764873047
1299	1.4938905764873047
1300	1.4938905764873047
1301	1.2586226819799688
1302	1.2586226819799688
1303	1.2586226819799688
1304	1.2586226819799688
1305	1.1206164699157188
1306	1.1206164699157188
1307	1.1206164699157188
1308	1.1206164699157188
1309	1.50548932973478
1310	1.50548932973478
1311	1.50548932973478
1312	1.50548932973478
1313	1.6328188997975985
1314	1.6328188997975985
1315	1.6328188997975985
1316	1.6328188997975985
1317	1.3347179286787487
1318	1.3347179286787487
1319	1.3347179286787487
1320	1.3347179286787487
1321	1.5485761235101956
1322	1.5485761235101956
1323	1.5485761235101956
1324	1.5485761235101956
1325	1.5187387415888662
1326	1.5187387415888662
1327	1.5187387415888662
1328	1.5187387415888662
1329	1.6144052994259752
1330	1.6144052994259752
1331	1.6144052994259752
1332	1.6144052994259752
1333	1.7175266458451701
1334	1.7175266458451701
1335	1.7175266458451701
1336	1.7175266458451701
1337	1.3551533492064582
1338	1.3551533492064582
1339	1.3551533492064582
1340	1.3551533492064582
1341	1.6619154183351703
1342	1.6619154183351703
1343	1.7302706157682564
1344	1.7302706157682564
1345	1.7302706157682564
1346	1.7302706157682564
1347	1.798768553781469
1348	1.798768553781469
1349	1.798768553781469
1350	1.798768553781469
1351	2.01856973246936
1352	2.01856973246936
1353	2.01856973246936
1354	2.01856973246936
1355	2.1034085235134
1356	2.1034085235134
1357	2.1034085235134
1358	2.1034085235134
1359	1.840973873851809
1360	1.840973873851809
1361	1.840973873851809
1362	1.840973873851809
1363	1.97033871989929
1364	1.97033871989929
1365	1.97033871989929
1366	1.97033871989929
1367	2.1666185047088367
1368	2.1666185047088367
1369	2.1666185047088367
1370	2.1666185047088367
1371	2.1884932794003653
1372	2.1884932794003653
1373	2.1884932794003653
1374	2.1884932794003653
1375	1.7381370036189898
1376	1.7381370036189898
1377	1.7381370036189898
1378	1.7381370036189898
1379	2.250987008770405
1380	2.250987008770405
1381	2.250987008770405
1382	2.250987008770405
1383	2.536330870268677
1384	2.536330870268677
1385	2.536330870268677
1386	2.536330870268677
1387	1.796058873638315
1388	1.796058873638315
1389	1.796058873638315
1390	1.796058873638315
1391	2.3315022414774744
1392	2.3315022414774744
1393	2.3315022414774744
1394	2.3315022414774744
1395	2.386747878829877
1396	2.386747878829877
1397	2.386747878829877
1398	2.386747878829877
1399	1.6229568638415581
1400	1.6229568638415581
1401	1.6229568638415581
1402	1.6229568638415581
1403	1.6922405285842932
1404	1.6922405285842932
1405	1.6922405285842932
1406	1.6922405285842932
1407	1.9005664015289394
1408	1.9005664015289394
1409	1.9005664015289394
1410	2.8476676758339217
1411	2.8476676758339217
1412	2.8476676758339217
1413	2.8476676758339217
1414	2.8915019443859626
1415	2.8915019443859626
1416	2.8915019443859626
1417	2.8915019443859626
1418	3.0311753760751903
1419	3.0311753760751903
1420	3.0311753760751903
1421	3.0311753760751903
1422	3.3610981061919047
1423	3.3610981061919047
1424	3.3610981061919047
1425	3.3610981061919047
1426	2.7335753377641714
1427	2.7335753377641714
1428	2.7335753377641714
1429	2.7335753377641714
1430	2.7165874982193556
1431	2.7165874982193556
1432	2.7165874982193556
1433	2.7165874982193556
1434	3.1890392927746536
1435	3.1890392927746536
1436	3.1890392927746536
1437	3.1890392927746536
1438	3.1765433894163464
1439	3.1765433894163464
1440	3.1765433894163464
1441	3.1765433894163464
1442	3.272030267437076
1443	3.272030267437076
1444	3.272030267437076
1445	3.272030267437076
1446	2.7279562135770297
1447	2.7279562135770297
1448	2.7279562135770297
1449	2.7279562135770297
1450	3.7270884031517775
1451	3.0871932592312223
1452	3.0871932592312223
1453	3.0871932592312223
1454	3.0871932592312223
1455	3.7922320421259865
1456	3.7922320421259865
1457	3.7922320421259865
1458	3.7922320421259865
1459	3.392843750824228
1460	3.392843750824228
1461	3.392843750824228
1462	3.392843750824228
1463	3.285090802406141
1464	3.285090802406141
1465	3.285090802406141
1466	3.285090802406141
1467	3.0528875668339803
1468	3.0528875668339803
1469	3.0528875668339803
1470	3.0528875668339803
1471	3.1645595987938493
1472	3.1645595987938493
1473	3.1645595987938493
1474	3.1645595987938493
1475	3.432382409843436
1476	3.432382409843436
1477	3.432382409843436
1478	3.432382409843436
1479	3.4282161605218797
1480	3.4282161605218797
1481	3.4282161605218797
1482	3.4282161605218797
1483	3.7321462184449277
1484	3.7321462184449277
1485	3.7321462184449277
1486	3.7321462184449277
1487	3.731878330703236
1488	3.731878330703236
1489	3.731878330703236
1490	3.731878330703236
1491	3.1399724899198813
1492	3.1399724899198813
1493	3.1399724899198813
1494	3.1399724899198813
1495	2.7737212065516434
1496	2.7737212065516434
1497	2.7737212065516434
1498	2.7737212065516434
1499	3.4318189857908177
1500	3.4318189857908177
1501	3.4318189857908177
1502	3.4318189857908177
1503	3.609944438623212
1504	3.609944438623212
1505	3.609944438623212
1506	3.609944438623212
1507	3.5134675987222965
1508	3.5134675987222965
1509	3.5134675987222965
1510	3.5134675987222965
1511	3.6493262264503175
1512	3.6493262264503175
1513	3.6493262264503175
1514	3.6493262264503175
1515	2.7352300169955797
1516	2.7352300169955797
1517	2.7352300169955797
1518	2.7352300169955797
1519	3.1755884193097494
1520	3.1755884193097494
1521	3.1755884193097494
1522	3.1755884193097494
1523	3.246851487540054
1524	3.246851487540054
1525	3.246851487540054
1526	3.246851487540054
1527	2.9670664654885064
1528	2.9670664654885064
1529	2.9670664654885064
1530	2.9670664654885064
1531	3.418437804647686
1532	3.418437804647686
1533	3.418437804647686
1534	3.418437804647686
1535	3.872122559060075
1536	3.872122559060075
1537	3.872122559060075
1538	3.872122559060075
1539	3.4156083601867326
1540	3.4156083601867326
1541	3.4156083601867326
1542	3.4156083601867326
1543	3.0256159755230927
1544	3.0256159755230927
1545	3.0256159755230927
1546	3.0256159755230927
1547	3.328632526395338
1548	3.328632526395338
1549	3.328632526395338
1550	3.328632526395338
1551	4.014639554523689
1552	4.014639554523689
1553	4.014639554523689
1554	4.014639554523689
1555	3.3176797792695587
1556	3.3176797792695587
1557	3.3176797792695587
1558	3.3176797792695587
1559	4.103322643852894
1560	4.103322643852894
1561	4.103322643852894
1562	4.103322643852894
1563	3.5683045723520803
1564	3.5683045723520803
1565	3.5683045723520803
1566	3.5683045723520803
1567	3.3257535800835023
1568	3.3257535800835023
1569	3.3257535800835023
1570	3.3257535800835023
1571	3.8105796146316617
1572	3.8105796146316617
1573	3.8105796146316617
1574	3.8105796146316617
1575	3.4102805981462923
1576	3.4102805981462923
1577	3.4102805981462923
1578	3.4102805981462923
1579	3.4003278588878234
1580	3.4003278588878234
1581	3.4003278588878234
1582	3.4003278588878234
1583	3.4946913311699785
1584	3.4946913311699785
1585	3.4946913311699785
1586	3.4946913311699785
1587	3.096759142946329
1588	3.096759142946329
1589	3.096759142946329
1590	3.096759142946329
1591	3.2454230047337687
1592	3.2454230047337687
1593	3.2454230047337687
1594	3.2454230047337687
1595	3.8486088147200506
1596	3.8486088147200506
1597	3.8486088147200506
1598	3.8486088147200506
1599	3.1970838641416153
1600	3.1970838641416153
1601	3.1970838641416153
1602	3.1970838641416153
1603	2.8763482646437466
1604	2.8763482646437466
1605	2.8763482646437466
1606	2.8763482646437466
1607	3.024735676621488
1608	3.024735676621488
1609	3.024735676621488
1610	3.024735676621488
1611	3.8418760655619626
1612	3.8418760655619626
1613	3.8418760655619626
1614	3.8418760655619626
1615	3.9277695068404603
1616	3.9277695068404603
1617	3.9277695068404603
1618	3.9277695068404603
1619	2.847575404663183
1620	2.847575404663183
1621	2.847575404663183
1622	2.847575404663183
1623	3.994351871633972
1624	3.994351871633972
1625	4.0514645619634395
1626	4.0514645619634395
1627	4.0514645619634395
1628	4.0514645619634395
1629	4.223084231373548
1630	4.223084231373548
1631	4.223084231373548
1632	4.223084231373548
1633	4.074304496046924
1634	1.917018468886995
1635	1.917018468886995
1636	1.917018468886995
1637	1.917018468886995
1638	2.1193999992200663
1639	2.1193999992200663
1640	2.1193999992200663
1641	2.1193999992200663
1642	1.841164351521777
1643	1.841164351521777
1644	1.841164351521777
1645	1.841164351521777
1646	2.284837084745063
1647	2.284837084745063
1648	2.284837084745063
1649	2.284837084745063
1650	1.8504881987637438
1651	1.8504881987637438
1652	1.8504881987637438
1653	1.8504881987637438
1654	2.2278449851633892
1655	2.7148273781615817
1656	2.7148273781615817
1657	2.7148273781615817
1658	2.7148273781615817
1659	2.4602860495844783
1660	2.4602860495844783
1661	2.4602860495844783
1662	2.4602860495844783
1663	2.8254490613639716
1664	2.8254490613639716
1665	2.8254490613639716
1666	2.8254490613639716
1667	3.3053754527978185
1668	3.3053754527978185
1669	3.3053754527978185
1670	3.3053754527978185
1671	3.235945472401487
1672	3.235945472401487
1673	3.235945472401487
1674	3.235945472401487
1675	2.8785885267782914
1676	2.8785885267782914
1677	2.8785885267782914
1678	2.8785885267782914
1679	2.930134266640139
1680	2.930134266640139
1681	2.930134266640139
1682	2.930134266640139
1683	2.7921035455662633
1684	2.7921035455662633
1685	2.7921035455662633
1686	2.7921035455662633
1687	2.8873777998473074
1688	2.8873777998473074
1689	2.8873777998473074
1690	2.8873777998473074
1691	2.7745568657594775
1692	2.7745568657594775
1693	2.7745568657594775
1694	2.7745568657594775
1695	2.670762729639005
1696	2.670762729639005
1697	2.670762729639005
1698	2.670762729639005
1699	2.930757008124206
1700	2.930757008124206
1701	2.930757008124206
1702	2.930757008124206
1703	2.2475812821673706
1704	2.2475812821673706
1705	2.2475812821673706
1706	2.2475812821673706
1707	2.6042768922304305
1708	2.6042768922304305
1709	2.6042768922304305
1710	2.6042768922304305
1711	2.650677894898763
1712	2.650677894898763
1713	2.650677894898763
1714	2.650677894898763
1715	2.6431560934847895
1716	2.6431560934847895
1717	2.6431560934847895
1718	2.6431560934847895
1719	3.2406432236862637
1720	3.2406432236862637
1721	3.2406432236862637
1722	3.2406432236862637
1723	3.1515435211965706
1724	3.1515435211965706
1725	3.1515435211965706
1726	3.1515435211965706
1727	2.8954041408419235
1728	2.8954041408419235
1729	2.8954041408419235
1730	2.8954041408419235
1731	2.586380158977963
1732	2.586380158977963
1733	2.586380158977963
1734	2.586380158977963
1735	3.09273878236604
1736	3.09273878236604
1737	3.09273878236604
1738	3.09273878236604
1739	2.807035424702811
1740	2.807035424702811
1741	2.807035424702811
1742	2.807035424702811
1743	2.946923571196943
1744	2.946923571196943
1745	2.946923571196943
1746	2.946923571196943
1747	2.1916105934131314
1748	2.1916105934131314
1749	2.1916105934131314
1750	4.627446479592187
1751	4.627446479592187
1752	4.627446479592187
1753	4.627446479592187
1754	4.036504118025297
1755	4.036504118025297
1756	4.036504118025297
1757	4.036504118025297
1758	4.2435576753631175
1759	4.2435576753631175
1760	4.2435576753631175
1761	4.2435576753631175
1762	4.178108466459675
1763	4.178108466459675
1764	4.178108466459675
1765	4.178108466459675
1766	3.841387627335578
1767	3.841387627335578
1768	3.841387627335578
1769	3.841387627335578
1770	4.415096144647448
1771	4.415096144647448
1772	4.415096144647448
1773	4.415096144647448
1774	4.263664936353003
1775	4.263664936353003
1776	4.263664936353003
1777	4.263664936353003
1778	4.769379667079718
1779	4.769379667079718
1780	4.769379667079718
1781	4.769379667079718
1782	4.118922761729655
1783	4.118922761729655
1784	4.118922761729655
1785	4.118922761729655
1786	4.666828831597446
1787	4.666828831597446
1788	4.666828831597446
1789	4.666828831597446
1790	4.194769330640528
1791	4.194769330640528
1792	4.194769330640528
1793	4.194769330640528
1794	4.801217619173756
1795	4.801217619173756
1796	4.801217619173756
1797	4.801217619173756
1798	3.8200579120576794
1799	3.8200579120576794
1800	3.8200579120576794
1801	3.8200579120576794
1802	3.5704359625275854
1803	3.5704359625275854
1804	3.5704359625275854
1805	3.5704359625275854
1806	4.16785926797578
1807	4.16785926797578
1808	4.16785926797578
1809	4.16785926797578
1810	4.550760577080334
1811	4.550760577080334
1812	4.550760577080334
1813	4.550760577080334
1814	4.6619549664417415
1815	4.6619549664417415
1816	4.6619549664417415
1817	4.6619549664417415
1818	3.7806343570296392
1819	3.7806343570296392
1820	3.7806343570296392
1821	3.7806343570296392
1822	4.213354555024702
1823	4.213354555024702
1824	4.213354555024702
1825	4.213354555024702
1826	4.887899098127353
1827	4.887899098127353
1828	4.887899098127353
1829	4.887899098127353
1830	4.341231194011822
1831	4.341231194011822
1832	4.341231194011822
1833	4.341231194011822
1834	4.267190346317333
1835	4.267190346317333
1836	4.267190346317333
1837	4.267190346317333
1838	4.663172992018968
1839	4.663172992018968
1840	4.663172992018968
1841	4.663172992018968
1842	4.161850933677189
1843	4.161850933677189
1844	4.161850933677189
1845	4.161850933677189
1846	4.431689813293505
1847	4.431689813293505
1848	4.431689813293505
1849	4.431689813293505
1850	4.945627789892573
1851	4.945627789892573
1852	4.945627789892573
1853	4.945627789892573
1854	4.634641097488776
1855	4.634641097488776
1856	4.634641097488776
1857	4.634641097488776
1858	4.9487241667279855
1859	4.9487241667279855
1860	4.9487241667279855
1861	4.9487241667279855
1862	4.79670012800213
1863	4.79670012800213
1864	4.79670012800213
1865	4.79670012800213
1866	4.836108876885613
1867	4.836108876885613
1868	4.836108876885613
1869	4.836108876885613
1870	4.333282463696183
1871	4.333282463696183
1872	4.333282463696183
1873	1.4266553147112675
1874	1.4266553147112675
1875	1.4266553147112675
1876	1.4266553147112675
1877	1.6534969675900695
1878	1.6534969675900695
1879	1.6534969675900695
1880	1.6534969675900695
1881	1.523165718815592
1882	1.523165718815592
1883	1.523165718815592
1884	1.523165718815592
1885	1.546625943255998
1886	1.546625943255998
1887	1.546625943255998
1888	1.546625943255998
1889	1.6433272496595321
1890	1.6433272496595321
1891	1.6433272496595321
1892	1.6433272496595321
1893	1.4474951477058553
1894	1.4474951477058553
1895	1.4474951477058553
1896	1.4474951477058553
1897	1.525407207514642
1898	1.525407207514642
1899	1.525407207514642
1900	1.525407207514642
1901	1.6665559006953972
1902	1.6665559006953972
1903	1.6665559006953972
1904	1.6665559006953972
1905	1.494004548099603
1906	1.494004548099603
1907	1.494004548099603
1908	1.494004548099603
1909	1.5064826873136188
1910	1.5064826873136188
1911	1.5064826873136188
1912	1.5064826873136188
1913	1.2851550002789704
1914	1.2851550002789704
1915	1.2851550002789704
1916	1.2851550002789704
1917	1.7616537604074667
1918	1.7616537604074667
1919	1.7616537604074667
1920	1.7616537604074667
1921	1.6636992570401161
1922	1.6636992570401161
1923	1.6636992570401161
1924	3.2318502768127235
1925	3.2318502768127235
1926	3.2318502768127235
1927	3.2318502768127235
1928	3.2569813489837394
1929	3.2569813489837394
1930	3.2569813489837394
1931	3.2569813489837394
1932	3.5095556215505126
1933	3.5095556215505126
1934	3.5095556215505126
1935	3.5095556215505126
1936	3.0695543061642807
1937	3.0695543061642807
1938	3.0695543061642807
1939	3.0695543061642807
1940	2.7465492603069195
1941	2.7465492603069195
1942	2.7465492603069195
1943	2.7465492603069195
1944	3.563675339132712
1945	3.563675339132712
1946	3.563675339132712
1947	3.563675339132712
1948	3.6066888604342244
1949	3.6066888604342244
1950	3.6066888604342244
1951	3.6066888604342244
1952	3.6972831366840158
1953	3.6972831366840158
1954	3.6972831366840158
1955	3.6972831366840158
1956	3.3479239465407447
1957	3.3479239465407447
1958	3.3479239465407447
1959	3.3479239465407447
1960	3.071217412674617
1961	3.071217412674617
1962	3.071217412674617
1963	3.071217412674617
1964	3.6451401553649534
1965	3.6451401553649534
1966	3.6451401553649534
1967	3.6451401553649534
1968	3.4034612212636963
1969	3.4034612212636963
1970	3.4034612212636963
1971	3.4034612212636963
1972	3.7205178601286537
1973	3.7205178601286537
1974	3.7205178601286537
1975	3.7205178601286537
1976	3.5526371107358674
1977	3.5526371107358674
1978	3.5526371107358674
1979	3.5526371107358674
1980	2.6148516514355085
1981	2.6148516514355085
1982	2.6148516514355085
1983	2.6148516514355085
1984	3.9655365659987547
1985	3.9655365659987547
1986	3.9655365659987547
1987	3.9655365659987547
1988	3.763456600687625
1989	3.763456600687625
1990	3.763456600687625
1991	3.763456600687625
1992	3.2665725807992474
1993	3.2665725807992474
1994	3.2665725807992474
1995	3.2665725807992474
1996	2.5463392591895992
1997	2.5463392591895992
1998	2.5463392591895992
1999	2.5463392591895992
