0	1.8346636640650011
1	1.7579633758602615
2	1.7579633758602615
3	1.7579633758602615
4	2.901261209173188
5	2.901261209173188
6	2.901261209173188
7	3.267756873247255
8	3.267756873247255
9	3.267756873247255
10	1.594876147092158
11	1.594876147092158
12	1.594876147092158
13	5.160817554060077
14	5.160817554060077
15	5.160817554060077
16	3.740722516800619
17	3.740722516800619
18	3.740722516800619
19	2.450221924192674
20	2.450221924192674
21	2.450221924192674
22	4.438397109527197
23	4.438397109527197
24	4.438397109527197
25	3.081145652730632
26	3.081145652730632
27	3.081145652730632
28	5.081728189235584
29	5.081728189235584
30	5.081728189235584
31	4.17480950701783
32	4.17480950701783
33	4.17480950701783
34	4.084384007182911
35	4.084384007182911
36	4.084384007182911
37	0.17935725807134872
38	0.17935725807134872
39	0.17935725807134872
40	3.9396653169477203
41	3.9396653169477203
42	3.9396653169477203
43	1.7434756135580562
44	1.7434756135580562
45	1.7434756135580562
46	1.8901538973720455
47	1.8901538973720455
48	1.8901538973720455
49	4.096439939430297
50	4.096439939430297
51	4.096439939430297
52	5.135328183501394
53	5.135328183501394
54	5.135328183501394
55	2.8543420711259606
56	2.8543420711259606
57	2.8543420711259606
58	4.629075330103456
59	4.629075330103456
60	4.629075330103456
61	3.3704296058254184
62	3.3704296058254184
63	3.3704296058254184
64	3.035638407091923
65	3.035638407091923
66	3.035638407091923
67	2.3882397596169755
68	2.3882397596169755
69	2.3882397596169755
70	3.7689411897551697
71	3.7689411897551697
72	3.7689411897551697
73	3.711258733311802
74	3.711258733311802
75	3.711258733311802
76	3.661955981746828
77	3.661955981746828
78	3.508082185629474
79	3.508082185629474
80	1.433269172858038
81	1.433269172858038
82	1.433269172858038
83	0.8301437336491108
84	0.8301437336491108
85	0.8301437336491108
86	1.0593005649852207
87	1.0593005649852207
88	1.0593005649852207
89	1.0631101473302922
90	1.0631101473302922
91	1.0631101473302922
92	1.800203616219114
93	1.800203616219114
94	1.800203616219114
95	0.8254917962571102
96	0.8254917962571102
97	0.8254917962571102
98	0.8121960493362181
99	0.8121960493362181
100	2.240520383725179
101	2.240520383725179
102	2.240520383725179
103	6.104646032866823
104	6.104646032866823
105	6.104646032866823
106	5.195830862071308
107	5.195830862071308
108	5.195830862071308
109	3.2024110985168375
110	0.8330371557867531
111	0.8330371557867531
112	0.8330371557867531
113	1.1288328848468985
114	1.1288328848468985
115	1.1288328848468985
116	2.291152629282106
117	2.291152629282106
118	2.291152629282106
119	1.1386648068095586
120	1.1386648068095586
121	1.1386648068095586
122	1.55650965339405
123	1.55650965339405
124	1.55650965339405
125	2.146006034918794
126	2.146006034918794
127	2.146006034918794
128	0.6172678775306607
129	0.6172678775306607
130	0.6172678775306607
131	1.0475700254278508
132	1.0475700254278508
133	1.0475700254278508
134	0.6419649152650909
135	0.6419649152650909
136	0.6419649152650909
137	1.7372440059391887
138	1.7372440059391887
139	1.7372440059391887
140	1.0891346148671657
141	1.0891346148671657
142	1.0891346148671657
143	1.5457131024164839
144	1.5457131024164839
145	1.5457131024164839
146	0.7052183307861247
147	0.7052183307861247
148	0.7052183307861247
149	1.681665476296502
150	1.681665476296502
151	1.681665476296502
152	1.3438388397400707
153	1.3438388397400707
154	1.3438388397400707
155	1.7980635247283336
156	1.7980635247283336
157	1.7980635247283336
158	0.7519111384878323
159	0.7519111384878323
160	0.7519111384878323
161	1.1020226592980706
162	1.1020226592980706
163	1.1020226592980706
164	1.3221333515247184
165	1.3221333515247184
166	1.3221333515247184
167	1.082370308238893
168	1.082370308238893
169	1.082370308238893
170	0.7666960160760055
171	0.7666960160760055
172	0.7666960160760055
173	1.8765760438951833
174	1.8765760438951833
175	1.8765760438951833
176	0.7784525427294837
177	0.7784525427294837
178	0.7784525427294837
179	0.18235953287087348
180	0.18235953287087348
181	0.18235953287087348
182	0.20737861584280992
183	0.20737861584280992
184	0.20737861584280992
185	0.8219989588132087
186	0.8219989588132087
187	0.8219989588132087
188	0.4769852778297856
189	0.4769852778297856
190	0.4769852778297856
191	1.016898309256708
192	1.016898309256708
193	1.016898309256708
194	0.3836096570534243
195	0.3836096570534243
196	0.3836096570534243
197	1.5121656460858208
198	1.5121656460858208
199	1.5121656460858208
200	0.8525078047906913
201	0.8525078047906913
202	0.8525078047906913
203	2.177041142408423
204	2.177041142408423
205	2.177041142408423
206	0.6167104409738998
207	0.6167104409738998
208	0.6167104409738998
209	1.2821475173336851
210	1.2821475173336851
211	1.2821475173336851
212	0.5591882823827933
213	0.5591882823827933
214	0.5591882823827933
215	1.3077110346008185
216	1.3077110346008185
217	1.3077110346008185
218	2.0293869049796873
219	2.0293869049796873
220	2.0293869049796873
221	2.040031573100671
222	2.040031573100671
223	2.040031573100671
224	1.3810618938916315
225	1.3810618938916315
226	1.3810618938916315
227	2.1029685197971335
228	2.1029685197971335
229	2.1029685197971335
230	1.6977002023355183
231	1.6977002023355183
232	1.6977002023355183
233	0.1
234	0.1
235	0.1
236	1.8943137970693777
237	1.8943137970693777
238	1.8943137970693777
239	1.9381897567469784
240	1.9381897567469784
241	1.9381897567469784
242	2.3509746217840406
243	2.3509746217840406
244	2.3509746217840406
245	0.5550951057033824
246	0.5550951057033824
247	0.5550951057033824
248	0.8872282086802333
249	0.8872282086802333
250	0.8872282086802333
251	0.8381235203453135
252	0.8381235203453135
253	0.8381235203453135
254	1.03074984635738
255	1.03074984635738
256	1.03074984635738
257	1.5129055384414556
258	1.5129055384414556
259	1.5129055384414556
260	1.4925897081205726
261	1.4925897081205726
262	1.4925897081205726
263	0.5201227609893048
264	0.5201227609893048
265	0.5201227609893048
266	0.7507684707001181
267	0.7507684707001181
268	0.7507684707001181
269	0.5065997196682239
270	0.5065997196682239
271	0.5065997196682239
272	1.7328156780281807
273	1.7328156780281807
274	1.7328156780281807
275	1.3465290434295778
276	1.3465290434295778
277	1.3465290434295778
278	1.7576156990645604
279	1.7576156990645604
280	1.7576156990645604
281	1.310492839582346
282	1.310492839582346
283	1.310492839582346
284	1.3723109274143053
285	1.3723109274143053
286	1.3723109274143053
287	1.1393170921781135
288	1.1393170921781135
289	1.1393170921781135
290	1.6458546151451607
291	1.6458546151451607
292	1.6458546151451607
293	0.7783538748524125
294	0.7783538748524125
295	0.7783538748524125
296	1.9877687962206876
297	1.9877687962206876
298	1.9877687962206876
299	0.1
300	0.1
301	0.1
302	2.5191552218874556
303	2.5191552218874556
304	2.5191552218874556
305	0.6913636475658154
306	0.6913636475658154
307	0.6913636475658154
308	1.528336630944715
309	1.528336630944715
310	1.528336630944715
311	0.8629135910020619
312	0.8629135910020619
313	0.8629135910020619
314	0.3618874076483769
315	0.3618874076483769
316	0.3618874076483769
317	0.6326700518219599
318	0.6326700518219599
319	0.6326700518219599
320	2.0473491570816242
321	2.0473491570816242
322	2.0473491570816242
323	1.0464124275754867
324	1.0464124275754867
325	1.0464124275754867
326	1.3768903225954978
327	1.3768903225954978
328	1.3768903225954978
329	0.4876994366072591
330	0.4876994366072591
331	0.4876994366072591
332	0.8283084877780429
333	0.8283084877780429
334	0.8283084877780429
335	0.9461557662398126
336	0.9461557662398126
337	0.9461557662398126
338	0.6805316866646123
339	0.6805316866646123
340	0.6805316866646123
341	0.9847357833516253
342	0.9847357833516253
343	0.9847357833516253
344	1.2922134310794562
345	1.2922134310794562
346	1.2922134310794562
347	0.9574922274647055
348	0.9574922274647055
349	0.9574922274647055
350	1.4305107131450407
351	1.4305107131450407
352	1.4305107131450407
353	0.39159020419380486
354	0.39159020419380486
355	0.39159020419380486
356	1.1402877874657882
357	1.1402877874657882
358	1.1402877874657882
359	1.7003292032939605
360	1.7003292032939605
361	1.7003292032939605
362	1.3162182293852982
363	1.3162182293852982
364	1.3162182293852982
365	2.26014079929829
366	2.26014079929829
367	2.26014079929829
368	2.011948665086373
369	2.011948665086373
370	2.011948665086373
371	1.0253594651471765
372	1.0253594651471765
373	1.0253594651471765
374	1.4784395342500625
375	1.4784395342500625
376	1.4784395342500625
377	1.5499843148582926
378	1.5499843148582926
379	1.5499843148582926
380	0.9241810679408127
381	0.9241810679408127
382	0.9241810679408127
383	0.16098802975095639
384	0.16098802975095639
385	0.16098802975095639
386	1.028504041559238
387	1.028504041559238
388	1.028504041559238
389	0.852579070933982
390	2.7755995942359
391	2.7755995942359
392	2.7755995942359
393	4.74457073982116
394	4.74457073982116
395	4.74457073982116
396	6.261362307634993
397	6.261362307634993
398	6.261362307634993
399	0.1
400	0.1
401	0.1
402	2.661312621746368
403	2.661312621746368
404	2.661312621746368
405	2.8261310225971923
406	2.8261310225971923
407	2.8261310225971923
408	0.8453891258112658
409	0.8453891258112658
410	0.8453891258112658
411	5.700708240381672
412	5.700708240381672
413	5.700708240381672
414	5.426524647996495
415	5.426524647996495
416	5.426524647996495
417	3.797721698170045
418	3.797721698170045
419	3.797721698170045
420	3.1450053392794324
421	3.1450053392794324
422	3.1450053392794324
423	3.48645718025836
424	3.48645718025836
425	3.48645718025836
426	5.912444864396393
427	5.912444864396393
428	5.912444864396393
429	5.365106133040425
430	5.365106133040425
431	5.365106133040425
432	6.739753297570886
433	6.739753297570886
434	6.739753297570886
435	4.326774455672259
436	4.326774455672259
437	4.326774455672259
438	1.923061506075278
439	1.923061506075278
440	1.923061506075278
441	4.204676663019216
442	4.204676663019216
443	4.204676663019216
444	2.3896366207796556
445	2.3896366207796556
446	2.3896366207796556
447	5.488255396923181
448	5.488255396923181
449	5.488255396923181
450	3.5001277408654348
451	3.5001277408654348
452	3.5001277408654348
453	2.8956413174122844
454	2.8956413174122844
455	2.8956413174122844
456	1.5368908923806637
457	1.5368908923806637
458	1.5368908923806637
459	3.8048306430105217
460	3.8048306430105217
461	3.8048306430105217
462	5.829077869072538
463	5.829077869072538
464	5.829077869072538
465	1.8476365852049437
466	1.8476365852049437
467	1.8476365852049437
468	0.25433546934779505
469	0.25433546934779505
470	0.25433546934779505
471	4.7312581700014515
472	4.7312581700014515
473	4.7312581700014515
474	2.434969348911929
475	2.434969348911929
476	2.434969348911929
477	4.210514433710739
478	4.210514433710739
479	4.210514433710739
480	5.3096991598371925
481	5.3096991598371925
482	5.3096991598371925
483	5.367139857638365
484	5.367139857638365
485	5.367139857638365
486	2.662920483240738
487	2.662920483240738
488	2.662920483240738
489	3.756781278376968
490	3.756781278376968
491	3.756781278376968
492	3.3316094042452242
493	3.3316094042452242
494	3.3316094042452242
495	4.608521353902717
496	4.608521353902717
497	4.608521353902717
498	3.372761030017872
499	3.372761030017872
500	3.372761030017872
501	6.303461034345315
502	6.303461034345315
503	6.303461034345315
504	5.281017595638034
505	5.281017595638034
506	5.281017595638034
507	3.468824070937594
508	3.468824070937594
509	3.468824070937594
510	5.300189293477615
511	5.300189293477615
512	5.300189293477615
513	0.1
514	0.1
515	0.1
516	0.1
517	0.1
518	0.1
519	3.1227836944686467
520	3.1227836944686467
521	3.1227836944686467
522	2.4886272687791733
523	2.4886272687791733
524	2.4886272687791733
525	2.563084740594861
526	2.563084740594861
527	2.563084740594861
528	2.1262801766945314
529	2.1262801766945314
530	2.1262801766945314
531	4.466386812116347
532	4.466386812116347
533	4.466386812116347
534	4.279287057161831
535	4.279287057161831
536	4.279287057161831
537	4.042142724439104
538	4.042142724439104
539	4.042142724439104
540	4.845776167089542
541	4.845776167089542
542	4.845776167089542
543	4.297574430182611
544	4.297574430182611
545	4.297574430182611
546	2.8155517988059606
547	2.8155517988059606
548	2.8155517988059606
549	2.5997698594644256
550	2.5997698594644256
551	2.5997698594644256
552	5.672445500636872
553	5.672445500636872
554	5.672445500636872
555	5.781192331282569
556	5.781192331282569
557	5.781192331282569
558	4.388787651019007
559	4.388787651019007
560	4.388787651019007
561	4.161609946436005
562	4.161609946436005
563	4.161609946436005
564	4.393178998523438
565	4.393178998523438
566	4.393178998523438
567	4.900745585942175
568	4.900745585942175
569	1.787170740279763
570	1.787170740279763
571	1.787170740279763
572	0.6429064030059848
573	0.6429064030059848
574	0.6429064030059848
575	0.5836704262350181
576	0.5836704262350181
577	0.5836704262350181
578	1.6478488361080084
579	1.6478488361080084
580	1.6478488361080084
581	1.5046269954145046
582	1.5046269954145046
583	1.5046269954145046
584	1.056324945228285
585	1.056324945228285
586	1.056324945228285
587	1.3721972378154395
588	1.3721972378154395
589	1.3721972378154395
590	0.8799549742537897
591	0.8799549742537897
592	0.8799549742537897
593	1.199445512789674
594	1.199445512789674
595	1.199445512789674
596	0.6782372049964631
597	0.6782372049964631
598	0.6782372049964631
599	1.6157652853703284
600	1.6157652853703284
601	1.6157652853703284
602	1.378669127722111
603	1.378669127722111
604	1.378669127722111
605	1.043974109106383
606	1.043974109106383
607	1.043974109106383
608	1.5844210208940535
609	3.6346349193222953
610	3.6346349193222953
611	3.6346349193222953
612	3.02244649628413
613	3.02244649628413
614	3.02244649628413
615	5.974605404411589
616	5.974605404411589
617	5.974605404411589
618	4.319496841596099
619	4.319496841596099
620	4.319496841596099
621	3.467505943728324
622	3.467505943728324
623	3.467505943728324
624	4.099998174669958
625	4.099998174669958
626	1.0205377831019546
627	1.0205377831019546
628	1.0205377831019546
629	4.19251708066178
630	4.19251708066178
631	4.19251708066178
632	3.165749966689633
633	3.165749966689633
634	3.165749966689633
635	1.9831257938735263
636	1.9831257938735263
637	1.9831257938735263
638	3.0761015422038627
639	3.0761015422038627
640	3.0761015422038627
641	1.8399431093318865
642	1.8399431093318865
643	1.8399431093318865
644	3.782673078344275
645	3.782673078344275
646	3.782673078344275
647	3.6860433569417532
648	3.6860433569417532
649	3.6860433569417532
650	2.9392127342399723
651	2.9392127342399723
652	2.9392127342399723
653	1.3668594796162798
654	1.3668594796162798
655	1.3668594796162798
656	2.2712526008988414
657	2.2712526008988414
658	2.2712526008988414
659	0.3024690567021002
660	0.3024690567021002
661	0.3024690567021002
662	1.4680114524422148
663	1.4680114524422148
664	1.4680114524422148
665	0.7484841433666589
666	0.7484841433666589
667	0.7484841433666589
668	1.1618967105278355
669	1.1618967105278355
670	1.1618967105278355
671	1.4043577471595987
672	1.4043577471595987
673	1.4043577471595987
674	1.382930526920429
675	1.382930526920429
676	1.382930526920429
677	0.9058452454528291
678	0.9058452454528291
679	0.9058452454528291
680	1.2050575911459502
681	1.2050575911459502
682	1.2050575911459502
683	1.8052082264415765
684	1.8052082264415765
685	1.8052082264415765
686	1.3687477942438289
687	1.3687477942438289
688	1.3687477942438289
689	1.2859561633511518
690	1.2859561633511518
691	1.2859561633511518
692	1.3449365763231311
693	1.3449365763231311
694	1.3449365763231311
695	0.1
696	0.1
697	0.1
698	0.7602648970212317
699	0.7602648970212317
700	0.7602648970212317
701	2.799059160813394
702	2.799059160813394
703	2.799059160813394
704	2.8223506485287135
705	2.8223506485287135
706	2.8223506485287135
707	2.1919066976077772
708	2.1919066976077772
709	2.1919066976077772
710	2.2861318886642645
711	2.2861318886642645
712	2.2861318886642645
713	2.885175251815901
714	2.885175251815901
715	2.885175251815901
716	2.9186917284273814
717	2.9186917284273814
718	2.9186917284273814
719	4.697479878690455
720	4.697479878690455
721	4.697479878690455
722	1.3520760836184067
723	1.3520760836184067
724	1.3520760836184067
725	3.56532613146182
726	3.56532613146182
727	3.56532613146182
728	2.650034034331473
729	2.650034034331473
730	2.650034034331473
731	4.591341471624325
732	4.591341471624325
733	4.591341471624325
734	1.7871712910996496
735	1.7871712910996496
736	1.7871712910996496
737	1.077998517637945
738	1.077998517637945
739	1.077998517637945
740	1.250995348354421
741	1.250995348354421
742	1.250995348354421
743	3.2362160082069185
744	3.2362160082069185
745	3.2362160082069185
746	3.464585185498626
747	3.464585185498626
748	3.464585185498626
749	3.8406557883632453
750	3.8406557883632453
751	3.8406557883632453
752	1.1617611916870696
753	1.1617611916870696
754	1.1617611916870696
755	1.0298556079228323
756	1.0298556079228323
757	1.0298556079228323
758	3.0403350009614325
759	3.0403350009614325
760	3.0403350009614325
761	2.383659785482946
762	2.383659785482946
763	2.383659785482946
764	2.9930334876930327
765	2.9930334876930327
766	2.9930334876930327
767	3.098116239000129
768	3.098116239000129
769	3.098116239000129
770	3.0897143122536366
771	3.0897143122536366
772	3.0897143122536366
773	0.7310026409997281
774	0.7310026409997281
775	0.7310026409997281
776	2.5912069950245638
777	2.5912069950245638
778	2.5912069950245638
779	0.9535295078488106
780	0.9535295078488106
781	0.9535295078488106
782	2.852989398030168
783	2.852989398030168
784	2.852989398030168
785	3.929163221676558
786	3.929163221676558
787	3.929163221676558
788	2.9391722985358713
789	2.9391722985358713
790	2.9391722985358713
791	1.3826235586671753
792	1.3826235586671753
793	1.3826235586671753
794	5.761436053117756
795	5.761436053117756
796	5.761436053117756
797	6.907803527289269
798	6.907803527289269
799	6.907803527289269
800	6.794952528806462
801	6.794952528806462
802	6.794952528806462
803	4.719084707380764
804	4.719084707380764
805	4.719084707380764
806	6.048562037804217
807	6.048562037804217
808	6.048562037804217
809	1.6116943358847573
810	1.6116943358847573
811	1.6116943358847573
812	4.258367638357262
813	4.258367638357262
814	4.258367638357262
815	1.8413785872176187
816	1.8413785872176187
817	1.8413785872176187
818	3.7907032444386
819	3.7907032444386
820	3.7907032444386
821	6.364777737838183
822	6.364777737838183
823	6.364777737838183
824	7.31744279720956
825	7.31744279720956
826	7.31744279720956
827	5.8445049839009835
828	5.8445049839009835
829	5.8445049839009835
830	5.300674766704676
831	5.300674766704676
832	5.300674766704676
833	0.439861131940662
834	0.439861131940662
835	0.439861131940662
836	5.4822163241663695
837	5.4822163241663695
838	5.4822163241663695
839	5.024190383883265
840	5.024190383883265
841	5.024190383883265
842	6.81112912468892
843	6.81112912468892
844	6.81112912468892
845	7.216555245853531
846	7.216555245853531
847	7.216555245853531
848	5.836576379169527
849	5.836576379169527
850	5.836576379169527
851	0.3436758686438224
852	0.3436758686438224
853	0.3436758686438224
854	3.049001759826658
855	3.5424960509137153
856	3.5424960509137153
857	3.5424960509137153
858	0.9856053461198437
859	0.9856053461198437
860	0.9856053461198437
861	2.8533619628530307
862	2.8533619628530307
863	2.8533619628530307
864	4.002796301863874
865	4.002796301863874
866	4.002796301863874
867	3.9449677085497044
868	3.9449677085497044
869	3.9449677085497044
870	2.685704910189158
871	2.685704910189158
872	2.685704910189158
873	2.6572054575720645
874	2.6572054575720645
875	2.6572054575720645
876	2.6158388606116048
877	2.6158388606116048
878	2.6158388606116048
879	4.167800024632207
880	4.167800024632207
881	4.167800024632207
882	2.602730242758744
883	2.602730242758744
884	2.602730242758744
885	4.137312933622005
886	4.137312933622005
887	4.137312933622005
888	5.967139296245771
889	5.967139296245771
890	5.967139296245771
891	4.140212073649886
892	4.140212073649886
893	4.140212073649886
894	3.2465310891884775
895	3.2465310891884775
896	3.2465310891884775
897	2.492616962587132
898	2.492616962587132
899	2.492616962587132
900	5.866557072787667
901	5.866557072787667
902	5.866557072787667
903	2.935747169661678
904	2.935747169661678
905	2.935747169661678
906	3.1723725322113396
907	3.1723725322113396
908	3.1723725322113396
909	2.4892073348598616
910	2.4892073348598616
911	2.4892073348598616
912	7.035215694121733
913	7.035215694121733
914	7.035215694121733
915	1.7468106747665004
916	1.7468106747665004
917	1.7468106747665004
918	0.1
919	0.1
920	1.4460707811329983
921	1.4460707811329983
922	1.4460707811329983
923	0.9653051516949266
924	0.9653051516949266
925	0.9653051516949266
926	0.6425681530872535
927	0.6425681530872535
928	0.6425681530872535
929	2.471739981747143
930	2.471739981747143
931	2.471739981747143
932	2.7854156694073176
933	2.7854156694073176
934	2.7854156694073176
935	1.9531793095491818
936	1.9531793095491818
937	1.9531793095491818
938	1.4560249651807766
939	1.4560249651807766
940	1.4560249651807766
941	1.459823704624836
942	1.459823704624836
943	1.459823704624836
944	2.3759268118857433
945	2.3759268118857433
946	2.3759268118857433
947	2.3028753871389367
948	2.3028753871389367
949	2.3028753871389367
950	2.510092829472336
951	2.948433772983688
952	2.948433772983688
953	2.948433772983688
954	1.1726131853498827
955	1.1726131853498827
956	1.1726131853498827
957	1.4783438418768906
958	1.4783438418768906
959	1.4783438418768906
960	3.3576278564364834
961	3.3576278564364834
962	3.3576278564364834
963	3.896264164408832
964	3.896264164408832
965	3.896264164408832
966	2.554028438685642
967	2.554028438685642
968	2.554028438685642
969	2.5405776293954365
970	2.5405776293954365
971	2.5405776293954365
972	2.1436426622902314
973	2.1436426622902314
974	2.1436426622902314
975	1.924478303185531
976	1.924478303185531
977	1.924478303185531
978	1.279168812511008
979	1.279168812511008
980	1.279168812511008
981	3.131397931862635
982	3.131397931862635
983	3.131397931862635
984	2.5147305653043133
985	2.5147305653043133
986	2.5147305653043133
987	1.6615301774157625
988	1.6615301774157625
989	1.6615301774157625
990	2.5331580576026878
991	2.5331580576026878
992	2.5331580576026878
993	0.3308558862893416
994	0.3308558862893416
995	0.3308558862893416
996	2.3731061699857516
997	2.3731061699857516
998	2.3731061699857516
999	2.7589488236895128
1000	2.7589488236895128
1001	2.7589488236895128
1002	2.5000473528711993
1003	2.5000473528711993
1004	2.5000473528711993
1005	0.1
1006	0.1
1007	0.1
1008	3.475095603580514
1009	3.475095603580514
1010	3.475095603580514
1011	2.20142419404966
1012	2.20142419404966
1013	2.20142419404966
1014	2.3331871362581507
1015	2.3331871362581507
1016	2.3331871362581507
1017	0.2518360833287683
1018	0.2518360833287683
1019	0.2518360833287683
1020	1.0933991135239995
1021	1.0933991135239995
1022	1.0933991135239995
1023	2.2810507839204752
1024	2.2810507839204752
1025	2.2810507839204752
1026	2.484872786417948
1027	2.484872786417948
1028	2.484872786417948
1029	3.1736885026644877
1030	3.1736885026644877
1031	3.1736885026644877
1032	2.0658496236709176
1033	2.0658496236709176
1034	2.0658496236709176
1035	4.184827618532572
1036	4.184827618532572
1037	4.184827618532572
1038	3.551533075460091
1039	3.551533075460091
1040	3.551533075460091
1041	3.214596265724964
1042	3.214596265724964
1043	3.214596265724964
1044	0.976097094248435
1045	0.976097094248435
1046	0.976097094248435
1047	3.234115421772256
1048	3.234115421772256
1049	3.234115421772256
1050	2.044260333986938
1051	2.044260333986938
1052	2.044260333986938
1053	2.7629510707597067
1054	2.7629510707597067
1055	2.7629510707597067
1056	2.903450101946548
1057	2.903450101946548
1058	2.903450101946548
1059	2.6207341923487952
1060	2.6207341923487952
1061	2.6207341923487952
1062	5.677646179869191
1063	5.677646179869191
1064	5.677646179869191
1065	2.9503682576034556
1066	2.9503682576034556
1067	2.9503682576034556
1068	3.0907845560729306
1069	3.0907845560729306
1070	3.0907845560729306
1071	3.8976055570489745
1072	3.8976055570489745
1073	3.8976055570489745
1074	1.4279856359761578
1075	1.4279856359761578
1076	1.4279856359761578
1077	2.0671611600139683
1078	2.0671611600139683
1079	2.0671611600139683
1080	1.372601926555892
1081	1.372601926555892
1082	1.372601926555892
1083	2.6767177634865518
1084	2.6767177634865518
1085	2.6767177634865518
1086	2.075843638039517
1087	2.075843638039517
1088	2.075843638039517
1089	0.47332083101340006
1090	0.47332083101340006
1091	0.47332083101340006
1092	3.4380057281411203
1093	3.4380057281411203
1094	3.4380057281411203
1095	3.4404874513113572
1096	3.4404874513113572
1097	3.4404874513113572
1098	1.9329256742733891
1099	1.9329256742733891
1100	1.9329256742733891
1101	1.5722804881396741
1102	1.5722804881396741
1103	1.7624708474822468
1104	1.7624708474822468
1105	1.7624708474822468
1106	1.8819452402158403
1107	1.8819452402158403
1108	1.8819452402158403
1109	1.8198770079275015
1110	1.8198770079275015
1111	1.8198770079275015
1112	1.94954472563693
1113	1.94954472563693
1114	1.94954472563693
1115	0.1
1116	0.1
1117	0.1
1118	0.1905426239787143
1119	0.1905426239787143
1120	0.1905426239787143
1121	0.1
1122	0.1
1123	0.1
1124	0.24327354207504767
1125	0.24327354207504767
1126	0.24327354207504767
1127	2.2191852864011965
1128	2.2191852864011965
1129	2.2191852864011965
1130	2.1292923763409637
1131	2.1292923763409637
1132	2.1292923763409637
1133	1.9107535820583945
1134	1.9107535820583945
1135	1.9107535820583945
1136	2.179094437394886
1137	2.179094437394886
1138	2.179094437394886
1139	2.6847178901027773
1140	2.6847178901027773
1141	2.6847178901027773
1142	0.8473338931005214
1143	0.8473338931005214
1144	0.8473338931005214
1145	0.6623279733548428
1146	0.6623279733548428
1147	0.6623279733548428
1148	1.8441335332869824
1149	1.8441335332869824
1150	1.8441335332869824
1151	3.938553423397261
1152	3.938553423397261
1153	3.938553423397261
1154	1.6183233687182073
1155	1.6183233687182073
1156	1.6183233687182073
1157	4.132280116535728
1158	4.132280116535728
1159	4.132280116535728
1160	2.0804518455753676
1161	2.0804518455753676
1162	2.0804518455753676
1163	0.781004718774249
1164	0.781004718774249
1165	0.781004718774249
1166	2.834469554282683
1167	2.834469554282683
1168	2.834469554282683
1169	1.1506450836343105
1170	1.1506450836343105
1171	1.1506450836343105
1172	1.852118399073642
1173	1.852118399073642
1174	1.852118399073642
1175	2.039884639489487
1176	2.039884639489487
1177	2.039884639489487
1178	1.5836960095464214
1179	1.5836960095464214
1180	1.5836960095464214
1181	2.612765063491299
1182	2.612765063491299
1183	2.612765063491299
1184	2.783467231958488
1185	2.783467231958488
1186	2.783467231958488
1187	1.9361019027835902
1188	1.9361019027835902
1189	1.9361019027835902
1190	1.7936313723709623
1191	1.7936313723709623
1192	1.7936313723709623
1193	0.1
1194	0.1
1195	0.1
1196	2.3724908849497193
1197	2.3724908849497193
1198	2.3724908849497193
1199	1.930996304751851
1200	1.930996304751851
1201	1.930996304751851
1202	0.7179471634830623
1203	0.7179471634830623
1204	0.7179471634830623
1205	3.397211245962272
1206	3.397211245962272
1207	3.397211245962272
1208	2.847699695252163
1209	2.847699695252163
1210	2.847699695252163
1211	1.1295594677746097
1212	1.1295594677746097
1213	1.1295594677746097
1214	0.1
1215	0.1
1216	0.1
1217	2.363506762011266
1218	2.363506762011266
1219	2.363506762011266
1220	0.49070582694806886
1221	0.49070582694806886
1222	0.49070582694806886
1223	2.104797079433559
1224	2.104797079433559
1225	2.104797079433559
1226	2.4236028288872067
1227	2.4236028288872067
1228	2.4236028288872067
1229	1.6717860340154773
1230	1.6717860340154773
1231	1.6717860340154773
1232	1.1244655023161272
1233	1.1244655023161272
1234	1.1244655023161272
1235	0.7620825555817619
1236	0.7620825555817619
1237	0.7620825555817619
1238	1.0624267623947397
1239	1.0624267623947397
1240	1.0624267623947397
1241	0.10626046434218717
1242	0.10626046434218717
1243	0.10626046434218717
1244	1.5850061606437795
1245	1.5850061606437795
1246	1.5850061606437795
1247	0.2157726924986757
1248	0.2157726924986757
1249	0.2157726924986757
1250	0.36168016967205974
1251	0.36168016967205974
1252	0.36168016967205974
1253	0.8739435503586409
1254	0.8739435503586409
1255	0.8739435503586409
1256	1.2117054860951784
1257	1.2117054860951784
1258	1.2117054860951784
1259	1.2513682477650074
1260	1.2513682477650074
1261	1.2513682477650074
1262	0.6770657995452729
1263	0.6770657995452729
1264	0.6770657995452729
1265	1.6543089432501108
1266	1.6543089432501108
1267	1.6543089432501108
1268	1.2550468561704782
1269	1.2550468561704782
1270	1.2550468561704782
1271	1.1881572616105645
1272	1.1881572616105645
1273	1.1881572616105645
1274	1.1006257882692942
1275	1.1006257882692942
1276	1.1006257882692942
1277	1.3439109208122635
1278	1.3439109208122635
1279	1.3439109208122635
1280	1.120286139842479
1281	1.120286139842479
1282	1.120286139842479
1283	1.4263445709553573
1284	1.4263445709553573
1285	1.4263445709553573
1286	1.3054425735079085
1287	1.3054425735079085
1288	1.3054425735079085
1289	0.986356172016742
1290	0.986356172016742
1291	0.986356172016742
1292	1.5923629770124827
1293	1.5923629770124827
1294	1.5923629770124827
1295	1.1705884913057552
1296	1.1705884913057552
1297	1.1705884913057552
1298	1.1743340492286622
1299	1.1743340492286622
1300	1.1743340492286622
1301	1.3089886341699066
1302	1.3089886341699066
1303	1.3089886341699066
1304	1.2089982819231926
1305	1.2089982819231926
1306	1.2089982819231926
1307	1.2053927192018314
1308	1.2053927192018314
1309	1.2053927192018314
1310	0.8943855887635586
1311	0.8943855887635586
1312	0.8943855887635586
1313	1.8052058290299782
1314	1.8052058290299782
1315	1.8052058290299782
1316	1.0107754115239906
1317	1.0107754115239906
1318	1.0107754115239906
1319	0.12958580516170282
1320	0.12958580516170282
1321	0.12958580516170282
1322	1.3809636970249668
1323	1.3809636970249668
1324	1.3809636970249668
1325	1.4264062554088475
1326	1.4264062554088475
1327	1.4264062554088475
1328	1.685528813520384
1329	1.685528813520384
1330	1.685528813520384
1331	0.8650155817204473
1332	0.8650155817204473
1333	0.8650155817204473
1334	4.64473058232252
1335	4.64473058232252
1336	4.64473058232252
1337	5.311161884553517
1338	5.311161884553517
1339	5.311161884553517
1340	2.0453885674260466
1341	2.0453885674260466
1342	2.0453885674260466
1343	2.2604691737735356
1344	2.2604691737735356
1345	2.2604691737735356
1346	3.7273726289379874
1347	3.7273726289379874
1348	3.7273726289379874
1349	5.783477053184846
1350	5.783477053184846
1351	5.783477053184846
1352	3.4144135534074684
1353	3.4144135534074684
1354	3.4144135534074684
1355	3.9545189980345548
1356	3.9545189980345548
1357	3.9545189980345548
1358	4.661792551427796
1359	4.661792551427796
1360	4.661792551427796
1361	2.999709007033746
1362	2.999709007033746
1363	2.999709007033746
1364	4.535842228213322
1365	4.535842228213322
1366	4.535842228213322
1367	2.383808214249584
1368	2.383808214249584
1369	2.383808214249584
1370	1.6377994271433436
1371	1.6377994271433436
1372	1.6377994271433436
1373	3.621299005554172
1374	3.621299005554172
1375	3.621299005554172
1376	3.345268796578456
1377	3.345268796578456
1378	3.345268796578456
1379	3.5694879438888645
1380	3.5694879438888645
1381	3.5694879438888645
1382	1.9778683267104222
1383	1.9778683267104222
1384	1.9778683267104222
1385	3.1813164298682564
1386	3.1813164298682564
1387	3.1813164298682564
1388	2.8121084529582268
1389	2.8121084529582268
1390	2.8121084529582268
1391	3.295353648082763
1392	3.295353648082763
1393	4.397574476071142
1394	4.397574476071142
1395	4.397574476071142
1396	7.078507626858704
1397	7.078507626858704
1398	7.078507626858704
1399	1.7431877766582495
1400	1.7431877766582495
1401	1.7431877766582495
1402	3.503752583503535
1403	3.503752583503535
1404	3.503752583503535
1405	4.272469502788985
1406	4.272469502788985
1407	4.272469502788985
1408	4.234859436597865
1409	4.234859436597865
1410	4.234859436597865
1411	3.1677054761405614
1412	3.1677054761405614
1413	3.1677054761405614
1414	5.520911588725237
1415	5.520911588725237
1416	5.520911588725237
1417	0.4724248297108886
1418	0.4724248297108886
1419	0.4724248297108886
1420	4.358392061376945
1421	4.358392061376945
1422	4.358392061376945
1423	5.899869521001196
1424	5.899869521001196
1425	5.899869521001196
1426	8.614543817479362
1427	8.614543817479362
1428	8.614543817479362
1429	3.5725475253555157
1430	3.5725475253555157
1431	3.5725475253555157
1432	5.207950581289678
1433	5.207950581289678
1434	5.207950581289678
1435	8.361972149775557
1436	2.565133354031839
1437	2.565133354031839
1438	2.565133354031839
1439	2.896031746872643
1440	2.896031746872643
1441	2.896031746872643
1442	2.051268108715676
1443	2.051268108715676
1444	2.051268108715676
1445	2.6162715997053607
1446	2.6162715997053607
1447	2.6162715997053607
1448	3.5526513303086973
1449	3.5526513303086973
1450	3.5526513303086973
1451	1.3263282980215307
1452	1.3263282980215307
1453	1.3263282980215307
1454	5.238050641794339
1455	5.238050641794339
1456	5.238050641794339
1457	1.0164697603112152
1458	1.0164697603112152
1459	1.0164697603112152
1460	2.138647221496304
1461	2.138647221496304
1462	2.138647221496304
1463	1.1835009505345901
1464	1.1835009505345901
1465	1.1835009505345901
1466	3.9076366663382593
1467	3.9076366663382593
1468	3.9076366663382593
1469	0.1
1470	0.1
1471	0.1
1472	4.004159177246716
1473	4.004159177246716
1474	4.004159177246716
1475	2.2389386343127358
1476	2.2389386343127358
1477	2.2389386343127358
1478	3.6931993561729057
1479	3.6931993561729057
1480	3.6931993561729057
1481	2.149793064451343
1482	2.149793064451343
1483	2.149793064451343
1484	2.256532947843099
1485	2.256532947843099
1486	2.256532947843099
1487	4.733145993472084
1488	4.733145993472084
1489	4.733145993472084
1490	0.1
1491	0.1
1492	0.1
1493	1.904812110379252
1494	1.904812110379252
1495	1.904812110379252
1496	2.940075442356293
1497	2.940075442356293
1498	2.940075442356293
1499	4.068146768311956
1500	4.068146768311956
1501	4.068146768311956
1502	1.26060506706242
1503	1.26060506706242
1504	1.26060506706242
1505	3.790880502373887
1506	3.790880502373887
1507	3.790880502373887
1508	2.1347380650817778
1509	2.1347380650817778
1510	2.1347380650817778
1511	2.2709187429657707
1512	2.2709187429657707
1513	2.2709187429657707
1514	3.2191765447418947
1515	3.2191765447418947
1516	3.2191765447418947
1517	3.052267948088894
1518	3.052267948088894
1519	3.052267948088894
1520	2.828966174836676
1521	2.828966174836676
1522	2.828966174836676
1523	1.6077971665911182
1524	1.6077971665911182
1525	1.6077971665911182
1526	2.6164897407690524
1527	2.6164897407690524
1528	2.6164897407690524
1529	1.817890879341112
1530	1.817890879341112
1531	1.817890879341112
1532	4.567228599821702
1533	4.567228599821702
1534	4.567228599821702
1535	4.364210914357281
1536	4.364210914357281
1537	1.1607974560291683
1538	1.1607974560291683
1539	1.1607974560291683
1540	1.0867573936094943
1541	1.0867573936094943
1542	1.0867573936094943
1543	0.5942738201168978
1544	0.5942738201168978
1545	0.5942738201168978
1546	1.9772439495728857
1547	1.9772439495728857
1548	1.9772439495728857
1549	0.7486480939307676
1550	0.7486480939307676
1551	0.7486480939307676
1552	0.7467273591217292
1553	0.7467273591217292
1554	0.7467273591217292
1555	1.231105130938092
1556	1.231105130938092
1557	1.231105130938092
1558	1.250331946960384
1559	1.250331946960384
1560	1.250331946960384
1561	1.4133391043761758
1562	1.4133391043761758
1563	1.4133391043761758
1564	1.1703755292058005
1565	1.1703755292058005
1566	1.1703755292058005
1567	1.4431512935902604
1568	1.4431512935902604
1569	1.4431512935902604
1570	0.968776444421816
1571	0.968776444421816
1572	0.968776444421816
1573	1.4035554418688359
1574	1.4035554418688359
1575	1.4035554418688359
1576	4.304456191927293
1577	4.304456191927293
1578	4.304456191927293
1579	3.389651745880426
1580	3.389651745880426
1581	3.389651745880426
1582	2.1404347203983995
1583	2.1404347203983995
1584	2.1404347203983995
1585	1.5535344856080489
1586	1.5535344856080489
1587	1.5535344856080489
1588	5.722954151292697
1589	5.722954151292697
1590	5.722954151292697
1591	1.4536288756112432
1592	1.4536288756112432
1593	1.4536288756112432
1594	3.7266987658992954
1595	3.7266987658992954
1596	3.7266987658992954
1597	5.046285144817579
1598	5.046285144817579
1599	5.046285144817579
1600	7.256085740902354
1601	7.256085740902354
1602	7.256085740902354
1603	5.459111134957998
1604	5.459111134957998
1605	5.459111134957998
1606	6.744851123297845
1607	6.744851123297845
1608	6.744851123297845
1609	2.9697059726641704
1610	2.9697059726641704
1611	2.9697059726641704
1612	4.7953351603653775
1613	4.7953351603653775
1614	4.7953351603653775
1615	3.2569992256121845
1616	0.9538651125928859
1617	0.9538651125928859
1618	0.9538651125928859
1619	0.5413276867377078
1620	0.5413276867377078
1621	0.5413276867377078
1622	0.5978644743418411
1623	0.5978644743418411
1624	0.5978644743418411
1625	0.8690464566431624
1626	0.8690464566431624
1627	0.8690464566431624
1628	0.3714086033074654
1629	0.3714086033074654
1630	0.3714086033074654
1631	0.5184456916668545
1632	0.5184456916668545
1633	0.5184456916668545
1634	0.15457667292503297
1635	0.15457667292503297
1636	0.15457667292503297
1637	0.6854726887204695
1638	0.6854726887204695
1639	0.6854726887204695
1640	0.4689333361498875
1641	0.4689333361498875
1642	0.4689333361498875
1643	0.37949774270866204
1644	0.37949774270866204
1645	0.37949774270866204
1646	0.5845589052882085
1647	0.5845589052882085
1648	0.5845589052882085
1649	0.5276116504511634
1650	0.5276116504511634
1651	0.5276116504511634
1652	1.3341387315746376
1653	1.3341387315746376
1654	1.3341387315746376
1655	0.8029265219005731
1656	0.8029265219005731
1657	0.8029265219005731
1658	0.43670549518095203
1659	0.43670549518095203
1660	0.43670549518095203
1661	0.813358409076145
1662	0.813358409076145
1663	0.813358409076145
1664	1.1213273547541291
1665	1.1213273547541291
1666	1.1213273547541291
1667	1.005277581885649
1668	1.005277581885649
1669	1.005277581885649
1670	0.13025189973746232
1671	0.13025189973746232
1672	0.13025189973746232
1673	0.1
1674	0.1
1675	0.1
1676	0.5775511040112973
1677	0.5775511040112973
1678	0.5775511040112973
1679	0.211764482649067
1680	0.211764482649067
1681	0.211764482649067
1682	0.9058297693693091
1683	0.9058297693693091
1684	0.9058297693693091
1685	0.7984768669987122
1686	0.7984768669987122
1687	0.7984768669987122
1688	0.5516073611478285
1689	0.5516073611478285
1690	0.5516073611478285
1691	1.0679516024228692
1692	1.0679516024228692
1693	1.0679516024228692
1694	0.8182511323151417
1695	0.8182511323151417
1696	0.8182511323151417
1697	0.7932876349300305
1698	0.7932876349300305
1699	0.7932876349300305
1700	0.8772101044946812
1701	0.8772101044946812
1702	0.8772101044946812
1703	0.3577167486404661
1704	0.3577167486404661
1705	0.3577167486404661
1706	0.7155881790081544
1707	0.7155881790081544
1708	0.7155881790081544
1709	0.9547014333357587
1710	0.9547014333357587
1711	0.9547014333357587
1712	1.0113712496514418
1713	1.0113712496514418
1714	1.0113712496514418
1715	1.3141069157363203
1716	1.3141069157363203
1717	1.3141069157363203
1718	0.2271396357504557
1719	0.2271396357504557
1720	0.2271396357504557
1721	1.1728542604102894
1722	1.4584093475293765
1723	1.4584093475293765
1724	1.4584093475293765
1725	1.6387076451244773
1726	1.6387076451244773
1727	1.6387076451244773
1728	1.5867896977182037
1729	1.5867896977182037
1730	1.5867896977182037
1731	1.5218557088165099
1732	1.5218557088165099
1733	1.5218557088165099
1734	2.1901426570059828
1735	2.1901426570059828
1736	2.1901426570059828
1737	0.33501438148476703
1738	0.33501438148476703
1739	0.33501438148476703
1740	1.3410965789103655
1741	1.3410965789103655
1742	1.3410965789103655
1743	0.9288778664865538
1744	0.9288778664865538
1745	0.9288778664865538
1746	0.9985673521735714
1747	0.9985673521735714
1748	0.9985673521735714
1749	2.6285107448442426
1750	2.6285107448442426
1751	2.6285107448442426
1752	1.8230900183628724
1753	1.8230900183628724
1754	1.8230900183628724
1755	2.1563573869395585
1756	2.1563573869395585
1757	2.1563573869395585
1758	0.4982846379894028
1759	0.4982846379894028
1760	0.4982846379894028
1761	1.748692109000013
1762	1.748692109000013
1763	1.748692109000013
1764	0.10274563614577814
1765	0.10274563614577814
1766	0.10274563614577814
1767	1.0302718008917968
1768	1.0302718008917968
1769	1.0302718008917968
1770	0.2254839328683007
1771	0.2254839328683007
1772	0.2254839328683007
1773	0.783911203201435
1774	0.783911203201435
1775	0.783911203201435
1776	0.5357333561523026
1777	0.5357333561523026
1778	0.5357333561523026
1779	2.931138375791413
1780	2.931138375791413
1781	2.931138375791413
1782	2.157245802594137
1783	2.157245802594137
1784	2.157245802594137
1785	2.988683055724404
1786	2.988683055724404
1787	2.988683055724404
1788	0.5640849538720929
1789	0.5640849538720929
1790	0.5640849538720929
1791	2.0273669870393056
1792	2.0273669870393056
1793	2.0273669870393056
1794	3.0648418332890883
1795	3.0648418332890883
1796	3.0648418332890883
1797	1.820340166766889
1798	1.820340166766889
1799	1.820340166766889
1800	2.0095084683139284
1801	2.0095084683139284
1802	2.0095084683139284
1803	0.6364422003970653
1804	0.6364422003970653
1805	0.6364422003970653
1806	1.7883951387349701
1807	1.7883951387349701
1808	1.7883951387349701
1809	1.1018226477066764
1810	1.1018226477066764
1811	1.1018226477066764
1812	2.502050735717913
1813	2.502050735717913
1814	2.502050735717913
1815	2.385603605293949
1816	2.385603605293949
1817	2.385603605293949
1818	1.7018044926941223
1819	1.7018044926941223
1820	1.7018044926941223
1821	1.6966300528565623
1822	1.6966300528565623
1823	1.6966300528565623
1824	1.797449526201999
1825	3.4769068901976596
1826	3.4769068901976596
1827	3.4769068901976596
1828	2.5223703527300056
1829	2.5223703527300056
1830	2.5223703527300056
1831	1.0131284662790714
1832	1.0131284662790714
1833	1.0131284662790714
1834	3.459039547287208
1835	3.459039547287208
1836	3.459039547287208
1837	1.4719635257058696
1838	1.4719635257058696
1839	1.4719635257058696
1840	3.8520043006509863
1841	3.8520043006509863
1842	3.8520043006509863
1843	3.767052515670607
1844	3.767052515670607
1845	3.767052515670607
1846	4.053012021228645
1847	4.053012021228645
1848	4.053012021228645
1849	1.3728895347807035
1850	1.3728895347807035
1851	1.3728895347807035
1852	4.925145806553091
1853	4.925145806553091
1854	4.925145806553091
1855	2.6074836874207628
1856	2.6074836874207628
1857	2.6074836874207628
1858	6.012147459491796
1859	6.012147459491796
1860	6.012147459491796
1861	5.883019171178692
1862	5.883019171178692
1863	5.883019171178692
1864	0.6889013770000671
1865	0.6889013770000671
1866	0.6889013770000671
1867	2.1812220210850235
1868	2.1812220210850235
1869	2.1812220210850235
1870	5.373804146226562
1871	5.373804146226562
1872	5.373804146226562
1873	1.1929078834300428
1874	1.1929078834300428
1875	1.1929078834300428
1876	1.3205178585919417
1877	1.3205178585919417
1878	1.3205178585919417
1879	3.3005668903907397
1880	3.3005668903907397
1881	3.3005668903907397
1882	6.280320737005378
1883	6.280320737005378
1884	6.280320737005378
1885	4.842067832646874
1886	4.842067832646874
1887	4.842067832646874
1888	0.1
1889	0.1
1890	0.1
1891	3.1803190307835583
1892	3.1803190307835583
1893	3.1803190307835583
1894	2.980426895396742
1895	2.980426895396742
1896	2.980426895396742
1897	2.1709184079957904
1898	2.1709184079957904
1899	2.1709184079957904
1900	3.2872544242278576
1901	3.2872544242278576
1902	3.2872544242278576
1903	3.4339719547195364
1904	3.4339719547195364
1905	3.4339719547195364
1906	4.551340355952077
1907	4.551340355952077
1908	4.551340355952077
1909	5.252142842119969
1910	5.252142842119969
1911	5.252142842119969
1912	2.9658834683462523
1913	2.9658834683462523
1914	2.9658834683462523
1915	4.576131511835783
1916	4.576131511835783
1917	4.576131511835783
1918	5.533734993959278
1919	5.533734993959278
1920	5.533734993959278
1921	3.8665807408164774
1922	3.8665807408164774
1923	3.8665807408164774
1924	5.446419057176792
1925	5.446419057176792
1926	5.446419057176792
1927	5.012325462288669
1928	5.012325462288669
1929	5.012325462288669
1930	3.9441338919371205
1931	3.9441338919371205
1932	3.9441338919371205
1933	2.1702752910950514
1934	2.1702752910950514
1935	2.1702752910950514
1936	2.1865835026794826
1937	1.5864138925893307
1938	1.5864138925893307
1939	1.5864138925893307
1940	4.563695139830154
1941	4.563695139830154
1942	4.563695139830154
1943	5.03244822709991
1944	5.03244822709991
1945	5.03244822709991
1946	5.789741397112734
1947	6.130344428324052
1948	6.130344428324052
1949	6.130344428324052
1950	2.699798433179568
1951	2.699798433179568
1952	2.699798433179568
1953	5.230562759237226
1954	5.230562759237226
1955	5.230562759237226
1956	4.894957722936969
1957	4.894957722936969
1958	4.894957722936969
1959	0.7861020197404422
1960	0.7861020197404422
1961	1.0214801528546837
1962	1.0214801528546837
1963	1.0214801528546837
1964	1.0767691467786966
1965	1.0767691467786966
1966	1.0767691467786966
1967	1.1048051775033756
1968	1.1048051775033756
1969	1.1048051775033756
1970	0.1
1971	1.638534593886659
1972	1.638534593886659
1973	1.638534593886659
1974	3.0390799656153966
1975	3.0390799656153966
1976	3.0390799656153966
1977	2.3598527110464964
1978	2.3598527110464964
1979	2.3598527110464964
1980	2.1278105500607785
1981	2.1278105500607785
1982	2.1278105500607785
1983	2.172936707574291
1984	2.172936707574291
1985	2.172936707574291
1986	1.2100292931506322
1987	1.2100292931506322
1988	1.2100292931506322
1989	1.4264738425869834
1990	1.4264738425869834
1991	1.4264738425869834
1992	2.5902566640153153
1993	2.5902566640153153
1994	2.5902566640153153
1995	2.4527859486934576
1996	2.4527859486934576
1997	2.4527859486934576
1998	0.1
1999	0.1
