0	2.1187138858208927
1	2.1187138858208927
2	2.1187138858208927
3	2.1187138858208927
4	1.3623744152837538
5	1.3623744152837538
6	1.3623744152837538
7	1.3623744152837538
8	1.7893186420703457
9	1.7893186420703457
10	1.7893186420703457
11	1.7893186420703457
12	1.7428795664145833
13	1.7428795664145833
14	1.7428795664145833
15	1.7428795664145833
16	2.1299334864288944
17	2.1299334864288944
18	2.1299334864288944
19	2.1299334864288944
20	2.1800866877337537
21	2.1800866877337537
22	2.1800866877337537
23	2.1800866877337537
24	2.2418837535991947
25	2.2418837535991947
26	2.2418837535991947
27	2.2418837535991947
28	2.530816374711707
29	2.530816374711707
30	2.530816374711707
31	2.530816374711707
32	1.4369607571768583
33	1.4369607571768583
34	1.4369607571768583
35	1.4369607571768583
36	1.3886144069471198
37	1.3886144069471198
38	1.3886144069471198
39	1.3886144069471198
40	1.9507981006772384
41	1.9507981006772384
42	1.9507981006772384
43	1.9507981006772384
44	2.8428020187730834
45	2.8428020187730834
46	2.8428020187730834
47	2.8428020187730834
48	2.2502598741835946
49	2.2502598741835946
50	2.2502598741835946
51	1.2327654048347774
52	1.2327654048347774
53	1.2327654048347774
54	1.2327654048347774
55	1.1333458325012484
56	1.1333458325012484
57	1.1333458325012484
58	1.1333458325012484
59	1.7854203876184354
60	1.7854203876184354
61	1.7854203876184354
62	1.7854203876184354
63	3.3459991198734507
64	3.3459991198734507
65	3.3459991198734507
66	3.3459991198734507
67	1.9554627007171423
68	1.9554627007171423
69	1.9554627007171423
70	1.9554627007171423
71	3.656951533026526
72	3.656951533026526
73	3.656951533026526
74	3.656951533026526
75	3.5298676701970306
76	3.5298676701970306
77	3.5298676701970306
78	3.5298676701970306
79	2.875777612082438
80	2.875777612082438
81	2.875777612082438
82	2.875777612082438
83	2.103413673874879
84	2.103413673874879
85	2.103413673874879
86	2.103413673874879
87	4.080516336269415
88	4.080516336269415
89	4.080516336269415
90	4.080516336269415
91	3.158948820605394
92	3.158948820605394
93	3.158948820605394
94	3.158948820605394
95	2.302437413398376
96	2.302437413398376
97	2.302437413398376
98	2.302437413398376
99	3.675694933064951
100	3.675694933064951
101	3.675694933064951
102	3.675694933064951
103	1.9003865590669617
104	1.9003865590669617
105	1.9003865590669617
106	1.9003865590669617
107	2.740104642317602
108	2.740104642317602
109	2.740104642317602
110	2.740104642317602
111	1.7974741066545603
112	1.7974741066545603
113	1.7974741066545603
114	1.7974741066545603
115	0.6695550226270734
116	0.6695550226270734
117	0.6695550226270734
118	1.786425395525915
119	1.786425395525915
120	1.786425395525915
121	1.786425395525915
122	1.0642805220283242
123	1.0642805220283242
124	1.0642805220283242
125	1.0642805220283242
126	1.522539282227872
127	1.522539282227872
128	1.522539282227872
129	1.522539282227872
130	2.518215301995465
131	2.518215301995465
132	2.518215301995465
133	2.518215301995465
134	2.300976366008055
135	2.300976366008055
136	2.300976366008055
137	2.300976366008055
138	2.5772627992182082
139	2.5772627992182082
140	2.5772627992182082
141	2.5772627992182082
142	2.1681189506825396
143	2.1681189506825396
144	2.1681189506825396
145	2.1681189506825396
146	2.782228692060716
147	2.782228692060716
148	2.782228692060716
149	2.782228692060716
150	2.1553003987517787
151	2.1553003987517787
152	2.1553003987517787
153	2.1553003987517787
154	2.5022560562386325
155	2.5022560562386325
156	2.5022560562386325
157	2.5022560562386325
158	1.1858659132863931
159	1.1858659132863931
160	1.1858659132863931
161	1.1858659132863931
162	2.201286203103134
163	2.201286203103134
164	2.201286203103134
165	2.201286203103134
166	2.528522825689854
167	2.528522825689854
168	2.528522825689854
169	2.528522825689854
170	1.7932758147641639
171	1.7932758147641639
172	1.7932758147641639
173	1.7932758147641639
174	2.335776550706324
175	2.335776550706324
176	2.335776550706324
177	2.335776550706324
178	2.647431091303755
179	2.647431091303755
180	2.647431091303755
181	2.647431091303755
182	3.302484539752257
183	3.302484539752257
184	3.302484539752257
185	3.302484539752257
186	1.5224688967472513
187	1.5224688967472513
188	1.5224688967472513
189	1.5224688967472513
190	1.082853374940246
191	1.082853374940246
192	1.082853374940246
193	1.082853374940246
194	1.8914270074681376
195	1.8914270074681376
196	1.8914270074681376
197	1.8914270074681376
198	2.6019525747283048
199	2.6019525747283048
200	2.6019525747283048
201	2.6019525747283048
202	2.145700828840161
203	2.145700828840161
204	2.145700828840161
205	2.145700828840161
206	2.0207974534161908
207	2.0207974534161908
208	2.0207974534161908
209	2.0207974534161908
210	1.6562295585516418
211	1.6562295585516418
212	1.6562295585516418
213	1.6562295585516418
214	0.7407587968016871
215	0.7407587968016871
216	0.7407587968016871
217	0.7407587968016871
218	2.133394626083312
219	2.133394626083312
220	2.133394626083312
221	2.133394626083312
222	2.0747112994476233
223	2.0747112994476233
224	2.0747112994476233
225	2.0747112994476233
226	1.3166423093933162
227	1.3166423093933162
228	1.3166423093933162
229	1.3166423093933162
230	0.4457155176081897
231	0.4457155176081897
232	0.4457155176081897
233	0.4457155176081897
234	2.3987679867732052
235	2.3987679867732052
236	2.3987679867732052
237	0.47518410700968783
238	0.47518410700968783
239	0.47518410700968783
240	0.47518410700968783
241	1.7205046151878045
242	1.7205046151878045
243	1.7205046151878045
244	1.7205046151878045
245	0.9977134468266786
246	0.9977134468266786
247	0.9977134468266786
248	0.9977134468266786
249	0.5494710917393958
250	0.5494710917393958
251	0.5494710917393958
252	0.5494710917393958
253	1.0837318340087105
254	1.0837318340087105
255	1.0837318340087105
256	1.0837318340087105
257	1.3537663058306517
258	1.3537663058306517
259	1.3537663058306517
260	1.3537663058306517
261	0.7575085846704481
262	0.7575085846704481
263	0.7575085846704481
264	0.7575085846704481
265	1.3139810227267394
266	1.3139810227267394
267	1.3139810227267394
268	1.3139810227267394
269	0.699432931895082
270	0.699432931895082
271	0.699432931895082
272	0.699432931895082
273	1.3149071942848563
274	1.3149071942848563
275	1.3149071942848563
276	1.3149071942848563
277	0.9978495860796724
278	0.9978495860796724
279	0.9978495860796724
280	0.9978495860796724
281	0.9139520620884417
282	0.9139520620884417
283	0.9139520620884417
284	0.9139520620884417
285	1.7134153543139479
286	1.7134153543139479
287	1.7134153543139479
288	1.7134153543139479
289	0.5385023145301941
290	0.5385023145301941
291	0.5385023145301941
292	0.5385023145301941
293	0.4542642010388641
294	0.4542642010388641
295	0.4542642010388641
296	0.4542642010388641
297	1.3006345968812507
298	1.3006345968812507
299	1.3006345968812507
300	1.3006345968812507
301	0.9226022756518297
302	0.9226022756518297
303	0.9226022756518297
304	0.9226022756518297
305	0.5915838473171433
306	0.537253121034573
307	0.537253121034573
308	0.537253121034573
309	0.537253121034573
310	1.8909915137402968
311	1.8909915137402968
312	1.8909915137402968
313	1.8909915137402968
314	1.0458408609691905
315	1.0458408609691905
316	1.0458408609691905
317	1.0458408609691905
318	1.6951096942805925
319	1.6951096942805925
320	1.6951096942805925
321	1.6951096942805925
322	1.3293093767894302
323	1.3293093767894302
324	1.3293093767894302
325	1.3293093767894302
326	1.240036168977548
327	1.240036168977548
328	1.240036168977548
329	1.240036168977548
330	0.7662501698409524
331	0.7662501698409524
332	0.7662501698409524
333	0.7662501698409524
334	1.4333223570391724
335	1.4333223570391724
336	1.4333223570391724
337	1.4333223570391724
338	1.9843209716367207
339	1.9843209716367207
340	1.9843209716367207
341	1.9843209716367207
342	1.537746216164617
343	1.537746216164617
344	1.537746216164617
345	1.537746216164617
346	2.4141379839446815
347	2.4141379839446815
348	2.4141379839446815
349	2.4141379839446815
350	1.164288141984759
351	1.164288141984759
352	1.164288141984759
353	1.164288141984759
354	1.8879699325165364
355	1.8879699325165364
356	1.8879699325165364
357	1.8879699325165364
358	0.5689394909124439
359	0.5689394909124439
360	0.5689394909124439
361	0.5689394909124439
362	1.7446437528365395
363	1.7446437528365395
364	1.7446437528365395
365	1.7446437528365395
366	2.2516155979240122
367	2.2516155979240122
368	2.2516155979240122
369	2.2516155979240122
370	1.6871938446922736
371	1.6871938446922736
372	1.6871938446922736
373	1.6871938446922736
374	1.6586566411803931
375	1.6586566411803931
376	1.6586566411803931
377	1.6586566411803931
378	0.5847383223479149
379	0.5847383223479149
380	0.5847383223479149
381	0.5847383223479149
382	1.2511493795589388
383	1.2511493795589388
384	1.2511493795589388
385	1.2511493795589388
386	1.9932901522882067
387	1.9932901522882067
388	1.9932901522882067
389	1.9932901522882067
390	1.7813561352916625
391	1.7813561352916625
392	1.7813561352916625
393	1.7813561352916625
394	1.5211838260193242
395	1.5211838260193242
396	1.5211838260193242
397	1.5211838260193242
398	2.242007330202762
399	2.242007330202762
400	2.242007330202762
401	2.242007330202762
402	2.1288214333270004
403	2.1288214333270004
404	2.1288214333270004
405	2.1288214333270004
406	2.2203112988148246
407	2.2203112988148246
408	2.2203112988148246
409	2.2203112988148246
410	2.042330196161338
411	2.042330196161338
412	2.042330196161338
413	2.042330196161338
414	1.666432457853376
415	1.666432457853376
416	1.666432457853376
417	1.666432457853376
418	1.9538197489750893
419	1.9538197489750893
420	1.9538197489750893
421	1.9538197489750893
422	1.6068040928965357
423	1.6068040928965357
424	1.6068040928965357
425	1.6068040928965357
426	1.5456971573877614
427	1.5456971573877614
428	1.5456971573877614
429	1.5456971573877614
430	1.0144387522172456
431	1.0144387522172456
432	1.0144387522172456
433	1.0144387522172456
434	1.1897407331862775
435	1.1897407331862775
436	1.1897407331862775
437	1.1897407331862775
438	1.5165449587818105
439	1.5165449587818105
440	1.5165449587818105
441	1.5165449587818105
442	2.0520521114598593
443	2.0520521114598593
444	2.0520521114598593
445	2.0520521114598593
446	1.7301241524555964
447	5.115801387176047
448	5.115801387176047
449	5.115801387176047
450	5.115801387176047
451	2.4853500202058054
452	2.4853500202058054
453	2.4853500202058054
454	2.4853500202058054
455	3.9487743634794654
456	3.9487743634794654
457	3.9487743634794654
458	3.9487743634794654
459	2.07415952831193
460	2.07415952831193
461	2.07415952831193
462	2.07415952831193
463	3.6782120524326865
464	3.6782120524326865
465	3.6782120524326865
466	3.6782120524326865
467	3.7268328467206984
468	3.7268328467206984
469	3.7268328467206984
470	3.7268328467206984
471	3.4330951360241455
472	3.4330951360241455
473	3.4330951360241455
474	3.4330951360241455
475	2.6835780863013747
476	2.6835780863013747
477	2.6835780863013747
478	2.6835780863013747
479	3.395802469533467
480	3.395802469533467
481	3.395802469533467
482	3.395802469533467
483	4.757362769063771
484	4.757362769063771
485	4.757362769063771
486	4.757362769063771
487	6.616053996952839
488	6.616053996952839
489	6.616053996952839
490	6.616053996952839
491	3.4029950665954525
492	3.4029950665954525
493	3.4029950665954525
494	3.4029950665954525
495	5.0577562907974
496	5.0577562907974
497	5.0577562907974
498	5.0577562907974
499	2.9710585997408554
500	2.9710585997408554
501	2.9710585997408554
502	2.9710585997408554
503	3.7507413622089176
504	3.7507413622089176
505	3.7507413622089176
506	3.7507413622089176
507	3.390324630561211
508	3.390324630561211
509	3.390324630561211
510	3.390324630561211
511	3.965035594414479
512	3.965035594414479
513	3.965035594414479
514	3.965035594414479
515	3.4331255037625374
516	3.4331255037625374
517	3.4331255037625374
518	3.4331255037625374
519	2.733491684566175
520	2.733491684566175
521	2.733491684566175
522	2.733491684566175
523	3.7057591424178407
524	3.7057591424178407
525	3.7057591424178407
526	3.7057591424178407
527	3.8167006882145484
528	3.8167006882145484
529	3.8167006882145484
530	3.8167006882145484
531	4.019339929310664
532	4.019339929310664
533	4.019339929310664
534	4.019339929310664
535	4.2027832131931815
536	4.2027832131931815
537	4.2027832131931815
538	4.2027832131931815
539	5.426277107980442
540	5.426277107980442
541	5.426277107980442
542	5.426277107980442
543	2.457489040422102
544	2.457489040422102
545	2.457489040422102
546	2.457489040422102
547	2.754344129328843
548	2.754344129328843
549	2.754344129328843
550	2.754344129328843
551	3.7385303772715175
552	3.7385303772715175
553	3.7385303772715175
554	3.7385303772715175
555	4.0524522681873965
556	4.0524522681873965
557	4.0524522681873965
558	4.0524522681873965
559	4.853272469315599
560	4.853272469315599
561	4.853272469315599
562	4.853272469315599
563	5.416297198227513
564	5.416297198227513
565	5.416297198227513
566	5.416297198227513
567	2.5252032442813563
568	2.5252032442813563
569	2.5252032442813563
570	2.5252032442813563
571	2.6797960228796467
572	2.6797960228796467
573	2.6797960228796467
574	2.6797960228796467
575	3.4658888842710796
576	3.4658888842710796
577	3.4658888842710796
578	3.4658888842710796
579	3.3550027108123293
580	3.3550027108123293
581	3.3550027108123293
582	3.3550027108123293
583	4.688282799007107
584	4.688282799007107
585	4.688282799007107
586	4.688282799007107
587	2.270960376985278
588	2.270960376985278
589	2.270960376985278
590	2.270960376985278
591	2.3343795299453527
592	2.3343795299453527
593	2.3343795299453527
594	2.3343795299453527
595	4.689385234007199
596	4.689385234007199
597	4.689385234007199
598	4.689385234007199
599	7.738350020453639
600	7.738350020453639
601	7.738350020453639
602	7.738350020453639
603	4.610246202298132
604	4.610246202298132
605	4.610246202298132
606	4.610246202298132
607	1.7651754317943338
608	1.7651754317943338
609	1.7651754317943338
610	1.7651754317943338
611	3.2912913231866323
612	3.2912913231866323
613	3.2912913231866323
614	3.2912913231866323
615	3.4240971099748005
616	3.4240971099748005
617	3.4240971099748005
618	3.4240971099748005
619	3.0854861696072144
620	3.0854861696072144
621	3.0854861696072144
622	3.0854861696072144
623	6.174975668075693
624	6.174975668075693
625	6.174975668075693
626	6.174975668075693
627	1.8957725332937778
628	1.8957725332937778
629	1.8957725332937778
630	1.8957725332937778
631	2.1027348582692404
632	2.1027348582692404
633	2.1027348582692404
634	2.1027348582692404
635	3.2701430430064073
636	3.2701430430064073
637	3.2701430430064073
638	3.2701430430064073
639	3.380909404972428
640	3.380909404972428
641	3.380909404972428
642	3.380909404972428
643	1.9690115245454438
644	1.9690115245454438
645	1.9690115245454438
646	1.9690115245454438
647	3.067158539198315
648	3.067158539198315
649	3.067158539198315
650	3.067158539198315
651	4.0274600909041425
652	4.0274600909041425
653	4.0274600909041425
654	4.0274600909041425
655	1.8301076150882647
656	1.8301076150882647
657	1.8301076150882647
658	1.8301076150882647
659	3.444238661712913
660	3.444238661712913
661	3.444238661712913
662	3.444238661712913
663	3.920774414679579
664	3.920774414679579
665	3.920774414679579
666	3.920774414679579
667	2.583872927637495
668	2.583872927637495
669	2.583872927637495
670	2.583872927637495
671	5.154526336713308
672	5.154526336713308
673	5.154526336713308
674	4.087341317465451
675	4.087341317465451
676	4.087341317465451
677	4.087341317465451
678	5.611752748844619
679	5.611752748844619
680	5.611752748844619
681	5.611752748844619
682	3.8654758358395434
683	3.8654758358395434
684	3.8654758358395434
685	3.8654758358395434
686	5.616470237436945
687	5.616470237436945
688	5.616470237436945
689	5.616470237436945
690	5.571465110795779
691	5.571465110795779
692	5.571465110795779
693	5.571465110795779
694	6.5400448094612775
695	6.5400448094612775
696	6.5400448094612775
697	6.5400448094612775
698	6.60475073843981
699	6.60475073843981
700	6.60475073843981
701	6.60475073843981
702	4.0747656005198225
703	4.0747656005198225
704	4.0747656005198225
705	4.0747656005198225
706	5.011613902663222
707	5.011613902663222
708	5.011613902663222
709	5.011613902663222
710	3.9298480381230965
711	3.9298480381230965
712	3.9298480381230965
713	3.9298480381230965
714	4.345439342159817
715	4.345439342159817
716	4.345439342159817
717	4.345439342159817
718	3.3375990803582827
719	3.3375990803582827
720	3.3375990803582827
721	3.3375990803582827
722	1.723622933847269
723	1.723622933847269
724	1.723622933847269
725	1.723622933847269
726	1.313068298384524
727	1.313068298384524
728	1.313068298384524
729	1.313068298384524
730	1.7351114580664406
731	1.7351114580664406
732	1.7351114580664406
733	1.7351114580664406
734	1.8018296608802191
735	1.8018296608802191
736	1.8018296608802191
737	1.8018296608802191
738	1.5423485065285616
739	1.5423485065285616
740	1.5423485065285616
741	1.5423485065285616
742	2.0468986666656854
743	2.0468986666656854
744	2.0468986666656854
745	2.0468986666656854
746	2.1404029406312515
747	2.1404029406312515
748	2.1404029406312515
749	2.1404029406312515
750	1.7882014481819029
751	1.7882014481819029
752	1.7882014481819029
753	1.7882014481819029
754	2.423622949597318
755	2.423622949597318
756	2.423622949597318
757	2.423622949597318
758	0.3654166772180796
759	0.3654166772180796
760	0.3654166772180796
761	0.3654166772180796
762	2.2633420200732415
763	2.2633420200732415
764	2.2633420200732415
765	2.2633420200732415
766	0.6769568950915271
767	0.6769568950915271
768	0.6769568950915271
769	0.6769568950915271
770	0.7966784566008946
771	0.7966784566008946
772	0.7966784566008946
773	0.7966784566008946
774	0.6572780307747883
775	0.6572780307747883
776	0.6572780307747883
777	0.6572780307747883
778	0.6562310693103279
779	0.6562310693103279
780	0.6562310693103279
781	2.291614754750204
782	2.291614754750204
783	2.291614754750204
784	2.291614754750204
785	2.5434319024600116
786	2.5434319024600116
787	2.5434319024600116
788	2.5434319024600116
789	4.952222996476795
790	4.952222996476795
791	4.952222996476795
792	4.952222996476795
793	2.3480190638566474
794	2.3480190638566474
795	2.3480190638566474
796	2.3480190638566474
797	2.907145328997972
798	2.907145328997972
799	2.907145328997972
800	2.907145328997972
801	1.5582166185997515
802	1.5582166185997515
803	1.5582166185997515
804	1.5582166185997515
805	2.890060058838739
806	2.890060058838739
807	2.890060058838739
808	2.890060058838739
809	4.342558074213677
810	4.342558074213677
811	4.342558074213677
812	4.342558074213677
813	1.9207125641621572
814	1.9207125641621572
815	1.9207125641621572
816	1.9207125641621572
817	2.4374601335458626
818	2.4374601335458626
819	2.4374601335458626
820	2.4374601335458626
821	2.693000334686935
822	2.693000334686935
823	2.693000334686935
824	2.693000334686935
825	2.2349223087819268
826	2.2349223087819268
827	2.2349223087819268
828	2.2349223087819268
829	3.8198262867867205
830	3.8198262867867205
831	3.8198262867867205
832	3.8198262867867205
833	2.4276444872147924
834	2.4276444872147924
835	2.4276444872147924
836	2.4276444872147924
837	2.9738937694516037
838	2.9738937694516037
839	2.9738937694516037
840	2.9738937694516037
841	1.7814740094071742
842	1.7814740094071742
843	1.7814740094071742
844	1.7814740094071742
845	3.47355728254313
846	3.47355728254313
847	3.47355728254313
848	3.47355728254313
849	2.122158482663589
850	2.122158482663589
851	2.122158482663589
852	2.122158482663589
853	0.5674821321470751
854	0.5674821321470751
855	0.5674821321470751
856	0.5674821321470751
857	2.136832682587262
858	2.136832682587262
859	2.136832682587262
860	2.136832682587262
861	2.1589815470148244
862	2.1589815470148244
863	2.1589815470148244
864	2.1589815470148244
865	3.8791372091103913
866	3.8791372091103913
867	3.8791372091103913
868	3.8791372091103913
869	2.731561845964245
870	2.731561845964245
871	2.731561845964245
872	2.731561845964245
873	2.3864466513056772
874	2.3864466513056772
875	2.3864466513056772
876	2.3864466513056772
877	3.6372898133610647
878	3.6372898133610647
879	3.6372898133610647
880	3.6372898133610647
881	2.9575541393255467
882	2.9575541393255467
883	2.9575541393255467
884	2.9575541393255467
885	1.0615367809778318
886	1.0615367809778318
887	1.0615367809778318
888	1.0615367809778318
889	2.3202162320063593
890	2.3202162320063593
891	2.3202162320063593
892	2.3202162320063593
893	2.1973287081145862
894	2.1973287081145862
895	2.1973287081145862
896	2.1973287081145862
897	2.887421852592403
898	2.887421852592403
899	2.887421852592403
900	2.887421852592403
901	1.6144537332474396
902	1.6144537332474396
903	1.6144537332474396
904	1.6144537332474396
905	3.445693048916837
906	3.445693048916837
907	3.445693048916837
908	3.445693048916837
909	2.1992056833126137
910	2.1992056833126137
911	2.1992056833126137
912	2.1992056833126137
913	1.917709838821979
914	1.917709838821979
915	1.917709838821979
916	1.917709838821979
917	2.1914745163271263
918	2.1914745163271263
919	2.1914745163271263
920	2.1914745163271263
921	4.680342891873866
922	4.680342891873866
923	4.680342891873866
924	4.680342891873866
925	3.5361696506083145
926	3.5361696506083145
927	3.5361696506083145
928	3.5361696506083145
929	1.8042664210441846
930	1.8042664210441846
931	1.8042664210441846
932	1.8042664210441846
933	3.2161057509580564
934	3.2161057509580564
935	3.2161057509580564
936	3.2161057509580564
937	2.4114166181061085
938	2.4114166181061085
939	2.4114166181061085
940	2.4114166181061085
941	4.298943827324955
942	4.298943827324955
943	4.298943827324955
944	4.298943827324955
945	3.6273129506660178
946	3.6273129506660178
947	3.6273129506660178
948	3.6273129506660178
949	3.5872839309143583
950	3.5872839309143583
951	3.5872839309143583
952	3.5872839309143583
953	3.052017427581453
954	3.052017427581453
955	3.052017427581453
956	3.052017427581453
957	3.432454750707643
958	3.432454750707643
959	3.432454750707643
960	3.432454750707643
961	2.740296756646913
962	2.740296756646913
963	2.740296756646913
964	1.4270551466904753
965	1.4270551466904753
966	1.4270551466904753
967	1.4270551466904753
968	1.921819765478369
969	1.921819765478369
970	1.921819765478369
971	1.921819765478369
972	2.0383967404180754
973	2.0383967404180754
974	2.0383967404180754
975	2.0383967404180754
976	3.204923868555425
977	3.204923868555425
978	3.204923868555425
979	3.204923868555425
980	2.8341646910283784
981	2.8341646910283784
982	2.8341646910283784
983	2.8341646910283784
984	0.3519093045432117
985	0.3519093045432117
986	0.3519093045432117
987	0.3519093045432117
988	0.7330557338570038
989	0.7330557338570038
990	0.7330557338570038
991	0.7330557338570038
992	1.1687301309491533
993	1.1687301309491533
994	1.1687301309491533
995	1.1687301309491533
996	0.48304074411132414
997	0.48304074411132414
998	0.48304074411132414
999	0.48304074411132414
1000	0.5584849258733162
1001	0.5584849258733162
1002	0.5584849258733162
1003	0.5584849258733162
1004	0.8438022008888333
1005	0.8438022008888333
1006	0.8438022008888333
1007	0.8438022008888333
1008	0.5654480239093763
1009	0.5654480239093763
1010	0.5654480239093763
1011	0.5654480239093763
1012	0.6337597586246191
1013	0.6337597586246191
1014	0.6337597586246191
1015	0.6337597586246191
1016	0.7970276531229818
1017	0.7970276531229818
1018	0.7970276531229818
1019	0.7970276531229818
1020	0.8673440220055182
1021	0.8673440220055182
1022	0.8673440220055182
1023	0.8673440220055182
1024	0.32852646913659284
1025	0.32852646913659284
1026	0.32852646913659284
1027	0.32852646913659284
1028	0.604306673244106
1029	0.604306673244106
1030	0.604306673244106
1031	0.604306673244106
1032	0.6318599844524645
1033	0.6318599844524645
1034	0.6318599844524645
1035	0.6318599844524645
1036	0.5899170183060434
1037	0.5899170183060434
1038	0.5899170183060434
1039	0.5899170183060434
1040	0.5266929875142277
1041	0.5266929875142277
1042	0.5266929875142277
1043	0.5266929875142277
1044	0.5469084644821655
1045	0.5469084644821655
1046	0.5469084644821655
1047	0.5469084644821655
1048	0.2712608780514066
1049	0.2712608780514066
1050	0.2712608780514066
1051	0.2712608780514066
1052	1.0502189507176918
1053	1.0502189507176918
1054	1.0502189507176918
1055	1.0502189507176918
1056	1.0693058936699895
1057	1.0693058936699895
1058	1.0693058936699895
1059	1.0693058936699895
1060	0.8407342811930243
1061	0.8407342811930243
1062	0.8407342811930243
1063	0.8407342811930243
1064	0.5733255710448485
1065	0.5733255710448485
1066	0.5733255710448485
1067	0.5733255710448485
1068	0.9107486904129185
1069	0.9107486904129185
1070	0.9107486904129185
1071	0.9107486904129185
1072	0.519914340732064
1073	0.519914340732064
1074	0.519914340732064
1075	0.519914340732064
1076	1.1138538024586748
1077	1.1138538024586748
1078	1.1138538024586748
1079	3.3381847023483084
1080	3.3381847023483084
1081	3.3381847023483084
1082	3.3381847023483084
1083	1.6214264048982285
1084	1.6214264048982285
1085	1.6214264048982285
1086	1.6214264048982285
1087	1.6587229589485402
1088	1.6587229589485402
1089	1.6587229589485402
1090	1.6587229589485402
1091	3.0629973823598915
1092	3.0629973823598915
1093	3.0629973823598915
1094	3.0629973823598915
1095	2.3980090750624723
1096	2.3980090750624723
1097	2.3980090750624723
1098	2.3980090750624723
1099	2.9614435277798976
1100	2.9614435277798976
1101	2.9614435277798976
1102	2.9614435277798976
1103	3.2902463357318577
1104	3.2902463357318577
1105	3.2902463357318577
1106	3.2902463357318577
1107	1.2057749731891527
1108	1.2057749731891527
1109	1.2057749731891527
1110	1.2057749731891527
1111	2.600991962017217
1112	2.600991962017217
1113	2.600991962017217
1114	2.600991962017217
1115	2.1489259614758716
1116	2.1489259614758716
1117	2.1489259614758716
1118	2.1489259614758716
1119	1.977056146378927
1120	1.977056146378927
1121	1.977056146378927
1122	1.977056146378927
1123	2.8480268766376775
1124	2.8480268766376775
1125	2.8480268766376775
1126	2.8480268766376775
1127	4.676708844578213
1128	4.676708844578213
1129	4.676708844578213
1130	4.676708844578213
1131	2.8582508187132
1132	2.8582508187132
1133	2.8582508187132
1134	2.8582508187132
1135	2.8394273138899937
1136	2.8394273138899937
1137	2.8394273138899937
1138	2.8394273138899937
1139	1.7949418523359624
1140	1.7949418523359624
1141	1.7949418523359624
1142	1.7949418523359624
1143	3.4019586918301226
1144	3.4019586918301226
1145	3.4019586918301226
1146	3.4019586918301226
1147	2.5507159135740984
1148	2.5507159135740984
1149	2.5507159135740984
1150	2.5507159135740984
1151	1.8106709946600064
1152	1.8106709946600064
1153	1.8106709946600064
1154	1.8106709946600064
1155	3.534753711353019
1156	3.534753711353019
1157	3.534753711353019
1158	3.534753711353019
1159	2.322541708868185
1160	2.322541708868185
1161	2.322541708868185
1162	2.322541708868185
1163	3.8193465773129356
1164	3.8193465773129356
1165	3.8193465773129356
1166	3.8193465773129356
1167	1.8521774807774951
1168	1.8521774807774951
1169	1.8521774807774951
1170	1.8521774807774951
1171	2.356680355549253
1172	2.356680355549253
1173	2.356680355549253
1174	2.356680355549253
1175	3.1789801134841023
1176	3.1789801134841023
1177	3.1789801134841023
1178	3.1789801134841023
1179	1.1805291391860087
1180	1.1805291391860087
1181	1.1805291391860087
1182	1.1805291391860087
1183	3.699899759556449
1184	3.699899759556449
1185	3.699899759556449
1186	3.699899759556449
1187	3.40709396529384
1188	3.40709396529384
1189	3.40709396529384
1190	3.40709396529384
1191	3.2581848401608138
1192	3.2581848401608138
1193	3.2581848401608138
1194	3.2581848401608138
1195	2.825347268732377
1196	2.825347268732377
1197	2.825347268732377
1198	2.825347268732377
1199	3.405030050297749
1200	3.405030050297749
1201	3.405030050297749
1202	3.405030050297749
1203	2.6946706236841025
1204	2.6946706236841025
1205	2.6946706236841025
1206	2.6946706236841025
1207	2.580030430895256
1208	2.580030430895256
1209	2.580030430895256
1210	2.580030430895256
1211	1.7729859841388946
1212	1.7729859841388946
1213	1.7729859841388946
1214	1.7729859841388946
1215	2.1912989885331777
1216	2.1912989885331777
1217	2.1912989885331777
1218	2.1912989885331777
1219	3.007163464630329
1220	3.007163464630329
1221	3.007163464630329
1222	3.007163464630329
1223	2.283821243838468
1224	2.283821243838468
1225	2.283821243838468
1226	2.283821243838468
1227	2.3674460145082223
1228	2.3674460145082223
1229	0.7451261182026172
1230	0.7451261182026172
1231	0.7451261182026172
1232	0.7451261182026172
1233	0.8896812168693108
1234	0.8896812168693108
1235	0.8896812168693108
1236	0.8896812168693108
1237	1.3097754099583614
1238	1.3097754099583614
1239	1.3097754099583614
1240	1.3097754099583614
1241	0.8211081378261236
1242	0.8211081378261236
1243	0.8211081378261236
1244	0.8211081378261236
1245	1.4614037595307585
1246	1.4614037595307585
1247	1.4614037595307585
1248	1.4614037595307585
1249	0.8514191652803343
1250	0.8514191652803343
1251	0.8514191652803343
1252	0.8514191652803343
1253	1.2237424143181463
1254	1.2237424143181463
1255	1.2237424143181463
1256	1.2237424143181463
1257	1.433575223169541
1258	1.433575223169541
1259	1.433575223169541
1260	1.433575223169541
1261	0.8203849742133483
1262	0.8203849742133483
1263	0.8203849742133483
1264	0.8203849742133483
1265	1.5738042263299314
1266	1.5738042263299314
1267	1.5738042263299314
1268	1.5738042263299314
1269	0.9340214392947443
1270	0.9340214392947443
1271	0.9340214392947443
1272	0.9340214392947443
1273	1.1012984095806155
1274	1.1012984095806155
1275	1.1012984095806155
1276	1.1012984095806155
1277	1.7802771984214316
1278	1.7802771984214316
1279	1.7802771984214316
1280	1.7802771984214316
1281	0.7666768570566107
1282	0.7666768570566107
1283	0.7666768570566107
1284	0.7666768570566107
1285	1.2934747594509544
1286	1.2934747594509544
1287	1.2934747594509544
1288	1.2934747594509544
1289	0.9763188537122779
1290	0.9763188537122779
1291	0.9763188537122779
1292	0.9763188537122779
1293	0.9947213619271025
1294	0.9947213619271025
1295	0.9947213619271025
1296	0.9947213619271025
1297	1.277117042085687
1298	1.277117042085687
1299	1.277117042085687
1300	1.277117042085687
1301	0.8660167342966417
1302	0.8660167342966417
1303	0.8660167342966417
1304	0.8660167342966417
1305	1.5823864422400638
1306	1.5823864422400638
1307	1.5823864422400638
1308	1.5823864422400638
1309	3.036541223879636
1310	3.036541223879636
1311	3.036541223879636
1312	3.036541223879636
1313	2.1508251462504617
1314	2.1508251462504617
1315	2.1508251462504617
1316	2.1508251462504617
1317	3.2508222869309082
1318	3.2508222869309082
1319	3.2508222869309082
1320	3.2508222869309082
1321	2.8549557082006567
1322	2.8549557082006567
1323	2.8549557082006567
1324	2.8549557082006567
1325	2.7445331907738852
1326	2.7445331907738852
1327	2.7445331907738852
1328	2.7445331907738852
1329	3.2877544441736317
1330	3.2877544441736317
1331	3.2877544441736317
1332	3.2877544441736317
1333	3.038331159302686
1334	3.038331159302686
1335	3.038331159302686
1336	3.038331159302686
1337	2.721156265829019
1338	2.721156265829019
1339	2.721156265829019
1340	2.721156265829019
1341	1.509857649597682
1342	1.509857649597682
1343	1.509857649597682
1344	1.509857649597682
1345	2.8260873873337236
1346	2.8260873873337236
1347	2.8260873873337236
1348	2.8260873873337236
1349	2.8479718632347977
1350	2.8479718632347977
1351	2.8479718632347977
1352	2.8479718632347977
1353	2.888297618978072
1354	2.888297618978072
1355	2.888297618978072
1356	2.888297618978072
1357	1.130697047119041
1358	1.130697047119041
1359	1.130697047119041
1360	1.130697047119041
1361	2.2128142584930623
1362	2.2128142584930623
1363	2.2128142584930623
1364	2.2128142584930623
1365	3.2582589508572357
1366	3.2582589508572357
1367	3.2582589508572357
1368	3.2582589508572357
1369	2.9056851147906118
1370	2.9056851147906118
1371	2.9056851147906118
1372	2.9056851147906118
1373	3.2569805711698296
1374	3.2569805711698296
1375	3.2569805711698296
1376	3.2569805711698296
1377	2.0016261429436732
1378	2.0016261429436732
1379	2.0016261429436732
1380	2.0016261429436732
1381	2.40145196050831
1382	2.40145196050831
1383	2.40145196050831
1384	2.40145196050831
1385	2.9901185176695235
1386	2.9901185176695235
1387	2.9901185176695235
1388	2.9901185176695235
1389	2.2321652708053485
1390	2.2321652708053485
1391	2.2321652708053485
1392	2.2321652708053485
1393	0.7217743470137743
1394	0.7217743470137743
1395	0.7217743470137743
1396	0.7217743470137743
1397	2.987981334630872
1398	2.987981334630872
1399	2.987981334630872
1400	2.987981334630872
1401	3.101215322919343
1402	3.101215322919343
1403	3.101215322919343
1404	3.101215322919343
1405	2.46174093134863
1406	2.46174093134863
1407	2.46174093134863
1408	2.46174093134863
1409	3.07485019047646
1410	3.07485019047646
1411	3.07485019047646
1412	3.07485019047646
1413	2.1324322522960912
1414	2.1324322522960912
1415	2.1324322522960912
1416	2.1324322522960912
1417	1.538002102400636
1418	1.538002102400636
1419	1.538002102400636
1420	1.538002102400636
1421	1.528093764427814
1422	1.528093764427814
1423	1.528093764427814
1424	1.528093764427814
1425	1.9131136257651145
1426	1.9131136257651145
1427	1.9131136257651145
1428	1.9131136257651145
1429	1.4378581100045462
1430	1.4378581100045462
1431	1.4378581100045462
1432	1.4378581100045462
1433	2.6116371142373382
1434	2.6116371142373382
1435	2.6116371142373382
1436	2.6116371142373382
1437	3.011957881781255
1438	3.011957881781255
1439	3.011957881781255
1440	3.011957881781255
1441	2.3903380757210377
1442	2.3903380757210377
1443	2.3903380757210377
1444	2.3903380757210377
1445	0.5833333510857484
1446	0.5833333510857484
1447	0.5833333510857484
1448	0.5833333510857484
1449	2.4805752416142113
1450	2.4805752416142113
1451	2.4805752416142113
1452	2.4805752416142113
1453	3.2503323458295217
1454	3.2503323458295217
1455	3.2503323458295217
1456	3.2503323458295217
1457	2.536620398622217
1458	2.536620398622217
1459	2.536620398622217
1460	2.536620398622217
1461	2.991854244040149
1462	2.991854244040149
1463	2.991854244040149
1464	2.991854244040149
1465	3.27340115833068
1466	3.27340115833068
1467	3.27340115833068
1468	3.27340115833068
1469	3.57034804675314
1470	3.57034804675314
1471	3.57034804675314
1472	3.57034804675314
1473	1.9015038600445995
1474	1.9015038600445995
1475	1.9015038600445995
1476	1.9015038600445995
1477	1.2192655555086616
1478	1.2192655555086616
1479	1.2192655555086616
1480	1.2192655555086616
1481	1.6880768057572553
1482	1.6880768057572553
1483	1.6880768057572553
1484	1.6880768057572553
1485	3.7439487922154555
1486	3.7439487922154555
1487	3.7439487922154555
1488	3.7439487922154555
1489	2.477939000567441
1490	2.477939000567441
1491	2.477939000567441
1492	2.477939000567441
1493	1.4412545099672716
1494	1.4412545099672716
1495	1.4412545099672716
1496	1.4412545099672716
1497	2.951571406790537
1498	2.951571406790537
1499	2.951571406790537
1500	2.951571406790537
1501	1.4481507647270127
1502	1.4481507647270127
1503	1.4481507647270127
1504	1.4481507647270127
1505	1.5551741838937252
1506	1.5551741838937252
1507	1.5551741838937252
1508	1.5551741838937252
1509	3.209308921597545
1510	3.209308921597545
1511	3.209308921597545
1512	3.209308921597545
1513	3.365518870408315
1514	3.365518870408315
1515	3.365518870408315
1516	3.365518870408315
1517	3.305684992059981
1518	3.305684992059981
1519	3.305684992059981
1520	3.305684992059981
1521	1.0402033309501697
1522	1.0402033309501697
1523	1.0402033309501697
1524	1.0402033309501697
1525	1.768429084313314
1526	1.768429084313314
1527	1.768429084313314
1528	1.768429084313314
1529	1.6630229534798642
1530	1.6630229534798642
1531	1.6630229534798642
1532	1.6630229534798642
1533	3.3959689752331723
1534	3.3959689752331723
1535	3.3959689752331723
1536	3.3959689752331723
1537	3.415550546399326
1538	3.415550546399326
1539	3.415550546399326
1540	3.415550546399326
1541	4.484113109866773
1542	4.484113109866773
1543	4.484113109866773
1544	4.484113109866773
1545	3.8396179223274602
1546	3.8396179223274602
1547	3.8396179223274602
1548	3.8396179223274602
1549	4.141974221343264
1550	4.141974221343264
1551	4.141974221343264
1552	4.141974221343264
1553	2.8824719188150683
1554	2.8824719188150683
1555	2.8824719188150683
1556	2.8824719188150683
1557	1.680879118670155
1558	1.680879118670155
1559	1.680879118670155
1560	1.680879118670155
1561	4.118256015047665
1562	4.118256015047665
1563	4.118256015047665
1564	4.118256015047665
1565	3.2167709199523506
1566	3.2167709199523506
1567	3.2167709199523506
1568	3.2167709199523506
1569	2.6583095651623982
1570	2.6583095651623982
1571	2.6583095651623982
1572	2.6583095651623982
1573	2.0257631531229614
1574	2.0257631531229614
1575	2.0257631531229614
1576	2.0257631531229614
1577	2.9825056496309448
1578	2.9825056496309448
1579	2.9825056496309448
1580	2.9825056496309448
1581	2.60304120217916
1582	2.60304120217916
1583	2.60304120217916
1584	2.60304120217916
1585	2.652180614336375
1586	2.652180614336375
1587	2.652180614336375
1588	2.652180614336375
1589	3.293363614153556
1590	3.293363614153556
1591	3.293363614153556
1592	3.293363614153556
1593	1.969240890978177
1594	1.969240890978177
1595	1.969240890978177
1596	1.969240890978177
1597	2.3719905559952212
1598	2.3719905559952212
1599	2.3719905559952212
1600	2.3719905559952212
1601	2.719750856238478
1602	2.719750856238478
1603	2.719750856238478
1604	2.719750856238478
1605	2.2287793612917133
1606	2.2287793612917133
1607	2.2287793612917133
1608	2.2287793612917133
1609	2.721166198642874
1610	2.721166198642874
1611	2.721166198642874
1612	2.721166198642874
1613	2.0069842587234796
1614	2.0069842587234796
1615	2.0069842587234796
1616	2.0069842587234796
1617	3.4216163526553296
1618	3.4216163526553296
1619	3.4216163526553296
1620	3.4216163526553296
1621	1.7280037621644342
1622	1.7280037621644342
1623	1.7280037621644342
1624	1.7280037621644342
1625	2.589090774044659
1626	2.589090774044659
1627	2.589090774044659
1628	2.589090774044659
1629	2.149638376070358
1630	2.149638376070358
1631	2.149638376070358
1632	2.149638376070358
1633	2.885596374960968
1634	2.885596374960968
1635	2.885596374960968
1636	2.885596374960968
1637	2.262395538632336
1638	2.262395538632336
1639	2.262395538632336
1640	2.262395538632336
1641	1.9710688176538063
1642	1.9710688176538063
1643	1.9710688176538063
1644	1.9710688176538063
1645	2.088309769925851
1646	2.088309769925851
1647	2.088309769925851
1648	2.088309769925851
1649	1.833508421793213
1650	1.833508421793213
1651	1.833508421793213
1652	1.833508421793213
1653	1.262080489606048
1654	1.262080489606048
1655	1.262080489606048
1656	1.262080489606048
1657	3.200046622076618
1658	3.200046622076618
1659	3.200046622076618
1660	3.200046622076618
1661	2.456284943506354
1662	2.456284943506354
1663	2.456284943506354
1664	2.456284943506354
1665	0.7602542059296873
1666	0.7602542059296873
1667	0.7602542059296873
1668	0.7602542059296873
1669	3.1430666753785887
1670	3.1430666753785887
1671	3.1430666753785887
1672	3.1430666753785887
1673	3.5840730709494233
1674	3.5840730709494233
1675	3.5840730709494233
1676	3.5840730709494233
1677	1.7931781477961022
1678	1.7931781477961022
1679	1.7931781477961022
1680	1.7931781477961022
1681	2.636699420000378
1682	2.636699420000378
1683	2.636699420000378
1684	2.636699420000378
1685	3.0171336973287035
1686	3.0171336973287035
1687	3.0171336973287035
1688	3.0171336973287035
1689	2.275723420193518
1690	2.275723420193518
1691	3.2734376317987293
1692	3.2734376317987293
1693	3.2734376317987293
1694	3.2734376317987293
1695	5.378946427406535
1696	5.378946427406535
1697	5.378946427406535
1698	5.378946427406535
1699	4.242061792643244
1700	4.242061792643244
1701	4.242061792643244
1702	4.242061792643244
1703	4.093743472285311
1704	4.093743472285311
1705	4.093743472285311
1706	4.093743472285311
1707	5.048244411772018
1708	5.048244411772018
1709	5.048244411772018
1710	5.048244411772018
1711	3.018771449057251
1712	3.018771449057251
1713	3.018771449057251
1714	3.018771449057251
1715	3.868651598991841
1716	3.868651598991841
1717	3.868651598991841
1718	3.868651598991841
1719	2.5337044594451132
1720	2.5337044594451132
1721	2.5337044594451132
1722	2.5337044594451132
1723	4.377974205192684
1724	4.377974205192684
1725	4.377974205192684
1726	4.377974205192684
1727	3.0917299957570608
1728	3.0917299957570608
1729	3.0917299957570608
1730	3.0917299957570608
1731	3.5541579554507257
1732	3.5541579554507257
1733	3.5541579554507257
1734	3.5541579554507257
1735	6.809575705086251
1736	6.809575705086251
1737	6.809575705086251
1738	6.809575705086251
1739	5.154146702833277
1740	5.154146702833277
1741	5.154146702833277
1742	5.154146702833277
1743	2.6371887631484032
1744	2.6371887631484032
1745	2.6371887631484032
1746	2.6371887631484032
1747	1.925699883508051
1748	1.925699883508051
1749	1.925699883508051
1750	1.925699883508051
1751	3.0867488371131335
1752	3.0867488371131335
1753	3.0867488371131335
1754	3.0867488371131335
1755	4.522042397662911
1756	4.522042397662911
1757	4.522042397662911
1758	4.522042397662911
1759	5.869185879637637
1760	2.090129003157033
1761	2.090129003157033
1762	2.090129003157033
1763	2.090129003157033
1764	1.4320412824716717
1765	1.4320412824716717
1766	1.4320412824716717
1767	1.4320412824716717
1768	0.9122826943465401
1769	0.9122826943465401
1770	0.9122826943465401
1771	0.9122826943465401
1772	1.3648376077327515
1773	1.3648376077327515
1774	1.3648376077327515
1775	1.3648376077327515
1776	1.8824680144697892
1777	1.8824680144697892
1778	1.8824680144697892
1779	1.8824680144697892
1780	1.5504776026139215
1781	1.5504776026139215
1782	1.5504776026139215
1783	1.5504776026139215
1784	1.3865879097492801
1785	1.3865879097492801
1786	1.3865879097492801
1787	1.3865879097492801
1788	1.4613304259346225
1789	1.4613304259346225
1790	1.4613304259346225
1791	1.4613304259346225
1792	1.7647778390461404
1793	1.7647778390461404
1794	1.7647778390461404
1795	1.7647778390461404
1796	1.628534984365145
1797	1.628534984365145
1798	1.628534984365145
1799	1.628534984365145
1800	2.0192738001095516
1801	2.0192738001095516
1802	2.0192738001095516
1803	2.0192738001095516
1804	1.0359586524083262
1805	1.0359586524083262
1806	1.0359586524083262
1807	1.0359586524083262
1808	2.044996681080619
1809	2.044996681080619
1810	2.044996681080619
1811	2.044996681080619
1812	3.0976995884726986
1813	3.0976995884726986
1814	3.0976995884726986
1815	3.0976995884726986
1816	2.5825086298671294
1817	2.5825086298671294
1818	2.5825086298671294
1819	2.5825086298671294
1820	2.9425881968725025
1821	2.9425881968725025
1822	2.9425881968725025
1823	2.9425881968725025
1824	3.248225880353628
1825	3.248225880353628
1826	3.248225880353628
1827	3.248225880353628
1828	1.309042858829343
1829	1.309042858829343
1830	1.309042858829343
1831	1.309042858829343
1832	1.6866237024140271
1833	1.6866237024140271
1834	1.6866237024140271
1835	1.6866237024140271
1836	4.218272306522893
1837	4.218272306522893
1838	4.218272306522893
1839	4.218272306522893
1840	2.506766102292419
1841	2.506766102292419
1842	2.506766102292419
1843	2.506766102292419
1844	1.7054868551581777
1845	1.7054868551581777
1846	1.7054868551581777
1847	1.7054868551581777
1848	2.0375124688420767
1849	2.0375124688420767
1850	2.0375124688420767
1851	2.0375124688420767
1852	3.1627522015353082
1853	3.1627522015353082
1854	3.1627522015353082
1855	3.1627522015353082
1856	3.2300969704441798
1857	3.2300969704441798
1858	3.2300969704441798
1859	3.2300969704441798
1860	3.723217386532707
1861	3.723217386532707
1862	3.723217386532707
1863	3.723217386532707
1864	2.858434126742643
1865	2.858434126742643
1866	2.858434126742643
1867	2.858434126742643
1868	3.4816958537221736
1869	3.4816958537221736
1870	3.4816958537221736
1871	3.4816958537221736
1872	4.20944656898779
1873	4.20944656898779
1874	4.20944656898779
1875	4.20944656898779
1876	2.684713496285303
1877	2.684713496285303
1878	2.684713496285303
1879	2.684713496285303
1880	2.7348799235530725
1881	2.7348799235530725
1882	1.1295455662835072
1883	1.1295455662835072
1884	1.1295455662835072
1885	1.1295455662835072
1886	1.1772630791971068
1887	1.1772630791971068
1888	1.1772630791971068
1889	1.1772630791971068
1890	0.9375687448106849
1891	0.9375687448106849
1892	0.9375687448106849
1893	0.9375687448106849
1894	1.4153938705572542
1895	1.4153938705572542
1896	1.4153938705572542
1897	1.4153938705572542
1898	0.9611019144876074
1899	0.9611019144876074
1900	0.9611019144876074
1901	0.9611019144876074
1902	1.7526367524245172
1903	1.7526367524245172
1904	1.7526367524245172
1905	1.7526367524245172
1906	0.8528761836649934
1907	0.8528761836649934
1908	0.8528761836649934
1909	0.8528761836649934
1910	1.0533716912530717
1911	1.0533716912530717
1912	1.0533716912530717
1913	1.0533716912530717
1914	0.650466558664052
1915	0.650466558664052
1916	0.650466558664052
1917	0.650466558664052
1918	0.37210091045208116
1919	0.37210091045208116
1920	0.37210091045208116
1921	0.37210091045208116
1922	1.2679542795138046
1923	1.2679542795138046
1924	1.2679542795138046
1925	1.2679542795138046
1926	1.2536327289047144
1927	1.2536327289047144
1928	1.2536327289047144
1929	1.2536327289047144
1930	1.0806127180790515
1931	1.0806127180790515
1932	1.0806127180790515
1933	1.0806127180790515
1934	0.9827243124461367
1935	0.9827243124461367
1936	0.9827243124461367
1937	0.9827243124461367
1938	1.1818931327893851
1939	1.1818931327893851
1940	1.1818931327893851
1941	1.1818931327893851
1942	1.3509977369032176
1943	1.3509977369032176
1944	1.3509977369032176
1945	1.3509977369032176
1946	0.9905274860257658
1947	0.9905274860257658
1948	0.9905274860257658
1949	0.9905274860257658
1950	1.0472185785007424
1951	1.0472185785007424
1952	1.0472185785007424
1953	1.0472185785007424
1954	1.759290236147008
1955	1.759290236147008
1956	1.759290236147008
1957	1.759290236147008
1958	1.2341696322617168
1959	1.2341696322617168
1960	1.2341696322617168
1961	1.2341696322617168
1962	1.3677304145032743
1963	1.3677304145032743
1964	1.3677304145032743
1965	1.3677304145032743
1966	1.51870698860503
1967	1.51870698860503
1968	1.51870698860503
1969	1.51870698860503
1970	1.1219418317627514
1971	2.5639221886888075
1972	2.5639221886888075
1973	2.5639221886888075
1974	2.5639221886888075
1975	2.522215658089293
1976	2.522215658089293
1977	2.522215658089293
1978	2.522215658089293
1979	4.9243796426625295
1980	4.9243796426625295
1981	4.9243796426625295
1982	4.9243796426625295
1983	5.559523541429007
1984	5.559523541429007
1985	5.559523541429007
1986	5.559523541429007
1987	5.038670615856413
1988	5.038670615856413
1989	5.038670615856413
1990	5.038670615856413
1991	2.4711083465304378
1992	2.4711083465304378
1993	2.4711083465304378
1994	2.4711083465304378
1995	4.773883417580095
1996	4.773883417580095
1997	4.773883417580095
1998	4.773883417580095
1999	3.0742807375062347
