0	3.6853241822409926
1	3.6853241822409926
2	3.6853241822409926
3	3.6853241822409926
4	4.443169451357836
5	4.443169451357836
6	4.443169451357836
7	4.443169451357836
8	4.532596659375018
9	4.532596659375018
10	4.532596659375018
11	4.532596659375018
12	0.8824301773695624
13	0.8824301773695624
14	0.8824301773695624
15	0.8824301773695624
16	2.8997469925638817
17	2.8997469925638817
18	2.8997469925638817
19	2.8997469925638817
20	1.7783001244851457
21	1.7783001244851457
22	1.7783001244851457
23	1.7783001244851457
24	2.494672327730435
25	2.494672327730435
26	2.494672327730435
27	2.494672327730435
28	2.20445210037355
29	2.20445210037355
30	0.48674261266871577
31	0.48674261266871577
32	0.48674261266871577
33	0.48674261266871577
34	0.7546563588763759
35	0.7546563588763759
36	0.7546563588763759
37	0.7546563588763759
38	0.7215627827117689
39	0.7215627827117689
40	0.7215627827117689
41	0.7215627827117689
42	0.5176144842991256
43	0.5176144842991256
44	0.5176144842991256
45	0.5176144842991256
46	0.6067172859208553
47	0.6067172859208553
48	0.6067172859208553
49	0.6067172859208553
50	0.818973987477051
51	0.818973987477051
52	0.818973987477051
53	0.818973987477051
54	1.0032494995488537
55	1.0032494995488537
56	1.0032494995488537
57	1.0032494995488537
58	0.7519532615664335
59	0.7519532615664335
60	0.7519532615664335
61	0.7519532615664335
62	0.4094723218632912
63	0.4094723218632912
64	0.2835128324062146
65	0.2835128324062146
66	0.2835128324062146
67	0.2835128324062146
68	2.47201575598861
69	2.47201575598861
70	2.47201575598861
71	2.47201575598861
72	1.2842027157015123
73	1.2842027157015123
74	1.2842027157015123
75	1.2842027157015123
76	0.834111392372028
77	0.834111392372028
78	0.834111392372028
79	0.834111392372028
80	2.196184466623536
81	2.196184466623536
82	2.196184466623536
83	2.196184466623536
84	0.6489835554961212
85	0.6489835554961212
86	0.6489835554961212
87	0.6489835554961212
88	0.989500075188682
89	0.989500075188682
90	0.989500075188682
91	0.989500075188682
92	2.8892533461783154
93	2.8892533461783154
94	2.8892533461783154
95	2.8892533461783154
96	2.8230096570189818
97	2.8230096570189818
98	2.8230096570189818
99	2.8230096570189818
100	2.5610112459690924
101	2.5610112459690924
102	2.5610112459690924
103	2.5610112459690924
104	1.933161997046415
105	1.933161997046415
106	1.933161997046415
107	1.933161997046415
108	2.076866876766671
109	2.076866876766671
110	2.076866876766671
111	2.076866876766671
112	3.824944409207481
113	3.824944409207481
114	3.824944409207481
115	3.824944409207481
116	1.6561806199147746
117	1.6561806199147746
118	1.6561806199147746
119	1.6561806199147746
120	2.684975674848971
121	2.684975674848971
122	2.684975674848971
123	2.684975674848971
124	1.1679213501208137
125	1.1679213501208137
126	1.1679213501208137
127	1.1679213501208137
128	2.14297676372232
129	2.14297676372232
130	2.14297676372232
131	2.14297676372232
132	1.8382805511150702
133	1.8382805511150702
134	1.8382805511150702
135	1.8382805511150702
136	1.7774953111873644
137	1.7774953111873644
138	1.7774953111873644
139	1.7774953111873644
140	1.92237318762287
141	1.92237318762287
142	1.92237318762287
143	1.92237318762287
144	6.137543905561584
145	6.137543905561584
146	6.137543905561584
147	6.137543905561584
148	4.888929338424428
149	4.888929338424428
150	4.888929338424428
151	4.888929338424428
152	8.372366250521367
153	8.372366250521367
154	8.372366250521367
155	8.372366250521367
156	6.689792337413512
157	6.689792337413512
158	6.689792337413512
159	6.689792337413512
160	1.6505651360743379
161	1.6505651360743379
162	1.6505651360743379
163	1.6505651360743379
164	4.389856082452122
165	4.389856082452122
166	4.389856082452122
167	4.389856082452122
168	4.499255813898046
169	4.499255813898046
170	4.499255813898046
171	4.499255813898046
172	2.6091884124932605
173	2.6091884124932605
174	2.6091884124932605
175	2.6091884124932605
176	4.429004099405619
177	4.429004099405619
178	3.0091931819545406
179	3.0091931819545406
180	3.0091931819545406
181	3.0091931819545406
182	5.325797302172983
183	5.325797302172983
184	5.325797302172983
185	5.325797302172983
186	6.849232676326681
187	6.849232676326681
188	6.849232676326681
189	6.849232676326681
190	4.467542933976975
191	4.467542933976975
192	4.467542933976975
193	4.467542933976975
194	5.168364659843128
195	5.168364659843128
196	5.168364659843128
197	5.168364659843128
198	3.1503580689662587
199	6.077020569896554
200	6.077020569896554
201	6.077020569896554
202	6.077020569896554
203	4.848982773792509
204	4.848982773792509
205	4.848982773792509
206	4.848982773792509
207	7.5422799277712995
208	7.5422799277712995
209	7.5422799277712995
210	7.5422799277712995
211	2.715054146726482
212	2.715054146726482
213	2.715054146726482
214	2.715054146726482
215	2.254501282002176
216	2.254501282002176
217	2.254501282002176
218	2.254501282002176
219	2.464917734051342
220	2.464917734051342
221	2.464917734051342
222	2.464917734051342
223	6.46428091196578
224	6.46428091196578
225	6.46428091196578
226	6.46428091196578
227	1.0837144325255466
228	1.0837144325255466
229	1.0837144325255466
230	1.0837144325255466
231	4.895311637851254
232	4.895311637851254
233	4.895311637851254
234	4.895311637851254
235	4.752149146345562
236	4.752149146345562
237	4.752149146345562
238	4.752149146345562
239	2.09711598773097
240	2.09711598773097
241	2.09711598773097
242	2.09711598773097
243	5.0877910891104134
244	5.0877910891104134
245	5.0877910891104134
246	5.0877910891104134
247	6.127525928776054
248	6.127525928776054
249	6.127525928776054
250	6.127525928776054
251	2.8354147396171285
252	2.8354147396171285
253	2.8354147396171285
254	2.8354147396171285
255	3.779637218702819
256	3.779637218702819
257	3.779637218702819
258	3.779637218702819
259	0.9455985384124266
260	0.9455985384124266
261	0.9455985384124266
262	0.9455985384124266
263	4.189742402129433
264	4.189742402129433
265	4.189742402129433
266	4.189742402129433
267	6.304661384319173
268	1.6782090515115038
269	1.6782090515115038
270	1.6782090515115038
271	1.6782090515115038
272	0.8467602761087278
273	0.8467602761087278
274	0.8467602761087278
275	0.8467602761087278
276	1.8057657432753103
277	1.8057657432753103
278	1.8057657432753103
279	1.8057657432753103
280	0.9286667814436801
281	1.997864575312879
282	1.997864575312879
283	1.997864575312879
284	1.997864575312879
285	3.0182043175126125
286	3.0182043175126125
287	3.0182043175126125
288	0.7404729519185526
289	0.7404729519185526
290	0.7404729519185526
291	0.7404729519185526
292	1.841568584714857
293	1.841568584714857
294	1.841568584714857
295	1.841568584714857
296	0.7296597677921723
297	2.863769438475013
298	2.863769438475013
299	2.863769438475013
300	2.863769438475013
301	3.0682540881099225
302	3.0682540881099225
303	3.0682540881099225
304	3.0682540881099225
305	3.4265623986683384
306	3.4265623986683384
307	3.4265623986683384
308	3.4265623986683384
309	4.204912865535428
310	4.204912865535428
311	4.204912865535428
312	4.204912865535428
313	4.106256282739388
314	4.106256282739388
315	4.106256282739388
316	4.106256282739388
317	2.4077055377274386
318	2.4077055377274386
319	2.4077055377274386
320	2.4077055377274386
321	1.1190138887562342
322	1.1190138887562342
323	1.1190138887562342
324	1.1190138887562342
325	1.1229621912011298
326	1.1229621912011298
327	1.1229621912011298
328	1.1229621912011298
329	5.015164351291572
330	5.015164351291572
331	5.015164351291572
332	5.015164351291572
333	1.40801841725868
334	1.40801841725868
335	1.40801841725868
336	1.40801841725868
337	4.515678055677272
338	4.515678055677272
339	4.515678055677272
340	4.515678055677272
341	4.0390041585258505
342	4.0390041585258505
343	4.0390041585258505
344	4.0390041585258505
345	1.1365655378675856
346	1.1365655378675856
347	1.1365655378675856
348	1.1365655378675856
349	3.564100026049924
350	3.564100026049924
351	3.564100026049924
352	3.564100026049924
353	4.75756625767369
354	4.75756625767369
355	4.75756625767369
356	4.75756625767369
357	2.3778706553329196
358	2.3778706553329196
359	2.3778706553329196
360	2.3778706553329196
361	3.9362305370409967
362	3.9362305370409967
363	3.9362305370409967
364	3.9362305370409967
365	5.038877018789012
366	5.038877018789012
367	5.038877018789012
368	5.038877018789012
369	6.9039783093207046
370	6.9039783093207046
371	6.9039783093207046
372	6.9039783093207046
373	1.4836110408079641
374	1.4836110408079641
375	1.4836110408079641
376	1.4836110408079641
377	2.916225210798276
378	2.916225210798276
379	2.916225210798276
380	2.916225210798276
381	4.368563708280829
382	4.368563708280829
383	4.368563708280829
384	4.368563708280829
385	3.099977706787729
386	3.099977706787729
387	3.099977706787729
388	3.099977706787729
389	1.7534233802992212
390	1.7534233802992212
391	1.7534233802992212
392	1.7534233802992212
393	3.214036464590113
394	3.214036464590113
395	3.214036464590113
396	3.214036464590113
397	3.070725844028983
398	3.070725844028983
399	3.070725844028983
400	3.070725844028983
401	3.424313890430372
402	3.424313890430372
403	3.424313890430372
404	3.424313890430372
405	4.516099461537642
406	4.516099461537642
407	4.516099461537642
408	4.516099461537642
409	1.8443844673339513
410	1.8443844673339513
411	1.8443844673339513
412	1.8443844673339513
413	3.610962524969038
414	3.610962524969038
415	3.610962524969038
416	3.610962524969038
417	1.5268840490849482
418	1.5268840490849482
419	1.5268840490849482
420	1.5268840490849482
421	2.406886527920075
422	2.406886527920075
423	2.406886527920075
424	2.406886527920075
425	2.1625451798383244
426	2.1625451798383244
427	2.1625451798383244
428	2.1625451798383244
429	1.9200508155585723
430	1.9200508155585723
431	1.9200508155585723
432	1.9200508155585723
433	2.6397143226766118
434	2.6397143226766118
435	2.6397143226766118
436	2.6397143226766118
437	0.66508035166885
438	0.66508035166885
439	0.66508035166885
440	0.66508035166885
441	2.1414403232943124
442	2.1414403232943124
443	2.1414403232943124
444	2.1414403232943124
445	1.9538019532792275
446	1.9538019532792275
447	1.9538019532792275
448	1.9538019532792275
449	3.295786807188652
450	3.295786807188652
451	3.295786807188652
452	3.295786807188652
453	1.4356507290269294
454	1.4356507290269294
455	1.4356507290269294
456	1.4356507290269294
457	1.1453198434711127
458	1.1453198434711127
459	1.1453198434711127
460	1.1453198434711127
461	1.5068469468402912
462	1.5068469468402912
463	1.5068469468402912
464	1.5068469468402912
465	1.8750304575162366
466	3.4255029220323245
467	3.4255029220323245
468	3.4255029220323245
469	3.4255029220323245
470	5.943070341859405
471	5.943070341859405
472	5.943070341859405
473	5.943070341859405
474	4.286712050587514
475	4.286712050587514
476	4.286712050587514
477	4.286712050587514
478	4.339072301462403
479	4.339072301462403
480	4.339072301462403
481	4.339072301462403
482	3.6893211638503565
483	3.6893211638503565
484	3.6893211638503565
485	3.6893211638503565
486	4.536877676885781
487	4.536877676885781
488	4.536877676885781
489	4.536877676885781
490	0.5430323965745423
491	0.5430323965745423
492	0.5430323965745423
493	0.5430323965745423
494	4.291641953749668
495	4.291641953749668
496	4.291641953749668
497	4.291641953749668
498	2.1338189364332907
499	2.1338189364332907
500	2.1338189364332907
501	2.1338189364332907
502	6.946220544184545
503	6.946220544184545
504	6.946220544184545
505	6.946220544184545
506	1.4474375308657343
507	1.4474375308657343
508	1.4474375308657343
509	1.4474375308657343
510	5.979453577903815
511	5.979453577903815
512	5.979453577903815
513	5.979453577903815
514	2.457898966084475
515	2.457898966084475
516	2.457898966084475
517	2.457898966084475
518	0.8069559368409425
519	0.8069559368409425
520	0.8069559368409425
521	0.8069559368409425
522	3.956131975756851
523	3.956131975756851
524	3.956131975756851
525	3.956131975756851
526	3.0878619122909474
527	3.0878619122909474
528	3.0878619122909474
529	3.0878619122909474
530	3.529496526528951
531	3.529496526528951
532	3.529496526528951
533	3.529496526528951
534	1.6712108135764616
535	1.6712108135764616
536	1.6712108135764616
537	1.6712108135764616
538	4.576374787146364
539	4.576374787146364
540	4.576374787146364
541	4.576374787146364
542	3.013353009073656
543	3.013353009073656
544	3.013353009073656
545	3.013353009073656
546	2.0268879121503076
547	2.0268879121503076
548	2.0268879121503076
549	2.0268879121503076
550	2.1797238071319285
551	2.1797238071319285
552	2.1797238071319285
553	2.1797238071319285
554	5.354138166096317
555	5.354138166096317
556	5.354138166096317
557	5.354138166096317
558	4.572494444764043
559	4.572494444764043
560	4.572494444764043
561	4.572494444764043
562	6.052700289827914
563	4.032025277365187
564	4.032025277365187
565	4.032025277365187
566	4.032025277365187
567	2.523089116997902
568	2.523089116997902
569	2.523089116997902
570	2.523089116997902
571	4.495921934204754
572	4.495921934204754
573	4.495921934204754
574	4.495921934204754
575	2.541819462745069
576	2.541819462745069
577	2.541819462745069
578	2.541819462745069
579	4.4631952211469486
580	4.4631952211469486
581	4.4631952211469486
582	4.4631952211469486
583	4.799161011894439
584	0.6915902553944481
585	0.6915902553944481
586	0.6915902553944481
587	0.6915902553944481
588	1.2266225412501228
589	1.2266225412501228
590	1.2266225412501228
591	1.2266225412501228
592	1.1854193822029617
593	1.1854193822029617
594	1.1854193822029617
595	1.1854193822029617
596	1.8503241722323005
597	1.8503241722323005
598	1.8503241722323005
599	1.8503241722323005
600	2.062198161891472
601	2.062198161891472
602	2.062198161891472
603	2.062198161891472
604	1.6370946431597415
605	1.6370946431597415
606	1.6370946431597415
607	1.6370946431597415
608	1.656051039658658
609	1.656051039658658
610	1.656051039658658
611	1.656051039658658
612	1.5718014489830812
613	1.5718014489830812
614	1.5718014489830812
615	1.5718014489830812
616	1.468141968172012
617	1.468141968172012
618	1.468141968172012
619	1.468141968172012
620	0.965153130720703
621	0.965153130720703
622	0.965153130720703
623	0.965153130720703
624	3.4591372887613874
625	3.4591372887613874
626	3.4591372887613874
627	3.4591372887613874
628	4.213341518022797
629	4.213341518022797
630	4.213341518022797
631	4.213341518022797
632	3.6252958856299466
633	3.6252958856299466
634	3.6252958856299466
635	3.6252958856299466
636	4.570853924787851
637	4.570853924787851
638	0.779560929980319
639	0.779560929980319
640	0.779560929980319
641	0.779560929980319
642	1.2368680807628776
643	1.2368680807628776
644	1.2368680807628776
645	1.2368680807628776
646	1.2598274010928217
647	1.2598274010928217
648	1.2598274010928217
649	1.2598274010928217
650	1.6324899000493263
651	1.6324899000493263
652	1.6324899000493263
653	1.6324899000493263
654	1.0418551594045675
655	1.0418551594045675
656	1.0418551594045675
657	1.0418551594045675
658	1.2842320700894685
659	1.2842320700894685
660	1.2842320700894685
661	1.2842320700894685
662	1.3815124782643207
663	1.3815124782643207
664	3.529503783879225
665	3.529503783879225
666	5.8357208875095345
667	5.8357208875095345
668	5.8357208875095345
669	5.8357208875095345
670	6.142907485873797
671	2.9209521946255816
672	2.9209521946255816
673	2.9209521946255816
674	2.9209521946255816
675	2.303170732931899
676	2.303170732931899
677	2.303170732931899
678	2.303170732931899
679	1.991518209196619
680	1.991518209196619
681	1.991518209196619
682	1.991518209196619
683	1.888743410703409
684	1.888743410703409
685	1.888743410703409
686	1.888743410703409
687	1.0647447969454065
688	1.0647447969454065
689	1.0647447969454065
690	1.0647447969454065
691	4.305543934865058
692	4.305543934865058
693	4.305543934865058
694	4.305543934865058
695	6.126707200684179
696	6.126707200684179
697	6.126707200684179
698	6.126707200684179
699	3.6360178178923857
700	3.6360178178923857
701	3.6360178178923857
702	3.6360178178923857
703	7.21600178225771
704	7.21600178225771
705	7.21600178225771
706	7.21600178225771
707	5.298770547533318
708	5.298770547533318
709	5.298770547533318
710	5.298770547533318
711	3.1425126044881697
712	3.1425126044881697
713	3.1425126044881697
714	3.1425126044881697
715	6.578083140685496
716	6.578083140685496
717	6.578083140685496
718	6.578083140685496
719	4.072560363438468
720	4.072560363438468
721	4.072560363438468
722	4.072560363438468
723	3.25233756033873
724	3.25233756033873
725	3.25233756033873
726	3.25233756033873
727	6.822287312493743
728	6.822287312493743
729	6.822287312493743
730	6.822287312493743
731	3.0931059818720037
732	3.0931059818720037
733	3.0931059818720037
734	3.0931059818720037
735	5.089124470544897
736	5.089124470544897
737	5.089124470544897
738	5.089124470544897
739	3.789364021034487
740	5.384190870729277
741	5.384190870729277
742	5.384190870729277
743	5.384190870729277
744	2.774155486379769
745	2.774155486379769
746	2.774155486379769
747	2.774155486379769
748	3.0664717300340976
749	0.32184589094029736
750	0.32184589094029736
751	0.32184589094029736
752	0.32184589094029736
753	0.9562620820609273
754	0.9562620820609273
755	0.9562620820609273
756	0.9562620820609273
757	0.8837064208450932
758	0.8837064208450932
759	0.8837064208450932
760	0.8837064208450932
761	0.5050131440696213
762	0.5050131440696213
763	0.5050131440696213
764	0.5050131440696213
765	0.9690330164465352
766	0.9690330164465352
767	0.9690330164465352
768	0.9690330164465352
769	1.0366910409786618
770	1.0366910409786618
771	1.0366910409786618
772	1.0366910409786618
773	0.6277883224386234
774	0.6277883224386234
775	0.6277883224386234
776	0.6277883224386234
777	0.5087463711454699
778	0.5087463711454699
779	0.5087463711454699
780	0.5087463711454699
781	1.2251892808109495
782	1.2251892808109495
783	1.2251892808109495
784	1.2251892808109495
785	0.6069411589849119
786	0.6069411589849119
787	0.6069411589849119
788	0.6069411589849119
789	1.0801954585055003
790	1.0801954585055003
791	1.0801954585055003
792	1.0801954585055003
793	4.022025391705386
794	4.022025391705386
795	4.022025391705386
796	4.022025391705386
797	2.5876507574074594
798	2.5876507574074594
799	2.2064054501898562
800	2.2064054501898562
801	2.2064054501898562
802	2.2064054501898562
803	4.153352947957708
804	4.153352947957708
805	4.153352947957708
806	4.153352947957708
807	2.2143429586061387
808	2.2143429586061387
809	2.2143429586061387
810	2.2143429586061387
811	3.3822977654111095
812	3.3822977654111095
813	3.3822977654111095
814	3.3822977654111095
815	3.3722428163632507
816	3.3722428163632507
817	3.3722428163632507
818	3.3722428163632507
819	2.1235184606752746
820	2.1235184606752746
821	2.1235184606752746
822	2.1235184606752746
823	1.9309228302531225
824	1.9309228302531225
825	1.9309228302531225
826	1.9309228302531225
827	2.408572591619968
828	2.408572591619968
829	2.408572591619968
830	2.408572591619968
831	3.4942414929869154
832	3.4942414929869154
833	3.4942414929869154
834	3.4942414929869154
835	3.080672995275145
836	3.080672995275145
837	3.080672995275145
838	3.080672995275145
839	1.7568286145341925
840	1.7568286145341925
841	1.7568286145341925
842	1.7568286145341925
843	2.6706346256025992
844	2.6706346256025992
845	2.6706346256025992
846	2.6706346256025992
847	3.2445164060958867
848	3.2445164060958867
849	3.2445164060958867
850	3.2445164060958867
851	4.482014617631577
852	4.482014617631577
853	4.482014617631577
854	4.482014617631577
855	3.1315217618054305
856	0.5594410668730297
857	0.5594410668730297
858	0.5594410668730297
859	0.5594410668730297
860	0.6320233714480447
861	0.6320233714480447
862	0.6320233714480447
863	0.6320233714480447
864	0.5278355191454237
865	0.5278355191454237
866	0.5278355191454237
867	0.5278355191454237
868	0.5385803068886967
869	0.5385803068886967
870	0.5385803068886967
871	0.5385803068886967
872	0.365548835458353
873	0.365548835458353
874	0.365548835458353
875	0.365548835458353
876	0.4112260669179638
877	0.4112260669179638
878	0.4112260669179638
879	0.4112260669179638
880	0.6512646282501788
881	0.6512646282501788
882	0.6512646282501788
883	0.6512646282501788
884	0.6247350443488743
885	0.6247350443488743
886	0.6247350443488743
887	0.6247350443488743
888	0.1
889	0.1
890	0.1
891	0.1
892	0.8064091915848582
893	0.8064091915848582
894	0.8064091915848582
895	0.8064091915848582
896	0.74888024264717
897	0.74888024264717
898	0.74888024264717
899	0.74888024264717
900	0.950356312070046
901	0.950356312070046
902	0.950356312070046
903	0.950356312070046
904	0.8130567289982165
905	0.8130567289982165
906	0.8130567289982165
907	0.8130567289982165
908	0.48275110419263245
909	0.48275110419263245
910	0.48275110419263245
911	0.48275110419263245
912	0.4194181758332269
913	0.4194181758332269
914	0.4194181758332269
915	0.4194181758332269
916	6.67724109045745
917	6.67724109045745
918	6.67724109045745
919	6.67724109045745
920	3.8701962585104948
921	1.577702443310949
922	1.577702443310949
923	1.7274319550721875
924	1.7274319550721875
925	1.7274319550721875
926	1.7274319550721875
927	0.6364099221017779
928	0.6364099221017779
929	0.6364099221017779
930	0.6364099221017779
931	0.6378617675309253
932	0.6378617675309253
933	0.6378617675309253
934	0.6378617675309253
935	0.32168094711493495
936	0.32168094711493495
937	0.32168094711493495
938	0.32168094711493495
939	0.8333506241301027
940	0.8333506241301027
941	0.8333506241301027
942	0.8333506241301027
943	0.3584318070441083
944	0.3584318070441083
945	0.3584318070441083
946	0.3584318070441083
947	0.40415837167833557
948	0.40415837167833557
949	0.40415837167833557
950	0.40415837167833557
951	0.9894503186734586
952	0.9894503186734586
953	0.9894503186734586
954	0.9894503186734586
955	0.6644755816348913
956	0.6644755816348913
957	0.6644755816348913
958	0.6644755816348913
959	0.25111096389106985
960	0.25111096389106985
961	1.739392233395907
962	1.739392233395907
963	1.739392233395907
964	1.739392233395907
965	1.0116813916004883
966	1.0116813916004883
967	1.0116813916004883
968	1.0116813916004883
969	2.187253209117542
970	2.187253209117542
971	2.187253209117542
972	2.187253209117542
973	1.8298350184513168
974	1.8298350184513168
975	1.8298350184513168
976	1.8298350184513168
977	1.0932006744909954
978	1.4127239685347952
979	1.4127239685347952
980	1.4127239685347952
981	1.4127239685347952
982	4.640368092863784
983	4.640368092863784
984	4.640368092863784
985	4.640368092863784
986	7.76541587974172
987	7.76541587974172
988	7.76541587974172
989	7.76541587974172
990	2.3649324423162437
991	2.3649324423162437
992	2.3649324423162437
993	2.3649324423162437
994	2.6115755961649363
995	2.6115755961649363
996	2.6115755961649363
997	2.6115755961649363
998	6.53607389429547
999	6.53607389429547
1000	6.53607389429547
1001	6.53607389429547
1002	7.23375544477545
1003	7.23375544477545
1004	0.8010761431063066
1005	0.8010761431063066
1006	0.8010761431063066
1007	0.8010761431063066
1008	0.7084427299640524
1009	0.7084427299640524
1010	0.7084427299640524
1011	0.7084427299640524
1012	0.5207258209103364
1013	0.5207258209103364
1014	0.5207258209103364
1015	0.5207258209103364
1016	0.6680545254554973
1017	0.6680545254554973
1018	0.6680545254554973
1019	0.6680545254554973
1020	0.6106696102342246
1021	0.6106696102342246
1022	0.6106696102342246
1023	0.6106696102342246
1024	0.3885681499763921
1025	0.3885681499763921
1026	0.3885681499763921
1027	0.3885681499763921
1028	0.9259685595700629
1029	0.9259685595700629
1030	0.9259685595700629
1031	0.9259685595700629
1032	1.0463552916968204
1033	2.138052135201276
1034	2.138052135201276
1035	2.138052135201276
1036	2.138052135201276
1037	1.7461638607435026
1038	1.7461638607435026
1039	1.7461638607435026
1040	1.7461638607435026
1041	2.940192353332412
1042	2.940192353332412
1043	2.940192353332412
1044	2.940192353332412
1045	3.0316346545856367
1046	3.0316346545856367
1047	3.0316346545856367
1048	3.0316346545856367
1049	1.2158838025123908
1050	1.2158838025123908
1051	1.2158838025123908
1052	1.2158838025123908
1053	3.3296280535219456
1054	3.3296280535219456
1055	3.3296280535219456
1056	3.3296280535219456
1057	3.092015952583488
1058	3.092015952583488
1059	3.092015952583488
1060	3.092015952583488
1061	3.0397327317369434
1062	3.0397327317369434
1063	3.0397327317369434
1064	3.0397327317369434
1065	4.498388442076582
1066	4.498388442076582
1067	4.498388442076582
1068	4.498388442076582
1069	2.7185317825955773
1070	2.7185317825955773
1071	2.7185317825955773
1072	2.7185317825955773
1073	2.4098241732694854
1074	2.4098241732694854
1075	2.4098241732694854
1076	2.4098241732694854
1077	3.5823127922982057
1078	3.5823127922982057
1079	3.5823127922982057
1080	1.041507105839675
1081	1.041507105839675
1082	1.041507105839675
1083	1.041507105839675
1084	1.548308722061067
1085	1.548308722061067
1086	1.548308722061067
1087	1.548308722061067
1088	1.5079705189211194
1089	1.5079705189211194
1090	1.5079705189211194
1091	1.5079705189211194
1092	2.3790639554259014
1093	2.3790639554259014
1094	2.3790639554259014
1095	2.3790639554259014
1096	1.5297571955774463
1097	1.5297571955774463
1098	1.5297571955774463
1099	1.5297571955774463
1100	1.0983149601308109
1101	1.0983149601308109
1102	1.0983149601308109
1103	1.0983149601308109
1104	1.6647204239597533
1105	1.6647204239597533
1106	1.6647204239597533
1107	1.6647204239597533
1108	1.0102140924590803
1109	1.0102140924590803
1110	1.0102140924590803
1111	1.0102140924590803
1112	1.6414534846971303
1113	1.6414534846971303
1114	1.6414534846971303
1115	1.6414534846971303
1116	1.7440147124500534
1117	1.7440147124500534
1118	1.7440147124500534
1119	1.7440147124500534
1120	1.3960031938282218
1121	1.3960031938282218
1122	1.3960031938282218
1123	1.3960031938282218
1124	0.9410351243880375
1125	0.9410351243880375
1126	0.9410351243880375
1127	0.9410351243880375
1128	1.2352831354552711
1129	1.2352831354552711
1130	1.2352831354552711
1131	1.2352831354552711
1132	1.2461341322727346
1133	1.2461341322727346
1134	1.2461341322727346
1135	1.2461341322727346
1136	1.378434330889823
1137	1.378434330889823
1138	1.378434330889823
1139	1.378434330889823
1140	1.6839794155500114
1141	1.6839794155500114
1142	1.6839794155500114
1143	1.6839794155500114
1144	1.5898980243759335
1145	1.5898980243759335
1146	1.5898980243759335
1147	1.5898980243759335
1148	0.991411945136308
1149	0.991411945136308
1150	0.991411945136308
1151	0.991411945136308
1152	1.3538212895629265
1153	1.3538212895629265
1154	1.3538212895629265
1155	1.3538212895629265
1156	0.996557992792814
1157	0.996557992792814
1158	0.996557992792814
1159	0.996557992792814
1160	2.1431609604173603
1161	2.1431609604173603
1162	2.1431609604173603
1163	2.1431609604173603
1164	1.4505546374444283
1165	1.4505546374444283
1166	1.4505546374444283
1167	1.4505546374444283
1168	2.4712994660811316
1169	2.4712994660811316
1170	2.4712994660811316
1171	2.4712994660811316
1172	1.5530611366033547
1173	1.5530611366033547
1174	1.5530611366033547
1175	1.5530611366033547
1176	1.9130254379246439
1177	1.9130254379246439
1178	1.9130254379246439
1179	1.9130254379246439
1180	2.235450862239284
1181	2.235450862239284
1182	2.235450862239284
1183	2.235450862239284
1184	0.3761688863609882
1185	0.3761688863609882
1186	0.3761688863609882
1187	0.3761688863609882
1188	2.212559845584244
1189	2.212559845584244
1190	2.212559845584244
1191	2.212559845584244
1192	1.1961234906492593
1193	1.1961234906492593
1194	1.1961234906492593
1195	1.1961234906492593
1196	0.8776769182123758
1197	0.8776769182123758
1198	0.8776769182123758
1199	0.8776769182123758
1200	1.0777532202160283
1201	1.0777532202160283
1202	1.0777532202160283
1203	1.0777532202160283
1204	1.2399387095458219
1205	1.2399387095458219
1206	1.2399387095458219
1207	1.2399387095458219
1208	0.595564588578773
1209	0.595564588578773
1210	0.595564588578773
1211	0.595564588578773
1212	1.4683442896447119
1213	1.4683442896447119
1214	1.4683442896447119
1215	1.4683442896447119
1216	0.9345992057589407
1217	0.9345992057589407
1218	0.9345992057589407
1219	0.9345992057589407
1220	2.1280224980293116
1221	2.1280224980293116
1222	2.1280224980293116
1223	2.1280224980293116
1224	2.9551403669092484
1225	2.9551403669092484
1226	2.9551403669092484
1227	2.9551403669092484
1228	1.383111859311355
1229	1.383111859311355
1230	1.383111859311355
1231	1.383111859311355
1232	2.280881635677218
1233	2.280881635677218
1234	2.374783511134833
1235	2.374783511134833
1236	2.374783511134833
1237	2.374783511134833
1238	1.2618238652127431
1239	1.2618238652127431
1240	1.2618238652127431
1241	1.2618238652127431
1242	2.1909654775779135
1243	2.1909654775779135
1244	2.1909654775779135
1245	2.1909654775779135
1246	4.263353937451692
1247	4.263353937451692
1248	4.263353937451692
1249	4.263353937451692
1250	2.0538361269537115
1251	2.0538361269537115
1252	2.0538361269537115
1253	2.0538361269537115
1254	2.473177494721309
1255	2.473177494721309
1256	2.473177494721309
1257	2.473177494721309
1258	4.651882570311052
1259	4.651882570311052
1260	4.651882570311052
1261	4.651882570311052
1262	1.5608784486132925
1263	1.5608784486132925
1264	1.5608784486132925
1265	1.5608784486132925
1266	2.302255093000586
1267	2.302255093000586
1268	2.302255093000586
1269	2.302255093000586
1270	1.4296336289775269
1271	2.834289127597944
1272	2.834289127597944
1273	2.834289127597944
1274	2.834289127597944
1275	4.532134775820973
1276	4.532134775820973
1277	4.532134775820973
1278	4.532134775820973
1279	3.523194351967691
1280	3.523194351967691
1281	3.523194351967691
1282	3.523194351967691
1283	1.5862560786730837
1284	1.5862560786730837
1285	1.5862560786730837
1286	1.5862560786730837
1287	3.709017041496686
1288	3.709017041496686
1289	3.709017041496686
1290	3.709017041496686
1291	3.1581307703732566
1292	3.1581307703732566
1293	3.1581307703732566
1294	3.1581307703732566
1295	1.5121860510207712
1296	1.5121860510207712
1297	1.5121860510207712
1298	1.5121860510207712
1299	3.318233289112984
1300	3.318233289112984
1301	3.318233289112984
1302	3.318233289112984
1303	3.0552924593405795
1304	3.0552924593405795
1305	3.0552924593405795
1306	3.0552924593405795
1307	3.881174079185766
1308	3.881174079185766
1309	3.881174079185766
1310	3.881174079185766
1311	3.366643277535501
1312	3.366643277535501
1313	3.366643277535501
1314	3.366643277535501
1315	2.9624206900866663
1316	2.9624206900866663
1317	2.9624206900866663
1318	2.9624206900866663
1319	5.271089423770023
1320	5.271089423770023
1321	5.271089423770023
1322	5.271089423770023
1323	2.4148238341906034
1324	2.4148238341906034
1325	2.4148238341906034
1326	2.4148238341906034
1327	3.4112639685726505
1328	3.4112639685726505
1329	3.4112639685726505
1330	1.6516452874719303
1331	1.6516452874719303
1332	1.6516452874719303
1333	1.6516452874719303
1334	0.6570122024687222
1335	0.6570122024687222
1336	0.6570122024687222
1337	0.6570122024687222
1338	0.1
1339	0.1
1340	0.1
1341	0.1
1342	3.14963519618509
1343	3.14963519618509
1344	3.14963519618509
1345	3.14963519618509
1346	1.319717392031788
1347	1.319717392031788
1348	1.319717392031788
1349	1.319717392031788
1350	2.0201782709432563
1351	2.0201782709432563
1352	2.0201782709432563
1353	2.0201782709432563
1354	1.9836782747477852
1355	1.9836782747477852
1356	0.2529708059004804
1357	0.2529708059004804
1358	0.2529708059004804
1359	0.2529708059004804
1360	0.19601532471941718
1361	0.19601532471941718
1362	3.2928559330331812
1363	3.2928559330331812
1364	3.2928559330331812
1365	3.2928559330331812
1366	3.6646034557161347
1367	3.6646034557161347
1368	3.6646034557161347
1369	3.6646034557161347
1370	3.9036276333891595
1371	3.9036276333891595
1372	3.9036276333891595
1373	3.9036276333891595
1374	3.797139479151713
1375	3.797139479151713
1376	3.797139479151713
1377	3.797139479151713
1378	2.6083960381687694
1379	2.6083960381687694
1380	2.6083960381687694
1381	2.6083960381687694
1382	0.8636212093187452
1383	0.8636212093187452
1384	0.8636212093187452
1385	0.8636212093187452
1386	4.6442668207332405
1387	4.6442668207332405
1388	4.6442668207332405
1389	4.6442668207332405
1390	1.6939327592237556
1391	1.6939327592237556
1392	1.6939327592237556
1393	1.6939327592237556
1394	3.0604790097882764
1395	3.0604790097882764
1396	3.0604790097882764
1397	3.0604790097882764
1398	4.268042161177604
1399	4.268042161177604
1400	4.268042161177604
1401	4.268042161177604
1402	1.6016323980702447
1403	1.6016323980702447
1404	1.6016323980702447
1405	1.6016323980702447
1406	4.568695296915055
1407	4.568695296915055
1408	4.568695296915055
1409	4.568695296915055
1410	2.9679950148172214
1411	2.9679950148172214
1412	2.9679950148172214
1413	2.9679950148172214
1414	4.233639192006368
1415	4.233639192006368
1416	4.233639192006368
1417	4.233639192006368
1418	3.9120294128861084
1419	3.9120294128861084
1420	3.9120294128861084
1421	3.9120294128861084
1422	2.9462400647316063
1423	2.9462400647316063
1424	2.9462400647316063
1425	2.9462400647316063
1426	4.801481643042534
1427	4.801481643042534
1428	4.801481643042534
1429	4.801481643042534
1430	2.3622215370867394
1431	2.3622215370867394
1432	2.3622215370867394
1433	2.3622215370867394
1434	5.010911614604359
1435	5.010911614604359
1436	5.010911614604359
1437	5.010911614604359
1438	0.9130261625331073
1439	0.9130261625331073
1440	0.9428204216011675
1441	0.9428204216011675
1442	0.9428204216011675
1443	0.9428204216011675
1444	0.5766007951455578
1445	0.5766007951455578
1446	0.5766007951455578
1447	0.5766007951455578
1448	0.5367310820233439
1449	0.5367310820233439
1450	0.5367310820233439
1451	0.5367310820233439
1452	0.6263365310132417
1453	0.6263365310132417
1454	0.10015502160283324
1455	0.10015502160283324
1456	0.10015502160283324
1457	0.10015502160283324
1458	0.2049667221660626
1459	0.2049667221660626
1460	0.2049667221660626
1461	0.2049667221660626
1462	0.1955923143782855
1463	0.1955923143782855
1464	0.1955923143782855
1465	0.1955923143782855
1466	2.93793532673632
1467	2.93793532673632
1468	2.93793532673632
1469	2.93793532673632
1470	2.2710051078072757
1471	2.2710051078072757
1472	2.2710051078072757
1473	2.2710051078072757
1474	1.3076011148076085
1475	1.3076011148076085
1476	1.3076011148076085
1477	1.3076011148076085
1478	1.8432890214599582
1479	1.8432890214599582
1480	1.8432890214599582
1481	1.8432890214599582
1482	2.4088566153482094
1483	2.4088566153482094
1484	2.4088566153482094
1485	2.4088566153482094
1486	2.5947741025497137
1487	2.5947741025497137
1488	2.5947741025497137
1489	2.5947741025497137
1490	2.0623032555598138
1491	2.0623032555598138
1492	2.0623032555598138
1493	2.0623032555598138
1494	2.6675475652910885
1495	2.6675475652910885
1496	2.6675475652910885
1497	2.6675475652910885
1498	1.3321602754203787
1499	1.3321602754203787
1500	1.3321602754203787
1501	1.3321602754203787
1502	3.76728096130962
1503	3.76728096130962
1504	3.76728096130962
1505	3.76728096130962
1506	2.3417507127472525
1507	2.3417507127472525
1508	2.3417507127472525
1509	2.3417507127472525
1510	1.8234641039293193
1511	1.8234641039293193
1512	1.8234641039293193
1513	1.8234641039293193
1514	1.793961937605296
1515	1.793961937605296
1516	1.793961937605296
1517	1.793961937605296
1518	1.4597707232375439
1519	1.4597707232375439
1520	1.4597707232375439
1521	1.4597707232375439
1522	0.8525100567190309
1523	0.8525100567190309
1524	0.8525100567190309
1525	0.8525100567190309
1526	2.470016047465268
1527	2.470016047465268
1528	2.470016047465268
1529	2.470016047465268
1530	2.2794970286018943
1531	2.2794970286018943
1532	2.2794970286018943
1533	2.2794970286018943
1534	1.9288204343513589
1535	1.9288204343513589
1536	1.9288204343513589
1537	1.9288204343513589
1538	2.707307863279156
1539	2.707307863279156
1540	2.707307863279156
1541	2.707307863279156
1542	2.0802690551863514
1543	2.0802690551863514
1544	2.0802690551863514
1545	2.0802690551863514
1546	3.42345607848544
1547	3.42345607848544
1548	3.42345607848544
1549	3.42345607848544
1550	3.3888902404484886
1551	3.3888902404484886
1552	3.3888902404484886
1553	3.3888902404484886
1554	4.2477528463086704
1555	4.2477528463086704
1556	4.2477528463086704
1557	4.2477528463086704
1558	3.336023060052558
1559	3.336023060052558
1560	3.336023060052558
1561	3.336023060052558
1562	2.5821515315027774
1563	2.5821515315027774
1564	2.5821515315027774
1565	2.5821515315027774
1566	2.328274834342964
1567	2.328274834342964
1568	2.328274834342964
1569	2.328274834342964
1570	2.4179856091328062
1571	2.4179856091328062
1572	2.4179856091328062
1573	2.4179856091328062
1574	3.103439015659621
1575	3.103439015659621
1576	3.103439015659621
1577	3.103439015659621
1578	5.685968286518814
1579	5.685968286518814
1580	5.685968286518814
1581	5.685968286518814
1582	3.371670549362799
1583	3.371670549362799
1584	3.371670549362799
1585	3.371670549362799
1586	3.4439600604163547
1587	3.4439600604163547
1588	3.4439600604163547
1589	3.4439600604163547
1590	3.3994823831214998
1591	3.3994823831214998
1592	3.3994823831214998
1593	3.3994823831214998
1594	1.3501223150927422
1595	1.3501223150927422
1596	1.3501223150927422
1597	1.3501223150927422
1598	3.150914076060097
1599	3.150914076060097
1600	3.150914076060097
1601	3.150914076060097
1602	2.8850877711262832
1603	2.8850877711262832
1604	2.8850877711262832
1605	0.6368977253029189
1606	0.6368977253029189
1607	0.6368977253029189
1608	0.6368977253029189
1609	1.0140642953515482
1610	1.0140642953515482
1611	1.0140642953515482
1612	1.0140642953515482
1613	0.48680575280295757
1614	0.48680575280295757
1615	0.48680575280295757
1616	0.48680575280295757
1617	0.7566263212376355
1618	0.7566263212376355
1619	0.7566263212376355
1620	0.7566263212376355
1621	1.2047294080112567
1622	1.2047294080112567
1623	1.2047294080112567
1624	1.2047294080112567
1625	0.4420174994621809
1626	0.4420174994621809
1627	0.4420174994621809
1628	0.4420174994621809
1629	0.7004746335131603
1630	0.7004746335131603
1631	0.7004746335131603
1632	0.7004746335131603
1633	0.610837942225981
1634	0.610837942225981
1635	0.610837942225981
1636	0.610837942225981
1637	0.6749696742626307
1638	0.6749696742626307
1639	0.6749696742626307
1640	0.6749696742626307
1641	0.3983166888335966
1642	0.3983166888335966
1643	0.3983166888335966
1644	0.3983166888335966
1645	0.7618578363654046
1646	0.7618578363654046
1647	0.7618578363654046
1648	0.7618578363654046
1649	0.2107236442431083
1650	0.2107236442431083
1651	0.2107236442431083
1652	0.2107236442431083
1653	1.0503243153483335
1654	1.0503243153483335
1655	1.0503243153483335
1656	1.0503243153483335
1657	0.6296956268185303
1658	0.6296956268185303
1659	0.6296956268185303
1660	0.6296956268185303
1661	0.5472966007987293
1662	0.5472966007987293
1663	0.5472966007987293
1664	0.5472966007987293
1665	0.662403712891997
1666	0.662403712891997
1667	0.662403712891997
1668	0.662403712891997
1669	0.4517470510969642
1670	0.4517470510969642
1671	0.4517470510969642
1672	0.4517470510969642
1673	1.09489505659168
1674	1.09489505659168
1675	1.09489505659168
1676	1.09489505659168
1677	0.5277170109563082
1678	0.5277170109563082
1679	0.5277170109563082
1680	0.5277170109563082
1681	0.9682957774693342
1682	0.9682957774693342
1683	0.9682957774693342
1684	0.9682957774693342
1685	0.8584617180079132
1686	0.8584617180079132
1687	0.8584617180079132
1688	0.8584617180079132
1689	0.5865323089096773
1690	0.5865323089096773
1691	0.5865323089096773
1692	0.5865323089096773
1693	0.6622957730923797
1694	0.6622957730923797
1695	0.6622957730923797
1696	0.6622957730923797
1697	0.5505427628201713
1698	0.5505427628201713
1699	0.5505427628201713
1700	0.5505427628201713
1701	0.6967215482201137
1702	0.6967215482201137
1703	0.6967215482201137
1704	0.6967215482201137
1705	0.9475683737780831
1706	0.9475683737780831
1707	0.9475683737780831
1708	0.9475683737780831
1709	0.5725777202135597
1710	0.5725777202135597
1711	0.5725777202135597
1712	0.5725777202135597
1713	0.8677997787004956
1714	0.8677997787004956
1715	0.8677997787004956
1716	0.8677997787004956
1717	0.5043938688524825
1718	0.5043938688524825
1719	0.5043938688524825
1720	0.5043938688524825
1721	0.6100034375979928
1722	0.6100034375979928
1723	0.6100034375979928
1724	0.6100034375979928
1725	0.6262064258563294
1726	0.6262064258563294
1727	0.6262064258563294
1728	0.6262064258563294
1729	0.5563118582924519
1730	0.5563118582924519
1731	0.5563118582924519
1732	0.5563118582924519
1733	0.5575840578858725
1734	0.5575840578858725
1735	0.5575840578858725
1736	0.5575840578858725
1737	0.6096815181998653
1738	0.6096815181998653
1739	0.6096815181998653
1740	0.6096815181998653
1741	0.8267227736121714
1742	0.8267227736121714
1743	0.8267227736121714
1744	0.8267227736121714
1745	1.312876742863346
1746	1.312876742863346
1747	1.312876742863346
1748	1.312876742863346
1749	0.525780240318188
1750	0.525780240318188
1751	0.525780240318188
1752	0.525780240318188
1753	0.9399698009679323
1754	0.9399698009679323
1755	0.9399698009679323
1756	0.9399698009679323
1757	0.9985649373130692
1758	0.9985649373130692
1759	0.9985649373130692
1760	0.9985649373130692
1761	0.15879209682907608
1762	0.15879209682907608
1763	0.15879209682907608
1764	0.15879209682907608
1765	0.43146033725605115
1766	0.43146033725605115
1767	0.43146033725605115
1768	0.43146033725605115
1769	4.448167777279323
1770	4.448167777279323
1771	4.448167777279323
1772	4.448167777279323
1773	4.7950363044473026
1774	4.7950363044473026
1775	4.7950363044473026
1776	4.7950363044473026
1777	4.914956120906423
1778	4.914956120906423
1779	4.914956120906423
1780	4.914956120906423
1781	3.0912618383807295
1782	3.0912618383807295
1783	3.0912618383807295
1784	3.0912618383807295
1785	0.8643051680905489
1786	0.8643051680905489
1787	0.8643051680905489
1788	0.8643051680905489
1789	6.687239496845338
1790	6.687239496845338
1791	6.687239496845338
1792	6.687239496845338
1793	4.429651928963969
1794	4.429651928963969
1795	4.429651928963969
1796	4.429651928963969
1797	3.0238771950232755
1798	3.0238771950232755
1799	3.0238771950232755
1800	1.9906338921446445
1801	1.9906338921446445
1802	1.9906338921446445
1803	1.9906338921446445
1804	0.8809304471690951
1805	0.8809304471690951
1806	0.8809304471690951
1807	0.8809304471690951
1808	1.1384054428687314
1809	1.1384054428687314
1810	1.1384054428687314
1811	1.1384054428687314
1812	0.935211145725034
1813	0.935211145725034
1814	0.935211145725034
1815	0.935211145725034
1816	1.1281345250002586
1817	1.1281345250002586
1818	1.1281345250002586
1819	1.1281345250002586
1820	1.1243919354159282
1821	1.1243919354159282
1822	1.1243919354159282
1823	1.1243919354159282
1824	0.8588838334677893
1825	0.8588838334677893
1826	0.8588838334677893
1827	0.8588838334677893
1828	1.0160711133749605
1829	1.0160711133749605
1830	1.0160711133749605
1831	1.0160711133749605
1832	1.6217167474539007
1833	1.6217167474539007
1834	1.6217167474539007
1835	1.6217167474539007
1836	0.7488006127417695
1837	0.7488006127417695
1838	0.7488006127417695
1839	0.7488006127417695
1840	1.1710030409611512
1841	1.1710030409611512
1842	1.1710030409611512
1843	1.1710030409611512
1844	0.8922998881234621
1845	0.8922998881234621
1846	0.8922998881234621
1847	0.8922998881234621
1848	1.2927220336207548
1849	1.2927220336207548
1850	1.2927220336207548
1851	1.2927220336207548
1852	0.7524086815070872
1853	0.7524086815070872
1854	0.7524086815070872
1855	0.7524086815070872
1856	0.9903857577524878
1857	0.9903857577524878
1858	2.064926640208296
1859	2.064926640208296
1860	2.064926640208296
1861	2.064926640208296
1862	1.3708409403077417
1863	1.3708409403077417
1864	1.3708409403077417
1865	1.3708409403077417
1866	3.0915272487734495
1867	3.0915272487734495
1868	3.0915272487734495
1869	3.0915272487734495
1870	4.1088591933989225
1871	4.1088591933989225
1872	4.1088591933989225
1873	4.1088591933989225
1874	3.3627534617404247
1875	3.3627534617404247
1876	3.3627534617404247
1877	3.3627534617404247
1878	2.3008801009933766
1879	2.3008801009933766
1880	2.3008801009933766
1881	2.3008801009933766
1882	1.217052739982608
1883	1.217052739982608
1884	1.217052739982608
1885	1.217052739982608
1886	4.093053681290394
1887	4.093053681290394
1888	4.093053681290394
1889	4.093053681290394
1890	2.464419692456223
1891	2.464419692456223
1892	2.464419692456223
1893	2.464419692456223
1894	1.8877271819178243
1895	1.8877271819178243
1896	1.8877271819178243
1897	1.8877271819178243
1898	3.2450849350211564
1899	3.2450849350211564
1900	3.2450849350211564
1901	3.2450849350211564
1902	1.4765823606024664
1903	1.4765823606024664
1904	1.4765823606024664
1905	1.4765823606024664
1906	2.3128302389314146
1907	2.3128302389314146
1908	2.3128302389314146
1909	2.3128302389314146
1910	2.5426597203411334
1911	2.5426597203411334
1912	2.5426597203411334
1913	2.5426597203411334
1914	2.297740000514658
1915	2.297740000514658
1916	2.297740000514658
1917	2.297740000514658
1918	3.012108965850704
1919	3.012108965850704
1920	3.012108965850704
1921	3.012108965850704
1922	2.5038299294468276
1923	2.5038299294468276
1924	2.5038299294468276
1925	2.5038299294468276
1926	1.3499490499117817
1927	1.3499490499117817
1928	1.3499490499117817
1929	1.3499490499117817
1930	1.2881802060578063
1931	1.2881802060578063
1932	1.2881802060578063
1933	1.2881802060578063
1934	1.9962647952525567
1935	1.9962647952525567
1936	1.9962647952525567
1937	1.9962647952525567
1938	1.1001929800565995
1939	1.1001929800565995
1940	1.1001929800565995
1941	1.1001929800565995
1942	1.5648494440010396
1943	1.5648494440010396
1944	1.5648494440010396
1945	1.5648494440010396
1946	2.3268780456649507
1947	2.3268780456649507
1948	2.3268780456649507
1949	2.3268780456649507
1950	2.7582385217376744
1951	2.7582385217376744
1952	2.7582385217376744
1953	2.7582385217376744
1954	4.553429105439335
1955	4.553429105439335
1956	4.553429105439335
1957	4.553429105439335
1958	1.5268771944781456
1959	1.5268771944781456
1960	1.5268771944781456
1961	1.5268771944781456
1962	2.304769175963573
1963	2.304769175963573
1964	2.304769175963573
1965	2.304769175963573
1966	1.9796176823971725
1967	1.9796176823971725
1968	1.9796176823971725
1969	1.9796176823971725
1970	1.2637903558209405
1971	1.2637903558209405
1972	1.2637903558209405
1973	1.2637903558209405
1974	1.1579480219116982
1975	1.1579480219116982
1976	1.1579480219116982
1977	1.1579480219116982
1978	1.288934817268581
1979	1.288934817268581
1980	1.288934817268581
1981	1.288934817268581
1982	3.685151616526908
1983	3.685151616526908
1984	3.685151616526908
1985	3.685151616526908
1986	2.325575046806374
1987	2.325575046806374
1988	2.325575046806374
1989	2.325575046806374
1990	2.4175645539449784
1991	2.4175645539449784
1992	2.4175645539449784
1993	2.4175645539449784
1994	3.798088970800409
1995	3.798088970800409
1996	3.798088970800409
1997	3.798088970800409
1998	0.2604722153491261
1999	0.2604722153491261
