0	3.845863005422351
1	3.845863005422351
2	3.845863005422351
3	3.837448469644244
4	3.837448469644244
5	3.837448469644244
6	2.220529311759437
7	2.220529311759437
8	2.220529311759437
9	3.613919554771648
10	3.613919554771648
11	3.613919554771648
12	2.3612968802430565
13	2.3612968802430565
14	2.3612968802430565
15	2.3520900921071384
16	2.3520900921071384
17	2.3520900921071384
18	2.1063994962051296
19	2.1063994962051296
20	2.1063994962051296
21	1.9750212704755943
22	1.9750212704755943
23	1.9750212704755943
24	2.4676102644786586
25	2.4676102644786586
26	2.4676102644786586
27	1.7538039873562612
28	1.7538039873562612
29	1.7538039873562612
30	2.8428107804232496
31	2.8428107804232496
32	2.8428107804232496
33	1.6190724563068797
34	1.6190724563068797
35	1.6190724563068797
36	2.7146982246830094
37	2.7146982246830094
38	2.7146982246830094
39	2.9226038356461297
40	2.9226038356461297
41	2.9226038356461297
42	2.0289276583157796
43	2.0289276583157796
44	2.0289276583157796
45	2.0020186629967007
46	2.0020186629967007
47	2.0020186629967007
48	2.473086962353836
49	2.473086962353836
50	2.473086962353836
51	2.546676296159286
52	2.546676296159286
53	2.546676296159286
54	0.5681382852228809
55	0.5681382852228809
56	0.5681382852228809
57	1.3942267077040515
58	1.3942267077040515
59	1.3942267077040515
60	2.235322340610389
61	2.235322340610389
62	2.235322340610389
63	1.8439930930955606
64	1.8439930930955606
65	1.8439930930955606
66	2.974666078827834
67	2.321439683223874
68	2.321439683223874
69	2.321439683223874
70	4.602756268249035
71	4.602756268249035
72	4.602756268249035
73	1.6703779040955438
74	1.6703779040955438
75	1.6703779040955438
76	2.449054619690051
77	2.449054619690051
78	2.449054619690051
79	2.593280191499071
80	2.593280191499071
81	2.593280191499071
82	2.405332045101428
83	2.405332045101428
84	2.405332045101428
85	1.426843812229499
86	1.426843812229499
87	1.426843812229499
88	2.2427576047910733
89	2.2427576047910733
90	2.2427576047910733
91	1.4775436642313307
92	1.4775436642313307
93	1.4775436642313307
94	0.5824952947891433
95	0.5824952947891433
96	0.5824952947891433
97	1.8067285113436893
98	1.8067285113436893
99	1.8067285113436893
100	3.6921825156739936
101	3.6921825156739936
102	3.6921825156739936
103	2.4297457726166716
104	2.4297457726166716
105	2.4297457726166716
106	1.911848912638742
107	1.911848912638742
108	1.911848912638742
109	2.5957590622900844
110	2.5957590622900844
111	2.5957590622900844
112	2.143593354055544
113	2.143593354055544
114	2.143593354055544
115	3.661435836210961
116	3.661435836210961
117	3.661435836210961
118	1.7407657088283088
119	1.7407657088283088
120	1.7407657088283088
121	2.6254994594386036
122	2.6254994594386036
123	2.6254994594386036
124	2.5443484035346757
125	2.5443484035346757
126	2.5443484035346757
127	1.9835067883628188
128	1.9835067883628188
129	1.9835067883628188
130	2.5648522182160325
131	2.5648522182160325
132	2.5648522182160325
133	5.325552907524589
134	5.325552907524589
135	5.325552907524589
136	3.908685854800222
137	3.908685854800222
138	3.908685854800222
139	6.223107731494817
140	6.223107731494817
141	6.223107731494817
142	3.6068442755786982
143	3.6068442755786982
144	3.6068442755786982
145	2.099876987402931
146	2.099876987402931
147	2.099876987402931
148	4.907888106598779
149	4.907888106598779
150	4.907888106598779
151	5.129397738241174
152	5.129397738241174
153	5.129397738241174
154	1.4443279497150976
155	1.4443279497150976
156	1.4443279497150976
157	3.135909295729287
158	3.135909295729287
159	3.135909295729287
160	2.508797731326088
161	2.508797731326088
162	2.508797731326088
163	4.558493270896104
164	4.558493270896104
165	4.558493270896104
166	5.639795058987261
167	5.639795058987261
168	5.639795058987261
169	4.507350665341479
170	4.507350665341479
171	4.507350665341479
172	5.272417108447675
173	5.272417108447675
174	5.272417108447675
175	6.943622455921137
176	6.943622455921137
177	6.943622455921137
178	3.3305365741943973
179	3.3305365741943973
180	3.3305365741943973
181	3.9508857293418633
182	3.9508857293418633
183	3.9508857293418633
184	3.723255767557137
185	3.723255767557137
186	3.723255767557137
187	5.812746217077099
188	5.812746217077099
189	5.812746217077099
190	6.427604525305103
191	6.427604525305103
192	6.427604525305103
193	5.618912001613128
194	5.618912001613128
195	5.618912001613128
196	4.644282351349848
197	4.644282351349848
198	4.644282351349848
199	1.7218030455150997
200	1.7218030455150997
201	1.7218030455150997
202	7.020446513492851
203	7.020446513492851
204	7.020446513492851
205	3.9399318598134103
206	3.9399318598134103
207	4.441203990111483
208	4.441203990111483
209	4.441203990111483
210	5.798898049178764
211	5.798898049178764
212	5.798898049178764
213	4.186076784786721
214	4.186076784786721
215	4.186076784786721
216	5.125767700124138
217	5.125767700124138
218	5.125767700124138
219	4.277863712927762
220	4.277863712927762
221	4.277863712927762
222	4.181533101246468
223	4.181533101246468
224	4.181533101246468
225	3.2551802784648083
226	3.2551802784648083
227	3.2551802784648083
228	3.893453777314005
229	3.893453777314005
230	3.893453777314005
231	3.347524909718183
232	3.347524909718183
233	3.347524909718183
234	2.977500449865254
235	2.977500449865254
236	2.977500449865254
237	5.0300890314950655
238	5.0300890314950655
239	5.0300890314950655
240	4.365095835655297
241	4.365095835655297
242	4.365095835655297
243	3.4211321007244813
244	3.4211321007244813
245	3.4211321007244813
246	3.799018969457346
247	3.799018969457346
248	3.799018969457346
249	6.383062346355973
250	6.383062346355973
251	6.383062346355973
252	5.3407332915821835
253	5.3407332915821835
254	5.3407332915821835
255	3.682530524538878
256	3.682530524538878
257	3.682530524538878
258	3.4642790223003797
259	3.4642790223003797
260	3.4642790223003797
261	3.2538878766325716
262	3.2538878766325716
263	3.2538878766325716
264	6.009307591612835
265	6.009307591612835
266	6.009307591612835
267	2.150122978977537
268	2.150122978977537
269	2.150122978977537
270	4.805384116521687
271	4.805384116521687
272	4.805384116521687
273	3.9161692652481617
274	3.9161692652481617
275	3.9161692652481617
276	4.248151357019786
277	4.248151357019786
278	4.248151357019786
279	3.9459530990457656
280	3.9459530990457656
281	3.9459530990457656
282	2.6666151679858485
283	2.6666151679858485
284	2.6666151679858485
285	1.74483057233068
286	1.74483057233068
287	1.74483057233068
288	2.333514994090147
289	2.333514994090147
290	2.333514994090147
291	5.812722990654973
292	5.812722990654973
293	5.812722990654973
294	4.652398825943154
295	4.652398825943154
296	4.652398825943154
297	4.953471125320098
298	4.953471125320098
299	4.953471125320098
300	4.740724418125095
301	4.740724418125095
302	4.740724418125095
303	2.991821457312687
304	2.991821457312687
305	2.991821457312687
306	3.3687780378999914
307	3.3687780378999914
308	3.3687780378999914
309	3.009287394594705
310	3.009287394594705
311	3.009287394594705
312	2.446416920226747
313	2.446416920226747
314	2.446416920226747
315	2.5915259492045437
316	2.5915259492045437
317	2.5915259492045437
318	6.797172852566919
319	6.797172852566919
320	6.797172852566919
321	0.7722229137613277
322	0.7722229137613277
323	0.7722229137613277
324	3.395737335056733
325	3.395737335056733
326	3.395737335056733
327	2.991522566737193
328	2.991522566737193
329	2.991522566737193
330	4.410084872316587
331	4.410084872316587
332	4.410084872316587
333	3.756931512375574
334	3.756931512375574
335	3.756931512375574
336	5.428215082815236
337	5.428215082815236
338	5.428215082815236
339	5.362840917585573
340	5.362840917585573
341	5.362840917585573
342	4.592002715127871
343	4.592002715127871
344	4.592002715127871
345	3.998273938432397
346	3.998273938432397
347	3.998273938432397
348	3.364823759608392
349	3.364823759608392
350	3.364823759608392
351	3.286039716586149
352	3.286039716586149
353	3.286039716586149
354	5.5495026614591065
355	5.5495026614591065
356	5.5495026614591065
357	2.569887906215988
358	2.569887906215988
359	2.569887906215988
360	5.83086237555694
361	5.83086237555694
362	5.83086237555694
363	4.282498736950472
364	4.282498736950472
365	4.282498736950472
366	5.4172076261061735
367	5.4172076261061735
368	5.4172076261061735
369	3.6391646005769953
370	3.6391646005769953
371	3.6391646005769953
372	2.3698544079954864
373	2.3698544079954864
374	2.3698544079954864
375	4.567901427454127
376	4.567901427454127
377	4.567901427454127
378	4.307740741374691
379	4.307740741374691
380	4.307740741374691
381	5.427912988459227
382	5.427912988459227
383	5.427912988459227
384	4.4815664954008225
385	4.4815664954008225
386	4.4815664954008225
387	2.8239277608304865
388	2.8239277608304865
389	2.8239277608304865
390	2.6227876215629164
391	2.6227876215629164
392	2.6227876215629164
393	2.9818639782392604
394	2.9818639782392604
395	2.9818639782392604
396	4.945242832580391
397	4.945242832580391
398	4.945242832580391
399	2.314868223579447
400	2.314868223579447
401	2.314868223579447
402	4.203492520424783
403	4.203492520424783
404	4.203492520424783
405	3.2151838263592176
406	3.2151838263592176
407	3.2151838263592176
408	6.040058511721455
409	6.040058511721455
410	6.040058511721455
411	3.443084139157713
412	3.443084139157713
413	3.443084139157713
414	3.6140669788187325
415	3.6140669788187325
416	3.6140669788187325
417	2.027309871552058
418	2.027309871552058
419	2.027309871552058
420	3.197462431892972
421	3.197462431892972
422	3.197462431892972
423	4.041342970556351
424	4.041342970556351
425	4.041342970556351
426	3.693368530008097
427	3.693368530008097
428	3.693368530008097
429	4.239773230020062
430	4.239773230020062
431	4.239773230020062
432	3.2434246962972777
433	3.2434246962972777
434	3.2434246962972777
435	2.0198993998799013
436	2.0198993998799013
437	2.0198993998799013
438	1.4693470860433329
439	1.4693470860433329
440	1.4693470860433329
441	5.690544317891689
442	5.690544317891689
443	5.690544317891689
444	3.0253755520608534
445	3.0253755520608534
446	3.0253755520608534
447	3.9246718490926975
448	3.9246718490926975
449	3.9246718490926975
450	1.396927998626051
451	1.396927998626051
452	1.396927998626051
453	4.427501813701003
454	4.427501813701003
455	4.427501813701003
456	3.715765429467664
457	3.715765429467664
458	3.715765429467664
459	4.381582444881136
460	4.381582444881136
461	4.381582444881136
462	4.506261751550805
463	4.506261751550805
464	4.506261751550805
465	4.618651953081658
466	4.618651953081658
467	4.618651953081658
468	1.7580044027140054
469	1.7580044027140054
470	1.7580044027140054
471	6.42110067826361
472	6.42110067826361
473	6.42110067826361
474	4.722984918562078
475	4.722984918562078
476	4.722984918562078
477	4.111084243981636
478	4.111084243981636
479	4.111084243981636
480	4.762823325434018
481	4.762823325434018
482	4.762823325434018
483	3.2683223784983206
484	3.2683223784983206
485	3.2683223784983206
486	1.0494287560301792
487	1.0494287560301792
488	1.0494287560301792
489	1.6009650745550554
490	1.6009650745550554
491	1.6009650745550554
492	4.729380631511462
493	4.729380631511462
494	4.729380631511462
495	4.528446367459881
496	4.528446367459881
497	4.528446367459881
498	5.062027477387591
499	5.062027477387591
500	5.062027477387591
501	2.21375872790664
502	2.21375872790664
503	2.21375872790664
504	5.614050913924215
505	5.614050913924215
506	5.614050913924215
507	3.7382649947058493
508	3.7382649947058493
509	3.7382649947058493
510	2.6879713326866823
511	2.6879713326866823
512	2.6879713326866823
513	2.741142426983763
514	2.741142426983763
515	2.741142426983763
516	4.4233812372891945
517	4.4233812372891945
518	4.4233812372891945
519	4.962555264334048
520	4.962555264334048
521	4.962555264334048
522	2.462909893378736
523	2.462909893378736
524	2.462909893378736
525	1.6113054632241441
526	1.6113054632241441
527	1.6113054632241441
528	5.07206157447271
529	5.07206157447271
530	5.07206157447271
531	4.925612844628089
532	4.925612844628089
533	4.925612844628089
534	3.8028274736265764
535	3.8028274736265764
536	3.8028274736265764
537	5.046863123030931
538	5.046863123030931
539	5.046863123030931
540	3.7447379804189835
541	3.7447379804189835
542	3.7447379804189835
543	2.972778426565471
544	2.972778426565471
545	2.972778426565471
546	1.5919412030804034
547	1.5919412030804034
548	1.5919412030804034
549	1.5604474783966276
550	1.5604474783966276
551	1.5604474783966276
552	4.684542161814482
553	4.684542161814482
554	4.684542161814482
555	1.7955195407159161
556	1.7955195407159161
557	1.7955195407159161
558	2.631101115349684
559	2.631101115349684
560	2.631101115349684
561	1.8943649115909487
562	1.8943649115909487
563	1.8943649115909487
564	2.6985801453999487
565	2.6985801453999487
566	2.6985801453999487
567	4.226058921703634
568	4.226058921703634
569	4.226058921703634
570	4.342688366998765
571	4.342688366998765
572	4.342688366998765
573	3.8519942663726505
574	3.8519942663726505
575	3.8519942663726505
576	3.380453905054473
577	3.380453905054473
578	3.380453905054473
579	3.1444156693083434
580	3.1444156693083434
581	3.1444156693083434
582	3.465653503916264
583	3.465653503916264
584	3.465653503916264
585	2.951393926847436
586	2.951393926847436
587	2.951393926847436
588	3.6644586170474858
589	3.6644586170474858
590	3.6644586170474858
591	4.25515647970253
592	4.25515647970253
593	4.25515647970253
594	4.841294683611663
595	4.841294683611663
596	4.841294683611663
597	2.5758138238273305
598	2.5758138238273305
599	2.5758138238273305
600	3.284681414554157
601	3.284681414554157
602	3.284681414554157
603	5.043266323323497
604	5.043266323323497
605	5.043266323323497
606	3.609177097175365
607	3.609177097175365
608	3.609177097175365
609	2.872139277401783
610	2.872139277401783
611	2.872139277401783
612	5.5853220777945625
613	5.5853220777945625
614	5.5853220777945625
615	5.975882762832489
616	5.975882762832489
617	5.975882762832489
618	4.200259989235005
619	4.200259989235005
620	4.200259989235005
621	2.7557879112990467
622	2.7557879112990467
623	2.7557879112990467
624	2.4705777555024904
625	2.4705777555024904
626	2.4705777555024904
627	3.855347380501662
628	3.855347380501662
629	3.855347380501662
630	2.8991669119217542
631	2.8991669119217542
632	2.8991669119217542
633	1.2899180735525415
634	1.2899180735525415
635	1.2899180735525415
636	4.779429194941146
637	4.779429194941146
638	4.779429194941146
639	3.1696087354624023
640	3.1696087354624023
641	3.1696087354624023
642	4.131556749511553
643	4.131556749511553
644	4.131556749511553
645	2.247573049773243
646	2.247573049773243
647	2.247573049773243
648	3.943095656089029
649	3.943095656089029
650	3.943095656089029
651	3.4782576195137476
652	3.4782576195137476
653	3.4782576195137476
654	4.4356331786315435
655	4.4356331786315435
656	4.4356331786315435
657	3.1296893847557037
658	3.1296893847557037
659	3.1296893847557037
660	2.9269843835761145
661	2.9269843835761145
662	2.9269843835761145
663	3.326363773124254
664	3.326363773124254
665	3.326363773124254
666	4.11550967496156
667	4.11550967496156
668	4.11550967496156
669	3.936742228602051
670	3.936742228602051
671	3.936742228602051
672	2.446732306485818
673	2.446732306485818
674	2.446732306485818
675	2.1451859258229105
676	1.7473327705401447
677	1.7473327705401447
678	1.7473327705401447
679	1.3390800504690774
680	1.3390800504690774
681	1.3390800504690774
682	2.0291951356624875
683	2.0291951356624875
684	2.0291951356624875
685	1.9359858151854796
686	1.9359858151854796
687	1.9359858151854796
688	3.0992024063439727
689	3.0992024063439727
690	3.0992024063439727
691	2.008098464259483
692	2.008098464259483
693	2.008098464259483
694	3.224976200484238
695	3.224976200484238
696	3.224976200484238
697	2.0598908987730726
698	2.0598908987730726
699	2.0598908987730726
700	1.3462011875186388
701	1.3462011875186388
702	1.3462011875186388
703	2.288071749417655
704	2.288071749417655
705	2.288071749417655
706	2.840722217231037
707	2.840722217231037
708	2.840722217231037
709	1.2945178443090581
710	1.2945178443090581
711	1.2945178443090581
712	2.3310552551467927
713	2.3310552551467927
714	2.3310552551467927
715	3.849439396688143
716	3.849439396688143
717	3.849439396688143
718	1.8943871922457136
719	1.8943871922457136
720	1.8943871922457136
721	2.433019043339599
722	2.433019043339599
723	2.433019043339599
724	1.667111765027556
725	1.667111765027556
726	1.667111765027556
727	3.3835161869333272
728	3.3835161869333272
729	3.3835161869333272
730	2.100905609215989
731	2.100905609215989
732	2.100905609215989
733	2.6810124697029325
734	2.6810124697029325
735	2.6810124697029325
736	1.7726467587116748
737	1.7726467587116748
738	1.7726467587116748
739	1.4244465245221352
740	1.4244465245221352
741	1.4244465245221352
742	2.0231389213372553
743	2.0231389213372553
744	2.0231389213372553
745	2.278249570677195
746	2.278249570677195
747	2.278249570677195
748	0.7982103295131393
749	0.7982103295131393
750	0.7982103295131393
751	2.191599788428752
752	2.191599788428752
753	2.191599788428752
754	1.8218271615893755
755	1.8218271615893755
756	1.8218271615893755
757	1.9639368193698534
758	1.9639368193698534
759	1.9639368193698534
760	2.598270642448491
761	2.598270642448491
762	2.598270642448491
763	1.3919572625777104
764	1.3919572625777104
765	1.3919572625777104
766	3.0984552035988173
767	3.0984552035988173
768	3.0984552035988173
769	2.448693093397229
770	2.448693093397229
771	2.448693093397229
772	1.8212951809616165
773	1.8212951809616165
774	1.8212951809616165
775	2.478833037690459
776	2.478833037690459
777	2.478833037690459
778	3.3626972447742745
779	3.3626972447742745
780	3.3626972447742745
781	2.8140199810383306
782	2.8140199810383306
783	2.8140199810383306
784	2.395950091524749
785	2.395950091524749
786	2.395950091524749
787	3.853944996507474
788	3.853944996507474
789	3.853944996507474
790	3.1091003456049533
791	3.1091003456049533
792	3.1091003456049533
793	2.175136532399498
794	2.175136532399498
795	2.175136532399498
796	1.844036940518208
797	1.844036940518208
798	1.844036940518208
799	2.778923822364495
800	2.778923822364495
801	2.778923822364495
802	2.86798855254141
803	2.86798855254141
804	2.86798855254141
805	1.9529289230996545
806	1.9529289230996545
807	1.9529289230996545
808	1.9965036887916208
809	1.9965036887916208
810	1.9965036887916208
811	1.9026355345842605
812	1.9026355345842605
813	1.9026355345842605
814	1.4742056845373108
815	1.4742056845373108
816	1.4742056845373108
817	1.941133075868659
818	1.941133075868659
819	1.941133075868659
820	1.9224485102788642
821	1.9224485102788642
822	1.9224485102788642
823	1.8115819759149625
824	1.8115819759149625
825	1.8115819759149625
826	2.053327749005852
827	2.053327749005852
828	2.053327749005852
829	1.4861981035362004
830	1.4861981035362004
831	1.4861981035362004
832	2.370731735674523
833	2.370731735674523
834	2.370731735674523
835	2.9346189066597113
836	2.9346189066597113
837	2.9346189066597113
838	1.226069422614497
839	1.226069422614497
840	1.226069422614497
841	1.7517091801137765
842	1.7517091801137765
843	1.7517091801137765
844	1.5723244058884471
845	1.5723244058884471
846	1.5723244058884471
847	1.9237298461440495
848	1.9237298461440495
849	1.9237298461440495
850	2.094042589112891
851	2.094042589112891
852	2.094042589112891
853	0.8817461006745535
854	0.8817461006745535
855	0.8817461006745535
856	0.38582466895437717
857	0.38582466895437717
858	0.38582466895437717
859	1.5713027449999293
860	1.5713027449999293
861	1.5713027449999293
862	0.7059464437654932
863	0.7059464437654932
864	0.7059464437654932
865	1.8509897330656546
866	1.8509897330656546
867	1.8509897330656546
868	1.1739153409999556
869	1.1739153409999556
870	1.1739153409999556
871	1.3271870639265604
872	1.3271870639265604
873	1.3271870639265604
874	1.1551670598225148
875	1.1551670598225148
876	1.1551670598225148
877	2.146884085499306
878	2.146884085499306
879	2.146884085499306
880	2.2570187126851335
881	2.2570187126851335
882	2.2570187126851335
883	2.571549977768496
884	2.571549977768496
885	2.571549977768496
886	1.7187877603937907
887	1.7187877603937907
888	1.7187877603937907
889	1.523054895997051
890	1.523054895997051
891	1.523054895997051
892	0.9317064714832685
893	0.9317064714832685
894	0.9317064714832685
895	1.7518919210009454
896	1.7518919210009454
897	1.7518919210009454
898	1.7283686841633374
899	1.7283686841633374
900	1.7283686841633374
901	1.1925012578726502
902	1.1925012578726502
903	1.1925012578726502
904	2.128442960754116
905	2.128442960754116
906	2.128442960754116
907	1.416395349263123
908	1.416395349263123
909	1.416395349263123
910	1.4315058598622983
911	1.4315058598622983
912	1.4315058598622983
913	1.4568597953060072
914	1.4568597953060072
915	1.4568597953060072
916	1.4752997697631214
917	1.4752997697631214
918	1.4752997697631214
919	1.5577993631530638
920	1.5577993631530638
921	1.5577993631530638
922	2.200414127268689
923	2.200414127268689
924	2.200414127268689
925	2.0321847888487587
926	2.0321847888487587
927	2.0321847888487587
928	1.1839434130281656
929	1.1839434130281656
930	1.1839434130281656
931	1.572406816966579
932	1.572406816966579
933	1.572406816966579
934	1.9996137591516312
935	1.9996137591516312
936	1.9996137591516312
937	1.7986613337221784
938	1.7986613337221784
939	1.7986613337221784
940	1.6736231999500555
941	1.6736231999500555
942	1.6736231999500555
943	1.6964779183948495
944	1.6964779183948495
945	1.6964779183948495
946	1.7244353800428274
947	1.7244353800428274
948	1.7244353800428274
949	1.7672913186644352
950	1.7672913186644352
951	1.7672913186644352
952	0.6536949425086426
953	0.6536949425086426
954	0.6536949425086426
955	1.3424250035378817
956	1.3424250035378817
957	1.3424250035378817
958	1.0685557320793861
959	1.0685557320793861
960	1.0685557320793861
961	1.4711782806368676
962	1.4711782806368676
963	1.4711782806368676
964	1.6584690496560992
965	1.6584690496560992
966	1.6584690496560992
967	1.9530695883460634
968	1.9530695883460634
969	1.9530695883460634
970	1.5292376157135414
971	1.5292376157135414
972	1.5292376157135414
973	1.2373220274767827
974	1.2373220274767827
975	1.2373220274767827
976	1.5383839492397844
977	1.5383839492397844
978	1.5383839492397844
979	1.6591228619120697
980	1.6591228619120697
981	1.6591228619120697
982	1.9266129997238841
983	1.9266129997238841
984	1.9266129997238841
985	2.478358033080597
986	2.478358033080597
987	2.478358033080597
988	1.2339861998534802
989	1.2339861998534802
990	1.2339861998534802
991	2.205858416853715
992	2.205858416853715
993	2.205858416853715
994	1.21787740046732
995	1.21787740046732
996	1.21787740046732
997	1.8699021713282857
998	1.8699021713282857
999	1.8699021713282857
1000	2.063226070202766
1001	2.063226070202766
1002	2.063226070202766
1003	1.229997486303798
1004	1.229997486303798
1005	1.229997486303798
1006	1.7605954465889884
1007	1.7605954465889884
1008	1.7605954465889884
1009	1.7687754614034916
1010	1.7687754614034916
1011	1.7687754614034916
1012	1.4543230795202016
1013	1.4543230795202016
1014	1.4543230795202016
1015	1.3817074884915868
1016	1.3817074884915868
1017	1.3817074884915868
1018	1.7165673658563985
1019	1.7165673658563985
1020	1.7165673658563985
1021	1.1897207025001233
1022	1.1897207025001233
1023	1.1897207025001233
1024	1.5313506464977502
1025	1.5313506464977502
1026	1.5313506464977502
1027	0.8439763565738622
1028	0.8439763565738622
1029	0.8439763565738622
1030	1.6119546874275683
1031	1.6119546874275683
1032	1.6119546874275683
1033	1.5379961198845808
1034	1.5379961198845808
1035	1.5379961198845808
1036	1.7780966302891108
1037	1.7780966302891108
1038	1.7780966302891108
1039	1.6894223129025436
1040	1.6894223129025436
1041	1.6894223129025436
1042	1.1820094250870292
1043	1.1820094250870292
1044	1.1820094250870292
1045	0.8574931005245534
1046	0.8574931005245534
1047	0.8574931005245534
1048	2.122629440130743
1049	2.122629440130743
1050	2.122629440130743
1051	1.1812268703995628
1052	1.1812268703995628
1053	1.1812268703995628
1054	1.1832185019839858
1055	1.1832185019839858
1056	1.1832185019839858
1057	1.34822234824259
1058	1.34822234824259
1059	1.34822234824259
1060	1.6786050829960815
1061	1.6786050829960815
1062	1.6786050829960815
1063	1.1864662486920867
1064	1.1864662486920867
1065	1.0203788256981132
1066	1.0203788256981132
1067	1.0203788256981132
1068	3.227826340741613
1069	3.227826340741613
1070	3.227826340741613
1071	1.7393672483227387
1072	1.7393672483227387
1073	1.7393672483227387
1074	2.7577283239127546
1075	2.7577283239127546
1076	2.7577283239127546
1077	3.0561276210301656
1078	3.0561276210301656
1079	3.0561276210301656
1080	2.839072800647152
1081	2.839072800647152
1082	2.839072800647152
1083	3.30727480456493
1084	3.30727480456493
1085	3.30727480456493
1086	1.7303384748751824
1087	1.7303384748751824
1088	1.7303384748751824
1089	3.1993462365660217
1090	3.1993462365660217
1091	3.1993462365660217
1092	2.091801603904108
1093	2.091801603904108
1094	2.091801603904108
1095	2.4940375011213183
1096	2.4940375011213183
1097	2.4940375011213183
1098	3.3717496282368504
1099	3.3717496282368504
1100	3.3717496282368504
1101	3.2631038669103294
1102	3.2631038669103294
1103	3.2631038669103294
1104	1.2736127597632134
1105	1.2736127597632134
1106	1.2736127597632134
1107	3.7555096189843207
1108	3.7555096189843207
1109	3.7555096189843207
1110	2.1964183265192174
1111	2.1964183265192174
1112	2.1964183265192174
1113	1.6799015464308864
1114	1.6799015464308864
1115	1.6799015464308864
1116	2.910123212925301
1117	2.910123212925301
1118	2.910123212925301
1119	2.088041317799175
1120	2.088041317799175
1121	2.088041317799175
1122	1.619528496645838
1123	1.619528496645838
1124	1.619528496645838
1125	3.454207568265222
1126	3.454207568265222
1127	3.454207568265222
1128	2.115305768051528
1129	2.115305768051528
1130	2.115305768051528
1131	2.6652034674258083
1132	2.6652034674258083
1133	2.6652034674258083
1134	3.296759727710787
1135	3.296759727710787
1136	3.296759727710787
1137	3.298314417606015
1138	3.298314417606015
1139	3.298314417606015
1140	1.7355095144160668
1141	1.7355095144160668
1142	1.7355095144160668
1143	2.117454170008735
1144	2.117454170008735
1145	2.117454170008735
1146	4.609408008516729
1147	4.609408008516729
1148	4.609408008516729
1149	2.694130158204648
1150	2.694130158204648
1151	2.694130158204648
1152	2.003397546246457
1153	2.003397546246457
1154	2.003397546246457
1155	2.247337035729723
1156	2.247337035729723
1157	2.247337035729723
1158	2.1119980064834274
1159	2.1119980064834274
1160	2.1119980064834274
1161	2.247031141743718
1162	2.247031141743718
1163	2.247031141743718
1164	4.868318775614392
1165	4.868318775614392
1166	4.868318775614392
1167	4.252676532176785
1168	4.252676532176785
1169	4.252676532176785
1170	6.855821650587516
1171	6.855821650587516
1172	6.855821650587516
1173	2.549391158765519
1174	2.549391158765519
1175	2.549391158765519
1176	3.795280937687126
1177	3.795280937687126
1178	3.795280937687126
1179	3.799743299527859
1180	3.799743299527859
1181	3.799743299527859
1182	2.7470684053944665
1183	2.7470684053944665
1184	2.7470684053944665
1185	4.543042467152328
1186	4.543042467152328
1187	4.543042467152328
1188	3.572686403901778
1189	3.572686403901778
1190	3.572686403901778
1191	1.8711508421408864
1192	1.8711508421408864
1193	1.8711508421408864
1194	4.8440283644120115
1195	4.8440283644120115
1196	4.8440283644120115
1197	3.951047281218827
1198	3.951047281218827
1199	3.951047281218827
1200	5.549788638497817
1201	5.549788638497817
1202	5.549788638497817
1203	4.919284006086111
1204	4.919284006086111
1205	4.919284006086111
1206	3.916300789801914
1207	3.916300789801914
1208	3.916300789801914
1209	3.6824944361222984
1210	3.6824944361222984
1211	3.6824944361222984
1212	4.269061098492768
1213	4.269061098492768
1214	4.269061098492768
1215	5.933828193926468
1216	5.933828193926468
1217	5.933828193926468
1218	4.590346750012143
1219	4.590346750012143
1220	4.590346750012143
1221	4.349206754025839
1222	4.349206754025839
1223	4.349206754025839
1224	4.509781080516841
1225	4.509781080516841
1226	4.509781080516841
1227	3.090039401831789
1228	3.090039401831789
1229	3.090039401831789
1230	4.716153938020427
1231	4.716153938020427
1232	4.716153938020427
1233	5.505721328830361
1234	5.505721328830361
1235	5.505721328830361
1236	3.177541996914295
1237	3.177541996914295
1238	3.177541996914295
1239	6.951283462666553
1240	6.951283462666553
1241	6.951283462666553
1242	4.670092835700445
1243	4.670092835700445
1244	4.670092835700445
1245	5.280162650520534
1246	5.280162650520534
1247	5.280162650520534
1248	3.193668602513842
1249	3.193668602513842
1250	3.193668602513842
1251	6.141424498262472
1252	6.141424498262472
1253	6.141424498262472
1254	4.345854468566058
1255	4.345854468566058
1256	4.345854468566058
1257	8.127762298173423
1258	8.127762298173423
1259	8.127762298173423
1260	3.67227801613218
1261	3.67227801613218
1262	3.67227801613218
1263	4.084035685721037
1264	4.084035685721037
1265	4.084035685721037
1266	6.063218968727744
1267	6.063218968727744
1268	6.063218968727744
1269	5.689744400428849
1270	5.689744400428849
1271	5.689744400428849
1272	3.7953626879666995
1273	3.7953626879666995
1274	3.7953626879666995
1275	1.2950405349016547
1276	1.2950405349016547
1277	1.2950405349016547
1278	4.719994981091662
1279	4.719994981091662
1280	4.719994981091662
1281	4.688167588018546
1282	4.688167588018546
1283	4.688167588018546
1284	5.149272664377306
1285	5.149272664377306
1286	5.149272664377306
1287	7.390295192261881
1288	7.390295192261881
1289	7.390295192261881
1290	5.312683731840048
1291	5.312683731840048
1292	5.312683731840048
1293	5.918906072307241
1294	2.1110091375781344
1295	2.1110091375781344
1296	2.1110091375781344
1297	1.8773060966220467
1298	1.8773060966220467
1299	1.8773060966220467
1300	0.9044175894931272
1301	0.9044175894931272
1302	0.9044175894931272
1303	1.167291792490254
1304	1.167291792490254
1305	1.167291792490254
1306	1.08437625164275
1307	1.08437625164275
1308	1.08437625164275
1309	1.3162835956187127
1310	1.3162835956187127
1311	1.3162835956187127
1312	1.4889872923858043
1313	1.4889872923858043
1314	1.4889872923858043
1315	1.1613704854694094
1316	1.1613704854694094
1317	1.1613704854694094
1318	1.7790898654037153
1319	1.7790898654037153
1320	1.7790898654037153
1321	1.4828079737550792
1322	1.4828079737550792
1323	1.4828079737550792
1324	0.8715552579546147
1325	0.8715552579546147
1326	0.8715552579546147
1327	2.1459114430900708
1328	2.1459114430900708
1329	2.1459114430900708
1330	1.6685563966149244
1331	1.6685563966149244
1332	1.6685563966149244
1333	1.2327495821325525
1334	1.2327495821325525
1335	1.2327495821325525
1336	1.1409501424643518
1337	1.1409501424643518
1338	1.1409501424643518
1339	1.6197780695910358
1340	1.6197780695910358
1341	1.6197780695910358
1342	1.8564529299394408
1343	1.8564529299394408
1344	1.8564529299394408
1345	1.4078332212304239
1346	1.4078332212304239
1347	1.4078332212304239
1348	1.2530245085275713
1349	1.2530245085275713
1350	1.2530245085275713
1351	2.0752532555318153
1352	2.0752532555318153
1353	2.0752532555318153
1354	1.2511576757369989
1355	1.2511576757369989
1356	2.8442479265699308
1357	2.8442479265699308
1358	2.8442479265699308
1359	3.3566329833998063
1360	3.3566329833998063
1361	3.3566329833998063
1362	1.062679291528004
1363	1.062679291528004
1364	1.062679291528004
1365	1.3935426261450607
1366	1.3935426261450607
1367	1.3935426261450607
1368	1.3990641886447834
1369	1.3990641886447834
1370	1.3990641886447834
1371	2.2562744478961596
1372	2.2562744478961596
1373	2.2562744478961596
1374	2.2964997139468952
1375	2.2964997139468952
1376	2.2964997139468952
1377	2.304882464864307
1378	2.304882464864307
1379	2.304882464864307
1380	1.8381043658650031
1381	1.8381043658650031
1382	1.8381043658650031
1383	2.4999571982617512
1384	2.4999571982617512
1385	2.4999571982617512
1386	2.367438298714909
1387	2.367438298714909
1388	2.367438298714909
1389	2.316625227320811
1390	2.316625227320811
1391	2.316625227320811
1392	0.6127044109193016
1393	0.6127044109193016
1394	0.6127044109193016
1395	2.2819674982868188
1396	2.2819674982868188
1397	2.2819674982868188
1398	2.001636415973192
1399	2.001636415973192
1400	2.001636415973192
1401	2.772617678145119
1402	2.772617678145119
1403	2.772617678145119
1404	1.485509000785239
1405	1.485509000785239
1406	1.485509000785239
1407	2.055773769785304
1408	2.055773769785304
1409	2.055773769785304
1410	1.245251290995812
1411	1.245251290995812
1412	1.245251290995812
1413	1.8788417941767497
1414	1.8788417941767497
1415	1.8788417941767497
1416	0.7597595537668111
1417	0.7597595537668111
1418	0.7597595537668111
1419	1.630890704063944
1420	1.630890704063944
1421	1.630890704063944
1422	1.717405997416932
1423	1.717405997416932
1424	1.717405997416932
1425	1.82878618763143
1426	1.82878618763143
1427	1.82878618763143
1428	2.1913969551035555
1429	2.1913969551035555
1430	2.1913969551035555
1431	2.4982683317440806
1432	2.4982683317440806
1433	2.4982683317440806
1434	2.4827071227687156
1435	2.4827071227687156
1436	2.4827071227687156
1437	2.3933937803754355
1438	2.3933937803754355
1439	2.3933937803754355
1440	2.4847312718954355
1441	2.4847312718954355
1442	2.4847312718954355
1443	3.4652540374101677
1444	3.4652540374101677
1445	3.4652540374101677
1446	0.4021075159153624
1447	0.4021075159153624
1448	0.4021075159153624
1449	2.003656342115124
1450	2.003656342115124
1451	2.003656342115124
1452	2.3875102276251026
1453	2.3875102276251026
1454	2.3875102276251026
1455	1.8227612933456712
1456	1.8227612933456712
1457	1.8227612933456712
1458	1.8148994921179156
1459	1.8148994921179156
1460	1.8148994921179156
1461	2.117439095026258
1462	2.117439095026258
1463	2.117439095026258
1464	1.470318345710373
1465	1.470318345710373
1466	1.470318345710373
1467	2.8099004544349135
1468	2.8099004544349135
1469	2.8099004544349135
1470	1.388628124179184
1471	3.690094331273653
1472	3.690094331273653
1473	3.690094331273653
1474	2.326984622689433
1475	2.326984622689433
1476	2.326984622689433
1477	4.935897666261045
1478	4.935897666261045
1479	4.935897666261045
1480	3.934224992437779
1481	3.934224992437779
1482	3.934224992437779
1483	3.805518232568489
1484	3.805518232568489
1485	3.805518232568489
1486	2.8370081638446427
1487	2.8370081638446427
1488	2.8370081638446427
1489	5.049313644849457
1490	5.049313644849457
1491	5.049313644849457
1492	4.979914872106381
1493	4.979914872106381
1494	4.979914872106381
1495	5.05594249000691
1496	5.05594249000691
1497	5.05594249000691
1498	4.025048758908562
1499	4.025048758908562
1500	4.025048758908562
1501	6.1803845768100665
1502	6.1803845768100665
1503	6.1803845768100665
1504	5.497225717467105
1505	5.497225717467105
1506	5.497225717467105
1507	4.3750516441837926
1508	4.3750516441837926
1509	4.3750516441837926
1510	4.979838236660644
1511	4.979838236660644
1512	4.979838236660644
1513	3.5059763138704967
1514	3.5059763138704967
1515	3.5059763138704967
1516	0.8046950391438923
1517	0.8046950391438923
1518	0.8046950391438923
1519	4.1471183457960485
1520	4.1471183457960485
1521	2.3581988330577457
1522	1.817849178885055
1523	1.817849178885055
1524	1.817849178885055
1525	1.6407473360176654
1526	1.6407473360176654
1527	1.6407473360176654
1528	1.4630667708548728
1529	4.064545633633891
1530	4.064545633633891
1531	4.064545633633891
1532	4.4527955842626294
1533	4.4527955842626294
1534	4.4527955842626294
1535	4.764823036869596
1536	4.764823036869596
1537	4.764823036869596
1538	2.955885078391491
1539	2.955885078391491
1540	2.955885078391491
1541	2.4110447076821337
1542	2.4110447076821337
1543	2.4110447076821337
1544	6.120549063533759
1545	6.120549063533759
1546	6.120549063533759
1547	4.823310944037204
1548	4.823310944037204
1549	4.823310944037204
1550	4.807159116635718
1551	4.807159116635718
1552	4.807159116635718
1553	4.301154125615525
1554	4.301154125615525
1555	4.301154125615525
1556	4.820133302478345
1557	4.820133302478345
1558	4.820133302478345
1559	4.748632587475708
1560	4.748632587475708
1561	4.748632587475708
1562	4.692877910831887
1563	4.692877910831887
1564	4.692877910831887
1565	5.521508302078438
1566	5.521508302078438
1567	5.521508302078438
1568	6.022560435549108
1569	1.5522031618620833
1570	1.5522031618620833
1571	1.5522031618620833
1572	3.398003732437788
1573	3.398003732437788
1574	3.398003732437788
1575	3.127488780335668
1576	3.127488780335668
1577	3.127488780335668
1578	1.0797387199474051
1579	1.0797387199474051
1580	1.0797387199474051
1581	2.0803079192703313
1582	2.0803079192703313
1583	2.0803079192703313
1584	1.45383547553574
1585	1.45383547553574
1586	1.45383547553574
1587	1.1347875915046681
1588	1.1347875915046681
1589	1.1347875915046681
1590	2.961027806758179
1591	2.961027806758179
1592	2.961027806758179
1593	1.4090345783024014
1594	1.4090345783024014
1595	1.4090345783024014
1596	2.8773735443080923
1597	2.8773735443080923
1598	2.8773735443080923
1599	1.5642097480319297
1600	1.5642097480319297
1601	1.5642097480319297
1602	1.912708786000803
1603	0.1410876446421891
1604	0.1410876446421891
1605	0.1410876446421891
1606	0.17560671311135462
1607	0.17560671311135462
1608	0.17560671311135462
1609	0.25480281534504
1610	0.25480281534504
1611	0.25480281534504
1612	0.17852523829116
1613	0.17852523829116
1614	0.17852523829116
1615	0.15072023712872418
1616	0.15072023712872418
1617	0.15072023712872418
1618	0.21180012971697104
1619	0.21180012971697104
1620	0.21180012971697104
1621	0.2134437821161832
1622	0.2134437821161832
1623	0.2134437821161832
1624	0.23583314756410984
1625	0.23583314756410984
1626	0.23583314756410984
1627	0.19897023016370532
1628	0.19897023016370532
1629	0.19897023016370532
1630	0.1
1631	0.1
1632	0.1
1633	0.19716659112570425
1634	0.19716659112570425
1635	0.19716659112570425
1636	0.2443422879061335
1637	0.2443422879061335
1638	0.2443422879061335
1639	0.16450377532795074
1640	0.16450377532795074
1641	0.16450377532795074
1642	0.2847685536513094
1643	0.2847685536513094
1644	0.2847685536513094
1645	0.18920450081517598
1646	3.507806410033374
1647	3.507806410033374
1648	3.507806410033374
1649	3.5251713755135357
1650	3.5251713755135357
1651	3.5251713755135357
1652	2.6907088886841666
1653	2.6907088886841666
1654	2.6907088886841666
1655	4.429245757359983
1656	5.6745250286931554
1657	5.6745250286931554
1658	5.6745250286931554
1659	1.9209832248569498
1660	1.9209832248569498
1661	1.9209832248569498
1662	2.199963190298814
1663	2.199963190298814
1664	2.199963190298814
1665	2.4783922706828103
1666	2.4783922706828103
1667	2.4783922706828103
1668	2.975278480679369
1669	2.975278480679369
1670	2.975278480679369
1671	3.4488320022740924
1672	3.4488320022740924
1673	3.4488320022740924
1674	4.863062521165629
1675	4.863062521165629
1676	4.863062521165629
1677	3.1709480774509293
1678	3.1709480774509293
1679	3.1709480774509293
1680	1.3578444692710772
1681	1.3578444692710772
1682	1.3578444692710772
1683	3.31689938977518
1684	3.31689938977518
1685	3.31689938977518
1686	2.93618424629196
1687	2.93618424629196
1688	2.93618424629196
1689	4.527304318606323
1690	4.527304318606323
1691	4.527304318606323
1692	2.2466293056325126
1693	2.2466293056325126
1694	2.2466293056325126
1695	3.66265832652516
1696	3.66265832652516
1697	3.66265832652516
1698	4.296791995851983
1699	4.296791995851983
1700	4.296791995851983
1701	3.2491996693533665
1702	3.2491996693533665
1703	3.2491996693533665
1704	3.671736743203115
1705	3.671736743203115
1706	3.671736743203115
1707	4.6473350499825345
1708	4.6473350499825345
1709	4.6473350499825345
1710	4.597401710079064
1711	4.597401710079064
1712	4.597401710079064
1713	4.201010167884734
1714	4.201010167884734
1715	4.201010167884734
1716	3.0817770226114836
1717	3.0817770226114836
1718	3.0817770226114836
1719	3.612781650648274
1720	3.612781650648274
1721	3.612781650648274
1722	2.952332887399405
1723	2.952332887399405
1724	2.952332887399405
1725	5.039376495844373
1726	5.039376495844373
1727	5.039376495844373
1728	4.78082896426577
1729	4.78082896426577
1730	4.78082896426577
1731	4.579356082001825
1732	4.579356082001825
1733	4.579356082001825
1734	4.492599739094385
1735	4.492599739094385
1736	4.492599739094385
1737	2.5887688011574457
1738	2.5887688011574457
1739	2.5887688011574457
1740	4.78109209317466
1741	4.78109209317466
1742	4.78109209317466
1743	1.3272467455428005
1744	1.3272467455428005
1745	1.3272467455428005
1746	4.029466307948072
1747	4.029466307948072
1748	4.029466307948072
1749	2.279138636370016
1750	2.279138636370016
1751	2.279138636370016
1752	6.040262422931967
1753	6.040262422931967
1754	6.040262422931967
1755	3.3935522585108555
1756	3.3935522585108555
1757	3.3935522585108555
1758	3.682334734314605
1759	3.682334734314605
1760	3.682334734314605
1761	1.5953198026676936
1762	1.5953198026676936
1763	1.5953198026676936
1764	0.8397308815170599
1765	0.8397308815170599
1766	0.8397308815170599
1767	0.31456584351080263
1768	0.31456584351080263
1769	0.31456584351080263
1770	0.7837914340599963
1771	0.7837914340599963
1772	0.7837914340599963
1773	0.87999184805489
1774	0.87999184805489
1775	0.87999184805489
1776	0.9309434718916914
1777	0.9309434718916914
1778	0.9309434718916914
1779	0.7595041793704393
1780	0.7595041793704393
1781	0.7595041793704393
1782	0.917399123718273
1783	0.917399123718273
1784	0.917399123718273
1785	1.6438606090306913
1786	1.6438606090306913
1787	1.6438606090306913
1788	1.1848423519708744
1789	1.1848423519708744
1790	2.6791763761457617
1791	2.6791763761457617
1792	2.6791763761457617
1793	3.962675012323917
1794	3.962675012323917
1795	3.962675012323917
1796	4.4980187522374715
1797	4.4980187522374715
1798	4.4980187522374715
1799	1.933558407950712
1800	1.933558407950712
1801	1.933558407950712
1802	3.211326591383518
1803	3.211326591383518
1804	3.211326591383518
1805	4.539942501147124
1806	4.539942501147124
1807	4.539942501147124
1808	4.237133176528511
1809	4.237133176528511
1810	4.237133176528511
1811	3.030147363046031
1812	3.030147363046031
1813	3.030147363046031
1814	2.9124273008335755
1815	2.9124273008335755
1816	2.9124273008335755
1817	2.8789014054793043
1818	2.8789014054793043
1819	2.8789014054793043
1820	2.442378314699864
1821	2.442378314699864
1822	2.442378314699864
1823	1.8446643340332618
1824	1.8446643340332618
1825	1.8446643340332618
1826	2.9414613563578222
1827	2.9414613563578222
1828	2.9414613563578222
1829	1.504270021684234
1830	1.504270021684234
1831	1.504270021684234
1832	4.310898234519199
1833	4.310898234519199
1834	4.310898234519199
1835	3.6966890502297325
1836	3.6966890502297325
1837	3.6966890502297325
1838	1.6500778422061804
1839	1.6500778422061804
1840	1.6500778422061804
1841	4.647306784916413
1842	4.647306784916413
1843	4.647306784916413
1844	2.503834966600564
1845	2.503834966600564
1846	2.503834966600564
1847	2.510186049596545
1848	2.510186049596545
1849	2.510186049596545
1850	3.718380321107677
1851	3.718380321107677
1852	3.718380321107677
1853	3.0652236068922853
1854	3.0652236068922853
1855	3.0652236068922853
1856	1.5959112291483035
1857	1.5959112291483035
1858	1.5959112291483035
1859	2.6007299258284915
1860	2.6007299258284915
1861	2.6007299258284915
1862	3.032747118299853
1863	3.032747118299853
1864	3.032747118299853
1865	2.9221669149207945
1866	2.9221669149207945
1867	2.9221669149207945
1868	1.1837490601497824
1869	1.1837490601497824
1870	1.1837490601497824
1871	3.799949137621026
1872	3.799949137621026
1873	3.799949137621026
1874	4.764484828448001
1875	4.764484828448001
1876	4.764484828448001
1877	3.225191534071244
1878	3.225191534071244
1879	3.225191534071244
1880	2.6276222589052236
1881	2.6276222589052236
1882	2.6276222589052236
1883	2.7791494379149686
1884	2.7791494379149686
1885	2.7791494379149686
1886	2.6559399261902
1887	2.6559399261902
1888	2.6559399261902
1889	3.1405237750274075
1890	3.1405237750274075
1891	3.1405237750274075
1892	4.286815226100954
1893	4.286815226100954
1894	4.286815226100954
1895	1.1341417600942583
1896	1.1341417600942583
1897	1.1341417600942583
1898	2.3149544770014803
1899	2.3149544770014803
1900	2.3149544770014803
1901	2.6286775126314823
1902	2.6286775126314823
1903	2.6286775126314823
1904	2.654893528250058
1905	2.654893528250058
1906	2.654893528250058
1907	2.770028534169604
1908	2.770028534169604
1909	2.770028534169604
1910	3.6056885671809713
1911	3.6056885671809713
1912	3.6056885671809713
1913	2.8092087114517463
1914	2.8092087114517463
1915	2.8092087114517463
1916	2.2822482528578254
1917	2.2822482528578254
1918	2.2822482528578254
1919	3.808451404488919
1920	3.808451404488919
1921	3.808451404488919
1922	3.372624278097584
1923	3.372624278097584
1924	3.372624278097584
1925	4.203199317716495
1926	4.203199317716495
1927	4.203199317716495
1928	3.6090297580804007
1929	3.6090297580804007
1930	3.6090297580804007
1931	2.145966953363513
1932	2.145966953363513
1933	2.145966953363513
1934	3.878814464517513
1935	3.878814464517513
1936	3.878814464517513
1937	3.82495847914918
1938	3.82495847914918
1939	3.82495847914918
1940	3.9354875922980406
1941	3.9354875922980406
1942	3.9354875922980406
1943	0.9200010125603484
1944	0.9200010125603484
1945	0.9200010125603484
1946	4.446608683275749
1947	4.446608683275749
1948	4.446608683275749
1949	3.5169063557448537
1950	3.5169063557448537
1951	3.5169063557448537
1952	2.660226794368042
1953	2.660226794368042
1954	2.660226794368042
1955	2.226058908529622
1956	2.226058908529622
1957	2.226058908529622
1958	3.7297520609812422
1959	3.7297520609812422
1960	3.7297520609812422
1961	3.070330750582045
1962	3.070330750582045
1963	3.070330750582045
1964	3.974288456924408
1965	3.974288456924408
1966	3.974288456924408
1967	1.6412667355514683
1968	1.6412667355514683
1969	1.6412667355514683
1970	2.8939796218900447
1971	2.8939796218900447
1972	2.8939796218900447
1973	4.835817883893717
1974	4.835817883893717
1975	4.835817883893717
1976	2.069204812751434
1977	2.069204812751434
1978	2.069204812751434
1979	4.87039074056608
1980	4.87039074056608
1981	4.87039074056608
1982	4.514947151651377
1983	4.514947151651377
1984	4.514947151651377
1985	2.5855437914851787
1986	2.5855437914851787
1987	2.5855437914851787
1988	1.6752217347626188
1989	1.6752217347626188
1990	1.6752217347626188
1991	2.5536609226895437
1992	2.5536609226895437
1993	2.5536609226895437
1994	4.424252760503452
1995	4.424252760503452
1996	4.424252760503452
1997	2.475088810861113
1998	2.475088810861113
1999	2.475088810861113
