0	0.4520339593158039
1	0.4520339593158039
2	0.4520339593158039
3	0.4520339593158039
4	3.901598593622446
5	3.901598593622446
6	3.901598593622446
7	3.901598593622446
8	3.901598593622446
9	2.685639799186445
10	2.685639799186445
11	2.685639799186445
12	2.685639799186445
13	2.685639799186445
14	5.038790836174986
15	5.038790836174986
16	5.038790836174986
17	5.038790836174986
18	1.4250577442939723
19	1.4250577442939723
20	1.4250577442939723
21	1.4250577442939723
22	1.4250577442939723
23	1.0557793066121128
24	1.0557793066121128
25	5.3449180208099385
26	5.3449180208099385
27	5.3449180208099385
28	5.3449180208099385
29	5.3449180208099385
30	5.1725038035718764
31	5.1725038035718764
32	5.1725038035718764
33	5.1725038035718764
34	5.1725038035718764
35	3.730186705989123
36	1.8763338675091772
37	1.8763338675091772
38	1.8763338675091772
39	1.8763338675091772
40	1.8763338675091772
41	0.5842019510073757
42	0.5842019510073757
43	0.5842019510073757
44	0.5842019510073757
45	0.5842019510073757
46	3.4701762864897314
47	3.4701762864897314
48	3.4701762864897314
49	3.4701762864897314
50	0.9834140619076149
51	0.9834140619076149
52	0.9834140619076149
53	0.9834140619076149
54	0.9834140619076149
55	0.6201931481984372
56	1.396355802446783
57	1.396355802446783
58	1.396355802446783
59	1.396355802446783
60	1.396355802446783
61	1.474970851896122
62	1.474970851896122
63	1.6189894238420834
64	1.6189894238420834
65	4.251745876051318
66	4.251745876051318
67	4.251745876051318
68	4.251745876051318
69	4.251745876051318
70	5.602168612698109
71	5.602168612698109
72	5.602168612698109
73	5.602168612698109
74	5.602168612698109
75	3.0337278544477764
76	3.0337278544477764
77	3.0337278544477764
78	3.0337278544477764
79	3.0337278544477764
80	5.184787279231422
81	5.184787279231422
82	5.184787279231422
83	5.184787279231422
84	5.184787279231422
85	6.3053242819097175
86	6.3053242819097175
87	6.3053242819097175
88	6.3053242819097175
89	6.3053242819097175
90	5.074134902358575
91	5.074134902358575
92	5.074134902358575
93	5.074134902358575
94	5.074134902358575
95	4.752406909600732
96	4.752406909600732
97	4.752406909600732
98	4.752406909600732
99	4.752406909600732
100	5.308351909127998
101	5.308351909127998
102	5.308351909127998
103	5.308351909127998
104	5.308351909127998
105	4.291624724021985
106	4.291624724021985
107	4.291624724021985
108	4.291624724021985
109	4.291624724021985
110	5.883244134932713
111	5.883244134932713
112	5.883244134932713
113	5.883244134932713
114	5.883244134932713
115	2.3904154522009398
116	2.3904154522009398
117	2.3904154522009398
118	2.3904154522009398
119	2.3904154522009398
120	3.220495410957243
121	3.220495410957243
122	3.220495410957243
123	3.220495410957243
124	3.220495410957243
125	5.1520521085913815
126	5.1520521085913815
127	5.1520521085913815
128	5.1520521085913815
129	5.1520521085913815
130	3.994638245903126
131	3.994638245903126
132	1.5750939500155414
133	1.5750939500155414
134	1.5750939500155414
135	1.5750939500155414
136	1.5750939500155414
137	1.5888258277580491
138	1.5888258277580491
139	1.5888258277580491
140	1.5888258277580491
141	1.5888258277580491
142	2.2466140476222902
143	2.2466140476222902
144	2.2466140476222902
145	2.2466140476222902
146	2.2466140476222902
147	1.5532228869559268
148	1.5532228869559268
149	1.5532228869559268
150	1.5532228869559268
151	1.5532228869559268
152	0.37469593930896306
153	0.37469593930896306
154	0.37469593930896306
155	0.37469593930896306
156	0.37469593930896306
157	1.8815542698046037
158	1.8815542698046037
159	1.8815542698046037
160	1.8815542698046037
161	1.8815542698046037
162	2.213772348764068
163	2.213772348764068
164	2.213772348764068
165	4.363138196726046
166	4.363138196726046
167	2.0299104792528926
168	2.0299104792528926
169	2.0299104792528926
170	2.0299104792528926
171	2.0299104792528926
172	0.84386690217206
173	0.84386690217206
174	0.84386690217206
175	0.84386690217206
176	0.84386690217206
177	4.944755284256332
178	4.944755284256332
179	4.944755284256332
180	4.944755284256332
181	4.944755284256332
182	4.331769410998772
183	4.331769410998772
184	4.331769410998772
185	4.331769410998772
186	4.331769410998772
187	4.402289726862105
188	4.402289726862105
189	4.402289726862105
190	3.455569551715041
191	3.455569551715041
192	3.455569551715041
193	3.455569551715041
194	3.455569551715041
195	5.02977106347956
196	2.5709983732611725
197	2.5709983732611725
198	2.5709983732611725
199	2.5709983732611725
200	2.5709983732611725
201	2.558203449909886
202	2.558203449909886
203	2.558203449909886
204	2.558203449909886
205	2.558203449909886
206	3.0108637934067906
207	3.0108637934067906
208	3.0108637934067906
209	3.0108637934067906
210	3.0108637934067906
211	3.303894473635286
212	3.303894473635286
213	3.303894473635286
214	1.5465554649557283
215	1.5465554649557283
216	1.5465554649557283
217	1.5465554649557283
218	1.5465554649557283
219	1.3741428912625224
220	1.3741428912625224
221	1.3741428912625224
222	1.3741428912625224
223	1.3741428912625224
224	1.2625632310000836
225	1.2625632310000836
226	1.2625632310000836
227	1.2625632310000836
228	1.2625632310000836
229	0.9237854298653245
230	0.9237854298653245
231	0.9237854298653245
232	0.9237854298653245
233	0.9237854298653245
234	0.7491025267109928
235	0.7491025267109928
236	0.7491025267109928
237	0.7491025267109928
238	0.7491025267109928
239	1.0292364361064128
240	1.0292364361064128
241	1.0292364361064128
242	1.0292364361064128
243	1.0292364361064128
244	1.0432615297125312
245	1.0432615297125312
246	1.6177547536379222
247	1.6177547536379222
248	1.6177547536379222
249	1.6177547536379222
250	1.6177547536379222
251	0.6350231139023845
252	0.6350231139023845
253	0.6350231139023845
254	0.6350231139023845
255	0.6350231139023845
256	1.4047812231927517
257	1.4047812231927517
258	1.4047812231927517
259	1.4047812231927517
260	1.4047812231927517
261	2.1292198840139003
262	2.1292198840139003
263	2.1292198840139003
264	2.1292198840139003
265	2.1292198840139003
266	1.4702133684798644
267	1.4702133684798644
268	1.4702133684798644
269	1.4702133684798644
270	1.4702133684798644
271	1.7491555655983761
272	1.7491555655983761
273	1.7491555655983761
274	1.7491555655983761
275	5.102408709746403
276	5.102408709746403
277	5.102408709746403
278	5.102408709746403
279	5.102408709746403
280	3.0619512906030755
281	3.0619512906030755
282	3.0619512906030755
283	3.0619512906030755
284	3.0619512906030755
285	5.824996595486729
286	1.87828810679466
287	1.87828810679466
288	1.87828810679466
289	1.87828810679466
290	1.87828810679466
291	0.7369208952707509
292	0.7369208952707509
293	0.7369208952707509
294	0.7369208952707509
295	0.7369208952707509
296	0.4812591502708996
297	0.4812591502708996
298	0.4812591502708996
299	0.4812591502708996
300	3.904717768110312
301	3.904717768110312
302	3.904717768110312
303	3.904717768110312
304	3.904717768110312
305	1.820709582313053
306	1.820709582313053
307	1.820709582313053
308	1.820709582313053
309	1.820709582313053
310	1.0174653415293347
311	1.0174653415293347
312	1.0174653415293347
313	1.0174653415293347
314	1.0174653415293347
315	1.3066376056403728
316	1.3066376056403728
317	1.3066376056403728
318	1.3066376056403728
319	1.3066376056403728
320	0.5726403270559621
321	0.5726403270559621
322	0.5726403270559621
323	0.5726403270559621
324	0.5726403270559621
325	1.064939550034334
326	1.064939550034334
327	1.064939550034334
328	1.064939550034334
329	1.064939550034334
330	1.22634624284044
331	1.22634624284044
332	1.962194172483617
333	1.962194172483617
334	1.962194172483617
335	1.962194172483617
336	1.962194172483617
337	2.337175499210038
338	2.337175499210038
339	2.337175499210038
340	2.337175499210038
341	2.337175499210038
342	6.43138676078945
343	6.43138676078945
344	6.43138676078945
345	6.43138676078945
346	6.43138676078945
347	3.0065045444697955
348	3.0065045444697955
349	3.0065045444697955
350	3.0065045444697955
351	3.0065045444697955
352	3.3754362830043934
353	3.3754362830043934
354	3.3754362830043934
355	3.3754362830043934
356	3.3754362830043934
357	3.0205985333191028
358	3.0205985333191028
359	3.0205985333191028
360	3.0205985333191028
361	3.0205985333191028
362	6.154459300060525
363	6.154459300060525
364	6.154459300060525
365	2.343486050495851
366	2.343486050495851
367	2.343486050495851
368	2.343486050495851
369	2.343486050495851
370	2.1479040622961763
371	2.1479040622961763
372	2.1479040622961763
373	2.1479040622961763
374	2.1479040622961763
375	2.9610657061951486
376	2.9610657061951486
377	2.9610657061951486
378	2.9610657061951486
379	2.9610657061951486
380	0.967593106338885
381	0.967593106338885
382	0.967593106338885
383	0.967593106338885
384	0.967593106338885
385	1.660105946107052
386	1.660105946107052
387	1.660105946107052
388	1.660105946107052
389	1.660105946107052
390	2.0087629464086096
391	2.0087629464086096
392	3.877889564048292
393	3.877889564048292
394	3.877889564048292
395	3.877889564048292
396	3.877889564048292
397	2.3379808206326538
398	2.3379808206326538
399	2.3379808206326538
400	2.3379808206326538
401	4.414851937188789
402	4.414851937188789
403	4.414851937188789
404	4.414851937188789
405	4.414851937188789
406	2.1304492019794714
407	2.1304492019794714
408	2.1304492019794714
409	2.1304492019794714
410	2.1304492019794714
411	1.952526622959215
412	1.952526622959215
413	1.952526622959215
414	1.952526622959215
415	1.952526622959215
416	3.6021394317338484
417	3.6021394317338484
418	3.6021394317338484
419	3.6021394317338484
420	0.9073011674425442
421	0.9073011674425442
422	0.9073011674425442
423	0.9073011674425442
424	0.9073011674425442
425	4.552570070269467
426	4.552570070269467
427	1.7979252572362063
428	1.7979252572362063
429	1.7979252572362063
430	1.7979252572362063
431	1.7979252572362063
432	2.0309597159031805
433	2.0309597159031805
434	2.0309597159031805
435	2.0309597159031805
436	2.0309597159031805
437	3.815398521102614
438	3.815398521102614
439	3.815398521102614
440	3.815398521102614
441	3.815398521102614
442	2.307208965960271
443	2.307208965960271
444	2.307208965960271
445	2.307208965960271
446	2.307208965960271
447	1.75429842961436
448	1.75429842961436
449	0.5769016145671622
450	0.5769016145671622
451	0.5769016145671622
452	0.5769016145671622
453	0.5769016145671622
454	1.1727007912665333
455	1.1727007912665333
456	1.1727007912665333
457	1.1727007912665333
458	1.1727007912665333
459	0.9121543685384674
460	0.9121543685384674
461	0.9121543685384674
462	0.9121543685384674
463	0.9121543685384674
464	0.6290422839674676
465	0.6290422839674676
466	0.6290422839674676
467	0.6290422839674676
468	0.6290422839674676
469	0.5492381203055943
470	0.5492381203055943
471	0.5492381203055943
472	1.2557970067173723
473	1.2557970067173723
474	1.2557970067173723
475	1.2557970067173723
476	1.2557970067173723
477	1.3777535975518937
478	1.3777535975518937
479	1.3777535975518937
480	1.3777535975518937
481	1.3777535975518937
482	0.8083977564121819
483	0.8083977564121819
484	0.8083977564121819
485	0.8083977564121819
486	0.8083977564121819
487	0.16147980946207477
488	0.16147980946207477
489	0.16147980946207477
490	0.16147980946207477
491	0.16147980946207477
492	0.21166889748635562
493	0.21166889748635562
494	0.21166889748635562
495	0.21166889748635562
496	0.21166889748635562
497	0.16938350382309753
498	0.16938350382309753
499	0.16938350382309753
500	0.16938350382309753
501	0.16938350382309753
502	0.16760856504996927
503	0.16760856504996927
504	0.16760856504996927
505	3.8030186816813893
506	3.8030186816813893
507	3.8030186816813893
508	3.8030186816813893
509	3.8030186816813893
510	3.321711186986663
511	3.321711186986663
512	3.321711186986663
513	3.321711186986663
514	3.321711186986663
515	2.8152606604763344
516	2.8152606604763344
517	2.8152606604763344
518	2.8152606604763344
519	2.8152606604763344
520	1.6296539148060118
521	1.6296539148060118
522	1.6296539148060118
523	1.6296539148060118
524	1.6296539148060118
525	2.284500801365777
526	2.284500801365777
527	2.284500801365777
528	2.284500801365777
529	2.284500801365777
530	3.9206794173620056
531	3.9206794173620056
532	3.9206794173620056
533	3.9206794173620056
534	3.9206794173620056
535	1.7770260258623853
536	1.1768528271128027
537	0.7042454555143975
538	0.7042454555143975
539	0.7042454555143975
540	0.7042454555143975
541	0.7042454555143975
542	0.5210998675910867
543	0.5210998675910867
544	0.5210998675910867
545	0.5210998675910867
546	0.5210998675910867
547	0.7958036867152544
548	0.7958036867152544
549	0.7958036867152544
550	0.7958036867152544
551	0.7958036867152544
552	0.7035153042150584
553	0.7035153042150584
554	0.7035153042150584
555	0.7035153042150584
556	0.7035153042150584
557	0.8406277382721827
558	0.8406277382721827
559	0.8406277382721827
560	0.8406277382721827
561	0.8406277382721827
562	0.39006293470967296
563	0.39006293470967296
564	0.39006293470967296
565	0.39006293470967296
566	0.39006293470967296
567	0.924440241881817
568	0.924440241881817
569	0.924440241881817
570	0.924440241881817
571	0.924440241881817
572	0.8546851800310878
573	0.8546851800310878
574	0.8546851800310878
575	0.8546851800310878
576	0.8546851800310878
577	0.7024535015796071
578	1.014577497643471
579	1.014577497643471
580	1.014577497643471
581	1.014577497643471
582	0.23538559189434544
583	0.23538559189434544
584	0.23538559189434544
585	0.23538559189434544
586	2.4699072819260377
587	2.4699072819260377
588	2.4699072819260377
589	2.4699072819260377
590	2.4699072819260377
591	2.556733490520533
592	2.556733490520533
593	2.556733490520533
594	2.556733490520533
595	2.556733490520533
596	2.831198491571423
597	2.831198491571423
598	2.831198491571423
599	2.831198491571423
600	2.831198491571423
601	0.651079912239076
602	0.651079912239076
603	0.651079912239076
604	0.651079912239076
605	0.651079912239076
606	3.9290852463912715
607	3.9290852463912715
608	3.9290852463912715
609	0.557968619803938
610	0.557968619803938
611	0.557968619803938
612	0.557968619803938
613	0.557968619803938
614	1.199382836509714
615	1.199382836509714
616	1.199382836509714
617	1.199382836509714
618	1.199382836509714
619	0.5333279378692062
620	0.5333279378692062
621	0.5333279378692062
622	0.5333279378692062
623	0.5333279378692062
624	1.8729629671510937
625	1.8729629671510937
626	1.8729629671510937
627	1.8729629671510937
628	1.8729629671510937
629	1.6398880079552862
630	1.6398880079552862
631	1.6398880079552862
632	1.6398880079552862
633	1.6398880079552862
634	0.9839954123177137
635	0.9839954123177137
636	0.9839954123177137
637	0.9839954123177137
638	0.9839954123177137
639	1.291034474205734
640	1.291034474205734
641	1.5836532218321564
642	1.5836532218321564
643	1.5836532218321564
644	1.5836532218321564
645	1.5836532218321564
646	3.85307388076702
647	3.85307388076702
648	3.85307388076702
649	3.85307388076702
650	3.85307388076702
651	4.146831285358774
652	4.146831285358774
653	4.146831285358774
654	4.146831285358774
655	4.146831285358774
656	4.561221190120541
657	4.561221190120541
658	4.561221190120541
659	4.561221190120541
660	4.561221190120541
661	5.0257704269238825
662	5.0257704269238825
663	5.489714264352857
664	5.489714264352857
665	5.489714264352857
666	5.489714264352857
667	5.489714264352857
668	1.6384536321360583
669	1.6384536321360583
670	1.6384536321360583
671	1.6384536321360583
672	3.394351044656733
673	3.394351044656733
674	3.394351044656733
675	3.394351044656733
676	3.394351044656733
677	3.2895450005911506
678	3.2895450005911506
679	3.2895450005911506
680	3.2895450005911506
681	3.2895450005911506
682	2.105298316280072
683	2.105298316280072
684	2.105298316280072
685	2.105298316280072
686	2.105298316280072
687	4.506010413832727
688	4.506010413832727
689	4.506010413832727
690	4.506010413832727
691	4.506010413832727
692	1.1518950687470122
693	1.1518950687470122
694	1.1518950687470122
695	1.1518950687470122
696	1.1518950687470122
697	1.547812109572596
698	1.547812109572596
699	1.547812109572596
700	1.547812109572596
701	1.547812109572596
702	0.7259386735200449
703	0.7259386735200449
704	0.7259386735200449
705	0.7259386735200449
706	0.7259386735200449
707	1.5781971133284243
708	1.5781971133284243
709	1.5781971133284243
710	1.5781971133284243
711	1.5781971133284243
712	0.6346497125439262
713	0.6346497125439262
714	0.6346497125439262
715	0.6346497125439262
716	0.6346497125439262
717	1.379848972219687
718	1.379848972219687
719	1.379848972219687
720	1.5049620469546356
721	1.5049620469546356
722	1.5049620469546356
723	1.5049620469546356
724	1.5049620469546356
725	2.489972057211687
726	2.489972057211687
727	2.489972057211687
728	2.489972057211687
729	2.489972057211687
730	5.1748155822678275
731	5.1748155822678275
732	5.1748155822678275
733	5.1748155822678275
734	5.1748155822678275
735	3.5587662850017017
736	0.25213778930065023
737	3.1784716138894815
738	3.1784716138894815
739	3.1784716138894815
740	3.1784716138894815
741	3.1784716138894815
742	5.233724398322209
743	5.233724398322209
744	5.233724398322209
745	0.9671495853057472
746	0.9671495853057472
747	0.9671495853057472
748	0.9671495853057472
749	0.9671495853057472
750	5.315542965987083
751	5.315542965987083
752	5.315542965987083
753	5.315542965987083
754	5.315542965987083
755	0.234238613619135
756	0.7796691099350599
757	0.7796691099350599
758	0.7796691099350599
759	2.8953267892248298
760	2.8953267892248298
761	2.8953267892248298
762	2.8953267892248298
763	2.8953267892248298
764	1.2560603028040793
765	1.2560603028040793
766	1.2560603028040793
767	1.2560603028040793
768	1.927045251017658
769	1.927045251017658
770	1.927045251017658
771	1.927045251017658
772	1.927045251017658
773	4.295891457504661
774	4.295891457504661
775	4.295891457504661
776	4.295891457504661
777	4.295891457504661
778	3.8791967119558706
779	3.194157455235855
780	3.194157455235855
781	3.194157455235855
782	3.194157455235855
783	3.194157455235855
784	7.506182966331899
785	7.506182966331899
786	7.506182966331899
787	7.506182966331899
788	7.506182966331899
789	4.2300159353773354
790	4.2300159353773354
791	4.2300159353773354
792	4.2300159353773354
793	4.2300159353773354
794	4.259352167969239
795	4.259352167969239
796	4.259352167969239
797	4.259352167969239
798	4.259352167969239
799	1.3146677085915224
800	4.858343672920853
801	4.858343672920853
802	4.858343672920853
803	2.7487008823387873
804	6.124356909149453
805	6.124356909149453
806	6.124356909149453
807	6.124356909149453
808	6.124356909149453
809	5.165863782822457
810	5.165863782822457
811	5.165863782822457
812	1.2811078958988036
813	1.2811078958988036
814	1.2811078958988036
815	1.2811078958988036
816	1.2811078958988036
817	1.3041099484775476
818	1.3041099484775476
819	2.4289501094803074
820	2.4289501094803074
821	2.4289501094803074
822	2.4289501094803074
823	2.4289501094803074
824	3.145868461171203
825	3.145868461171203
826	3.145868461171203
827	3.145868461171203
828	3.145868461171203
829	4.485670516203702
830	4.485670516203702
831	4.485670516203702
832	4.485670516203702
833	4.485670516203702
834	3.5656926686600143
835	3.5656926686600143
836	3.5656926686600143
837	3.5656926686600143
838	3.5656926686600143
839	2.572097203922733
840	2.572097203922733
841	2.572097203922733
842	2.572097203922733
843	2.572097203922733
844	3.2399282227463804
845	3.2399282227463804
846	3.2399282227463804
847	3.2399282227463804
848	3.2399282227463804
849	3.273745782009673
850	3.273745782009673
851	3.273745782009673
852	3.273745782009673
853	3.273745782009673
854	3.2624729254513727
855	3.2624729254513727
856	3.2624729254513727
857	3.2624729254513727
858	3.2624729254513727
859	4.389655665321142
860	4.389655665321142
861	4.389655665321142
862	4.389655665321142
863	4.389655665321142
864	4.583390701330946
865	4.583390701330946
866	4.583390701330946
867	4.583390701330946
868	4.583390701330946
869	4.45303632898197
870	2.5143077671210596
871	2.5143077671210596
872	2.5143077671210596
873	2.5143077671210596
874	2.5143077671210596
875	1.6444444685668977
876	1.6444444685668977
877	1.6444444685668977
878	1.6444444685668977
879	1.6444444685668977
880	3.175625867333288
881	3.175625867333288
882	3.175625867333288
883	1.0724329958632346
884	1.0724329958632346
885	1.0724329958632346
886	1.0724329958632346
887	1.0724329958632346
888	0.36180847196129173
889	0.36180847196129173
890	0.36180847196129173
891	0.36180847196129173
892	0.36180847196129173
893	0.5752569774021071
894	0.5752569774021071
895	0.5752569774021071
896	0.5752569774021071
897	1.944453413504562
898	0.26774460538850614
899	0.26774460538850614
900	0.26774460538850614
901	0.26774460538850614
902	0.26774460538850614
903	0.1
904	0.1
905	2.2493007343659603
906	2.2493007343659603
907	2.2493007343659603
908	2.2493007343659603
909	2.2493007343659603
910	2.539180995324479
911	2.539180995324479
912	2.539180995324479
913	2.539180995324479
914	2.539180995324479
915	2.5791520099351266
916	2.5791520099351266
917	2.5791520099351266
918	2.5791520099351266
919	2.5791520099351266
920	2.1145030669319542
921	2.1145030669319542
922	2.1145030669319542
923	2.1145030669319542
924	2.1145030669319542
925	2.4641726752979607
926	2.4641726752979607
927	2.4641726752979607
928	2.4641726752979607
929	2.4641726752979607
930	1.0731843065320463
931	1.0731843065320463
932	1.0731843065320463
933	1.0731843065320463
934	1.0731843065320463
935	0.6019501819094525
936	0.6019501819094525
937	3.2252597203901385
938	3.2252597203901385
939	3.2252597203901385
940	3.2252597203901385
941	3.2252597203901385
942	1.44227783080547
943	1.44227783080547
944	1.44227783080547
945	1.44227783080547
946	1.44227783080547
947	4.1178321888480784
948	4.1178321888480784
949	4.1178321888480784
950	4.1178321888480784
951	4.1178321888480784
952	7.257022682643922
953	7.257022682643922
954	7.257022682643922
955	7.257022682643922
956	7.257022682643922
957	6.404810223591086
958	1.3822179961030354
959	1.3822179961030354
960	1.3822179961030354
961	1.3822179961030354
962	1.3822179961030354
963	1.9442953623059833
964	1.9442953623059833
965	1.9442953623059833
966	1.9442953623059833
967	1.9442953623059833
968	2.5842057599875607
969	2.5842057599875607
970	2.5842057599875607
971	2.5842057599875607
972	2.5842057599875607
973	2.1672052030742437
974	2.1672052030742437
975	2.1672052030742437
976	2.1672052030742437
977	2.1672052030742437
978	1.47353007126317
979	1.47353007126317
980	2.9312570204450044
981	2.9312570204450044
982	3.3110693704067886
983	3.3110693704067886
984	3.3110693704067886
985	3.3110693704067886
986	3.3110693704067886
987	3.079618107053495
988	3.079618107053495
989	3.079618107053495
990	0.6105549428284758
991	0.6105549428284758
992	0.6105549428284758
993	0.6105549428284758
994	0.6105549428284758
995	0.136082750759686
996	1.2439871470552268
997	1.2439871470552268
998	1.2439871470552268
999	1.2439871470552268
1000	1.2439871470552268
1001	1.4259203917752659
1002	1.4259203917752659
1003	1.4259203917752659
1004	1.4259203917752659
1005	1.4259203917752659
1006	1.1922373748662194
1007	1.1922373748662194
1008	1.1922373748662194
1009	1.1922373748662194
1010	1.1922373748662194
1011	1.3911020053675276
1012	1.3911020053675276
1013	1.3911020053675276
1014	1.3911020053675276
1015	1.3911020053675276
1016	1.3100202010467565
1017	1.3100202010467565
1018	1.3100202010467565
1019	1.3100202010467565
1020	1.3100202010467565
1021	1.394724447686483
1022	1.394724447686483
1023	1.394724447686483
1024	1.394724447686483
1025	1.394724447686483
1026	1.2289584779052485
1027	1.2289584779052485
1028	1.2289584779052485
1029	1.2289584779052485
1030	1.2289584779052485
1031	0.8476408691469594
1032	0.8476408691469594
1033	0.8476408691469594
1034	3.3482543497495665
1035	3.3482543497495665
1036	3.3482543497495665
1037	3.3482543497495665
1038	2.716222743046294
1039	2.716222743046294
1040	2.716222743046294
1041	2.716222743046294
1042	2.716222743046294
1043	5.823860490278333
1044	5.823860490278333
1045	5.823860490278333
1046	5.823860490278333
1047	5.823860490278333
1048	2.2546717054123793
1049	2.2546717054123793
1050	2.2546717054123793
1051	2.2546717054123793
1052	2.2546717054123793
1053	0.6672510085351564
1054	0.6672510085351564
1055	0.6672510085351564
1056	0.6672510085351564
1057	0.6672510085351564
1058	4.2921279356632365
1059	4.2921279356632365
1060	4.2921279356632365
1061	4.2921279356632365
1062	4.2921279356632365
1063	4.064036261310026
1064	4.064036261310026
1065	4.064036261310026
1066	4.064036261310026
1067	4.064036261310026
1068	0.8464341827569526
1069	0.8464341827569526
1070	0.8464341827569526
1071	0.8464341827569526
1072	0.8464341827569526
1073	4.0763864869590565
1074	3.8814455415210496
1075	0.5246289467546406
1076	0.5246289467546406
1077	0.5246289467546406
1078	0.5246289467546406
1079	0.5246289467546406
1080	0.46591589467349825
1081	0.46591589467349825
1082	0.46591589467349825
1083	0.46591589467349825
1084	0.46591589467349825
1085	0.38609425126979346
1086	0.38609425126979346
1087	0.38609425126979346
1088	0.38609425126979346
1089	0.38609425126979346
1090	0.5468966313310062
1091	0.5468966313310062
1092	0.5468966313310062
1093	0.5468966313310062
1094	0.5468966313310062
1095	0.6681904060297985
1096	0.6681904060297985
1097	3.880675134505831
1098	3.880675134505831
1099	3.880675134505831
1100	3.1864368039678492
1101	3.1864368039678492
1102	3.1864368039678492
1103	3.1864368039678492
1104	3.1864368039678492
1105	5.918350777644454
1106	5.918350777644454
1107	5.918350777644454
1108	5.918350777644454
1109	5.918350777644454
1110	3.1919758832052834
1111	3.1919758832052834
1112	3.1919758832052834
1113	3.1919758832052834
1114	3.1919758832052834
1115	3.1673069135554566
1116	3.1673069135554566
1117	3.1673069135554566
1118	3.1673069135554566
1119	3.1673069135554566
1120	3.7093893592513565
1121	3.7093893592513565
1122	3.7093893592513565
1123	3.7093893592513565
1124	3.7093893592513565
1125	5.251047159836855
1126	5.251047159836855
1127	5.251047159836855
1128	5.251047159836855
1129	5.251047159836855
1130	1.9729226581524957
1131	1.9729226581524957
1132	1.9729226581524957
1133	1.9729226581524957
1134	1.9729226581524957
1135	1.8214706991750775
1136	1.8214706991750775
1137	1.8214706991750775
1138	1.8214706991750775
1139	1.8214706991750775
1140	6.7496257111716815
1141	6.7496257111716815
1142	6.7496257111716815
1143	6.7496257111716815
1144	6.7496257111716815
1145	5.373313894453357
1146	5.373313894453357
1147	5.373313894453357
1148	3.1769642030248892
1149	3.1769642030248892
1150	3.1769642030248892
1151	3.1769642030248892
1152	3.1769642030248892
1153	1.2163811480265545
1154	1.2163811480265545
1155	1.2163811480265545
1156	1.2163811480265545
1157	1.2163811480265545
1158	2.574727203133048
1159	2.574727203133048
1160	2.574727203133048
1161	2.574727203133048
1162	2.574727203133048
1163	0.25388978694705866
1164	2.394786493145993
1165	2.394786493145993
1166	2.394786493145993
1167	2.394786493145993
1168	2.394786493145993
1169	2.889860067709529
1170	2.889860067709529
1171	2.889860067709529
1172	4.26997112387506
1173	4.26997112387506
1174	4.26997112387506
1175	4.26997112387506
1176	4.26997112387506
1177	3.754058246559838
1178	3.754058246559838
1179	3.754058246559838
1180	3.754058246559838
1181	3.754058246559838
1182	4.290502471809828
1183	4.290502471809828
1184	4.290502471809828
1185	4.290502471809828
1186	4.290502471809828
1187	2.7446016973567153
1188	2.7446016973567153
1189	2.7446016973567153
1190	2.7446016973567153
1191	2.7446016973567153
1192	4.626628217973127
1193	4.626628217973127
1194	4.626628217973127
1195	4.626628217973127
1196	4.626628217973127
1197	6.798751784431406
1198	1.1465630094866126
1199	1.1465630094866126
1200	1.1465630094866126
1201	1.1465630094866126
1202	1.1465630094866126
1203	1.6572761549944075
1204	1.6572761549944075
1205	3.6567756687931907
1206	3.6567756687931907
1207	3.6567756687931907
1208	3.6567756687931907
1209	3.6567756687931907
1210	6.344247014285573
1211	6.344247014285573
1212	6.344247014285573
1213	6.344247014285573
1214	6.344247014285573
1215	5.685211136088977
1216	5.685211136088977
1217	1.9226194394465028
1218	2.490652425326414
1219	2.490652425326414
1220	2.514636708336047
1221	2.514636708336047
1222	0.8971026163183929
1223	0.8971026163183929
1224	0.8971026163183929
1225	0.8971026163183929
1226	0.8971026163183929
1227	0.8584905465813726
1228	0.8584905465813726
1229	0.8584905465813726
1230	0.8584905465813726
1231	0.8584905465813726
1232	1.1645507390611844
1233	1.1645507390611844
1234	1.1645507390611844
1235	1.1645507390611844
1236	1.1645507390611844
1237	2.079294632083623
1238	2.079294632083623
1239	2.079294632083623
1240	2.079294632083623
1241	2.079294632083623
1242	1.3389574495972263
1243	1.3389574495972263
1244	1.3389574495972263
1245	1.3389574495972263
1246	1.3389574495972263
1247	0.7463343733697925
1248	0.7463343733697925
1249	0.7463343733697925
1250	0.7463343733697925
1251	0.7463343733697925
1252	0.9287845456390058
1253	0.9287845456390058
1254	0.9287845456390058
1255	0.9287845456390058
1256	0.9287845456390058
1257	0.6070775201466473
1258	0.6070775201466473
1259	0.6070775201466473
1260	0.6070775201466473
1261	0.6070775201466473
1262	1.1754343080989604
1263	1.1754343080989604
1264	1.1754343080989604
1265	1.1754343080989604
1266	1.1754343080989604
1267	0.3760012562714903
1268	0.3760012562714903
1269	0.3760012562714903
1270	0.3760012562714903
1271	0.3760012562714903
1272	1.4473528084813916
1273	1.4473528084813916
1274	1.4473528084813916
1275	1.4473528084813916
1276	1.4473528084813916
1277	0.7540624021475854
1278	0.7540624021475854
1279	0.7540624021475854
1280	0.7540624021475854
1281	0.7540624021475854
1282	0.8854767882903596
1283	0.8854767882903596
1284	0.8854767882903596
1285	0.8854767882903596
1286	0.8854767882903596
1287	2.049842517116943
1288	2.049842517116943
1289	2.049842517116943
1290	2.049842517116943
1291	2.049842517116943
1292	0.8329750298825611
1293	0.8329750298825611
1294	0.8329750298825611
1295	0.8329750298825611
1296	0.8329750298825611
1297	2.63166600631849
1298	2.63166600631849
1299	2.63166600631849
1300	2.63166600631849
1301	2.63166600631849
1302	1.2199876164688983
1303	1.2199876164688983
1304	1.2199876164688983
1305	1.2199876164688983
1306	1.2199876164688983
1307	5.448330737333915
1308	5.448330737333915
1309	5.448330737333915
1310	5.448330737333915
1311	5.448330737333915
1312	2.594398410514978
1313	1.9074151044413914
1314	1.9074151044413914
1315	1.9074151044413914
1316	1.9074151044413914
1317	1.9074151044413914
1318	5.473730604538929
1319	5.473730604538929
1320	5.473730604538929
1321	5.473730604538929
1322	5.473730604538929
1323	2.181741109792897
1324	2.181741109792897
1325	0.7775065899894238
1326	0.7775065899894238
1327	0.7775065899894238
1328	0.7775065899894238
1329	0.7775065899894238
1330	1.8659353230576565
1331	1.8659353230576565
1332	1.8659353230576565
1333	1.8659353230576565
1334	1.8659353230576565
1335	0.5449100883388986
1336	0.5449100883388986
1337	2.238431582994053
1338	2.238431582994053
1339	2.238431582994053
1340	2.238431582994053
1341	2.238431582994053
1342	4.227155236333569
1343	4.227155236333569
1344	4.227155236333569
1345	4.227155236333569
1346	4.227155236333569
1347	4.208063158245937
1348	4.208063158245937
1349	4.208063158245937
1350	0.5031422974346067
1351	0.5031422974346067
1352	0.5031422974346067
1353	0.5031422974346067
1354	0.5031422974346067
1355	3.5079361163503693
1356	3.5079361163503693
1357	0.2907283006891109
1358	0.2907283006891109
1359	0.2907283006891109
1360	0.2907283006891109
1361	0.2907283006891109
1362	0.7331437528676678
1363	0.7331437528676678
1364	0.7331437528676678
1365	0.7331437528676678
1366	0.7331437528676678
1367	0.5389228716403677
1368	0.5389228716403677
1369	0.5389228716403677
1370	0.5389228716403677
1371	1.3744980892133487
1372	1.3744980892133487
1373	1.3744980892133487
1374	1.3744980892133487
1375	0.2099990422421967
1376	0.2099990422421967
1377	0.2099990422421967
1378	5.182683043090448
1379	5.182683043090448
1380	5.182683043090448
1381	5.182683043090448
1382	5.182683043090448
1383	2.9643994238243496
1384	2.9643994238243496
1385	2.9643994238243496
1386	2.9643994238243496
1387	2.9643994238243496
1388	3.7009662097498905
1389	3.7009662097498905
1390	3.7009662097498905
1391	3.7009662097498905
1392	3.7009662097498905
1393	3.066479670056329
1394	3.066479670056329
1395	3.066479670056329
1396	3.066479670056329
1397	3.066479670056329
1398	2.9279140677566065
1399	2.9279140677566065
1400	2.9279140677566065
1401	1.1228701751172927
1402	1.1228701751172927
1403	1.1228701751172927
1404	1.1228701751172927
1405	1.1228701751172927
1406	0.8459376260649643
1407	0.8459376260649643
1408	0.8459376260649643
1409	0.8459376260649643
1410	4.448854187710147
1411	4.448854187710147
1412	4.448854187710147
1413	4.448854187710147
1414	4.448854187710147
1415	4.864529156841199
1416	4.864529156841199
1417	4.864529156841199
1418	4.864529156841199
1419	4.864529156841199
1420	3.1489223591960402
1421	3.1489223591960402
1422	3.1489223591960402
1423	3.1489223591960402
1424	3.1489223591960402
1425	5.563614364562692
1426	5.563614364562692
1427	5.563614364562692
1428	1.231602271757673
1429	1.231602271757673
1430	1.231602271757673
1431	1.231602271757673
1432	1.231602271757673
1433	1.6437270015010668
1434	1.6437270015010668
1435	1.6437270015010668
1436	1.6437270015010668
1437	1.6437270015010668
1438	1.1271186464281022
1439	1.1271186464281022
1440	1.1271186464281022
1441	1.1271186464281022
1442	1.1271186464281022
1443	2.0090335200081206
1444	2.0090335200081206
1445	2.0090335200081206
1446	2.0090335200081206
1447	2.0090335200081206
1448	1.1824539923508717
1449	1.1824539923508717
1450	1.1824539923508717
1451	1.1824539923508717
1452	1.1824539923508717
1453	0.29704404415192043
1454	0.29704404415192043
1455	0.29704404415192043
1456	2.1437600010981988
1457	2.1437600010981988
1458	2.1437600010981988
1459	2.1437600010981988
1460	2.1437600010981988
1461	2.212144891589085
1462	2.212144891589085
1463	2.212144891589085
1464	2.212144891589085
1465	2.212144891589085
1466	1.9531674161391406
1467	1.9531674161391406
1468	1.9531674161391406
1469	1.9531674161391406
1470	1.9531674161391406
1471	2.9823140372805055
1472	2.9823140372805055
1473	2.9823140372805055
1474	2.9823140372805055
1475	2.238491662637419
1476	2.238491662637419
1477	2.238491662637419
1478	2.238491662637419
1479	2.238491662637419
1480	3.8737127769827215
1481	3.8737127769827215
1482	3.8737127769827215
1483	3.8737127769827215
1484	3.8737127769827215
1485	6.260363405782938
1486	6.260363405782938
1487	6.260363405782938
1488	6.260363405782938
1489	6.260363405782938
1490	2.147688876839115
1491	2.147688876839115
1492	2.147688876839115
1493	2.147688876839115
1494	2.147688876839115
1495	6.991508699861365
1496	6.991508699861365
1497	6.991508699861365
1498	6.991508699861365
1499	1.7578192961865657
1500	1.7578192961865657
1501	1.7578192961865657
1502	1.7578192961865657
1503	1.7578192961865657
1504	2.0701281263012543
1505	2.0701281263012543
1506	4.7121435288836455
1507	4.7121435288836455
1508	4.7121435288836455
1509	4.7121435288836455
1510	4.7121435288836455
1511	3.8657988459360695
1512	3.8657988459360695
1513	3.8657988459360695
1514	3.8657988459360695
1515	3.8657988459360695
1516	2.2292972121652497
1517	2.2292972121652497
1518	2.2292972121652497
1519	2.2292972121652497
1520	6.238171010453937
1521	6.238171010453937
1522	6.238171010453937
1523	1.0289984000241756
1524	1.0289984000241756
1525	1.0289984000241756
1526	1.0289984000241756
1527	1.0289984000241756
1528	1.3270660836730797
1529	1.3270660836730797
1530	1.3270660836730797
1531	1.3270660836730797
1532	1.3270660836730797
1533	1.835634824985728
1534	1.835634824985728
1535	1.835634824985728
1536	1.835634824985728
1537	1.835634824985728
1538	1.4645393029119695
1539	1.4645393029119695
1540	1.4645393029119695
1541	1.4645393029119695
1542	1.4645393029119695
1543	1.0615523981244561
1544	1.0615523981244561
1545	1.0615523981244561
1546	1.0615523981244561
1547	1.0615523981244561
1548	1.1843761285167793
1549	1.1843761285167793
1550	1.1843761285167793
1551	1.1843761285167793
1552	1.1843761285167793
1553	1.558202790301292
1554	1.558202790301292
1555	1.558202790301292
1556	1.558202790301292
1557	1.558202790301292
1558	0.6629474959261694
1559	0.6629474959261694
1560	0.6629474959261694
1561	3.9185346291727354
1562	3.9185346291727354
1563	3.9185346291727354
1564	3.9185346291727354
1565	3.9185346291727354
1566	2.975138674651241
1567	2.975138674651241
1568	2.975138674651241
1569	1.8965868225743026
1570	1.8965868225743026
1571	1.8965868225743026
1572	1.8965868225743026
1573	1.8965868225743026
1574	0.9355734893637062
1575	0.9355734893637062
1576	0.9355734893637062
1577	0.9355734893637062
1578	0.9355734893637062
1579	2.9401541644117746
1580	2.9401541644117746
1581	2.9401541644117746
1582	2.9401541644117746
1583	2.9401541644117746
1584	1.7404577726822663
1585	1.7404577726822663
1586	1.7404577726822663
1587	1.7404577726822663
1588	1.7404577726822663
1589	1.222652911331742
1590	1.222652911331742
1591	1.222652911331742
1592	1.222652911331742
1593	1.222652911331742
1594	3.259333886629196
1595	3.259333886629196
1596	3.259333886629196
1597	3.259333886629196
1598	3.259333886629196
1599	0.1690169063069176
1600	0.1690169063069176
1601	0.1690169063069176
1602	0.1690169063069176
1603	0.1690169063069176
1604	0.24452031886190562
1605	2.862337464404683
1606	2.862337464404683
1607	2.862337464404683
1608	2.862337464404683
1609	2.862337464404683
1610	1.2045543737379274
1611	1.2045543737379274
1612	1.2045543737379274
1613	1.2045543737379274
1614	1.2045543737379274
1615	2.0438134957127057
1616	2.0438134957127057
1617	2.0438134957127057
1618	2.0438134957127057
1619	2.0438134957127057
1620	2.5578492423136954
1621	2.5578492423136954
1622	2.5578492423136954
1623	2.5578492423136954
1624	2.5578492423136954
1625	1.778469567340408
1626	1.778469567340408
1627	1.778469567340408
1628	1.778469567340408
1629	1.778469567340408
1630	2.851071466330702
1631	2.851071466330702
1632	2.851071466330702
1633	2.851071466330702
1634	2.851071466330702
1635	1.409565341938932
1636	1.409565341938932
1637	1.409565341938932
1638	1.409565341938932
1639	1.409565341938932
1640	1.9974394670007487
1641	1.9974394670007487
1642	1.9974394670007487
1643	1.9974394670007487
1644	1.9974394670007487
1645	4.612542685740884
1646	4.612542685740884
1647	4.612542685740884
1648	4.612542685740884
1649	4.612542685740884
1650	2.3210797334452185
1651	2.3210797334452185
1652	2.3210797334452185
1653	2.3210797334452185
1654	2.3210797334452185
1655	5.207949352055908
1656	5.207949352055908
1657	5.207949352055908
1658	5.207949352055908
1659	5.207949352055908
1660	4.5225665903074965
1661	4.5225665903074965
1662	4.5225665903074965
1663	4.5225665903074965
1664	4.5225665903074965
1665	3.8478843745318
1666	3.8478843745318
1667	3.8478843745318
1668	3.8478843745318
1669	3.8478843745318
1670	2.8976052883449204
1671	2.8976052883449204
1672	2.8976052883449204
1673	2.8976052883449204
1674	2.8976052883449204
1675	5.953705570762562
1676	5.953705570762562
1677	5.953705570762562
1678	5.953705570762562
1679	5.953705570762562
1680	4.826051481436201
1681	4.826051481436201
1682	4.826051481436201
1683	4.826051481436201
1684	4.826051481436201
1685	1.9665295937182763
1686	1.9665295937182763
1687	1.9665295937182763
1688	2.3895240149813453
1689	2.3895240149813453
1690	2.3895240149813453
1691	2.3895240149813453
1692	2.3849725922350418
1693	2.3849725922350418
1694	2.3849725922350418
1695	2.3849725922350418
1696	2.3849725922350418
1697	0.9748170912480619
1698	0.9748170912480619
1699	0.9748170912480619
1700	0.9748170912480619
1701	0.9748170912480619
1702	0.846890848416076
1703	0.846890848416076
1704	0.846890848416076
1705	0.846890848416076
1706	0.846890848416076
1707	1.5193091365229634
1708	1.5193091365229634
1709	1.5193091365229634
1710	1.5193091365229634
1711	1.5193091365229634
1712	0.1
1713	0.1
1714	0.1
1715	0.1
1716	0.1
1717	0.6442242680578404
1718	0.6442242680578404
1719	0.6442242680578404
1720	5.1336928250281915
1721	5.1336928250281915
1722	5.1336928250281915
1723	5.1336928250281915
1724	5.1336928250281915
1725	2.2407215101840627
1726	2.2407215101840627
1727	2.2407215101840627
1728	2.2407215101840627
1729	2.2407215101840627
1730	3.5501014191934472
1731	3.5501014191934472
1732	3.5501014191934472
1733	3.5501014191934472
1734	3.5501014191934472
1735	4.384824459463814
1736	4.384824459463814
1737	4.384824459463814
1738	4.384824459463814
1739	4.384824459463814
1740	3.6292635608647745
1741	3.6292635608647745
1742	3.6292635608647745
1743	3.6292635608647745
1744	3.6292635608647745
1745	5.235311642829327
1746	5.235311642829327
1747	5.235311642829327
1748	5.235311642829327
1749	5.235311642829327
1750	4.613971198663705
1751	4.613971198663705
1752	4.613971198663705
1753	4.613971198663705
1754	4.613971198663705
1755	4.693170950377696
1756	4.693170950377696
1757	4.693170950377696
1758	4.693170950377696
1759	4.693170950377696
1760	1.4363704374268425
1761	1.4363704374268425
1762	1.4363704374268425
1763	1.9971063162227178
1764	1.9971063162227178
1765	1.9971063162227178
1766	1.9971063162227178
1767	1.9971063162227178
1768	2.932361167517871
1769	2.932361167517871
1770	2.932361167517871
1771	2.932361167517871
1772	2.932361167517871
1773	1.211897594022376
1774	1.211897594022376
1775	1.211897594022376
1776	1.211897594022376
1777	1.211897594022376
1778	2.9901384162502165
1779	2.9901384162502165
1780	2.9901384162502165
1781	2.9901384162502165
1782	2.9901384162502165
1783	3.90350322863507
1784	3.90350322863507
1785	3.90350322863507
1786	3.90350322863507
1787	3.90350322863507
1788	2.5369599536905865
1789	1.1903296071173686
1790	1.1903296071173686
1791	1.1903296071173686
1792	1.1903296071173686
1793	1.1903296071173686
1794	0.9077122933192459
1795	0.9077122933192459
1796	0.9077122933192459
1797	0.9077122933192459
1798	0.9077122933192459
1799	1.0915204274807688
1800	1.0915204274807688
1801	1.0915204274807688
1802	1.0915204274807688
1803	1.0915204274807688
1804	0.9844044494973111
1805	0.9844044494973111
1806	0.9844044494973111
1807	0.9844044494973111
1808	0.9844044494973111
1809	1.4828708005651903
1810	1.4828708005651903
1811	1.4828708005651903
1812	1.4828708005651903
1813	1.4828708005651903
1814	4.769566746711237
1815	4.769566746711237
1816	4.769566746711237
1817	4.769566746711237
1818	2.695855642794043
1819	2.695855642794043
1820	2.695855642794043
1821	2.695855642794043
1822	2.695855642794043
1823	1.6298855586776289
1824	1.6298855586776289
1825	1.6298855586776289
1826	1.6298855586776289
1827	5.755853787629757
1828	5.755853787629757
1829	5.755853787629757
1830	5.755853787629757
1831	5.755853787629757
1832	3.4316506260463755
1833	3.4316506260463755
1834	3.4316506260463755
1835	3.4316506260463755
1836	3.4316506260463755
1837	1.4912277906778022
1838	0.10784400982103048
1839	0.10784400982103048
1840	0.10784400982103048
1841	0.10784400982103048
1842	0.10784400982103048
1843	0.42589302623603154
1844	0.42589302623603154
1845	0.42589302623603154
1846	0.42589302623603154
1847	0.42589302623603154
1848	0.38705357008357505
1849	0.38705357008357505
1850	0.38705357008357505
1851	0.38705357008357505
1852	0.38705357008357505
1853	0.8912340093996118
1854	0.8912340093996118
1855	0.8912340093996118
1856	0.8912340093996118
1857	0.8912340093996118
1858	0.7748564826035526
1859	0.7748564826035526
1860	2.1571676611726023
1861	2.1571676611726023
1862	2.1571676611726023
1863	2.215695106683037
1864	2.215695106683037
1865	2.215695106683037
1866	2.215695106683037
1867	2.215695106683037
1868	2.00606980752898
1869	2.00606980752898
1870	2.00606980752898
1871	2.00606980752898
1872	2.00606980752898
1873	4.092483066465661
1874	4.092483066465661
1875	4.092483066465661
1876	4.092483066465661
1877	4.092483066465661
1878	2.846855870504747
1879	2.846855870504747
1880	2.6431998714410034
1881	2.6431998714410034
1882	2.6431998714410034
1883	2.6431998714410034
1884	2.6431998714410034
1885	0.2500269630652405
1886	0.2500269630652405
1887	0.2500269630652405
1888	0.2500269630652405
1889	0.2500269630652405
1890	3.1473218154385547
1891	3.1473218154385547
1892	3.1473218154385547
1893	3.1473218154385547
1894	3.1473218154385547
1895	0.3452366690205819
1896	0.3452366690205819
1897	2.88479290413103
1898	2.88479290413103
1899	2.88479290413103
1900	2.88479290413103
1901	2.88479290413103
1902	3.2220889589656343
1903	3.2220889589656343
1904	3.2220889589656343
1905	3.2220889589656343
1906	3.2220889589656343
1907	3.985959094017531
1908	3.985959094017531
1909	3.985959094017531
1910	3.985959094017531
1911	6.572763877329493
1912	6.572763877329493
1913	6.572763877329493
1914	6.572763877329493
1915	6.572763877329493
1916	3.602441605044248
1917	3.602441605044248
1918	3.602441605044248
1919	3.602441605044248
1920	3.602441605044248
1921	4.356539312182412
1922	4.356539312182412
1923	4.356539312182412
1924	4.356539312182412
1925	4.356539312182412
1926	5.005967682229425
1927	5.005967682229425
1928	3.6411977897195165
1929	3.6411977897195165
1930	3.6411977897195165
1931	3.6411977897195165
1932	3.6411977897195165
1933	1.7674835728341458
1934	1.7674835728341458
1935	1.7674835728341458
1936	1.7674835728341458
1937	1.7674835728341458
1938	2.5167088791855496
1939	2.5167088791855496
1940	2.5167088791855496
1941	2.5167088791855496
1942	2.5167088791855496
1943	3.368034546856005
1944	3.368034546856005
1945	3.368034546856005
1946	3.368034546856005
1947	3.368034546856005
1948	3.383750266464367
1949	3.383750266464367
1950	3.383750266464367
1951	3.383750266464367
1952	3.383750266464367
1953	3.298333116255299
1954	3.298333116255299
1955	3.298333116255299
1956	3.298333116255299
1957	3.298333116255299
1958	1.5230942934881262
1959	1.9221223215112917
1960	1.9221223215112917
1961	1.9221223215112917
1962	1.7189312544788633
1963	1.7189312544788633
1964	1.7189312544788633
1965	1.7189312544788633
1966	1.7189312544788633
1967	3.376366562661499
1968	3.376366562661499
1969	3.376366562661499
1970	3.376366562661499
1971	3.376366562661499
1972	0.8106610223318444
1973	0.8106610223318444
1974	0.8106610223318444
1975	0.8106610223318444
1976	0.8106610223318444
1977	2.966672340758254
1978	2.966672340758254
1979	2.966672340758254
1980	2.966672340758254
1981	2.966672340758254
1982	1.1468055658315086
1983	1.1468055658315086
1984	1.1468055658315086
1985	1.1468055658315086
1986	1.1468055658315086
1987	3.75793453240695
1988	3.75793453240695
1989	3.75793453240695
1990	3.75793453240695
1991	3.75793453240695
1992	0.8882746542674211
1993	0.8882746542674211
1994	0.8882746542674211
1995	2.885663837560738
1996	2.885663837560738
1997	2.885663837560738
1998	2.885663837560738
1999	2.8476562889082455
