0	1.9810713486970826
1	1.9810713486970826
2	1.9810713486970826
3	1.9810713486970826
4	1.9810713486970826
5	2.024795193591496
6	2.024795193591496
7	2.024795193591496
8	2.024795193591496
9	2.024795193591496
10	2.3877671557040907
11	2.3877671557040907
12	2.3877671557040907
13	2.3877671557040907
14	2.3877671557040907
15	2.2470164751550983
16	2.2470164751550983
17	2.2470164751550983
18	2.2470164751550983
19	2.2470164751550983
20	1.985363685876786
21	1.985363685876786
22	1.985363685876786
23	1.985363685876786
24	1.985363685876786
25	2.1080403537971435
26	2.1080403537971435
27	2.1080403537971435
28	2.1080403537971435
29	2.1080403537971435
30	2.080742198861628
31	2.080742198861628
32	2.080742198861628
33	2.080742198861628
34	2.080742198861628
35	1.924669859856746
36	1.924669859856746
37	1.924669859856746
38	1.924669859856746
39	1.924669859856746
40	2.082867116637492
41	2.082867116637492
42	2.082867116637492
43	2.082867116637492
44	2.082867116637492
45	2.2314731621181068
46	2.2314731621181068
47	2.2314731621181068
48	2.2314731621181068
49	2.2314731621181068
50	2.1081763049628797
51	2.1081763049628797
52	4.065052703660877
53	4.065052703660877
54	4.065052703660877
55	4.065052703660877
56	4.065052703660877
57	4.5182529248267205
58	4.5182529248267205
59	4.5182529248267205
60	4.5182529248267205
61	4.5182529248267205
62	3.8155444058724686
63	3.8155444058724686
64	3.8155444058724686
65	3.8155444058724686
66	3.8155444058724686
67	4.341587131682521
68	4.341587131682521
69	1.3842195467265341
70	1.3842195467265341
71	1.3842195467265341
72	1.3842195467265341
73	1.3842195467265341
74	1.699922093245511
75	1.699922093245511
76	1.699922093245511
77	1.699922093245511
78	1.699922093245511
79	1.8258492380107978
80	1.8258492380107978
81	1.8258492380107978
82	1.8258492380107978
83	1.8258492380107978
84	1.5532450130377171
85	1.5532450130377171
86	1.5532450130377171
87	1.5532450130377171
88	1.5532450130377171
89	1.5084651800889213
90	1.5084651800889213
91	1.5084651800889213
92	1.5084651800889213
93	1.5084651800889213
94	1.4586872682172252
95	1.4586872682172252
96	1.4586872682172252
97	1.4586872682172252
98	1.4586872682172252
99	1.700660210153013
100	1.700660210153013
101	1.700660210153013
102	1.700660210153013
103	1.700660210153013
104	1.5417292656694273
105	1.5417292656694273
106	1.5417292656694273
107	1.5417292656694273
108	1.5417292656694273
109	1.6438844374227666
110	1.6438844374227666
111	1.6438844374227666
112	1.6438844374227666
113	1.6438844374227666
114	1.7781047442198985
115	1.7781047442198985
116	1.7781047442198985
117	1.7781047442198985
118	1.7781047442198985
119	1.6662586534371613
120	1.6662586534371613
121	1.6662586534371613
122	1.6662586534371613
123	1.6662586534371613
124	1.400293693398707
125	1.400293693398707
126	3.0667548463514755
127	3.0667548463514755
128	3.0667548463514755
129	3.0667548463514755
130	3.0667548463514755
131	3.840366731842283
132	3.840366731842283
133	3.840366731842283
134	3.840366731842283
135	3.840366731842283
136	3.1963459589410905
137	3.1963459589410905
138	3.1963459589410905
139	3.1963459589410905
140	3.1963459589410905
141	4.088563360459748
142	4.088563360459748
143	4.088563360459748
144	4.088563360459748
145	4.088563360459748
146	4.081456536044107
147	4.081456536044107
148	4.081456536044107
149	4.081456536044107
150	4.081456536044107
151	3.7847606021112057
152	3.7847606021112057
153	3.7847606021112057
154	3.7847606021112057
155	3.7847606021112057
156	3.986987807358355
157	3.986987807358355
158	3.986987807358355
159	3.986987807358355
160	3.986987807358355
161	3.9440159364758913
162	3.9440159364758913
163	3.9440159364758913
164	3.9440159364758913
165	3.9440159364758913
166	4.378496487964088
167	4.378496487964088
168	4.378496487964088
169	4.378496487964088
170	4.378496487964088
171	3.479719901120655
172	3.479719901120655
173	3.479719901120655
174	3.479719901120655
175	3.479719901120655
176	3.8813712357220087
177	3.8813712357220087
178	3.8813712357220087
179	3.8813712357220087
180	3.8813712357220087
181	3.9620375936672665
182	3.9620375936672665
183	3.9620375936672665
184	3.9620375936672665
185	3.9620375936672665
186	3.4480353046952876
187	3.4480353046952876
188	3.4480353046952876
189	3.4480353046952876
190	3.4480353046952876
191	3.8768353312169044
192	3.8768353312169044
193	3.8768353312169044
194	3.8768353312169044
195	3.8768353312169044
196	3.9641946722247634
197	3.9641946722247634
198	3.9641946722247634
199	3.9641946722247634
200	3.9641946722247634
201	3.9195795650557415
202	3.9195795650557415
203	3.9195795650557415
204	3.9195795650557415
205	3.9195795650557415
206	3.356550964998957
207	3.356550964998957
208	3.356550964998957
209	3.356550964998957
210	3.356550964998957
211	3.7910925354404026
212	3.7910925354404026
213	3.7910925354404026
214	3.7910925354404026
215	3.7910925354404026
216	3.938683823935905
217	3.938683823935905
218	3.938683823935905
219	3.938683823935905
220	3.938683823935905
221	3.3940550228926982
222	3.3940550228926982
223	3.3940550228926982
224	3.3940550228926982
225	3.3940550228926982
226	3.352436263223138
227	3.352436263223138
228	3.352436263223138
229	3.352436263223138
230	3.352436263223138
231	4.038963320025742
232	4.038963320025742
233	4.038963320025742
234	4.038963320025742
235	4.038963320025742
236	3.4069185396493635
237	3.4069185396493635
238	3.4069185396493635
239	3.4069185396493635
240	3.4069185396493635
241	3.3923242814482473
242	3.3923242814482473
243	3.3923242814482473
244	3.3923242814482473
245	3.3923242814482473
246	3.6313924141202296
247	3.6313924141202296
248	3.6313924141202296
249	3.6313924141202296
250	3.6313924141202296
251	3.8649259293356195
252	3.8649259293356195
253	3.8649259293356195
254	3.8649259293356195
255	3.8649259293356195
256	3.4482767907008087
257	3.4482767907008087
258	3.4482767907008087
259	3.4482767907008087
260	3.4482767907008087
261	3.5448687983327645
262	1.4749887266623243
263	1.4749887266623243
264	1.4749887266623243
265	1.4749887266623243
266	1.4749887266623243
267	1.6300015247649429
268	1.6300015247649429
269	1.6300015247649429
270	1.6300015247649429
271	1.6300015247649429
272	1.7123766967968457
273	1.7123766967968457
274	1.7123766967968457
275	1.7123766967968457
276	1.7123766967968457
277	1.4733882602137869
278	1.4733882602137869
279	1.4733882602137869
280	1.4733882602137869
281	1.4733882602137869
282	1.5712074862713579
283	1.5712074862713579
284	1.5712074862713579
285	1.5712074862713579
286	1.5712074862713579
287	1.6698210332086274
288	1.6698210332086274
289	1.6698210332086274
290	1.6698210332086274
291	1.6698210332086274
292	1.6897867665102335
293	1.6897867665102335
294	1.6897867665102335
295	1.6897867665102335
296	1.6897867665102335
297	1.5853546689473408
298	1.5853546689473408
299	1.5853546689473408
300	1.5853546689473408
301	1.5853546689473408
302	1.7257104474537575
303	1.7257104474537575
304	1.7257104474537575
305	1.7257104474537575
306	1.7257104474537575
307	1.7285513297811177
308	1.7285513297811177
309	1.7285513297811177
310	1.7285513297811177
311	1.7285513297811177
312	1.4842692781852107
313	1.4842692781852107
314	1.4842692781852107
315	1.4842692781852107
316	1.4842692781852107
317	1.3569725534927308
318	1.3569725534927308
319	0.6321521814377816
320	0.6321521814377816
321	0.6321521814377816
322	0.6321521814377816
323	0.6321521814377816
324	0.7143558425237788
325	0.7143558425237788
326	0.7143558425237788
327	0.7143558425237788
328	0.7143558425237788
329	0.6799204704282716
330	0.6799204704282716
331	2.5383803544167622
332	2.5383803544167622
333	2.5383803544167622
334	2.5383803544167622
335	2.5383803544167622
336	2.5803151423340083
337	2.5803151423340083
338	2.5803151423340083
339	2.5803151423340083
340	2.5803151423340083
341	2.160405009564743
342	2.160405009564743
343	2.160405009564743
344	2.160405009564743
345	2.160405009564743
346	2.2301364816555793
347	2.2301364816555793
348	2.2301364816555793
349	2.2301364816555793
350	2.2301364816555793
351	2.520757547554143
352	2.520757547554143
353	2.520757547554143
354	2.520757547554143
355	2.520757547554143
356	2.290070628876569
357	2.290070628876569
358	2.290070628876569
359	2.290070628876569
360	2.290070628876569
361	2.441284965727145
362	2.441284965727145
363	2.441284965727145
364	2.441284965727145
365	2.441284965727145
366	2.3692676900654157
367	2.3692676900654157
368	2.3692676900654157
369	2.3692676900654157
370	2.3692676900654157
371	2.3248639713345827
372	2.3248639713345827
373	2.3248639713345827
374	2.3248639713345827
375	2.3248639713345827
376	2.435709049911856
377	2.435709049911856
378	2.435709049911856
379	2.435709049911856
380	2.435709049911856
381	2.5635022083561223
382	2.5635022083561223
383	2.5635022083561223
384	2.5635022083561223
385	2.5635022083561223
386	2.2721909526728847
387	2.663947032634369
388	2.663947032634369
389	2.663947032634369
390	2.663947032634369
391	2.663947032634369
392	2.904959957525351
393	2.904959957525351
394	2.904959957525351
395	2.904959957525351
396	2.904959957525351
397	2.890960917962321
398	2.890960917962321
399	2.890960917962321
400	2.890960917962321
401	2.890960917962321
402	2.9301433513855253
403	2.9301433513855253
404	2.9301433513855253
405	2.9301433513855253
406	2.9301433513855253
407	2.9802242356748887
408	2.9802242356748887
409	0.7160484610702551
410	0.7160484610702551
411	0.7160484610702551
412	0.7160484610702551
413	0.7160484610702551
414	0.6552287871915311
415	0.6552287871915311
416	0.6552287871915311
417	0.6552287871915311
418	0.6552287871915311
419	0.5862941380970355
420	0.5862941380970355
421	0.5862941380970355
422	0.5862941380970355
423	0.5862941380970355
424	0.6102348094857843
425	0.6102348094857843
426	0.6102348094857843
427	0.6102348094857843
428	0.6102348094857843
429	0.6634629359098211
430	0.6634629359098211
431	0.6634629359098211
432	0.6634629359098211
433	0.6634629359098211
434	0.7471103331681829
435	0.7471103331681829
436	0.7471103331681829
437	0.7471103331681829
438	0.7471103331681829
439	0.7282817460481754
440	0.7282817460481754
441	0.7282817460481754
442	0.7282817460481754
443	0.7282817460481754
444	0.5835448190226984
445	0.5835448190226984
446	0.5835448190226984
447	0.5835448190226984
448	0.5835448190226984
449	0.6740591239043598
450	0.6740591239043598
451	0.6740591239043598
452	0.6740591239043598
453	0.6740591239043598
454	0.7190711805343142
455	0.7190711805343142
456	0.20641367265798416
457	0.20641367265798416
458	0.20641367265798416
459	0.20641367265798416
460	0.20641367265798416
461	0.21760197852551333
462	0.21760197852551333
463	0.21760197852551333
464	0.21760197852551333
465	0.21760197852551333
466	0.2115951734259637
467	0.2115951734259637
468	0.2115951734259637
469	0.2115951734259637
470	0.2115951734259637
471	0.1912971858828326
472	0.1912971858828326
473	0.1912971858828326
474	0.1912971858828326
475	0.1912971858828326
476	0.22288854673234823
477	0.22288854673234823
478	0.22288854673234823
479	2.3087289364821215
480	2.3087289364821215
481	2.3087289364821215
482	2.3087289364821215
483	2.3087289364821215
484	2.5982496342912444
485	2.5982496342912444
486	2.5982496342912444
487	2.5982496342912444
488	2.5982496342912444
489	2.1467314955446297
490	2.1467314955446297
491	2.1467314955446297
492	2.1467314955446297
493	2.1467314955446297
494	3.6388563651556938
495	3.6388563651556938
496	3.6388563651556938
497	3.6388563651556938
498	3.6388563651556938
499	4.020923670881128
500	4.020923670881128
501	4.020923670881128
502	4.020923670881128
503	4.020923670881128
504	4.0685182261541275
505	4.0685182261541275
506	4.0685182261541275
507	4.0685182261541275
508	4.0685182261541275
509	3.9008969942998695
510	3.9008969942998695
511	3.9008969942998695
512	3.9008969942998695
513	3.9008969942998695
514	4.3604296512173555
515	4.3604296512173555
516	4.3604296512173555
517	4.3604296512173555
518	4.3604296512173555
519	3.9746047112600187
520	3.9746047112600187
521	3.9746047112600187
522	3.9746047112600187
523	3.9746047112600187
524	4.027965447327808
525	4.027965447327808
526	4.027965447327808
527	4.027965447327808
528	2.7656926348533575
529	2.7656926348533575
530	2.7656926348533575
531	2.7656926348533575
532	2.7656926348533575
533	2.387020413225237
534	2.387020413225237
535	2.387020413225237
536	2.387020413225237
537	2.387020413225237
538	2.454602462548755
539	2.454602462548755
540	2.454602462548755
541	2.454602462548755
542	2.454602462548755
543	2.2958062109376765
544	2.2958062109376765
545	2.2958062109376765
546	2.2958062109376765
547	2.2958062109376765
548	2.2395429364642725
549	2.2395429364642725
550	2.2395429364642725
551	2.2395429364642725
552	2.2395429364642725
553	2.530545335814757
554	2.530545335814757
555	2.530545335814757
556	2.530545335814757
557	2.530545335814757
558	2.6630193813464498
559	2.6630193813464498
560	2.6630193813464498
561	2.6630193813464498
562	2.6630193813464498
563	2.475620700159141
564	2.475620700159141
565	2.475620700159141
566	2.0838324950220355
567	2.0838324950220355
568	2.0838324950220355
569	2.0838324950220355
570	2.0838324950220355
571	1.7541768738146364
572	1.7541768738146364
573	1.7541768738146364
574	1.7541768738146364
575	1.7541768738146364
576	1.9502131370148128
577	1.9502131370148128
578	1.9502131370148128
579	1.9502131370148128
580	1.9502131370148128
581	2.2180586428424434
582	2.2180586428424434
583	2.2180586428424434
584	2.2180586428424434
585	2.2180586428424434
586	2.0539884237572403
587	2.0539884237572403
588	2.0539884237572403
589	2.0539884237572403
590	2.0539884237572403
591	1.8576662066941445
592	1.8576662066941445
593	1.8576662066941445
594	1.8576662066941445
595	1.8576662066941445
596	2.0898766001606335
597	2.0898766001606335
598	2.0898766001606335
599	2.0898766001606335
600	2.0898766001606335
601	2.0410992863393886
602	2.0410992863393886
603	2.0410992863393886
604	2.0410992863393886
605	2.0410992863393886
606	2.3447975979587703
607	2.3447975979587703
608	2.3447975979587703
609	2.3447975979587703
610	2.3447975979587703
611	2.0295875323229136
612	2.0295875323229136
613	2.0295875323229136
614	2.0295875323229136
615	2.0295875323229136
616	0.6078232193640305
617	0.6078232193640305
618	0.6078232193640305
619	0.6078232193640305
620	0.6078232193640305
621	0.7202190040275459
622	0.7202190040275459
623	0.7202190040275459
624	0.7202190040275459
625	0.7202190040275459
626	0.5566987519998033
627	0.5566987519998033
628	0.5566987519998033
629	0.5566987519998033
630	0.5566987519998033
631	0.6676898342575559
632	0.6676898342575559
633	0.6676898342575559
634	0.6676898342575559
635	0.6676898342575559
636	0.7257211885657985
637	0.7257211885657985
638	0.7257211885657985
639	0.7257211885657985
640	0.7257211885657985
641	0.6566188843086982
642	0.6566188843086982
643	0.6566188843086982
644	0.6566188843086982
645	0.6566188843086982
646	0.6223826516587602
647	0.6223826516587602
648	3.4602225520917336
649	3.4602225520917336
650	3.4602225520917336
651	3.4602225520917336
652	3.4602225520917336
653	2.941793066860563
654	2.941793066860563
655	2.941793066860563
656	2.941793066860563
657	2.941793066860563
658	3.297503289749574
659	3.297503289749574
660	3.297503289749574
661	3.297503289749574
662	3.297503289749574
663	3.4701678188528247
664	3.4701678188528247
665	3.4701678188528247
666	3.4701678188528247
667	3.4701678188528247
668	3.3486141529072695
669	3.3486141529072695
670	3.3486141529072695
671	3.3486141529072695
672	1.5380871698352003
673	1.5380871698352003
674	1.5380871698352003
675	1.5380871698352003
676	1.5380871698352003
677	1.5811964606907383
678	1.5811964606907383
679	1.5811964606907383
680	1.5811964606907383
681	1.5811964606907383
682	1.7022224264687262
683	1.7022224264687262
684	1.7022224264687262
685	1.7022224264687262
686	1.7022224264687262
687	1.5788427431209417
688	1.5788427431209417
689	1.5788427431209417
690	1.5788427431209417
691	1.5788427431209417
692	1.6515715243710931
693	1.6515715243710931
694	1.6515715243710931
695	1.6515715243710931
696	1.6515715243710931
697	1.6334193726239525
698	1.6334193726239525
699	1.6334193726239525
700	1.6334193726239525
701	1.6334193726239525
702	1.4965956319536853
703	1.4965956319536853
704	1.4965956319536853
705	1.4965956319536853
706	1.4965956319536853
707	1.6481515518917425
708	1.6481515518917425
709	1.6481515518917425
710	1.6481515518917425
711	1.6481515518917425
712	1.5777931158318246
713	1.5777931158318246
714	1.5777931158318246
715	1.5777931158318246
716	1.5777931158318246
717	1.6477286396743358
718	1.6477286396743358
719	1.6477286396743358
720	1.6477286396743358
721	1.6477286396743358
722	1.411974816249339
723	1.411974816249339
724	1.411974816249339
725	1.411974816249339
726	1.411974816249339
727	1.6414198566740454
728	1.6414198566740454
729	1.6414198566740454
730	1.6414198566740454
731	1.6414198566740454
732	1.7904137664455484
733	1.7904137664455484
734	1.7904137664455484
735	1.7904137664455484
736	1.7904137664455484
737	1.7929598605015318
738	1.7929598605015318
739	1.7929598605015318
740	1.7929598605015318
741	1.7929598605015318
742	1.4420869817251238
743	2.4475741475753017
744	2.4475741475753017
745	2.4475741475753017
746	2.4475741475753017
747	2.4475741475753017
748	2.5563516637772445
749	2.5563516637772445
750	2.5563516637772445
751	2.5563516637772445
752	2.5563516637772445
753	2.465783359429225
754	2.465783359429225
755	1.3282203540998752
756	1.3282203540998752
757	1.3282203540998752
758	1.3282203540998752
759	1.3282203540998752
760	1.1673519740379144
761	1.1673519740379144
762	1.1673519740379144
763	1.1673519740379144
764	1.1673519740379144
765	1.1458970311392014
766	1.1458970311392014
767	1.1458970311392014
768	1.1458970311392014
769	1.1458970311392014
770	2.8749722900815735
771	2.8749722900815735
772	3.7812900983353965
773	3.7812900983353965
774	3.7812900983353965
775	3.7812900983353965
776	3.7812900983353965
777	3.7035497759007345
778	3.7035497759007345
779	3.7035497759007345
780	3.7035497759007345
781	3.7035497759007345
782	3.4315778933106156
783	3.4315778933106156
784	3.4315778933106156
785	3.4315778933106156
786	3.4315778933106156
787	3.734762266133597
788	3.734762266133597
789	3.734762266133597
790	3.734762266133597
791	3.734762266133597
792	3.6584566219882446
793	3.6584566219882446
794	3.6584566219882446
795	3.6584566219882446
796	3.6584566219882446
797	3.3772177324571655
798	3.3772177324571655
799	3.3772177324571655
800	3.3772177324571655
801	3.3772177324571655
802	3.5088631132282186
803	3.5088631132282186
804	1.2079927750705954
805	1.2079927750705954
806	1.2079927750705954
807	1.2079927750705954
808	1.2079927750705954
809	1.1227166959332326
810	2.4530174014632515
811	2.4530174014632515
812	2.4530174014632515
813	2.4530174014632515
814	2.4530174014632515
815	2.273645280925544
816	2.273645280925544
817	2.273645280925544
818	2.273645280925544
819	2.273645280925544
820	2.330902871380622
821	2.330902871380622
822	2.330902871380622
823	2.330902871380622
824	2.330902871380622
825	2.1668494201136568
826	2.1668494201136568
827	2.1668494201136568
828	2.1668494201136568
829	2.1668494201136568
830	2.4636996109938996
831	2.4636996109938996
832	2.4636996109938996
833	2.4636996109938996
834	2.4636996109938996
835	2.302485430269521
836	1.1213664064382332
837	1.1213664064382332
838	1.1213664064382332
839	1.1213664064382332
840	1.1213664064382332
841	1.099759265097912
842	1.099759265097912
843	1.099759265097912
844	1.099759265097912
845	1.099759265097912
846	1.054781644609562
847	1.054781644609562
848	1.054781644609562
849	1.054781644609562
850	1.054781644609562
851	1.1546705162012034
852	1.1546705162012034
853	1.1546705162012034
854	1.1546705162012034
855	1.1546705162012034
856	1.207264798087827
857	1.207264798087827
858	1.207264798087827
859	1.207264798087827
860	1.207264798087827
861	1.0656297738132683
862	1.0656297738132683
863	1.0656297738132683
864	1.0656297738132683
865	1.0656297738132683
866	0.9758256349596477
867	0.9758256349596477
868	0.9758256349596477
869	0.9758256349596477
870	0.9758256349596477
871	1.0621117357470482
872	1.0621117357470482
873	1.0621117357470482
874	1.0621117357470482
875	1.0621117357470482
876	1.0917190813900852
877	1.0917190813900852
878	1.0917190813900852
879	1.0917190813900852
880	1.0917190813900852
881	1.1054752913577996
882	1.1054752913577996
883	1.1054752913577996
884	1.1054752913577996
885	1.1054752913577996
886	1.2104932405930489
887	1.2104932405930489
888	1.2104932405930489
889	1.2104932405930489
890	1.2104932405930489
891	1.1507556608545069
892	1.1507556608545069
893	1.1507556608545069
894	1.1507556608545069
895	1.1507556608545069
896	1.1415997675591665
897	1.1415997675591665
898	1.1415997675591665
899	1.1415997675591665
900	1.1415997675591665
901	1.1196428213302294
902	1.1196428213302294
903	1.1196428213302294
904	1.1196428213302294
905	1.1196428213302294
906	1.122176228239369
907	1.122176228239369
908	1.122176228239369
909	1.122176228239369
910	1.122176228239369
911	1.203460501181402
912	1.203460501181402
913	1.203460501181402
914	1.203460501181402
915	1.203460501181402
916	1.2014890051417046
917	1.2014890051417046
918	1.2014890051417046
919	1.2014890051417046
920	1.2014890051417046
921	0.9637183924705565
922	0.9637183924705565
923	0.9637183924705565
924	0.9637183924705565
925	0.9637183924705565
926	1.2032154249718312
927	1.2032154249718312
928	1.2032154249718312
929	1.2032154249718312
930	1.2032154249718312
931	1.1226199615645636
932	1.1226199615645636
933	1.1226199615645636
934	1.1226199615645636
935	1.1226199615645636
936	1.0791254835644404
937	1.0791254835644404
938	1.0791254835644404
939	1.0791254835644404
940	1.0791254835644404
941	1.1244421638808937
942	1.1244421638808937
943	1.1244421638808937
944	1.1244421638808937
945	1.1244421638808937
946	1.0843472692651028
947	1.0843472692651028
948	1.0843472692651028
949	1.0843472692651028
950	1.0843472692651028
951	1.0469813921566384
952	1.0469813921566384
953	1.0469813921566384
954	1.0469813921566384
955	1.0469813921566384
956	1.1606100972769313
957	1.1606100972769313
958	1.1606100972769313
959	1.1606100972769313
960	1.1606100972769313
961	1.0694626877488183
962	0.19307756302841458
963	0.19307756302841458
964	0.19307756302841458
965	0.19307756302841458
966	0.19307756302841458
967	0.20379371036792596
968	0.20379371036792596
969	0.20379371036792596
970	0.20379371036792596
971	0.20379371036792596
972	0.2002989985275883
973	0.2002989985275883
974	0.2002989985275883
975	0.2002989985275883
976	0.2002989985275883
977	0.2094231387490967
978	0.2094231387490967
979	0.2094231387490967
980	0.2094231387490967
981	0.2094231387490967
982	0.1907146392460367
983	0.1907146392460367
984	0.1907146392460367
985	0.1907146392460367
986	0.1907146392460367
987	2.700878775257903
988	2.700878775257903
989	2.700878775257903
990	2.700878775257903
991	2.700878775257903
992	2.580191761475839
993	2.580191761475839
994	2.580191761475839
995	2.580191761475839
996	2.580191761475839
997	2.2428359523019608
998	1.5389896077740541
999	1.5389896077740541
1000	2.6903753744724277
1001	2.6903753744724277
1002	2.6903753744724277
1003	2.6903753744724277
1004	2.6903753744724277
1005	2.984691747088011
1006	2.984691747088011
1007	2.984691747088011
1008	2.984691747088011
1009	2.984691747088011
1010	3.008608783021043
1011	3.008608783021043
1012	3.008608783021043
1013	3.008608783021043
1014	3.008608783021043
1015	2.890471019090644
1016	2.890471019090644
1017	2.890471019090644
1018	2.890471019090644
1019	2.890471019090644
1020	2.886836950071985
1021	2.886836950071985
1022	2.886836950071985
1023	2.886836950071985
1024	2.886836950071985
1025	2.3268142960320235
1026	2.3268142960320235
1027	1.6032938943017068
1028	1.6032938943017068
1029	1.6032938943017068
1030	1.6032938943017068
1031	1.6032938943017068
1032	1.6343435788613818
1033	1.6343435788613818
1034	1.6343435788613818
1035	1.6343435788613818
1036	1.6343435788613818
1037	1.503964876625587
1038	1.1938478790423617
1039	1.1938478790423617
1040	1.1938478790423617
1041	1.1938478790423617
1042	1.1938478790423617
1043	1.1086075177339854
1044	1.1086075177339854
1045	1.1086075177339854
1046	1.1086075177339854
1047	1.1086075177339854
1048	1.116089216048991
1049	1.116089216048991
1050	1.116089216048991
1051	1.116089216048991
1052	1.116089216048991
1053	1.1251104559249558
1054	1.1251104559249558
1055	1.1251104559249558
1056	1.1251104559249558
1057	1.1251104559249558
1058	1.052775075453704
1059	1.5742620591920409
1060	1.5742620591920409
1061	1.5742620591920409
1062	1.5742620591920409
1063	1.5742620591920409
1064	1.731950845014037
1065	1.731950845014037
1066	1.731950845014037
1067	1.731950845014037
1068	1.731950845014037
1069	1.6639344304144488
1070	1.6639344304144488
1071	1.6639344304144488
1072	1.6639344304144488
1073	3.556455824799009
1074	3.556455824799009
1075	3.556455824799009
1076	3.556455824799009
1077	3.556455824799009
1078	3.1117694288003186
1079	3.1117694288003186
1080	3.1117694288003186
1081	3.1117694288003186
1082	3.1117694288003186
1083	3.5006469124839255
1084	3.5006469124839255
1085	3.5006469124839255
1086	3.5006469124839255
1087	3.5006469124839255
1088	3.600297906047387
1089	3.600297906047387
1090	3.600297906047387
1091	3.600297906047387
1092	3.600297906047387
1093	3.2248451610507924
1094	3.2248451610507924
1095	3.2248451610507924
1096	3.2248451610507924
1097	3.2248451610507924
1098	3.127539146655888
1099	3.127539146655888
1100	3.127539146655888
1101	3.127539146655888
1102	3.127539146655888
1103	3.2477828002530282
1104	3.2477828002530282
1105	3.2477828002530282
1106	3.2477828002530282
1107	3.2477828002530282
1108	3.2515136911911013
1109	3.2515136911911013
1110	3.2515136911911013
1111	3.2515136911911013
1112	3.2515136911911013
1113	3.4181820146536235
1114	3.4181820146536235
1115	3.4181820146536235
1116	3.4181820146536235
1117	3.4181820146536235
1118	3.7955318655901293
1119	3.7955318655901293
1120	3.7955318655901293
1121	3.7955318655901293
1122	3.7955318655901293
1123	3.279587817192197
1124	3.279587817192197
1125	3.279587817192197
1126	3.279587817192197
1127	3.279587817192197
1128	3.4145927973953976
1129	3.4145927973953976
1130	3.4145927973953976
1131	3.4145927973953976
1132	3.4145927973953976
1133	3.276316800997351
1134	3.276316800997351
1135	3.276316800997351
1136	3.276316800997351
1137	4.123987222036768
1138	4.123987222036768
1139	4.123987222036768
1140	4.123987222036768
1141	4.123987222036768
1142	4.083505804875149
1143	4.083505804875149
1144	4.083505804875149
1145	1.1445341935198021
1146	1.1445341935198021
1147	1.1445341935198021
1148	1.1445341935198021
1149	1.1445341935198021
1150	1.2094058137256494
1151	1.2094058137256494
1152	1.2094058137256494
1153	1.2094058137256494
1154	1.2094058137256494
1155	1.0244249317454395
1156	1.0244249317454395
1157	1.0244249317454395
1158	1.0244249317454395
1159	1.0244249317454395
1160	1.2461512647074657
1161	1.2461512647074657
1162	1.2461512647074657
1163	1.2461512647074657
1164	1.2461512647074657
1165	1.0828478630218636
1166	1.0828478630218636
1167	1.0828478630218636
1168	1.0828478630218636
1169	1.0828478630218636
1170	1.2720925920980992
1171	1.2720925920980992
1172	1.2720925920980992
1173	1.2720925920980992
1174	1.2720925920980992
1175	1.1312330277565488
1176	1.1312330277565488
1177	1.1312330277565488
1178	1.1312330277565488
1179	2.8797132662910205
1180	2.8797132662910205
1181	2.8797132662910205
1182	2.8797132662910205
1183	2.8797132662910205
1184	2.7874284883587883
1185	2.7874284883587883
1186	2.7874284883587883
1187	2.7874284883587883
1188	2.7874284883587883
1189	3.099788559039659
1190	3.099788559039659
1191	3.099788559039659
1192	3.099788559039659
1193	3.099788559039659
1194	2.7731666679961413
1195	2.7731666679961413
1196	2.7731666679961413
1197	2.7731666679961413
1198	2.7731666679961413
1199	2.9494608637842745
1200	2.9494608637842745
1201	2.9494608637842745
1202	2.9494608637842745
1203	2.9494608637842745
1204	3.052284036674313
1205	3.052284036674313
1206	3.052284036674313
1207	3.052284036674313
1208	3.052284036674313
1209	2.8127633179721614
1210	2.8127633179721614
1211	2.8127633179721614
1212	2.8127633179721614
1213	2.8127633179721614
1214	3.120469548141292
1215	3.120469548141292
1216	3.120469548141292
1217	3.120469548141292
1218	3.120469548141292
1219	3.0424858294741184
1220	3.0424858294741184
1221	3.0424858294741184
1222	3.0424858294741184
1223	3.0424858294741184
1224	2.9716823190428685
1225	2.9716823190428685
1226	2.9716823190428685
1227	2.9716823190428685
1228	2.9716823190428685
1229	2.826595573575668
1230	2.826595573575668
1231	2.826595573575668
1232	2.826595573575668
1233	2.826595573575668
1234	2.724167890589905
1235	2.724167890589905
1236	2.724167890589905
1237	2.724167890589905
1238	2.724167890589905
1239	2.598446555088908
1240	2.598446555088908
1241	2.598446555088908
1242	2.598446555088908
1243	2.598446555088908
1244	3.0754115548598078
1245	3.0754115548598078
1246	3.0754115548598078
1247	3.0754115548598078
1248	3.0754115548598078
1249	2.782958125593843
1250	2.782958125593843
1251	2.782958125593843
1252	2.782958125593843
1253	2.782958125593843
1254	2.865345508403948
1255	2.865345508403948
1256	2.865345508403948
1257	2.865345508403948
1258	2.865345508403948
1259	3.148156472152475
1260	3.148156472152475
1261	3.148156472152475
1262	3.148156472152475
1263	3.148156472152475
1264	2.907863129503499
1265	2.907863129503499
1266	2.907863129503499
1267	2.907863129503499
1268	2.907863129503499
1269	2.7792178411441952
1270	2.7792178411441952
1271	2.7792178411441952
1272	2.7792178411441952
1273	2.7792178411441952
1274	3.08155756667061
1275	3.08155756667061
1276	3.08155756667061
1277	3.08155756667061
1278	3.6323613845925182
1279	3.6323613845925182
1280	3.6323613845925182
1281	3.6323613845925182
1282	3.6323613845925182
1283	3.658222667426841
1284	3.658222667426841
1285	3.658222667426841
1286	3.658222667426841
1287	3.658222667426841
1288	3.504878152487815
1289	3.504878152487815
1290	3.504878152487815
1291	3.504878152487815
1292	3.504878152487815
1293	3.502295426648279
1294	3.502295426648279
1295	3.502295426648279
1296	3.502295426648279
1297	3.502295426648279
1298	3.452894536626061
1299	3.452894536626061
1300	3.452894536626061
1301	3.452894536626061
1302	3.452894536626061
1303	1.920141863373814
1304	1.920141863373814
1305	1.920141863373814
1306	1.920141863373814
1307	1.920141863373814
1308	2.1070670551330717
1309	2.1070670551330717
1310	2.1070670551330717
1311	2.1070670551330717
1312	2.1070670551330717
1313	2.2369672847720956
1314	2.2369672847720956
1315	2.2369672847720956
1316	2.2369672847720956
1317	2.2369672847720956
1318	1.6741743708972538
1319	1.6741743708972538
1320	1.6741743708972538
1321	1.6741743708972538
1322	1.6741743708972538
1323	1.9927823954739452
1324	1.9927823954739452
1325	1.9927823954739452
1326	1.9927823954739452
1327	1.9927823954739452
1328	2.180213853198485
1329	2.180213853198485
1330	2.180213853198485
1331	2.180213853198485
1332	2.180213853198485
1333	2.102544047337803
1334	2.102544047337803
1335	2.102544047337803
1336	2.102544047337803
1337	2.102544047337803
1338	1.9592939335317643
1339	1.9592939335317643
1340	1.9592939335317643
1341	1.9592939335317643
1342	1.9592939335317643
1343	1.7918087222455934
1344	1.7918087222455934
1345	1.7918087222455934
1346	1.7918087222455934
1347	1.7918087222455934
1348	1.9560322710464657
1349	1.9560322710464657
1350	1.9560322710464657
1351	1.9560322710464657
1352	1.9560322710464657
1353	1.9853545958071748
1354	1.9853545958071748
1355	1.9853545958071748
1356	1.9853545958071748
1357	1.9853545958071748
1358	1.8174239948302722
1359	1.8174239948302722
1360	1.8174239948302722
1361	1.8174239948302722
1362	1.8174239948302722
1363	2.15643111178217
1364	2.15643111178217
1365	2.15643111178217
1366	2.15643111178217
1367	2.15643111178217
1368	1.859418553606376
1369	1.859418553606376
1370	1.859418553606376
1371	1.859418553606376
1372	1.859418553606376
1373	1.9616278439562032
1374	1.9616278439562032
1375	1.9616278439562032
1376	1.9616278439562032
1377	1.9616278439562032
1378	2.2711639691325303
1379	2.2711639691325303
1380	2.2711639691325303
1381	2.2711639691325303
1382	2.2711639691325303
1383	1.963930111545511
1384	1.963930111545511
1385	1.963930111545511
1386	1.963930111545511
1387	1.963930111545511
1388	2.0278769157264604
1389	2.0278769157264604
1390	2.0278769157264604
1391	2.0278769157264604
1392	2.0278769157264604
1393	2.1242862454355063
1394	2.1242862454355063
1395	2.1242862454355063
1396	2.1242862454355063
1397	2.1242862454355063
1398	2.033575619056096
1399	2.033575619056096
1400	2.033575619056096
1401	2.033575619056096
1402	2.033575619056096
1403	2.0907151972312574
1404	2.0907151972312574
1405	2.0907151972312574
1406	2.0907151972312574
1407	2.0907151972312574
1408	1.9646796606446246
1409	1.9646796606446246
1410	1.9646796606446246
1411	1.9646796606446246
1412	1.9646796606446246
1413	2.166034649256374
1414	2.166034649256374
1415	2.166034649256374
1416	2.166034649256374
1417	2.166034649256374
1418	2.005980113160953
1419	3.0886470327535127
1420	3.0886470327535127
1421	3.0886470327535127
1422	3.0886470327535127
1423	3.0886470327535127
1424	2.8516575723332576
1425	2.8516575723332576
1426	2.8516575723332576
1427	2.8516575723332576
1428	2.8516575723332576
1429	2.758820467406572
1430	2.758820467406572
1431	2.758820467406572
1432	2.758820467406572
1433	2.758820467406572
1434	2.7491515708505236
1435	2.7491515708505236
1436	2.7491515708505236
1437	2.7491515708505236
1438	2.7491515708505236
1439	2.7449229178732857
1440	2.7449229178732857
1441	2.7449229178732857
1442	2.7449229178732857
1443	2.7449229178732857
1444	3.180465773756342
1445	3.180465773756342
1446	3.180465773756342
1447	3.180465773756342
1448	3.180465773756342
1449	3.148936413622268
1450	3.148936413622268
1451	3.148936413622268
1452	3.148936413622268
1453	3.148936413622268
1454	2.8941548347213133
1455	2.8941548347213133
1456	2.8941548347213133
1457	2.8941548347213133
1458	2.8941548347213133
1459	2.7073711082386014
1460	2.7073711082386014
1461	2.7073711082386014
1462	2.7073711082386014
1463	2.7073711082386014
1464	2.8513264446725652
1465	2.8513264446725652
1466	2.8513264446725652
1467	2.8513264446725652
1468	2.8513264446725652
1469	3.0550587327724292
1470	3.0550587327724292
1471	3.0550587327724292
1472	3.0550587327724292
1473	3.0550587327724292
1474	2.7839224117162122
1475	2.7839224117162122
1476	2.7839224117162122
1477	2.7839224117162122
1478	2.7839224117162122
1479	2.9661093890620447
1480	2.9661093890620447
1481	2.9661093890620447
1482	2.9661093890620447
1483	2.9661093890620447
1484	2.86053019671968
1485	2.86053019671968
1486	2.86053019671968
1487	2.86053019671968
1488	2.86053019671968
1489	3.0670767501097536
1490	3.0670767501097536
1491	3.0670767501097536
1492	3.0670767501097536
1493	3.0670767501097536
1494	2.6334991759880135
1495	2.6334991759880135
1496	2.6334991759880135
1497	2.6334991759880135
1498	2.6334991759880135
1499	3.0001935918981135
1500	3.0001935918981135
1501	3.0001935918981135
1502	3.0001935918981135
1503	3.0001935918981135
1504	2.9169591631844316
1505	4.9854632863987804
1506	4.9854632863987804
1507	4.9854632863987804
1508	4.9854632863987804
1509	4.9854632863987804
1510	4.483976922107652
1511	4.483976922107652
1512	4.483976922107652
1513	4.483976922107652
1514	4.483976922107652
1515	4.045981104261838
1516	4.045981104261838
1517	4.045981104261838
1518	4.045981104261838
1519	4.045981104261838
1520	4.39255639412049
1521	4.39255639412049
1522	4.39255639412049
1523	4.39255639412049
1524	4.39255639412049
1525	4.761739595968781
1526	4.761739595968781
1527	4.761739595968781
1528	4.761739595968781
1529	4.761739595968781
1530	4.363730755971752
1531	4.363730755971752
1532	4.363730755971752
1533	4.363730755971752
1534	4.363730755971752
1535	4.248366916100972
1536	4.248366916100972
1537	4.248366916100972
1538	4.248366916100972
1539	4.248366916100972
1540	4.8646508418804135
1541	4.8646508418804135
1542	4.8646508418804135
1543	4.150947229455998
1544	4.150947229455998
1545	4.150947229455998
1546	4.150947229455998
1547	4.150947229455998
1548	4.079165726434319
1549	4.079165726434319
1550	4.079165726434319
1551	4.079165726434319
1552	4.079165726434319
1553	3.6829433325502956
1554	3.6829433325502956
1555	3.6829433325502956
1556	3.6829433325502956
1557	3.6829433325502956
1558	3.5631096362255716
1559	3.5631096362255716
1560	3.5631096362255716
1561	3.5631096362255716
1562	3.5631096362255716
1563	3.9778313960189475
1564	3.9778313960189475
1565	3.9778313960189475
1566	3.9778313960189475
1567	3.9778313960189475
1568	3.373159253043683
1569	3.373159253043683
1570	3.373159253043683
1571	3.373159253043683
1572	3.373159253043683
1573	3.713672879658588
1574	2.7358725576481278
1575	2.7358725576481278
1576	2.7358725576481278
1577	2.7358725576481278
1578	2.7358725576481278
1579	3.1427350995967758
1580	3.1427350995967758
1581	3.1427350995967758
1582	3.1427350995967758
1583	3.1427350995967758
1584	3.191307427379557
1585	3.191307427379557
1586	3.191307427379557
1587	3.191307427379557
1588	3.191307427379557
1589	2.9518833864640053
1590	2.9518833864640053
1591	2.9518833864640053
1592	2.9518833864640053
1593	2.9518833864640053
1594	3.099939957944069
1595	3.099939957944069
1596	3.099939957944069
1597	3.099939957944069
1598	3.099939957944069
1599	2.893906097492831
1600	2.893906097492831
1601	2.893906097492831
1602	2.893906097492831
1603	2.893906097492831
1604	2.9157475330689118
1605	2.9157475330689118
1606	2.9157475330689118
1607	2.9157475330689118
1608	0.6001147968497665
1609	0.6001147968497665
1610	0.6001147968497665
1611	0.6001147968497665
1612	0.6001147968497665
1613	0.6535365808172414
1614	0.6535365808172414
1615	0.6535365808172414
1616	0.6535365808172414
1617	0.6535365808172414
1618	0.7106072401479516
1619	0.7106072401479516
1620	0.7106072401479516
1621	0.7106072401479516
1622	0.7106072401479516
1623	0.6294832565091008
1624	0.6294832565091008
1625	0.6294832565091008
1626	0.6294832565091008
1627	0.6294832565091008
1628	0.6520544949780969
1629	4.330880779865595
1630	4.330880779865595
1631	4.330880779865595
1632	4.330880779865595
1633	4.330880779865595
1634	4.056390372910384
1635	4.056390372910384
1636	4.056390372910384
1637	4.056390372910384
1638	4.056390372910384
1639	3.455349288731425
1640	3.455349288731425
1641	3.455349288731425
1642	3.455349288731425
1643	3.455349288731425
1644	3.6263065343800625
1645	3.6263065343800625
1646	3.6263065343800625
1647	3.6263065343800625
1648	3.6263065343800625
1649	3.9945090088395494
1650	3.9945090088395494
1651	3.9945090088395494
1652	3.9945090088395494
1653	3.9945090088395494
1654	3.7880783227741
1655	3.7880783227741
1656	3.7880783227741
1657	3.7880783227741
1658	3.7880783227741
1659	3.713936474368668
1660	3.713936474368668
1661	3.713936474368668
1662	3.713936474368668
1663	3.713936474368668
1664	3.6956504728789517
1665	1.6545376226563773
1666	1.6545376226563773
1667	1.6545376226563773
1668	1.6545376226563773
1669	1.6545376226563773
1670	1.4623191874910308
1671	1.4623191874910308
1672	1.4623191874910308
1673	1.4623191874910308
1674	1.4623191874910308
1675	1.5837389491378735
1676	1.5837389491378735
1677	1.5837389491378735
1678	1.5837389491378735
1679	1.5837389491378735
1680	1.5446283831590757
1681	1.5446283831590757
1682	1.5446283831590757
1683	1.5446283831590757
1684	1.5446283831590757
1685	1.674455909516261
1686	1.674455909516261
1687	1.674455909516261
1688	1.674455909516261
1689	1.674455909516261
1690	1.5393189983226852
1691	1.5393189983226852
1692	1.5393189983226852
1693	1.5393189983226852
1694	1.5393189983226852
1695	1.5608953871226756
1696	1.5608953871226756
1697	1.5608953871226756
1698	1.5608953871226756
1699	1.5608953871226756
1700	1.5545511566834327
1701	1.5545511566834327
1702	1.5545511566834327
1703	1.5545511566834327
1704	1.5545511566834327
1705	1.7054478551329293
1706	1.7054478551329293
1707	1.7054478551329293
1708	1.7054478551329293
1709	1.7054478551329293
1710	1.5983557523174325
1711	1.5983557523174325
1712	1.5983557523174325
1713	1.5983557523174325
1714	1.5983557523174325
1715	1.3611789153359277
1716	1.3611789153359277
1717	1.3611789153359277
1718	1.3611789153359277
1719	1.3611789153359277
1720	1.6137073739197934
1721	1.6137073739197934
1722	1.6137073739197934
1723	1.6137073739197934
1724	1.6137073739197934
1725	1.5087125493392461
1726	1.5087125493392461
1727	1.5087125493392461
1728	1.5087125493392461
1729	1.5087125493392461
1730	1.616111067729611
1731	1.616111067729611
1732	1.616111067729611
1733	1.616111067729611
1734	1.616111067729611
1735	1.4603132002228072
1736	1.4603132002228072
1737	1.4603132002228072
1738	1.4603132002228072
1739	1.4603132002228072
1740	1.4945254746434715
1741	1.4945254746434715
1742	1.4945254746434715
1743	1.4945254746434715
1744	1.4945254746434715
1745	1.413586346862125
1746	1.413586346862125
1747	1.413586346862125
1748	1.413586346862125
1749	1.413586346862125
1750	1.4894575336118414
1751	1.4894575336118414
1752	1.4894575336118414
1753	1.4894575336118414
1754	1.4894575336118414
1755	1.5294077417973408
1756	1.5294077417973408
1757	1.5294077417973408
1758	1.5294077417973408
1759	1.5294077417973408
1760	1.5419973178956463
1761	1.5419973178956463
1762	1.5419973178956463
1763	1.5419973178956463
1764	1.5419973178956463
1765	1.6707776719763847
1766	1.6707776719763847
1767	1.6707776719763847
1768	1.6707776719763847
1769	1.6707776719763847
1770	1.6643206798127124
1771	1.6643206798127124
1772	1.6643206798127124
1773	3.6162874526568807
1774	3.6162874526568807
1775	3.6162874526568807
1776	3.6162874526568807
1777	3.6162874526568807
1778	4.121915460070376
1779	4.121915460070376
1780	4.121915460070376
1781	4.121915460070376
1782	4.121915460070376
1783	3.889946858978928
1784	3.889946858978928
1785	3.889946858978928
1786	3.889946858978928
1787	3.889946858978928
1788	3.89349975835534
1789	3.89349975835534
1790	3.89349975835534
1791	3.89349975835534
1792	3.89349975835534
1793	3.919932587767231
1794	3.919932587767231
1795	3.919932587767231
1796	3.919932587767231
1797	3.919932587767231
1798	3.780541753967435
1799	3.780541753967435
1800	3.780541753967435
1801	3.780541753967435
1802	3.780541753967435
1803	4.1256285355565705
1804	4.1256285355565705
1805	4.1256285355565705
1806	2.3459405289017825
1807	2.3459405289017825
1808	2.3459405289017825
1809	2.3459405289017825
1810	2.3459405289017825
1811	2.83876047586696
1812	2.83876047586696
1813	2.83876047586696
1814	2.83876047586696
1815	2.83876047586696
1816	2.3663706897696857
1817	2.3663706897696857
1818	2.3663706897696857
1819	2.3663706897696857
1820	2.3663706897696857
1821	2.3724169107403625
1822	2.3724169107403625
1823	2.3724169107403625
1824	2.3724169107403625
1825	2.3724169107403625
1826	2.4299477748201066
1827	2.4299477748201066
1828	2.4299477748201066
1829	2.4299477748201066
1830	2.4299477748201066
1831	2.5108682152049404
1832	2.5108682152049404
1833	2.5108682152049404
1834	2.5108682152049404
1835	2.5108682152049404
1836	2.599663041609241
1837	2.599663041609241
1838	2.599663041609241
1839	2.599663041609241
1840	2.599663041609241
1841	2.562286674303215
1842	0.666444896425739
1843	0.666444896425739
1844	0.666444896425739
1845	0.666444896425739
1846	0.666444896425739
1847	0.6896316303053234
1848	0.6896316303053234
1849	0.6896316303053234
1850	0.6896316303053234
1851	0.6896316303053234
1852	0.7210056524498643
1853	0.7210056524498643
1854	0.7210056524498643
1855	0.7210056524498643
1856	0.7210056524498643
1857	0.676693095999879
1858	0.676693095999879
1859	0.676693095999879
1860	0.676693095999879
1861	0.676693095999879
1862	0.6274732580822626
1863	0.6274732580822626
1864	0.6274732580822626
1865	0.6274732580822626
1866	0.6274732580822626
1867	0.6343133659627962
1868	0.6343133659627962
1869	0.6343133659627962
1870	0.6343133659627962
1871	0.6343133659627962
1872	0.6230323926747952
1873	0.6230323926747952
1874	0.6230323926747952
1875	0.6230323926747952
1876	0.6230323926747952
1877	0.6369298575836705
1878	0.6369298575836705
1879	0.6369298575836705
1880	0.6369298575836705
1881	0.6369298575836705
1882	0.6480387130103437
1883	0.6480387130103437
1884	0.6480387130103437
1885	0.6480387130103437
1886	0.6480387130103437
1887	0.6563045848417944
1888	0.6563045848417944
1889	0.6563045848417944
1890	0.6563045848417944
1891	0.6563045848417944
1892	0.6253267967548354
1893	0.6253267967548354
1894	0.6253267967548354
1895	0.6253267967548354
1896	0.6253267967548354
1897	0.7240438156204647
1898	0.7240438156204647
1899	0.7240438156204647
1900	0.7240438156204647
1901	0.7240438156204647
1902	0.5517742332174752
1903	0.5517742332174752
1904	0.5517742332174752
1905	0.5517742332174752
1906	0.5517742332174752
1907	0.6490535461988477
1908	0.6490535461988477
1909	0.6490535461988477
1910	0.6490535461988477
1911	0.6490535461988477
1912	0.71055203267512
1913	0.71055203267512
1914	0.71055203267512
1915	0.71055203267512
1916	0.71055203267512
1917	0.6503199172687496
1918	0.6503199172687496
1919	0.6503199172687496
1920	0.6503199172687496
1921	0.6503199172687496
1922	0.5803302269524687
1923	0.5803302269524687
1924	0.5803302269524687
1925	0.5803302269524687
1926	0.5803302269524687
1927	0.6378932122781191
1928	0.6378932122781191
1929	0.6378932122781191
1930	0.6378932122781191
1931	0.6378932122781191
1932	0.6369492461338102
1933	0.6369492461338102
1934	0.6369492461338102
1935	0.6369492461338102
1936	0.6369492461338102
1937	0.6460994542571944
1938	0.6460994542571944
1939	0.6460994542571944
1940	0.6460994542571944
1941	0.6460994542571944
1942	0.6867554398902515
1943	0.6867554398902515
1944	0.6867554398902515
1945	0.6867554398902515
1946	0.6867554398902515
1947	0.6998485559701575
1948	0.6998485559701575
1949	0.6998485559701575
1950	0.6998485559701575
1951	0.6998485559701575
1952	0.5888538794259386
1953	3.7736351456458532
1954	3.7736351456458532
1955	3.7736351456458532
1956	3.7736351456458532
1957	3.7736351456458532
1958	3.761858905072954
1959	3.761858905072954
1960	3.761858905072954
1961	0.6245308677414517
1962	0.6245308677414517
1963	0.6245308677414517
1964	0.6245308677414517
1965	0.6245308677414517
1966	0.6424765982652577
1967	0.6424765982652577
1968	0.6424765982652577
1969	0.6424765982652577
1970	0.6424765982652577
1971	0.6643540591474072
1972	0.6643540591474072
1973	0.6643540591474072
1974	0.6643540591474072
1975	0.6643540591474072
1976	0.6444487195036995
1977	0.6444487195036995
1978	0.6444487195036995
1979	0.6444487195036995
1980	0.6444487195036995
1981	0.6886262435479704
1982	0.6886262435479704
1983	0.6886262435479704
1984	0.6886262435479704
1985	0.6886262435479704
1986	0.5898711155733928
1987	0.5898711155733928
1988	0.5898711155733928
1989	0.5898711155733928
1990	0.5898711155733928
1991	0.6620681432633094
1992	0.6620681432633094
1993	0.6620681432633094
1994	0.6620681432633094
1995	0.6620681432633094
1996	0.6354885338370435
1997	0.6354885338370435
1998	0.6354885338370435
1999	0.6354885338370435
