0	0.17459823132229138
1	0.17459823132229138
2	0.17459823132229138
3	0.22249752305014622
4	0.22249752305014622
5	0.22249752305014622
6	0.19415800460355445
7	0.19415800460355445
8	0.19415800460355445
9	0.20199465092527782
10	0.20199465092527782
11	0.20199465092527782
12	0.18957242789360648
13	0.18957242789360648
14	0.18957242789360648
15	0.2157787943189488
16	0.2157787943189488
17	0.2157787943189488
18	0.16723688940338072
19	0.16723688940338072
20	0.16723688940338072
21	0.197915739473921
22	0.197915739473921
23	0.197915739473921
24	0.17119127746901427
25	0.17119127746901427
26	0.17119127746901427
27	0.21437368843473606
28	0.21437368843473606
29	0.21437368843473606
30	0.21415269713982865
31	0.21415269713982865
32	0.21415269713982865
33	0.24087335258688303
34	0.24087335258688303
35	0.24087335258688303
36	0.1693382344530104
37	0.1693382344530104
38	0.1693382344530104
39	0.20060410665918824
40	0.20060410665918824
41	0.20060410665918824
42	0.22497352628226014
43	0.22497352628226014
44	0.22497352628226014
45	0.21271516593632245
46	0.21271516593632245
47	0.21271516593632245
48	0.1912945421318273
49	0.1912945421318273
50	0.1912945421318273
51	0.19906347731666102
52	0.19906347731666102
53	0.19906347731666102
54	0.18335547924264795
55	0.18335547924264795
56	0.18335547924264795
57	0.1913869680601047
58	0.1913869680601047
59	0.1913869680601047
60	0.19192770609995835
61	0.19192770609995835
62	0.19192770609995835
63	0.24611130439713955
64	0.24611130439713955
65	0.24611130439713955
66	0.19195283304004424
67	0.19195283304004424
68	0.19195283304004424
69	0.211017703415588
70	0.211017703415588
71	0.211017703415588
72	0.18634009195788115
73	0.18634009195788115
74	0.18634009195788115
75	0.2076482197032589
76	0.2076482197032589
77	0.2076482197032589
78	0.2030543129273009
79	0.2030543129273009
80	0.2030543129273009
81	0.18633188403969772
82	0.18633188403969772
83	0.18633188403969772
84	0.18444191499514673
85	0.18444191499514673
86	0.18444191499514673
87	0.18093299478125094
88	0.18093299478125094
89	0.18093299478125094
90	0.19814424112468138
91	0.19814424112468138
92	0.19814424112468138
93	0.19744678936360724
94	0.19744678936360724
95	0.19744678936360724
96	0.18396323534735926
97	0.18396323534735926
98	0.18396323534735926
99	0.121101451364298
100	0.121101451364298
101	0.121101451364298
102	0.21367384457641128
103	0.21367384457641128
104	0.21367384457641128
105	0.19843430317133273
106	0.19843430317133273
107	0.19843430317133273
108	1.1222731160859123
109	1.1222731160859123
110	1.1222731160859123
111	1.478750597846636
112	1.478750597846636
113	1.478750597846636
114	1.3227807603336939
115	1.3227807603336939
116	1.3227807603336939
117	1.6646918733089562
118	1.6646918733089562
119	1.6646918733089562
120	1.6819828874971174
121	1.6819828874971174
122	1.6819828874971174
123	1.2202873255711364
124	1.2202873255711364
125	1.2202873255711364
126	1.6750088952429556
127	1.6750088952429556
128	1.6750088952429556
129	1.7428310803385152
130	1.7428310803385152
131	1.7428310803385152
132	1.710377337005265
133	1.710377337005265
134	1.710377337005265
135	1.3332445018973111
136	1.3332445018973111
137	1.3332445018973111
138	1.398370664318566
139	1.398370664318566
140	1.398370664318566
141	1.4274362262402347
142	1.4274362262402347
143	1.4274362262402347
144	1.4884374608778486
145	1.4884374608778486
146	1.4884374608778486
147	1.6115730455251778
148	1.6115730455251778
149	1.6115730455251778
150	1.5627516663893708
151	1.5627516663893708
152	1.5627516663893708
153	1.6973765384598336
154	1.6973765384598336
155	1.6973765384598336
156	1.4154464863177842
157	1.4154464863177842
158	1.4154464863177842
159	1.7548767304727149
160	1.7548767304727149
161	1.7548767304727149
162	1.391762079324202
163	1.391762079324202
164	1.391762079324202
165	1.5409618644689842
166	1.5409618644689842
167	1.5409618644689842
168	1.3877574049545744
169	1.3877574049545744
170	1.3877574049545744
171	1.4282908906525258
172	1.4282908906525258
173	1.4282908906525258
174	0.22359582646932827
175	0.22359582646932827
176	0.22359582646932827
177	0.22257764006413355
178	0.22257764006413355
179	0.22257764006413355
180	0.2468899766351021
181	0.2468899766351021
182	0.2468899766351021
183	0.19137050364845468
184	0.19137050364845468
185	0.19137050364845468
186	0.19506891102172932
187	0.19506891102172932
188	0.19506891102172932
189	0.2394834329474983
190	0.2394834329474983
191	0.2394834329474983
192	0.17381136873274788
193	0.17381136873274788
194	0.17381136873274788
195	0.19306722872942567
196	0.19306722872942567
197	0.19306722872942567
198	0.204740459673366
199	0.204740459673366
200	0.204740459673366
201	0.22370030894456083
202	0.22370030894456083
203	0.22370030894456083
204	0.2162226356037304
205	0.2162226356037304
206	0.2162226356037304
207	0.2099281962366413
208	0.2099281962366413
209	0.2099281962366413
210	0.19100045351824368
211	0.19100045351824368
212	0.19100045351824368
213	0.17168571899370164
214	0.17168571899370164
215	0.17168571899370164
216	0.20126698662187775
217	0.20126698662187775
218	0.20126698662187775
219	0.2327307544282599
220	0.2327307544282599
221	0.2327307544282599
222	0.17853832721126037
223	0.17853832721126037
224	0.17853832721126037
225	0.21326255358839763
226	0.21326255358839763
227	0.21326255358839763
228	0.17404334707930685
229	0.17404334707930685
230	0.17404334707930685
231	0.21464847929363934
232	0.21464847929363934
233	0.21464847929363934
234	0.2129334902822013
235	0.2129334902822013
236	0.2129334902822013
237	0.22568632596846308
238	0.22568632596846308
239	0.22568632596846308
240	0.17326759300242772
241	0.17326759300242772
242	0.17326759300242772
243	0.23315941237590326
244	0.23315941237590326
245	0.23315941237590326
246	0.2318662403168486
247	0.2318662403168486
248	0.2318662403168486
249	0.20313733552478783
250	0.20313733552478783
251	0.20313733552478783
252	0.23067051785647433
253	0.23067051785647433
254	0.23067051785647433
255	0.18488405376818565
256	0.18488405376818565
257	0.18488405376818565
258	0.24043419125328436
259	0.24043419125328436
260	0.24043419125328436
261	0.19628742027807572
262	0.19628742027807572
263	0.19628742027807572
264	0.19072012888049486
265	0.19072012888049486
266	0.19072012888049486
267	0.19181844706258186
268	0.19181844706258186
269	0.19181844706258186
270	0.1536280917673683
271	0.1536280917673683
272	0.1536280917673683
273	0.17836575469140054
274	0.17836575469140054
275	0.17836575469140054
276	0.22308887522441362
277	0.22308887522441362
278	0.22308887522441362
279	0.19927571652204817
280	0.19927571652204817
281	0.19927571652204817
282	0.2175868012636339
283	0.2175868012636339
284	0.2175868012636339
285	0.1609799972942797
286	0.1609799972942797
287	0.1609799972942797
288	0.18781228400852654
289	0.18781228400852654
290	0.18781228400852654
291	0.15649517364528678
292	0.15649517364528678
293	0.15649517364528678
294	0.18226412126552927
295	0.18226412126552927
296	0.18226412126552927
297	0.22058381657566006
298	0.22058381657566006
299	0.22058381657566006
300	0.1786794308255183
301	0.1786794308255183
302	0.1786794308255183
303	0.20342512741677052
304	0.20342512741677052
305	0.20342512741677052
306	0.2029657122576555
307	0.2029657122576555
308	0.2029657122576555
309	0.17501398034624546
310	0.17501398034624546
311	0.17501398034624546
312	0.20970753513522616
313	0.20970753513522616
314	0.20970753513522616
315	0.1814634524836602
316	0.1814634524836602
317	0.1814634524836602
318	0.2338311514926529
319	0.2338311514926529
320	0.2338311514926529
321	0.17998702688768028
322	0.17998702688768028
323	0.17998702688768028
324	0.19252335101335277
325	0.19252335101335277
326	0.19252335101335277
327	0.22267836848640252
328	0.22267836848640252
329	0.22267836848640252
330	0.15222731225227443
331	0.15222731225227443
332	0.15222731225227443
333	0.1806057892588712
334	0.1806057892588712
335	0.1806057892588712
336	0.19577327536612443
337	0.19577327536612443
338	0.19577327536612443
339	0.18520391902461325
340	0.18520391902461325
341	0.18520391902461325
342	0.20248823182166925
343	0.20248823182166925
344	0.20248823182166925
345	0.2556860764100557
346	0.2556860764100557
347	0.2556860764100557
348	0.18952227586182824
349	0.18952227586182824
350	0.18952227586182824
351	0.20540174033728628
352	0.20540174033728628
353	0.20540174033728628
354	0.18439211736884237
355	0.18439211736884237
356	0.18439211736884237
357	0.1778359259577411
358	0.1778359259577411
359	0.1778359259577411
360	0.19557492710896507
361	0.19557492710896507
362	0.19557492710896507
363	0.18894314710241142
364	0.18894314710241142
365	0.18894314710241142
366	0.19791877395192242
367	3.0233712260887966
368	3.0233712260887966
369	3.0233712260887966
370	2.3358691625642365
371	2.3358691625642365
372	2.3358691625642365
373	2.7309178666601692
374	2.7309178666601692
375	2.7309178666601692
376	2.360469105444307
377	2.360469105444307
378	2.360469105444307
379	2.4884239755825805
380	2.4884239755825805
381	2.4884239755825805
382	2.3272501101086767
383	2.3272501101086767
384	2.3272501101086767
385	2.619660842263475
386	2.619660842263475
387	2.619660842263475
388	2.569944608356669
389	2.569944608356669
390	2.569944608356669
391	2.1691535329225458
392	2.1691535329225458
393	2.1691535329225458
394	2.5643558621611335
395	2.5643558621611335
396	2.5643558621611335
397	2.7499184425776417
398	2.7499184425776417
399	2.7499184425776417
400	2.772671105992651
401	2.772671105992651
402	2.772671105992651
403	1.864063104923258
404	1.864063104923258
405	1.864063104923258
406	2.6833371038980403
407	2.6833371038980403
408	2.6833371038980403
409	2.496566356353087
410	2.496566356353087
411	2.496566356353087
412	2.4390039278884146
413	2.4390039278884146
414	2.4390039278884146
415	2.2798219675972846
416	2.2798219675972846
417	2.2798219675972846
418	2.0678890080109977
419	2.0678890080109977
420	2.0678890080109977
421	2.792785396139753
422	2.792785396139753
423	2.792785396139753
424	1.5679479915953296
425	1.5679479915953296
426	1.5679479915953296
427	1.8755999282469151
428	1.8755999282469151
429	1.8755999282469151
430	2.9494390117665157
431	2.9494390117665157
432	2.9494390117665157
433	2.6240369652280515
434	2.6240369652280515
435	2.6240369652280515
436	2.505925758917163
437	2.505925758917163
438	2.505925758917163
439	3.2330918075746595
440	3.2330918075746595
441	3.2330918075746595
442	2.192486457479399
443	2.192486457479399
444	2.192486457479399
445	2.7446784527461556
446	2.7446784527461556
447	2.7446784527461556
448	2.676419831126828
449	2.676419831126828
450	2.676419831126828
451	2.255821943476706
452	2.255821943476706
453	2.255821943476706
454	2.445977387024001
455	2.445977387024001
456	2.445977387024001
457	2.3329635474320876
458	2.3329635474320876
459	2.3329635474320876
460	2.6029007587945308
461	2.6029007587945308
462	2.6029007587945308
463	2.4659584618091324
464	2.4659584618091324
465	2.4659584618091324
466	2.1188564438882067
467	3.2361795822479698
468	3.2361795822479698
469	3.2361795822479698
470	2.612657099542473
471	2.612657099542473
472	2.612657099542473
473	2.686228338154501
474	2.686228338154501
475	2.686228338154501
476	2.941927920543649
477	2.941927920543649
478	2.941927920543649
479	2.5082997343534026
480	2.5082997343534026
481	2.5082997343534026
482	2.9922602457384126
483	2.9922602457384126
484	2.9922602457384126
485	2.763211679026591
486	2.763211679026591
487	2.763211679026591
488	3.4321239322586514
489	3.4321239322586514
490	3.4321239322586514
491	3.3505486006910132
492	3.3505486006910132
493	3.3505486006910132
494	2.625525934223665
495	2.625525934223665
496	2.625525934223665
497	2.856454917594313
498	2.856454917594313
499	2.856454917594313
500	2.8910531509315747
501	2.8910531509315747
502	2.8910531509315747
503	2.897022024088231
504	2.897022024088231
505	2.897022024088231
506	2.731682056970548
507	2.731682056970548
508	2.731682056970548
509	2.886075381755003
510	2.886075381755003
511	2.886075381755003
512	3.5075829729775294
513	3.5075829729775294
514	3.5075829729775294
515	3.0328664688465956
516	3.0328664688465956
517	3.0328664688465956
518	2.902856489283134
519	2.902856489283134
520	2.902856489283134
521	2.652648278629749
522	2.652648278629749
523	2.652648278629749
524	2.906860007882654
525	2.906860007882654
526	2.906860007882654
527	2.241062877446871
528	2.241062877446871
529	2.241062877446871
530	2.9157486472595404
531	2.9157486472595404
532	2.9157486472595404
533	3.2552296688194944
534	3.2552296688194944
535	3.2552296688194944
536	2.4391583054102615
537	2.4391583054102615
538	2.4391583054102615
539	3.41798373578448
540	3.41798373578448
541	3.41798373578448
542	3.1255231051822743
543	3.1255231051822743
544	3.1255231051822743
545	2.6160784990145314
546	2.6160784990145314
547	2.6160784990145314
548	2.4697271604386977
549	2.4697271604386977
550	2.4697271604386977
551	3.1973001783223958
552	3.1973001783223958
553	3.1973001783223958
554	3.0225296746518113
555	3.0225296746518113
556	3.0225296746518113
557	3.342439593353911
558	3.342439593353911
559	3.342439593353911
560	2.9433641989324806
561	2.9433641989324806
562	2.9433641989324806
563	2.9394993495637567
564	2.9394993495637567
565	2.9394993495637567
566	3.416809740896626
567	3.416809740896626
568	3.416809740896626
569	3.3241547203625674
570	3.3241547203625674
571	3.3241547203625674
572	2.5660208264178332
573	2.5660208264178332
574	2.5660208264178332
575	3.5157094656895187
576	3.5157094656895187
577	3.5157094656895187
578	2.3906377447958196
579	2.3906377447958196
580	2.3906377447958196
581	2.9835990424665355
582	2.9835990424665355
583	2.9835990424665355
584	3.3042749234541775
585	3.3042749234541775
586	3.3042749234541775
587	3.4019557214422735
588	3.4019557214422735
589	3.4019557214422735
590	3.2474078910112314
591	3.2474078910112314
592	3.2474078910112314
593	2.5646861776846355
594	2.5646861776846355
595	2.5646861776846355
596	3.012073247199281
597	3.012073247199281
598	3.012073247199281
599	3.360012504253218
600	3.360012504253218
601	3.360012504253218
602	3.016960938905189
603	3.016960938905189
604	3.016960938905189
605	3.4917596729419476
606	3.4917596729419476
607	3.4917596729419476
608	2.644940176292278
609	2.644940176292278
610	2.644940176292278
611	2.932613244558174
612	2.932613244558174
613	2.932613244558174
614	3.5276846948049663
615	3.5276846948049663
616	3.5276846948049663
617	2.8840824654055126
618	2.8840824654055126
619	2.8840824654055126
620	2.5749508291768524
621	2.5749508291768524
622	2.5749508291768524
623	3.224425616318551
624	3.224425616318551
625	3.224425616318551
626	2.575472195048079
627	2.575472195048079
628	2.575472195048079
629	2.8895349561780526
630	2.8895349561780526
631	2.8895349561780526
632	2.838136938116021
633	2.838136938116021
634	2.838136938116021
635	3.3452552251791117
636	3.3452552251791117
637	3.3452552251791117
638	2.8669878623991987
639	2.8669878623991987
640	2.8669878623991987
641	2.539801450403186
642	2.539801450403186
643	2.539801450403186
644	3.2242741813180347
645	3.2242741813180347
646	3.2242741813180347
647	3.23121119744927
648	3.23121119744927
649	3.23121119744927
650	2.7929664799031877
651	2.7929664799031877
652	2.7929664799031877
653	2.9641896744884533
654	2.9641896744884533
655	2.9641896744884533
656	2.877334037120026
657	2.877334037120026
658	2.877334037120026
659	3.117335014219852
660	3.117335014219852
661	3.117335014219852
662	3.131548066803577
663	3.131548066803577
664	3.131548066803577
665	2.666559620274654
666	2.666559620274654
667	2.666559620274654
668	2.9862195546692183
669	2.9862195546692183
670	2.9862195546692183
671	3.003309992900094
672	3.003309992900094
673	3.003309992900094
674	2.4959611126256847
675	2.4959611126256847
676	2.4959611126256847
677	3.409907914924721
678	3.409907914924721
679	3.409907914924721
680	2.6584747262979014
681	2.6584747262979014
682	2.6584747262979014
683	2.632195609140729
684	0.597064340916482
685	0.597064340916482
686	0.597064340916482
687	0.6898013359581375
688	0.6898013359581375
689	0.6898013359581375
690	0.49819839103988295
691	0.49819839103988295
692	0.49819839103988295
693	0.8167898519302682
694	0.8167898519302682
695	0.8167898519302682
696	0.6392030607243427
697	0.6392030607243427
698	0.6392030607243427
699	0.734983594727834
700	0.734983594727834
701	0.734983594727834
702	0.7078034354845488
703	0.7078034354845488
704	0.7078034354845488
705	0.7082643567493326
706	0.7082643567493326
707	0.7082643567493326
708	0.507612807182182
709	0.507612807182182
710	0.507612807182182
711	0.7255147221506724
712	0.7255147221506724
713	0.7255147221506724
714	0.6125333407823971
715	0.6125333407823971
716	0.6125333407823971
717	0.7147270059474534
718	0.7147270059474534
719	0.7147270059474534
720	0.1869967821931137
721	0.1869967821931137
722	0.1869967821931137
723	0.24609873750538616
724	0.24609873750538616
725	0.24609873750538616
726	0.20341965230197478
727	0.20341965230197478
728	0.20341965230197478
729	0.22391311826780844
730	0.22391311826780844
731	0.22391311826780844
732	0.22978683816325196
733	0.22978683816325196
734	0.22978683816325196
735	0.17027670314964904
736	0.17027670314964904
737	0.17027670314964904
738	0.22837045733475825
739	0.22837045733475825
740	0.22837045733475825
741	0.213565712191614
742	0.213565712191614
743	0.213565712191614
744	0.20302271083237602
745	0.20302271083237602
746	0.20302271083237602
747	0.20006099565462493
748	0.20006099565462493
749	0.20006099565462493
750	0.20489168667502372
751	0.20489168667502372
752	0.20489168667502372
753	0.19615133669935103
754	0.19615133669935103
755	2.5829698348877255
756	2.5829698348877255
757	2.5829698348877255
758	3.0868794235114674
759	3.0868794235114674
760	3.0868794235114674
761	3.260218361445854
762	3.260218361445854
763	3.260218361445854
764	3.3688757188289915
765	3.3688757188289915
766	3.3688757188289915
767	2.491464877738936
768	2.491464877738936
769	2.491464877738936
770	3.2399433243077653
771	3.2399433243077653
772	3.2399433243077653
773	2.5148212995553196
774	2.5148212995553196
775	2.5148212995553196
776	2.8074215174330686
777	2.8074215174330686
778	2.8074215174330686
779	2.605014473563735
780	2.605014473563735
781	2.605014473563735
782	2.8169462177151736
783	2.8169462177151736
784	2.8169462177151736
785	3.206295131446149
786	3.206295131446149
787	3.206295131446149
788	2.96649928416495
789	2.96649928416495
790	2.96649928416495
791	2.976701555511237
792	2.976701555511237
793	2.976701555511237
794	3.0357949047456194
795	3.0357949047456194
796	3.0357949047456194
797	3.3666399199080748
798	3.3666399199080748
799	3.3666399199080748
800	3.056087321669154
801	3.056087321669154
802	3.056087321669154
803	2.7560777265928
804	2.7560777265928
805	2.7560777265928
806	2.893946324349595
807	2.893946324349595
808	2.893946324349595
809	2.8797215842545967
810	2.8797215842545967
811	2.8797215842545967
812	3.078270426314442
813	3.078270426314442
814	3.078270426314442
815	2.8869332668993017
816	2.8869332668993017
817	2.8869332668993017
818	2.366680063079365
819	2.366680063079365
820	2.366680063079365
821	3.0771510243530362
822	3.0771510243530362
823	3.0771510243530362
824	2.884349694532939
825	2.884349694532939
826	2.884349694532939
827	3.1240296282268103
828	3.1240296282268103
829	3.1240296282268103
830	2.8160189887511913
831	2.8160189887511913
832	2.8160189887511913
833	3.085428793406648
834	3.085428793406648
835	3.085428793406648
836	2.696607310005249
837	2.696607310005249
838	2.696607310005249
839	3.333608140872458
840	3.333608140872458
841	3.333608140872458
842	3.5955917513483424
843	3.5955917513483424
844	3.5955917513483424
845	2.8337086302950034
846	2.8337086302950034
847	2.8337086302950034
848	2.6560339638076775
849	2.6560339638076775
850	2.6560339638076775
851	3.4236409926054336
852	3.4236409926054336
853	3.4236409926054336
854	2.859762380081395
855	2.859762380081395
856	2.859762380081395
857	2.796643810241946
858	2.796643810241946
859	2.796643810241946
860	2.6487175460240557
861	2.6487175460240557
862	2.6487175460240557
863	2.764515672818428
864	2.764515672818428
865	2.764515672818428
866	2.842413222394383
867	2.842413222394383
868	2.842413222394383
869	2.5811781149493993
870	2.5811781149493993
871	2.5811781149493993
872	2.8945955281168914
873	2.8945955281168914
874	2.8945955281168914
875	3.645376561598292
876	3.645376561598292
877	3.645376561598292
878	3.178469703186709
879	3.178469703186709
880	3.178469703186709
881	3.410949887954742
882	3.410949887954742
883	3.410949887954742
884	3.214783254846619
885	3.214783254846619
886	3.214783254846619
887	2.6838531133884995
888	2.6838531133884995
889	2.6838531133884995
890	2.550558653038446
891	2.550558653038446
892	2.550558653038446
893	3.191109942015403
894	3.191109942015403
895	3.191109942015403
896	3.0049234459499448
897	3.0049234459499448
898	3.0049234459499448
899	2.7318773958259204
900	2.7318773958259204
901	2.7318773958259204
902	2.9700370017885787
903	2.9700370017885787
904	2.9700370017885787
905	3.414546770711795
906	3.414546770711795
907	3.414546770711795
908	2.65764629064509
909	2.65764629064509
910	2.65764629064509
911	2.6591604337850416
912	2.6591604337850416
913	2.6591604337850416
914	3.50980469112294
915	3.50980469112294
916	3.50980469112294
917	2.898844467423796
918	2.898844467423796
919	2.898844467423796
920	3.037270475310138
921	3.037270475310138
922	3.037270475310138
923	3.1438824516819412
924	3.1438824516819412
925	3.1438824516819412
926	3.0436547231415996
927	3.0436547231415996
928	3.0436547231415996
929	3.064947611720888
930	3.064947611720888
931	3.064947611720888
932	2.8489288518086564
933	2.8489288518086564
934	2.8489288518086564
935	2.7694278087623125
936	2.7694278087623125
937	2.7694278087623125
938	3.0433746506713084
939	3.0433746506713084
940	3.0433746506713084
941	3.1982360006840898
942	3.1982360006840898
943	3.1982360006840898
944	2.8352560031226064
945	2.8352560031226064
946	2.8352560031226064
947	2.6153315212016506
948	2.6153315212016506
949	2.6153315212016506
950	2.5075570567072223
951	2.5075570567072223
952	2.5075570567072223
953	2.4494269951977383
954	2.4494269951977383
955	2.4494269951977383
956	2.4923622501978833
957	2.4923622501978833
958	2.4923622501978833
959	2.4731904374179994
960	2.4731904374179994
961	2.4731904374179994
962	2.7842591128892638
963	2.7842591128892638
964	2.7842591128892638
965	2.696381178918901
966	2.696381178918901
967	2.696381178918901
968	3.0036463422851356
969	3.0036463422851356
970	3.0036463422851356
971	2.6662942265714844
972	2.6662942265714844
973	2.6662942265714844
974	2.7520209396823025
975	2.7520209396823025
976	2.7520209396823025
977	3.503806839056721
978	3.503806839056721
979	3.503806839056721
980	2.811988810222619
981	2.811988810222619
982	2.811988810222619
983	2.963689483610388
984	2.963689483610388
985	2.963689483610388
986	2.8005578280856978
987	2.8005578280856978
988	2.8005578280856978
989	2.8588149980279427
990	2.8588149980279427
991	2.8588149980279427
992	3.2756972652293204
993	3.2756972652293204
994	3.2756972652293204
995	2.851333344742678
996	2.851333344742678
997	2.851333344742678
998	2.8128992950472305
999	2.8128992950472305
1000	2.8128992950472305
1001	3.0761447040947187
1002	3.0761447040947187
1003	3.0761447040947187
1004	2.78359423432611
1005	2.78359423432611
1006	2.78359423432611
1007	2.641822103686187
1008	2.641822103686187
1009	2.641822103686187
1010	2.7235496378340116
1011	2.7235496378340116
1012	2.7235496378340116
1013	3.095015010428202
1014	3.095015010428202
1015	3.095015010428202
1016	3.0565492098106346
1017	3.0565492098106346
1018	3.0565492098106346
1019	3.1088370318051615
1020	3.1088370318051615
1021	4.273895889552333
1022	4.273895889552333
1023	4.273895889552333
1024	4.388015895485214
1025	4.388015895485214
1026	4.388015895485214
1027	4.636071916632087
1028	4.636071916632087
1029	4.636071916632087
1030	4.634543371142802
1031	4.634543371142802
1032	4.634543371142802
1033	4.628382321363372
1034	4.628382321363372
1035	4.628382321363372
1036	4.21254469038104
1037	4.21254469038104
1038	4.21254469038104
1039	4.54134936939993
1040	4.54134936939993
1041	4.54134936939993
1042	4.124808400354506
1043	4.124808400354506
1044	4.124808400354506
1045	4.3393399974716935
1046	4.3393399974716935
1047	4.3393399974716935
1048	3.654679516033349
1049	3.654679516033349
1050	3.654679516033349
1051	4.075029997639245
1052	4.075029997639245
1053	4.075029997639245
1054	4.507628700247244
1055	4.507628700247244
1056	4.507628700247244
1057	4.229989218461185
1058	4.229989218461185
1059	4.229989218461185
1060	4.349629143022112
1061	4.349629143022112
1062	4.349629143022112
1063	4.439381935092017
1064	4.439381935092017
1065	4.439381935092017
1066	4.434652550248994
1067	4.434652550248994
1068	4.434652550248994
1069	4.303573615451872
1070	4.303573615451872
1071	4.303573615451872
1072	4.443545158839184
1073	4.443545158839184
1074	4.443545158839184
1075	4.497355584648464
1076	4.497355584648464
1077	4.497355584648464
1078	4.186646175859663
1079	4.186646175859663
1080	4.186646175859663
1081	3.9230345731002614
1082	3.9230345731002614
1083	3.9230345731002614
1084	4.110580490273254
1085	4.110580490273254
1086	4.110580490273254
1087	4.886139174186035
1088	4.886139174186035
1089	4.886139174186035
1090	4.866389256388397
1091	4.866389256388397
1092	4.866389256388397
1093	3.8569155788483958
1094	3.8569155788483958
1095	3.8569155788483958
1096	3.8214030568152157
1097	3.8214030568152157
1098	3.8214030568152157
1099	4.486940671006027
1100	4.486940671006027
1101	4.486940671006027
1102	4.5390043323532145
1103	4.5390043323532145
1104	4.5390043323532145
1105	3.909704144725322
1106	3.909704144725322
1107	3.909704144725322
1108	5.127516853726151
1109	5.127516853726151
1110	5.127516853726151
1111	3.8869859913863416
1112	3.8869859913863416
1113	3.8869859913863416
1114	3.6954184024308807
1115	3.6954184024308807
1116	3.6954184024308807
1117	4.461706658847023
1118	4.461706658847023
1119	4.461706658847023
1120	4.599092107205892
1121	4.599092107205892
1122	4.599092107205892
1123	4.277350610234169
1124	4.277350610234169
1125	4.277350610234169
1126	4.234644409960738
1127	4.234644409960738
1128	4.234644409960738
1129	4.2336231940641085
1130	4.2336231940641085
1131	4.2336231940641085
1132	4.619850779593988
1133	4.619850779593988
1134	4.619850779593988
1135	4.1269231638414245
1136	4.1269231638414245
1137	4.1269231638414245
1138	4.281579503074165
1139	4.281579503074165
1140	4.281579503074165
1141	3.5205529368602906
1142	3.5205529368602906
1143	3.5205529368602906
1144	4.77178680163677
1145	4.77178680163677
1146	4.77178680163677
1147	4.818923816303872
1148	4.818923816303872
1149	4.818923816303872
1150	4.856296910081418
1151	4.856296910081418
1152	4.856296910081418
1153	3.7992346739973066
1154	3.7992346739973066
1155	3.7992346739973066
1156	4.917708181939436
1157	4.917708181939436
1158	4.917708181939436
1159	4.127153654954977
1160	4.127153654954977
1161	4.127153654954977
1162	4.182554075449461
1163	4.182554075449461
1164	4.182554075449461
1165	3.961929206676203
1166	3.961929206676203
1167	3.961929206676203
1168	4.284149181664783
1169	4.284149181664783
1170	4.284149181664783
1171	4.805603708415866
1172	4.805603708415866
1173	4.805603708415866
1174	3.8291879120748114
1175	3.8291879120748114
1176	3.8291879120748114
1177	4.247805989746619
1178	4.247805989746619
1179	4.247805989746619
1180	4.0354791760733555
1181	4.0354791760733555
1182	4.0354791760733555
1183	4.5703760866092
1184	4.5703760866092
1185	4.5703760866092
1186	3.7559138615122682
1187	3.7559138615122682
1188	3.7559138615122682
1189	3.949948384181019
1190	3.949948384181019
1191	3.949948384181019
1192	3.80599829086502
1193	3.80599829086502
1194	3.80599829086502
1195	3.9610229692479066
1196	3.9610229692479066
1197	3.9610229692479066
1198	3.824972625128306
1199	3.824972625128306
1200	3.824972625128306
1201	3.5968763866836224
1202	3.5968763866836224
1203	3.5968763866836224
1204	4.1041259704706
1205	4.1041259704706
1206	4.1041259704706
1207	4.198469442482653
1208	4.198469442482653
1209	4.198469442482653
1210	4.29313208751739
1211	4.29313208751739
1212	4.29313208751739
1213	4.504856814733301
1214	4.504856814733301
1215	4.504856814733301
1216	4.265644889120719
1217	4.265644889120719
1218	4.265644889120719
1219	4.356714551330291
1220	4.356714551330291
1221	4.356714551330291
1222	2.059881116615833
1223	2.059881116615833
1224	2.059881116615833
1225	2.0370834392899426
1226	2.0370834392899426
1227	2.0370834392899426
1228	1.8148671934433953
1229	1.8148671934433953
1230	1.8148671934433953
1231	2.2466986346536233
1232	2.2466986346536233
1233	2.2466986346536233
1234	2.354812012580805
1235	2.354812012580805
1236	2.354812012580805
1237	1.8623512094124366
1238	1.8623512094124366
1239	1.8623512094124366
1240	1.889291627682924
1241	1.889291627682924
1242	1.889291627682924
1243	2.0649308112399534
1244	2.0649308112399534
1245	2.0649308112399534
1246	2.193575919376411
1247	2.193575919376411
1248	2.193575919376411
1249	1.8500333536615663
1250	1.8500333536615663
1251	1.8500333536615663
1252	2.151394357551739
1253	2.151394357551739
1254	2.151394357551739
1255	2.466993694835892
1256	2.466993694835892
1257	2.466993694835892
1258	1.7504724803290066
1259	1.7504724803290066
1260	1.7504724803290066
1261	1.9833100888245858
1262	1.9833100888245858
1263	1.9833100888245858
1264	1.773656762110949
1265	1.773656762110949
1266	1.773656762110949
1267	2.234386030263088
1268	2.234386030263088
1269	2.234386030263088
1270	1.8889043855506709
1271	1.8889043855506709
1272	1.8889043855506709
1273	1.9768153199547571
1274	1.9768153199547571
1275	1.9768153199547571
1276	2.4650538470168075
1277	2.4650538470168075
1278	2.4650538470168075
1279	1.8969116530196584
1280	1.8969116530196584
1281	1.8969116530196584
1282	1.7763218897528446
1283	1.7763218897528446
1284	1.7763218897528446
1285	1.7989755738297022
1286	1.7989755738297022
1287	1.7989755738297022
1288	2.2271249666466444
1289	2.2271249666466444
1290	2.2271249666466444
1291	1.5120361099942055
1292	1.5120361099942055
1293	1.5120361099942055
1294	1.8948891676297683
1295	1.8948891676297683
1296	1.8948891676297683
1297	2.2362003189216004
1298	2.2362003189216004
1299	2.2362003189216004
1300	2.2038310585448535
1301	2.2038310585448535
1302	2.2038310585448535
1303	1.7305247135102673
1304	1.7305247135102673
1305	1.7305247135102673
1306	1.917396264877425
1307	1.917396264877425
1308	1.917396264877425
1309	1.9586610059987228
1310	1.9586610059987228
1311	1.9586610059987228
1312	1.8103049400266091
1313	1.8103049400266091
1314	1.8103049400266091
1315	2.014920347481438
1316	2.014920347481438
1317	2.014920347481438
1318	1.7508061543530855
1319	1.7508061543530855
1320	1.7508061543530855
1321	1.8662627782829277
1322	1.8662627782829277
1323	1.8662627782829277
1324	1.7152770478785024
1325	1.7152770478785024
1326	1.7152770478785024
1327	2.302998253988634
1328	2.302998253988634
1329	2.302998253988634
1330	1.9210600973590937
1331	1.9210600973590937
1332	1.9210600973590937
1333	2.3111028978166006
1334	2.3111028978166006
1335	2.3111028978166006
1336	1.9829984887106376
1337	1.9829984887106376
1338	1.9829984887106376
1339	2.031897954763116
1340	2.031897954763116
1341	2.031897954763116
1342	2.0927240677522705
1343	2.0927240677522705
1344	2.0927240677522705
1345	1.9614048549716905
1346	1.9614048549716905
1347	1.9614048549716905
1348	2.069634508384057
1349	2.069634508384057
1350	2.069634508384057
1351	1.4734518628295303
1352	1.4734518628295303
1353	1.4734518628295303
1354	2.1628142339657175
1355	2.1628142339657175
1356	2.1628142339657175
1357	1.7230432341845319
1358	1.7230432341845319
1359	1.7230432341845319
1360	2.1412988397879116
1361	2.1412988397879116
1362	2.1412988397879116
1363	1.8834022325651907
1364	1.8834022325651907
1365	1.8834022325651907
1366	2.234756496807573
1367	2.234756496807573
1368	2.234756496807573
1369	2.059296687353016
1370	2.059296687353016
1371	2.059296687353016
1372	2.3729613860742838
1373	2.3729613860742838
1374	2.3729613860742838
1375	2.1730460538118166
1376	2.1730460538118166
1377	2.1730460538118166
1378	2.2072611330249536
1379	2.2072611330249536
1380	2.2072611330249536
1381	3.4882470394066916
1382	3.4882470394066916
1383	3.4882470394066916
1384	3.1130847334086917
1385	3.1130847334086917
1386	3.1130847334086917
1387	3.3051654916892668
1388	3.3051654916892668
1389	3.3051654916892668
1390	3.6200292075985674
1391	3.6200292075985674
1392	3.6200292075985674
1393	3.7098288548367155
1394	3.7098288548367155
1395	3.7098288548367155
1396	2.3255378645498697
1397	2.3255378645498697
1398	2.3255378645498697
1399	2.8615132775457095
1400	2.8615132775457095
1401	2.8615132775457095
1402	3.3288992683932395
1403	3.3288992683932395
1404	3.3288992683932395
1405	3.3405680847945085
1406	3.3405680847945085
1407	3.3405680847945085
1408	3.8024777045100393
1409	3.8024777045100393
1410	3.8024777045100393
1411	3.532581319062648
1412	3.532581319062648
1413	3.532581319062648
1414	3.3487368978855416
1415	3.3487368978855416
1416	3.3487368978855416
1417	3.375087505091498
1418	3.375087505091498
1419	3.375087505091498
1420	2.5904467974335827
1421	2.5904467974335827
1422	2.5904467974335827
1423	3.4609255625775153
1424	3.4609255625775153
1425	3.4609255625775153
1426	3.315917020376961
1427	3.315917020376961
1428	3.315917020376961
1429	3.525558968601283
1430	3.525558968601283
1431	3.525558968601283
1432	3.323114628013398
1433	3.323114628013398
1434	3.323114628013398
1435	3.542945389604488
1436	3.542945389604488
1437	3.542945389604488
1438	3.05535705004802
1439	3.05535705004802
1440	3.05535705004802
1441	3.584497684173369
1442	3.584497684173369
1443	3.584497684173369
1444	3.7801903360480784
1445	3.7801903360480784
1446	3.7801903360480784
1447	3.888713040633143
1448	3.888713040633143
1449	3.888713040633143
1450	3.6333910435983263
1451	3.6333910435983263
1452	3.6333910435983263
1453	3.209878665691968
1454	3.209878665691968
1455	3.209878665691968
1456	3.3948012557047114
1457	3.3948012557047114
1458	3.3948012557047114
1459	3.1352923428445982
1460	3.1352923428445982
1461	3.1352923428445982
1462	3.2277188385429634
1463	3.2277188385429634
1464	3.2277188385429634
1465	3.686558362866562
1466	3.686558362866562
1467	3.686558362866562
1468	3.215377062748116
1469	3.215377062748116
1470	3.215377062748116
1471	3.55709575813077
1472	3.55709575813077
1473	3.55709575813077
1474	3.0260000300721366
1475	3.0260000300721366
1476	3.0260000300721366
1477	3.7323806502718764
1478	3.7323806502718764
1479	3.7323806502718764
1480	3.4269700052602676
1481	3.4269700052602676
1482	3.4269700052602676
1483	2.493691406338182
1484	2.493691406338182
1485	2.493691406338182
1486	3.9182997614892496
1487	3.9182997614892496
1488	3.9182997614892496
1489	3.4713381876357174
1490	3.4713381876357174
1491	3.4713381876357174
1492	3.658727201797038
1493	3.658727201797038
1494	3.658727201797038
1495	3.4541113667786467
1496	3.4541113667786467
1497	3.4541113667786467
1498	3.598466712087384
1499	3.598466712087384
1500	3.598466712087384
1501	2.559802989110112
1502	2.559802989110112
1503	2.559802989110112
1504	2.7549072218331516
1505	2.7549072218331516
1506	2.7549072218331516
1507	3.7784716729610897
1508	3.7784716729610897
1509	3.7784716729610897
1510	3.0991758166240846
1511	3.0991758166240846
1512	3.0991758166240846
1513	3.1801986670805116
1514	3.1801986670805116
1515	3.1801986670805116
1516	3.760646022288002
1517	3.760646022288002
1518	3.760646022288002
1519	3.148321947795586
1520	3.148321947795586
1521	3.148321947795586
1522	3.4005766556583925
1523	3.4005766556583925
1524	3.4005766556583925
1525	3.288522185746314
1526	3.288522185746314
1527	3.288522185746314
1528	3.664062922229753
1529	3.664062922229753
1530	3.664062922229753
1531	2.8332460568167988
1532	2.8332460568167988
1533	2.8332460568167988
1534	3.782392930987717
1535	3.782392930987717
1536	3.782392930987717
1537	3.3600107838918274
1538	3.3600107838918274
1539	3.3600107838918274
1540	3.371402852115708
1541	3.371402852115708
1542	0.9380603356493162
1543	0.9380603356493162
1544	0.9380603356493162
1545	0.9782331974031994
1546	0.9782331974031994
1547	0.9782331974031994
1548	1.313703168338123
1549	1.313703168338123
1550	1.313703168338123
1551	1.1215376939910506
1552	1.1215376939910506
1553	1.1215376939910506
1554	0.9750668611839803
1555	0.9750668611839803
1556	0.9750668611839803
1557	1.1037420504922948
1558	1.1037420504922948
1559	1.1037420504922948
1560	1.2657614437049087
1561	1.2657614437049087
1562	1.2657614437049087
1563	1.1782867717666088
1564	1.1782867717666088
1565	1.1782867717666088
1566	0.8950793118457011
1567	0.8950793118457011
1568	0.8950793118457011
1569	1.113107608929748
1570	1.113107608929748
1571	1.113107608929748
1572	0.8152099683492828
1573	0.8152099683492828
1574	0.8152099683492828
1575	1.3231695469847502
1576	1.3231695469847502
1577	1.3231695469847502
1578	1.1047791298748617
1579	1.1047791298748617
1580	1.1047791298748617
1581	1.1909573525005839
1582	3.180777746906466
1583	3.180777746906466
1584	3.180777746906466
1585	3.287721084539792
1586	3.287721084539792
1587	3.287721084539792
1588	3.730869530803248
1589	3.730869530803248
1590	3.730869530803248
1591	3.776169570404452
1592	3.776169570404452
1593	3.776169570404452
1594	3.4604328469350945
1595	3.4604328469350945
1596	3.4604328469350945
1597	3.865714596752408
1598	3.865714596752408
1599	3.865714596752408
1600	4.255781914585269
1601	4.255781914585269
1602	4.255781914585269
1603	4.240141761663782
1604	4.240141761663782
1605	4.240141761663782
1606	3.2811582269175026
1607	3.2811582269175026
1608	3.2811582269175026
1609	3.0429798778058976
1610	3.0429798778058976
1611	3.0429798778058976
1612	3.6537282761531955
1613	3.6537282761531955
1614	3.6537282761531955
1615	2.8563699825494173
1616	2.8563699825494173
1617	4.692139607210436
1618	4.692139607210436
1619	4.692139607210436
1620	3.435435952372735
1621	3.435435952372735
1622	3.435435952372735
1623	4.296876377357681
1624	4.296876377357681
1625	4.296876377357681
1626	4.004335773555237
1627	4.004335773555237
1628	4.004335773555237
1629	4.318262880726148
1630	4.318262880726148
1631	4.318262880726148
1632	3.8338248199820364
1633	3.8338248199820364
1634	3.8338248199820364
1635	4.235508767955988
1636	4.235508767955988
1637	4.235508767955988
1638	3.9615606682000535
1639	3.9615606682000535
1640	3.9615606682000535
1641	4.269797876120311
1642	4.269797876120311
1643	4.269797876120311
1644	3.9274188278135114
1645	3.9274188278135114
1646	3.9274188278135114
1647	4.605426189920484
1648	4.605426189920484
1649	4.605426189920484
1650	4.914342395914186
1651	4.914342395914186
1652	4.914342395914186
1653	3.912020529900618
1654	3.912020529900618
1655	3.912020529900618
1656	4.03137226671875
1657	4.03137226671875
1658	4.03137226671875
1659	4.0355582101572045
1660	4.0355582101572045
1661	4.0355582101572045
1662	4.9131236719339455
1663	4.9131236719339455
1664	4.9131236719339455
1665	4.3255476581484285
1666	4.3255476581484285
1667	4.3255476581484285
1668	5.09630972134032
1669	5.09630972134032
1670	5.09630972134032
1671	4.670876954166029
1672	4.670876954166029
1673	4.670876954166029
1674	4.309239972790846
1675	4.309239972790846
1676	4.309239972790846
1677	4.101670632836932
1678	4.101670632836932
1679	4.101670632836932
1680	4.641295427047174
1681	4.641295427047174
1682	4.641295427047174
1683	4.244344140653916
1684	4.244344140653916
1685	4.244344140653916
1686	4.560656140745913
1687	4.560656140745913
1688	4.560656140745913
1689	4.313304303509055
1690	4.313304303509055
1691	4.313304303509055
1692	3.9227627931398343
1693	3.9227627931398343
1694	3.9227627931398343
1695	4.40420144169113
1696	4.40420144169113
1697	4.40420144169113
1698	3.9850466417215578
1699	3.9850466417215578
1700	3.9850466417215578
1701	4.558629991984283
1702	4.558629991984283
1703	4.558629991984283
1704	4.605829162648288
1705	4.605829162648288
1706	4.605829162648288
1707	4.432947402370286
1708	4.432947402370286
1709	4.432947402370286
1710	4.115615148900193
1711	4.115615148900193
1712	4.115615148900193
1713	4.148725317687466
1714	4.148725317687466
1715	4.148725317687466
1716	4.480357460868042
1717	4.480357460868042
1718	4.480357460868042
1719	4.380897572138804
1720	4.380897572138804
1721	4.380897572138804
1722	4.392174216192212
1723	4.392174216192212
1724	4.392174216192212
1725	4.436333431833379
1726	4.436333431833379
1727	4.436333431833379
1728	5.028534065405564
1729	5.028534065405564
1730	5.028534065405564
1731	4.511943881318124
1732	4.511943881318124
1733	4.511943881318124
1734	4.958810330711738
1735	4.958810330711738
1736	4.958810330711738
1737	4.245982204054221
1738	4.245982204054221
1739	4.245982204054221
1740	4.785202051092878
1741	4.785202051092878
1742	4.785202051092878
1743	5.023251562546674
1744	5.023251562546674
1745	5.023251562546674
1746	2.985626451117317
1747	2.985626451117317
1748	2.985626451117317
1749	3.6464596978073116
1750	3.6464596978073116
1751	3.6464596978073116
1752	3.143534197207829
1753	3.143534197207829
1754	3.143534197207829
1755	2.2763307299339948
1756	2.2763307299339948
1757	2.2763307299339948
1758	3.012533208736493
1759	3.012533208736493
1760	3.012533208736493
1761	2.711834950082527
1762	2.711834950082527
1763	2.711834950082527
1764	3.0407309075319926
1765	3.0407309075319926
1766	3.0407309075319926
1767	3.1829301621374535
1768	3.1829301621374535
1769	3.1829301621374535
1770	3.2745499197626766
1771	3.2745499197626766
1772	3.2745499197626766
1773	3.009705175614558
1774	3.009705175614558
1775	3.009705175614558
1776	3.4237918820681
1777	3.4237918820681
1778	3.4237918820681
1779	2.945056609403762
1780	2.945056609403762
1781	2.945056609403762
1782	3.050968971164631
1783	3.050968971164631
1784	3.050968971164631
1785	3.087501446326612
1786	3.087501446326612
1787	3.087501446326612
1788	3.254822564830322
1789	3.254822564830322
1790	3.254822564830322
1791	2.5581976145810223
1792	2.5581976145810223
1793	2.5581976145810223
1794	2.9081008039815712
1795	2.9081008039815712
1796	2.9081008039815712
1797	2.8061911905529824
1798	2.8061911905529824
1799	2.8061911905529824
1800	2.7651308490496027
1801	2.7651308490496027
1802	2.7651308490496027
1803	3.1996757844224537
1804	3.1996757844224537
1805	3.1996757844224537
1806	2.660181981318008
1807	2.660181981318008
1808	2.660181981318008
1809	2.996737986680586
1810	2.996737986680586
1811	2.996737986680586
1812	2.8349089621987282
1813	2.8349089621987282
1814	2.8349089621987282
1815	2.8928079312913435
1816	2.8928079312913435
1817	2.8928079312913435
1818	3.4919869733700324
1819	3.4919869733700324
1820	3.4919869733700324
1821	2.782697052151996
1822	2.782697052151996
1823	0.6023056871394744
1824	0.6023056871394744
1825	3.90091958256286
1826	3.90091958256286
1827	3.90091958256286
1828	3.640452886432249
1829	3.640452886432249
1830	3.640452886432249
1831	4.160999300817052
1832	4.160999300817052
1833	4.160999300817052
1834	3.441857939086513
1835	3.441857939086513
1836	3.441857939086513
1837	4.593662108525464
1838	4.593662108525464
1839	4.593662108525464
1840	3.6956093599427926
1841	3.6956093599427926
1842	3.6956093599427926
1843	4.1265680626128525
1844	4.1265680626128525
1845	4.1265680626128525
1846	4.699897840434688
1847	4.699897840434688
1848	4.699897840434688
1849	3.880783758880642
1850	3.880783758880642
1851	3.880783758880642
1852	4.320282323117113
1853	4.320282323117113
1854	4.320282323117113
1855	2.990462801440829
1856	2.990462801440829
1857	2.990462801440829
1858	3.9256908054338684
1859	3.9256908054338684
1860	3.9256908054338684
1861	4.2585941651563735
1862	4.2585941651563735
1863	4.2585941651563735
1864	4.146519880974473
1865	4.146519880974473
1866	4.146519880974473
1867	4.616585968802991
1868	4.616585968802991
1869	4.616585968802991
1870	4.38873484824917
1871	4.38873484824917
1872	4.38873484824917
1873	3.7962735769043294
1874	3.7962735769043294
1875	3.7962735769043294
1876	4.657118891293676
1877	4.657118891293676
1878	4.657118891293676
1879	3.7972932745566133
1880	3.7972932745566133
1881	3.7972932745566133
1882	4.060727267501447
1883	4.060727267501447
1884	4.060727267501447
1885	3.5555015427821237
1886	3.5555015427821237
1887	3.5555015427821237
1888	3.228332493728306
1889	3.228332493728306
1890	3.228332493728306
1891	3.989245818731496
1892	3.989245818731496
1893	3.989245818731496
1894	2.698584563295455
1895	2.698584563295455
1896	2.698584563295455
1897	3.0403610430090753
1898	3.0403610430090753
1899	3.0403610430090753
1900	3.874975596085614
1901	3.874975596085614
1902	3.874975596085614
1903	3.555810611703795
1904	3.555810611703795
1905	3.555810611703795
1906	3.8063370784625037
1907	3.8063370784625037
1908	3.8063370784625037
1909	3.972913099920452
1910	3.972913099920452
1911	3.972913099920452
1912	3.835845137554441
1913	3.835845137554441
1914	3.835845137554441
1915	3.131240129753458
1916	3.131240129753458
1917	3.131240129753458
1918	3.183088953007487
1919	3.183088953007487
1920	3.183088953007487
1921	3.5771422407532687
1922	3.5771422407532687
1923	3.5771422407532687
1924	4.263804532412441
1925	4.263804532412441
1926	4.263804532412441
1927	4.522347284629406
1928	4.522347284629406
1929	4.522347284629406
1930	3.242475399509075
1931	3.242475399509075
1932	3.242475399509075
1933	3.946226461913438
1934	3.946226461913438
1935	3.946226461913438
1936	4.045096190636057
1937	4.045096190636057
1938	4.045096190636057
1939	4.178177351768252
1940	4.178177351768252
1941	4.178177351768252
1942	4.252194949795254
1943	4.252194949795254
1944	4.252194949795254
1945	2.5042091126615267
1946	2.5042091126615267
1947	2.5042091126615267
1948	4.561770529719713
1949	4.561770529719713
1950	4.561770529719713
1951	3.459124529102986
1952	3.459124529102986
1953	3.459124529102986
1954	4.889548136278659
1955	4.889548136278659
1956	4.889548136278659
1957	3.9641840587125134
1958	3.9641840587125134
1959	3.9641840587125134
1960	3.8355655742076236
1961	3.8355655742076236
1962	3.8355655742076236
1963	3.0296149129164704
1964	3.0296149129164704
1965	3.0296149129164704
1966	3.752272593501502
1967	3.752272593501502
1968	3.752272593501502
1969	3.474399419237198
1970	3.474399419237198
1971	3.474399419237198
1972	3.5967013704095914
1973	3.5967013704095914
1974	3.5967013704095914
1975	3.968427994281195
1976	3.968427994281195
1977	3.968427994281195
1978	3.797399728544303
1979	3.797399728544303
1980	3.797399728544303
1981	3.589633467388465
1982	3.589633467388465
1983	3.589633467388465
1984	3.8610143106681387
1985	3.8610143106681387
1986	3.8610143106681387
1987	3.883216371772263
1988	3.883216371772263
1989	3.883216371772263
1990	2.86901878783825
1991	2.86901878783825
1992	2.86901878783825
1993	3.393794044604862
1994	3.393794044604862
1995	3.393794044604862
1996	4.327051905001921
1997	4.327051905001921
1998	4.327051905001921
1999	3.5568419331121865
