0	1.3674742877196093
1	1.3674742877196093
2	1.3674742877196093
3	1.5379336386482423
4	1.5379336386482423
5	1.5379336386482423
6	1.8383794962894207
7	1.8383794962894207
8	1.8383794962894207
9	1.3084749691599993
10	1.3084749691599993
11	1.3084749691599993
12	1.2198446562541563
13	1.2198446562541563
14	1.2198446562541563
15	1.9102928624878959
16	1.9102928624878959
17	1.9102928624878959
18	1.5311397740092816
19	1.5311397740092816
20	1.5311397740092816
21	1.583141580150645
22	1.583141580150645
23	1.583141580150645
24	1.4204777556539294
25	1.4204777556539294
26	1.4204777556539294
27	1.134586593701907
28	1.134586593701907
29	1.134586593701907
30	1.6924992025123131
31	1.6924992025123131
32	1.6924992025123131
33	1.3475818965110036
34	1.3475818965110036
35	1.3475818965110036
36	1.207273423786372
37	1.207273423786372
38	1.207273423786372
39	1.6992760872476396
40	1.6992760872476396
41	1.6992760872476396
42	1.2875881226934673
43	1.2875881226934673
44	1.2875881226934673
45	1.500065846971439
46	1.500065846971439
47	1.500065846971439
48	1.6297092531139932
49	1.6297092531139932
50	1.6297092531139932
51	1.9146699975553105
52	1.9146699975553105
53	1.9146699975553105
54	1.5294566159853134
55	1.5294566159853134
56	1.5294566159853134
57	0.9833498841741894
58	0.9833498841741894
59	0.9833498841741894
60	1.57086733548435
61	1.57086733548435
62	1.57086733548435
63	1.6653999408751994
64	1.6653999408751994
65	1.6653999408751994
66	1.7841028598118043
67	1.7841028598118043
68	1.7841028598118043
69	2.011063439654399
70	2.011063439654399
71	2.011063439654399
72	1.321156129681021
73	1.321156129681021
74	1.321156129681021
75	1.364116282815684
76	1.364116282815684
77	1.364116282815684
78	1.508946762265491
79	1.508946762265491
80	1.508946762265491
81	1.7032675960377237
82	1.7032675960377237
83	1.7032675960377237
84	1.7295082000710666
85	1.7295082000710666
86	1.7295082000710666
87	1.689454756893704
88	1.689454756893704
89	1.689454756893704
90	1.497498094116973
91	1.497498094116973
92	1.497498094116973
93	3.0948168404063296
94	3.0948168404063296
95	3.0948168404063296
96	3.1586168242047203
97	3.1586168242047203
98	3.1586168242047203
99	2.6202554197810555
100	2.6202554197810555
101	2.6202554197810555
102	3.142577008561582
103	3.142577008561582
104	3.142577008561582
105	2.819308539114296
106	2.819308539114296
107	2.819308539114296
108	2.949169315156759
109	2.949169315156759
110	2.949169315156759
111	3.5365667484615364
112	3.5365667484615364
113	3.5365667484615364
114	2.3176496905722717
115	2.3176496905722717
116	2.3176496905722717
117	3.606559241796546
118	3.606559241796546
119	3.606559241796546
120	3.333025106687053
121	3.333025106687053
122	3.333025106687053
123	3.3808239543157588
124	3.3808239543157588
125	3.3808239543157588
126	1.8758843842483328
127	1.8758843842483328
128	1.8758843842483328
129	3.314071741972965
130	3.314071741972965
131	3.314071741972965
132	2.852757444110858
133	2.852757444110858
134	2.852757444110858
135	2.722246230463002
136	2.722246230463002
137	2.722246230463002
138	2.982754796857106
139	2.982754796857106
140	2.982754796857106
141	2.9244794632018984
142	2.9244794632018984
143	2.9244794632018984
144	2.840665694067634
145	2.840665694067634
146	2.840665694067634
147	3.5884694006491378
148	3.5884694006491378
149	3.5884694006491378
150	2.3322616736116473
151	2.3322616736116473
152	2.3322616736116473
153	2.981839324714687
154	2.981839324714687
155	2.981839324714687
156	3.2299324238700096
157	3.2299324238700096
158	3.2299324238700096
159	3.129184554302091
160	3.129184554302091
161	3.129184554302091
162	2.8893664208029946
163	1.3558268847736699
164	1.3558268847736699
165	1.3558268847736699
166	1.1758902128459279
167	1.1758902128459279
168	1.1758902128459279
169	1.073155922093926
170	1.073155922093926
171	1.073155922093926
172	1.0616977804618606
173	1.0616977804618606
174	1.0616977804618606
175	1.0650636075748294
176	1.0650636075748294
177	1.0650636075748294
178	1.0057600908579662
179	1.0057600908579662
180	1.0057600908579662
181	0.9585953118308442
182	0.9585953118308442
183	0.9585953118308442
184	1.3271412440860295
185	1.3271412440860295
186	1.3271412440860295
187	1.3092665759757482
188	1.3092665759757482
189	1.3092665759757482
190	1.2349718517059647
191	1.2349718517059647
192	1.2349718517059647
193	0.9869828867072241
194	0.9869828867072241
195	0.9869828867072241
196	1.3422759488529188
197	1.3422759488529188
198	1.3422759488529188
199	1.124579923202795
200	1.124579923202795
201	1.124579923202795
202	1.1254902496654045
203	1.1254902496654045
204	1.1254902496654045
205	1.325453934426229
206	1.325453934426229
207	1.325453934426229
208	0.8924018140360501
209	0.8924018140360501
210	0.8924018140360501
211	1.172779614037868
212	1.172779614037868
213	1.172779614037868
214	1.1810986375908512
215	1.1810986375908512
216	1.1810986375908512
217	0.7856860801084004
218	0.7856860801084004
219	0.7856860801084004
220	1.1688931432796208
221	1.1688931432796208
222	1.1688931432796208
223	1.342623044032991
224	1.342623044032991
225	1.342623044032991
226	1.1836612809525437
227	1.1836612809525437
228	1.1836612809525437
229	1.1727172181795622
230	1.1727172181795622
231	1.1727172181795622
232	1.1192071559208692
233	1.1192071559208692
234	1.1192071559208692
235	1.333950443202983
236	1.333950443202983
237	1.333950443202983
238	1.2344556358230396
239	1.2344556358230396
240	1.2344556358230396
241	1.0829933520254666
242	1.0829933520254666
243	1.0829933520254666
244	1.1870604513864118
245	1.1870604513864118
246	1.1870604513864118
247	1.3861233195761016
248	1.3861233195761016
249	1.3861233195761016
250	1.1081469818279148
251	1.1081469818279148
252	1.1081469818279148
253	0.8312060325953344
254	0.8312060325953344
255	0.8312060325953344
256	1.272286759590604
257	1.272286759590604
258	1.272286759590604
259	0.9491063822429413
260	0.9491063822429413
261	0.9491063822429413
262	1.0376634601208532
263	1.0376634601208532
264	1.0376634601208532
265	1.1607371186340043
266	1.1607371186340043
267	1.1607371186340043
268	1.2237049942983622
269	1.2237049942983622
270	1.2237049942983622
271	1.347220904529919
272	1.347220904529919
273	1.347220904529919
274	0.979135309184392
275	0.979135309184392
276	0.979135309184392
277	1.1900809217332267
278	1.1900809217332267
279	1.1900809217332267
280	1.1007486520650094
281	1.1007486520650094
282	1.1007486520650094
283	1.1908197416094002
284	1.1908197416094002
285	1.1908197416094002
286	0.8988156848830934
287	0.8988156848830934
288	0.8988156848830934
289	1.120726947019337
290	1.120726947019337
291	1.120726947019337
292	1.0056516747084925
293	1.0056516747084925
294	1.0056516747084925
295	1.1699174834088946
296	1.1699174834088946
297	1.1699174834088946
298	0.9970749358773924
299	0.9970749358773924
300	3.3683450353746567
301	3.3683450353746567
302	3.3683450353746567
303	3.0673224304198863
304	3.0673224304198863
305	3.0673224304198863
306	3.428178271078465
307	3.428178271078465
308	3.428178271078465
309	3.448235148008105
310	3.448235148008105
311	3.448235148008105
312	4.339287476549947
313	4.339287476549947
314	4.339287476549947
315	2.873545307645244
316	2.873545307645244
317	2.873545307645244
318	4.068560399768225
319	4.068560399768225
320	4.068560399768225
321	3.103524336364965
322	3.103524336364965
323	3.103524336364965
324	3.893569734953411
325	3.893569734953411
326	3.893569734953411
327	3.350500925855521
328	3.350500925855521
329	3.350500925855521
330	3.555535520477132
331	3.555535520477132
332	3.555535520477132
333	4.118994131312178
334	4.118994131312178
335	4.118994131312178
336	3.591441280117004
337	3.591441280117004
338	3.591441280117004
339	4.176402678789726
340	4.176402678789726
341	4.176402678789726
342	4.120920199050486
343	4.120920199050486
344	4.120920199050486
345	3.5074816000548616
346	3.5074816000548616
347	3.5074816000548616
348	3.8137999554845066
349	3.8137999554845066
350	3.8137999554845066
351	3.6530604996638463
352	3.6530604996638463
353	3.6530604996638463
354	4.536972563961742
355	4.536972563961742
356	4.536972563961742
357	4.25792206227563
358	4.25792206227563
359	4.25792206227563
360	4.399683844613819
361	4.399683844613819
362	4.399683844613819
363	3.5670802542806346
364	3.5670802542806346
365	3.5670802542806346
366	4.002056394357875
367	4.002056394357875
368	4.002056394357875
369	2.5731174690967986
370	2.5731174690967986
371	2.5731174690967986
372	2.6395186132794093
373	2.6395186132794093
374	2.6395186132794093
375	3.4904575762582835
376	3.4904575762582835
377	3.4904575762582835
378	3.3749303619124063
379	3.3749303619124063
380	3.3749303619124063
381	4.1874138578235325
382	4.1874138578235325
383	4.1874138578235325
384	3.9096093346427376
385	3.9096093346427376
386	3.9096093346427376
387	3.152770848121201
388	3.152770848121201
389	3.152770848121201
390	4.226628758348264
391	4.226628758348264
392	4.226628758348264
393	3.4023720985200563
394	3.4023720985200563
395	3.4023720985200563
396	3.4408968883642745
397	3.4408968883642745
398	3.4408968883642745
399	3.7916568233008787
400	3.7916568233008787
401	3.7916568233008787
402	4.0776885327661425
403	4.0776885327661425
404	4.0776885327661425
405	4.304975161127041
406	4.304975161127041
407	4.304975161127041
408	3.7017674132446814
409	3.7017674132446814
410	3.7017674132446814
411	3.324108773750208
412	3.324108773750208
413	3.324108773750208
414	3.8619315964807823
415	3.8619315964807823
416	3.8619315964807823
417	3.4553992133351596
418	3.4553992133351596
419	3.4553992133351596
420	4.007349054208221
421	4.007349054208221
422	4.007349054208221
423	3.683573569590169
424	3.683573569590169
425	3.683573569590169
426	2.80132421930609
427	2.80132421930609
428	2.80132421930609
429	3.17963190056266
430	3.17963190056266
431	3.17963190056266
432	4.032121069360272
433	4.032121069360272
434	4.032121069360272
435	3.795737623119293
436	3.795737623119293
437	3.795737623119293
438	3.6520270156446175
439	3.6520270156446175
440	3.6520270156446175
441	3.9134772357908965
442	3.9134772357908965
443	3.9134772357908965
444	4.764316360115457
445	4.764316360115457
446	4.764316360115457
447	3.568646163212383
448	3.568646163212383
449	3.568646163212383
450	4.061891185905096
451	2.519025681704587
452	2.519025681704587
453	2.519025681704587
454	3.088105761339329
455	3.088105761339329
456	3.088105761339329
457	2.5492869937424443
458	2.5492869937424443
459	2.5492869937424443
460	2.8697770494436527
461	2.8697770494436527
462	2.8697770494436527
463	3.2874384994066417
464	3.2874384994066417
465	3.2874384994066417
466	2.757083855821517
467	2.757083855821517
468	2.757083855821517
469	2.423425141208611
470	2.423425141208611
471	2.423425141208611
472	2.968156323778606
473	2.968156323778606
474	2.968156323778606
475	2.7986008695123963
476	2.7986008695123963
477	2.7986008695123963
478	2.192476421535795
479	2.192476421535795
480	2.192476421535795
481	3.2637640537210593
482	3.2637640537210593
483	3.2637640537210593
484	3.19877970415585
485	3.19877970415585
486	3.19877970415585
487	2.7337484190845602
488	2.7337484190845602
489	2.7337484190845602
490	2.4692077112562854
491	2.4692077112562854
492	2.4692077112562854
493	3.0669561910495893
494	3.0669561910495893
495	3.0669561910495893
496	2.712657470024074
497	2.712657470024074
498	2.712657470024074
499	2.4009743228838234
500	2.4009743228838234
501	2.4009743228838234
502	2.937705818245988
503	2.937705818245988
504	2.937705818245988
505	2.7189361323237473
506	2.7189361323237473
507	2.7189361323237473
508	2.855084711590214
509	2.855084711590214
510	2.855084711590214
511	2.9353534916088475
512	2.9353534916088475
513	2.9353534916088475
514	3.537048670143278
515	3.537048670143278
516	3.537048670143278
517	3.4032222273921677
518	3.4032222273921677
519	3.4032222273921677
520	3.731967849354757
521	3.731967849354757
522	3.731967849354757
523	2.35906166180448
524	2.35906166180448
525	2.35906166180448
526	3.453628827086852
527	3.453628827086852
528	3.453628827086852
529	2.2731425064376163
530	2.2731425064376163
531	2.2731425064376163
532	2.7998185923003276
533	2.7998185923003276
534	2.7998185923003276
535	3.2162653321204626
536	3.2162653321204626
537	3.2162653321204626
538	3.036015389854445
539	3.036015389854445
540	3.036015389854445
541	2.9085120634369
542	2.9085120634369
543	2.9085120634369
544	2.5527993781519176
545	2.5527993781519176
546	2.5527993781519176
547	3.0441196796301284
548	3.0441196796301284
549	3.0441196796301284
550	2.324911052303661
551	2.324911052303661
552	2.324911052303661
553	2.5444449508346225
554	2.5444449508346225
555	2.5444449508346225
556	2.8618484094256815
557	2.8618484094256815
558	2.8618484094256815
559	2.5978760872200635
560	2.5978760872200635
561	2.5978760872200635
562	2.8095490333230027
563	2.8095490333230027
564	2.8095490333230027
565	1.0272283809634568
566	1.0272283809634568
567	1.0272283809634568
568	1.1287958613986588
569	1.1287958613986588
570	1.1287958613986588
571	1.3208881846549594
572	1.3208881846549594
573	1.3208881846549594
574	0.8055233770213077
575	0.8055233770213077
576	0.8055233770213077
577	1.2429053794271712
578	1.2429053794271712
579	1.2429053794271712
580	1.1424755783707619
581	1.1424755783707619
582	1.1424755783707619
583	1.2184396365277321
584	1.2184396365277321
585	1.2184396365277321
586	1.3718993022089867
587	1.3718993022089867
588	1.3718993022089867
589	1.0920650707228512
590	1.0920650707228512
591	1.0920650707228512
592	1.4724949135189156
593	1.4724949135189156
594	1.4724949135189156
595	1.22252993990406
596	1.22252993990406
597	1.22252993990406
598	1.1682775066670468
599	1.1682775066670468
600	1.1682775066670468
601	1.2148657564949619
602	1.2148657564949619
603	1.2148657564949619
604	1.2704148698921194
605	1.2704148698921194
606	1.2704148698921194
607	1.3824093666778328
608	1.3824093666778328
609	1.3824093666778328
610	0.9786725813512225
611	0.9786725813512225
612	0.9786725813512225
613	1.2697150298266693
614	1.2697150298266693
615	1.2697150298266693
616	1.1917918919813475
617	1.1917918919813475
618	1.1917918919813475
619	1.1567460008455903
620	1.1567460008455903
621	1.1567460008455903
622	1.141112593047655
623	1.141112593047655
624	1.141112593047655
625	1.4669612225328703
626	1.4669612225328703
627	1.4669612225328703
628	0.9175837282868992
629	0.9175837282868992
630	0.9175837282868992
631	1.3777468867342493
632	1.3777468867342493
633	1.3777468867342493
634	1.1946838003241074
635	1.1946838003241074
636	1.1946838003241074
637	0.7788204219176076
638	0.7788204219176076
639	0.7788204219176076
640	1.054923866433634
641	1.054923866433634
642	1.054923866433634
643	3.5128846969787517
644	3.5128846969787517
645	3.5128846969787517
646	2.6288857786538244
647	2.6288857786538244
648	2.6288857786538244
649	3.725030912952323
650	3.725030912952323
651	3.725030912952323
652	3.0357359096995853
653	3.0357359096995853
654	0.9114026137800926
655	0.9114026137800926
656	0.9114026137800926
657	0.590992434533096
658	0.590992434533096
659	0.590992434533096
660	0.7916082064098366
661	0.7916082064098366
662	0.7916082064098366
663	0.6885092210745961
664	0.6885092210745961
665	0.6885092210745961
666	0.590266122873738
667	0.590266122873738
668	0.590266122873738
669	0.45975019944094375
670	0.45975019944094375
671	0.45975019944094375
672	0.6141601208066234
673	0.6141601208066234
674	0.6141601208066234
675	0.7499125617625342
676	0.7499125617625342
677	0.7499125617625342
678	0.7174826845652874
679	0.7174826845652874
680	0.7174826845652874
681	0.6401321985484469
682	0.6401321985484469
683	0.6401321985484469
684	0.6973753516244507
685	0.6973753516244507
686	0.6973753516244507
687	0.6777843033820117
688	0.6777843033820117
689	0.6777843033820117
690	0.5886161455838139
691	0.5886161455838139
692	0.5886161455838139
693	0.5531048985188682
694	0.5531048985188682
695	0.5531048985188682
696	0.6367577742489033
697	0.6367577742489033
698	0.6367577742489033
699	0.6758890392083514
700	0.6758890392083514
701	0.6758890392083514
702	0.5810862757555121
703	0.5810862757555121
704	0.5810862757555121
705	0.6663076970595343
706	0.6663076970595343
707	0.6663076970595343
708	0.5982007355970774
709	0.5982007355970774
710	0.5982007355970774
711	0.6483450375303097
712	0.6483450375303097
713	0.6483450375303097
714	0.755275352752198
715	0.755275352752198
716	0.755275352752198
717	0.529616245630234
718	0.529616245630234
719	0.529616245630234
720	0.5202398937954618
721	0.5202398937954618
722	0.5202398937954618
723	0.5178836664702078
724	0.5178836664702078
725	0.5178836664702078
726	0.5677688491337799
727	0.5677688491337799
728	0.5677688491337799
729	0.6223699411104099
730	0.6223699411104099
731	0.6223699411104099
732	0.7373273572458978
733	0.7373273572458978
734	0.7373273572458978
735	0.6763947297321447
736	0.6763947297321447
737	0.6763947297321447
738	0.6241956734595618
739	0.6241956734595618
740	0.6241956734595618
741	0.707038420144651
742	0.707038420144651
743	0.707038420144651
744	0.5658120046753176
745	0.5658120046753176
746	0.5658120046753176
747	0.5556965038941265
748	0.5556965038941265
749	0.5556965038941265
750	0.6674644976635464
751	0.6674644976635464
752	0.6674644976635464
753	0.5580929325490078
754	0.5580929325490078
755	0.5580929325490078
756	0.6075739726164368
757	0.6075739726164368
758	0.6075739726164368
759	0.7168583041021851
760	0.7168583041021851
761	0.7168583041021851
762	0.6467009679264577
763	0.6467009679264577
764	0.6467009679264577
765	0.5362915085088564
766	0.5362915085088564
767	0.5362915085088564
768	0.7709626062743717
769	0.7709626062743717
770	0.7709626062743717
771	0.7568641288834784
772	0.7568641288834784
773	0.7568641288834784
774	0.5807410215275566
775	0.5807410215275566
776	0.5807410215275566
777	0.7105911351115125
778	0.7105911351115125
779	0.7105911351115125
780	0.5835843952355423
781	0.5835843952355423
782	0.5835843952355423
783	0.5932988725712885
784	0.5932988725712885
785	0.5932988725712885
786	0.7358012174507581
787	0.7358012174507581
788	0.7358012174507581
789	0.6284637819794463
790	0.6284637819794463
791	0.6284637819794463
792	0.7057231353197633
793	0.7057231353197633
794	0.7057231353197633
795	0.5552923994470945
796	0.5552923994470945
797	0.5552923994470945
798	0.5263300422493811
799	0.5263300422493811
800	0.5263300422493811
801	0.7135554281441057
802	0.7135554281441057
803	0.7135554281441057
804	0.6237035434915055
805	0.6237035434915055
806	0.6237035434915055
807	0.5259901563757733
808	0.5259901563757733
809	0.5259901563757733
810	0.7428584311622203
811	0.7428584311622203
812	0.7428584311622203
813	0.8229881520848527
814	0.8229881520848527
815	0.8229881520848527
816	0.6782923121963692
817	0.6782923121963692
818	0.6782923121963692
819	0.6880828347187665
820	0.6880828347187665
821	0.6880828347187665
822	0.798133002426411
823	0.798133002426411
824	0.798133002426411
825	0.4900930713318436
826	0.4900930713318436
827	0.4900930713318436
828	0.7798694986004148
829	0.7798694986004148
830	0.7798694986004148
831	3.5180772221833343
832	3.5180772221833343
833	3.5180772221833343
834	3.4672294847152827
835	3.4672294847152827
836	3.4672294847152827
837	3.693691800820802
838	3.693691800820802
839	3.693691800820802
840	3.0334236190390196
841	3.0334236190390196
842	3.0334236190390196
843	2.8241021318451076
844	2.8241021318451076
845	2.8241021318451076
846	2.8842185454053118
847	2.8842185454053118
848	2.8842185454053118
849	3.6265186120756505
850	3.6265186120756505
851	3.6265186120756505
852	2.9306190939520005
853	2.9306190939520005
854	2.9306190939520005
855	3.674750843262527
856	3.674750843262527
857	3.674750843262527
858	3.6531521379842333
859	3.6531521379842333
860	3.6531521379842333
861	3.353723484215269
862	3.353723484215269
863	3.353723484215269
864	3.4823106177090306
865	3.4823106177090306
866	3.4823106177090306
867	3.0395962989701264
868	3.0395962989701264
869	3.0395962989701264
870	3.160885869277176
871	3.160885869277176
872	3.160885869277176
873	3.505369309853396
874	3.505369309853396
875	3.505369309853396
876	2.9686226266842453
877	2.9686226266842453
878	2.9686226266842453
879	4.0720949671903615
880	4.0720949671903615
881	4.0720949671903615
882	3.5912137251723752
883	3.5912137251723752
884	3.5912137251723752
885	3.56726510925626
886	3.910290851653744
887	3.910290851653744
888	3.910290851653744
889	3.5762936106658567
890	3.5762936106658567
891	3.5762936106658567
892	2.8677723696378075
893	2.8677723696378075
894	2.8677723696378075
895	3.5115437867184647
896	3.5115437867184647
897	3.5115437867184647
898	3.6503364998475596
899	3.6503364998475596
900	3.6503364998475596
901	3.956501800223357
902	3.956501800223357
903	3.956501800223357
904	3.676153987108386
905	3.676153987108386
906	3.676153987108386
907	3.9463457670133013
908	3.9463457670133013
909	3.9463457670133013
910	3.733409903724274
911	3.733409903724274
912	3.733409903724274
913	4.047904666116682
914	4.047904666116682
915	4.047904666116682
916	4.1759383116855595
917	4.1759383116855595
918	4.1759383116855595
919	3.7792583137133025
920	3.7792583137133025
921	3.7792583137133025
922	3.8688330476967
923	3.8688330476967
924	3.8688330476967
925	4.649831421996295
926	4.649831421996295
927	4.649831421996295
928	4.839085563238199
929	4.839085563238199
930	4.839085563238199
931	4.727817094870237
932	4.727817094870237
933	4.727817094870237
934	3.871130506447638
935	3.871130506447638
936	3.871130506447638
937	3.537580270629817
938	3.537580270629817
939	3.537580270629817
940	3.9292925334339195
941	3.9292925334339195
942	3.9292925334339195
943	4.196063017359273
944	4.196063017359273
945	4.196063017359273
946	3.6701055190145193
947	3.6701055190145193
948	3.6701055190145193
949	3.969274144505974
950	3.969274144505974
951	3.969274144505974
952	3.8350318113969766
953	3.8350318113969766
954	3.8350318113969766
955	2.9832757057303696
956	2.9832757057303696
957	2.9832757057303696
958	3.363784461735566
959	3.363784461735566
960	3.363784461735566
961	1.65347513447106
962	1.65347513447106
963	1.65347513447106
964	1.9414834466272377
965	1.9414834466272377
966	1.9414834466272377
967	1.628363241833326
968	1.628363241833326
969	1.628363241833326
970	1.561859922399576
971	1.561859922399576
972	1.561859922399576
973	2.652837597184794
974	2.652837597184794
975	2.652837597184794
976	1.4378956164546315
977	1.4378956164546315
978	1.4378956164546315
979	2.105385267454031
980	2.105385267454031
981	2.105385267454031
982	2.0832743801395313
983	2.0832743801395313
984	2.0832743801395313
985	2.2847658888388476
986	2.2847658888388476
987	2.2847658888388476
988	2.41908261373234
989	2.41908261373234
990	2.41908261373234
991	2.0420259407129575
992	2.0420259407129575
993	2.0420259407129575
994	2.4389335561829433
995	2.4389335561829433
996	2.4389335561829433
997	1.790497292058096
998	1.790497292058096
999	1.790497292058096
1000	2.3422958386466832
1001	2.3422958386466832
1002	2.3422958386466832
1003	2.2931276049010054
1004	2.2931276049010054
1005	2.2931276049010054
1006	1.8804062826302306
1007	1.8804062826302306
1008	1.8804062826302306
1009	1.9428536799723035
1010	1.9428536799723035
1011	1.9428536799723035
1012	2.200005366738991
1013	2.200005366738991
1014	2.200005366738991
1015	2.4377534811609776
1016	2.4377534811609776
1017	2.4377534811609776
1018	2.174692312644867
1019	2.174692312644867
1020	2.174692312644867
1021	2.2259793839883226
1022	2.2259793839883226
1023	2.2259793839883226
1024	2.0004442879546724
1025	2.0004442879546724
1026	2.0004442879546724
1027	2.157788939686564
1028	2.157788939686564
1029	2.157788939686564
1030	1.9834036539564837
1031	1.9834036539564837
1032	1.9834036539564837
1033	2.0446287036774016
1034	2.0446287036774016
1035	2.0446287036774016
1036	2.4155072409487417
1037	2.4155072409487417
1038	2.4155072409487417
1039	1.8319639343141303
1040	1.8319639343141303
1041	1.8319639343141303
1042	1.573880423915446
1043	1.573880423915446
1044	1.573880423915446
1045	1.893290523079801
1046	1.893290523079801
1047	1.893290523079801
1048	1.8436783318110463
1049	1.8436783318110463
1050	1.8436783318110463
1051	2.510478997973624
1052	2.510478997973624
1053	2.510478997973624
1054	2.1554616547859013
1055	2.1554616547859013
1056	2.1554616547859013
1057	2.3773885161739345
1058	2.3773885161739345
1059	2.3773885161739345
1060	1.9003241872763748
1061	1.9003241872763748
1062	1.9003241872763748
1063	1.9058717488078039
1064	1.9058717488078039
1065	1.9058717488078039
1066	1.8802689355828737
1067	1.8802689355828737
1068	1.8802689355828737
1069	2.1700876759829417
1070	2.1700876759829417
1071	2.1700876759829417
1072	2.500679897224759
1073	2.500679897224759
1074	2.500679897224759
1075	1.8369429571621674
1076	1.8369429571621674
1077	1.8369429571621674
1078	2.7647563064380267
1079	2.7647563064380267
1080	2.7647563064380267
1081	1.9607568084334426
1082	1.9607568084334426
1083	1.9607568084334426
1084	1.8818511873100738
1085	1.8818511873100738
1086	1.8818511873100738
1087	2.4237058097597193
1088	2.4237058097597193
1089	2.4237058097597193
1090	1.8277650039321436
1091	1.8277650039321436
1092	1.8277650039321436
1093	1.5249615643782657
1094	1.5249615643782657
1095	1.5249615643782657
1096	1.9049293606076294
1097	1.9049293606076294
1098	1.9049293606076294
1099	2.4544096824763577
1100	2.4544096824763577
1101	2.4544096824763577
1102	1.6872789767415124
1103	1.6872789767415124
1104	1.6872789767415124
1105	1.6778291062261157
1106	1.6778291062261157
1107	1.6778291062261157
1108	1.685991816208972
1109	1.685991816208972
1110	2.8072866780282815
1111	2.8072866780282815
1112	2.8072866780282815
1113	3.192635574129798
1114	3.192635574129798
1115	3.192635574129798
1116	3.0318837387081325
1117	3.0318837387081325
1118	3.0318837387081325
1119	2.443247412013909
1120	2.443247412013909
1121	2.443247412013909
1122	2.8154647966362254
1123	2.8154647966362254
1124	2.8154647966362254
1125	3.3141044796270664
1126	3.3141044796270664
1127	3.3141044796270664
1128	3.448560769841804
1129	3.448560769841804
1130	3.448560769841804
1131	2.7492054552952485
1132	2.7492054552952485
1133	2.7492054552952485
1134	2.9871584433906575
1135	2.9871584433906575
1136	2.9871584433906575
1137	2.637232783789633
1138	2.637232783789633
1139	2.637232783789633
1140	2.73865803015807
1141	2.73865803015807
1142	2.73865803015807
1143	3.2530057558720693
1144	3.2530057558720693
1145	3.2530057558720693
1146	3.0085068004139437
1147	3.0085068004139437
1148	3.0085068004139437
1149	2.461671888175291
1150	2.461671888175291
1151	2.461671888175291
1152	2.79992044964849
1153	2.79992044964849
1154	2.79992044964849
1155	2.5288338951764904
1156	2.5288338951764904
1157	2.5288338951764904
1158	2.71152730654009
1159	2.71152730654009
1160	2.71152730654009
1161	3.584790711454513
1162	3.584790711454513
1163	1.1253378165222423
1164	1.1253378165222423
1165	1.1253378165222423
1166	0.9588387754775025
1167	0.9588387754775025
1168	0.9588387754775025
1169	0.8599222152937367
1170	0.8599222152937367
1171	0.8599222152937367
1172	1.0649397939562097
1173	1.0649397939562097
1174	1.0649397939562097
1175	1.2316290354529662
1176	1.2316290354529662
1177	1.2316290354529662
1178	1.2881167275644372
1179	1.2881167275644372
1180	1.2881167275644372
1181	1.0587599030418264
1182	1.0587599030418264
1183	1.0587599030418264
1184	0.9182792761142347
1185	0.9182792761142347
1186	0.9182792761142347
1187	1.260266324164794
1188	1.260266324164794
1189	1.260266324164794
1190	1.0125483109834572
1191	1.0125483109834572
1192	1.0125483109834572
1193	1.0899861993508133
1194	1.0899861993508133
1195	1.0899861993508133
1196	0.8958404566840714
1197	3.2282096637224913
1198	3.2282096637224913
1199	3.2282096637224913
1200	3.3146791427664772
1201	3.3146791427664772
1202	3.3146791427664772
1203	3.4213412616724357
1204	3.4213412616724357
1205	3.4213412616724357
1206	3.3335157073936985
1207	3.3335157073936985
1208	3.3335157073936985
1209	2.67120118478692
1210	2.67120118478692
1211	2.67120118478692
1212	3.27229048333902
1213	3.27229048333902
1214	3.27229048333902
1215	3.316359699480881
1216	3.316359699480881
1217	3.316359699480881
1218	2.512108691415906
1219	2.512108691415906
1220	2.512108691415906
1221	2.6392048802742822
1222	2.6392048802742822
1223	2.6392048802742822
1224	3.212379577573371
1225	3.212379577573371
1226	3.212379577573371
1227	3.3917651146561707
1228	3.3917651146561707
1229	3.3917651146561707
1230	3.034622860968159
1231	3.034622860968159
1232	3.034622860968159
1233	2.3721544722537455
1234	2.3721544722537455
1235	2.3721544722537455
1236	3.3324399510667826
1237	3.3324399510667826
1238	3.3324399510667826
1239	2.9058374305060544
1240	2.9058374305060544
1241	2.9058374305060544
1242	2.271979070018333
1243	2.271979070018333
1244	2.271979070018333
1245	3.4059760192733046
1246	3.4059760192733046
1247	3.4059760192733046
1248	3.482037639284662
1249	3.482037639284662
1250	3.482037639284662
1251	3.0393959086279043
1252	3.0393959086279043
1253	3.0393959086279043
1254	3.0128124958704228
1255	3.0128124958704228
1256	3.0128124958704228
1257	3.279625164472203
1258	3.279625164472203
1259	3.279625164472203
1260	3.565847555139012
1261	3.565847555139012
1262	3.565847555139012
1263	2.682133662590483
1264	2.682133662590483
1265	2.682133662590483
1266	3.0171086120728208
1267	3.0171086120728208
1268	3.0171086120728208
1269	2.7450824304755552
1270	2.7450824304755552
1271	2.7450824304755552
1272	2.8345076595552277
1273	2.8345076595552277
1274	2.8345076595552277
1275	2.5077662354794947
1276	2.5077662354794947
1277	2.5077662354794947
1278	2.651757405786534
1279	2.651757405786534
1280	2.651757405786534
1281	3.143894393121637
1282	3.143894393121637
1283	3.143894393121637
1284	3.3049628828732938
1285	3.3049628828732938
1286	3.3049628828732938
1287	3.1928143709901335
1288	3.1928143709901335
1289	3.1928143709901335
1290	2.5781154994853113
1291	2.5781154994853113
1292	2.5781154994853113
1293	3.607753082034369
1294	3.607753082034369
1295	3.607753082034369
1296	2.8025094489208935
1297	2.8025094489208935
1298	2.8025094489208935
1299	2.875473404338185
1300	2.875473404338185
1301	2.875473404338185
1302	2.6429361406239558
1303	2.6429361406239558
1304	2.6429361406239558
1305	3.106869998835006
1306	3.106869998835006
1307	3.106869998835006
1308	2.637384072613893
1309	2.637384072613893
1310	2.637384072613893
1311	3.1447743599732316
1312	3.1447743599732316
1313	3.1447743599732316
1314	3.469598754804281
1315	3.469598754804281
1316	3.469598754804281
1317	2.584552394063347
1318	2.584552394063347
1319	2.584552394063347
1320	2.627182798144466
1321	2.627182798144466
1322	2.627182798144466
1323	3.178574512951395
1324	3.178574512951395
1325	3.178574512951395
1326	2.334595470892184
1327	2.334595470892184
1328	2.334595470892184
1329	3.0216647137359742
1330	3.0216647137359742
1331	3.0216647137359742
1332	3.5451500667030467
1333	3.5451500667030467
1334	3.5451500667030467
1335	3.0803289856169194
1336	3.0803289856169194
1337	3.0803289856169194
1338	3.066085307100318
1339	3.066085307100318
1340	3.066085307100318
1341	3.432053976938512
1342	3.432053976938512
1343	3.432053976938512
1344	3.0354617519012526
1345	3.0354617519012526
1346	3.0354617519012526
1347	2.6944583346491364
1348	2.6944583346491364
1349	2.6944583346491364
1350	3.1750254623592378
1351	3.1750254623592378
1352	3.1750254623592378
1353	2.844408955329153
1354	2.844408955329153
1355	2.844408955329153
1356	2.834351429707071
1357	2.834351429707071
1358	2.834351429707071
1359	2.7153288065743513
1360	2.7153288065743513
1361	2.7153288065743513
1362	1.7164559663399972
1363	1.7164559663399972
1364	1.7164559663399972
1365	3.175463297913548
1366	3.175463297913548
1367	3.175463297913548
1368	2.678025059177476
1369	2.678025059177476
1370	2.678025059177476
1371	2.9358904725559327
1372	2.9358904725559327
1373	2.9358904725559327
1374	3.0357248724152615
1375	3.0357248724152615
1376	3.0357248724152615
1377	3.3752451179660343
1378	3.3752451179660343
1379	3.3752451179660343
1380	3.193158722405954
1381	3.193158722405954
1382	3.193158722405954
1383	3.0167935379109707
1384	3.0167935379109707
1385	3.0167935379109707
1386	2.8604407031405406
1387	2.8604407031405406
1388	2.8604407031405406
1389	2.7699103133945866
1390	2.7699103133945866
1391	2.7699103133945866
1392	3.0404852919464256
1393	3.0404852919464256
1394	3.0404852919464256
1395	2.1946293855907872
1396	2.1946293855907872
1397	2.1946293855907872
1398	3.0625853713414326
1399	3.0625853713414326
1400	3.0625853713414326
1401	3.0744465436595405
1402	3.0744465436595405
1403	3.0744465436595405
1404	2.578064230077575
1405	2.578064230077575
1406	2.578064230077575
1407	2.1763116684365773
1408	2.1763116684365773
1409	2.1763116684365773
1410	3.3231986449122943
1411	3.3231986449122943
1412	3.3231986449122943
1413	2.6206970168418757
1414	2.6206970168418757
1415	2.6206970168418757
1416	3.2138170215625284
1417	3.2138170215625284
1418	3.2138170215625284
1419	3.002922577700088
1420	3.002922577700088
1421	3.002922577700088
1422	3.205745525322162
1423	3.205745525322162
1424	3.205745525322162
1425	2.6754863963725963
1426	2.6754863963725963
1427	2.6754863963725963
1428	2.715077792881221
1429	2.715077792881221
1430	2.715077792881221
1431	2.642641522204627
1432	2.642641522204627
1433	2.642641522204627
1434	2.3892448813224996
1435	2.3892448813224996
1436	2.3892448813224996
1437	3.0041682865084307
1438	3.0041682865084307
1439	3.0041682865084307
1440	2.66344697497626
1441	2.66344697497626
1442	2.66344697497626
1443	3.6502299945580257
1444	3.6502299945580257
1445	3.6502299945580257
1446	3.0955664290105522
1447	3.0955664290105522
1448	3.0955664290105522
1449	3.6526790218111103
1450	3.6526790218111103
1451	3.6526790218111103
1452	2.511759535656497
1453	2.511759535656497
1454	2.511759535656497
1455	2.645710928005281
1456	2.645710928005281
1457	2.645710928005281
1458	3.447419604603145
1459	3.447419604603145
1460	3.447419604603145
1461	2.484723002199384
1462	2.484723002199384
1463	2.484723002199384
1464	2.714185825063265
1465	2.714185825063265
1466	2.714185825063265
1467	2.8272087359469733
1468	2.8272087359469733
1469	2.8272087359469733
1470	3.2094078651275466
1471	3.2094078651275466
1472	3.2094078651275466
1473	2.569652807664669
1474	2.569652807664669
1475	2.569652807664669
1476	2.9987256862915266
1477	2.9987256862915266
1478	2.9987256862915266
1479	2.987181077957377
1480	1.5160607965790383
1481	1.5160607965790383
1482	1.5160607965790383
1483	1.6478856732452676
1484	1.6478856732452676
1485	1.6478856732452676
1486	2.10421632616119
1487	2.10421632616119
1488	2.10421632616119
1489	2.278977131755921
1490	2.278977131755921
1491	2.278977131755921
1492	1.8194755839940082
1493	1.8194755839940082
1494	1.8194755839940082
1495	1.8375029753322503
1496	1.8375029753322503
1497	1.8375029753322503
1498	2.1202428581962596
1499	2.1202428581962596
1500	2.1202428581962596
1501	2.305950450455607
1502	2.305950450455607
1503	2.305950450455607
1504	1.9542504390664623
1505	1.9542504390664623
1506	1.9542504390664623
1507	2.0369567395503867
1508	2.0369567395503867
1509	2.0369567395503867
1510	1.951557837509252
1511	1.951557837509252
1512	1.951557837509252
1513	2.0388052503484806
1514	2.0388052503484806
1515	2.0388052503484806
1516	2.184366726620107
1517	2.184366726620107
1518	2.184366726620107
1519	2.4919064167074603
1520	2.4919064167074603
1521	2.4919064167074603
1522	2.173639752080192
1523	2.173639752080192
1524	2.173639752080192
1525	2.1232451673452664
1526	2.1232451673452664
1527	2.1232451673452664
1528	1.7296590210312544
1529	1.7296590210312544
1530	1.7296590210312544
1531	2.1588200001848596
1532	3.172485464371246
1533	3.172485464371246
1534	3.172485464371246
1535	2.958528342033226
1536	2.958528342033226
1537	2.958528342033226
1538	3.6295788390766415
1539	3.6295788390766415
1540	3.6295788390766415
1541	2.4859274929814097
1542	2.4859274929814097
1543	2.4859274929814097
1544	3.3264527010283866
1545	3.3264527010283866
1546	3.3264527010283866
1547	2.420687007906885
1548	2.420687007906885
1549	2.420687007906885
1550	3.594216718783014
1551	3.594216718783014
1552	3.594216718783014
1553	3.7163663460638663
1554	3.7163663460638663
1555	3.7163663460638663
1556	2.518822451130915
1557	2.518822451130915
1558	2.518822451130915
1559	3.125682040115483
1560	3.125682040115483
1561	3.125682040115483
1562	2.7990865678656176
1563	2.7990865678656176
1564	2.7990865678656176
1565	2.6484742791690183
1566	2.6484742791690183
1567	2.6484742791690183
1568	2.6638172243405758
1569	2.6638172243405758
1570	2.6638172243405758
1571	2.912398792940622
1572	2.912398792940622
1573	2.912398792940622
1574	2.3979482040248525
1575	2.3979482040248525
1576	2.3979482040248525
1577	2.786334363721458
1578	2.786334363721458
1579	2.786334363721458
1580	2.753622475880891
1581	2.753622475880891
1582	2.753622475880891
1583	3.113958393160449
1584	3.113958393160449
1585	3.113958393160449
1586	1.5655551365030003
1587	1.5655551365030003
1588	1.5655551365030003
1589	1.842432758524335
1590	1.842432758524335
1591	1.842432758524335
1592	1.5360079014448345
1593	1.5360079014448345
1594	1.5360079014448345
1595	1.6471423829289829
1596	1.6471423829289829
1597	1.6471423829289829
1598	3.9661198618930777
1599	3.9661198618930777
1600	3.9661198618930777
1601	3.38706778248429
1602	2.3287473487521035
1603	2.3287473487521035
1604	2.3287473487521035
1605	2.0975538742592046
1606	2.0975538742592046
1607	2.0975538742592046
1608	2.2099777949010098
1609	2.2099777949010098
1610	2.2099777949010098
1611	2.9936986822691303
1612	2.9936986822691303
1613	2.9936986822691303
1614	2.3634920626868516
1615	2.3634920626868516
1616	2.3634920626868516
1617	2.5071181783942467
1618	2.5071181783942467
1619	2.5071181783942467
1620	2.5180101527320153
1621	2.5180101527320153
1622	2.5180101527320153
1623	2.671024790311301
1624	2.671024790311301
1625	2.671024790311301
1626	2.0506707513477704
1627	2.0506707513477704
1628	2.0506707513477704
1629	3.106921530579866
1630	3.106921530579866
1631	3.106921530579866
1632	2.798379878127993
1633	2.798379878127993
1634	2.798379878127993
1635	2.5253274487889277
1636	2.5253274487889277
1637	2.5253274487889277
1638	2.299266330665475
1639	2.299266330665475
1640	2.299266330665475
1641	2.1831102976758903
1642	2.1831102976758903
1643	2.1831102976758903
1644	2.3774417179096625
1645	2.3774417179096625
1646	2.3774417179096625
1647	2.4981295656200104
1648	2.4981295656200104
1649	2.4981295656200104
1650	2.503073303629783
1651	2.503073303629783
1652	2.503073303629783
1653	1.9965718294209789
1654	1.9965718294209789
1655	1.9965718294209789
1656	2.6194775942979773
1657	2.6194775942979773
1658	2.6194775942979773
1659	2.0141059132045873
1660	2.0141059132045873
1661	2.0141059132045873
1662	2.067797220391203
1663	2.067797220391203
1664	2.067797220391203
1665	0.671443325869229
1666	0.671443325869229
1667	0.671443325869229
1668	0.5611062847974074
1669	0.5611062847974074
1670	0.5611062847974074
1671	0.6216880796205212
1672	0.6216880796205212
1673	0.6216880796205212
1674	0.7620660819718139
1675	0.7620660819718139
1676	0.7620660819718139
1677	0.7730833665044154
1678	0.7730833665044154
1679	0.7730833665044154
1680	0.5780765774184169
1681	0.5780765774184169
1682	0.5780765774184169
1683	0.803426508530425
1684	0.803426508530425
1685	0.803426508530425
1686	0.7047371856980228
1687	0.7047371856980228
1688	0.7047371856980228
1689	0.6785000290844152
1690	0.6785000290844152
1691	0.6785000290844152
1692	0.6217418302029944
1693	0.6217418302029944
1694	3.2141825880461883
1695	3.2141825880461883
1696	3.2141825880461883
1697	3.061896933099097
1698	3.061896933099097
1699	3.061896933099097
1700	3.8342582143277424
1701	3.8342582143277424
1702	3.8342582143277424
1703	3.4281444734015465
1704	3.4281444734015465
1705	3.4281444734015465
1706	3.3938652741791486
1707	3.3938652741791486
1708	3.3938652741791486
1709	3.6036895697504625
1710	3.6036895697504625
1711	3.6036895697504625
1712	3.3711782156485097
1713	3.3711782156485097
1714	3.3711782156485097
1715	2.7611937261015713
1716	2.7611937261015713
1717	2.7611937261015713
1718	3.1099856743147347
1719	3.1099856743147347
1720	3.1099856743147347
1721	4.167275844260638
1722	4.167275844260638
1723	3.885332922867872
1724	3.885332922867872
1725	3.885332922867872
1726	3.377400456397646
1727	3.377400456397646
1728	3.377400456397646
1729	3.884596514810681
1730	3.884596514810681
1731	3.884596514810681
1732	4.229313721167532
1733	4.229313721167532
1734	4.229313721167532
1735	1.2554303784719993
1736	1.2554303784719993
1737	1.2554303784719993
1738	1.2020354240071927
1739	1.2020354240071927
1740	1.2020354240071927
1741	1.0670789628341981
1742	1.0670789628341981
1743	1.0670789628341981
1744	1.1226707935988252
1745	1.1226707935988252
1746	1.1226707935988252
1747	1.3504359218122342
1748	1.3504359218122342
1749	1.3504359218122342
1750	0.9339127744847455
1751	0.9339127744847455
1752	0.9339127744847455
1753	1.1243305704884021
1754	1.1243305704884021
1755	1.1243305704884021
1756	1.010623090416757
1757	1.010623090416757
1758	2.4411331733155857
1759	2.4411331733155857
1760	2.4411331733155857
1761	2.6064894824751
1762	2.6064894824751
1763	2.6064894824751
1764	2.2817908371050852
1765	2.2817908371050852
1766	2.2817908371050852
1767	2.481654079807018
1768	2.481654079807018
1769	2.481654079807018
1770	2.354288617608434
1771	2.354288617608434
1772	2.354288617608434
1773	1.6504281992288563
1774	1.6504281992288563
1775	1.6504281992288563
1776	2.373169519461359
1777	2.373169519461359
1778	2.373169519461359
1779	2.892428145490261
1780	2.892428145490261
1781	2.892428145490261
1782	2.402200304857961
1783	2.402200304857961
1784	2.402200304857961
1785	2.3486664620517756
1786	2.3486664620517756
1787	2.3486664620517756
1788	2.109294863074135
1789	2.109294863074135
1790	2.109294863074135
1791	2.078003456844176
1792	2.078003456844176
1793	2.078003456844176
1794	2.160206001460878
1795	2.160206001460878
1796	2.160206001460878
1797	2.0992745360376266
1798	2.0992745360376266
1799	2.0992745360376266
1800	2.2192485749501634
1801	2.2192485749501634
1802	2.2192485749501634
1803	2.6113380525255088
1804	2.6113380525255088
1805	2.6113380525255088
1806	1.5770283346504268
1807	1.5770283346504268
1808	1.5770283346504268
1809	2.194246056753111
1810	2.194246056753111
1811	2.194246056753111
1812	2.2412446590327137
1813	2.2412446590327137
1814	2.2412446590327137
1815	2.439680838136475
1816	2.439680838136475
1817	2.439680838136475
1818	2.6010454056331818
1819	2.6010454056331818
1820	2.6010454056331818
1821	2.554938314421929
1822	2.554938314421929
1823	2.554938314421929
1824	2.5600857912129915
1825	2.5600857912129915
1826	2.5600857912129915
1827	2.3647674581479268
1828	2.3647674581479268
1829	2.3647674581479268
1830	2.4052222062636286
1831	2.4052222062636286
1832	2.4052222062636286
1833	2.076102833853693
1834	2.076102833853693
1835	2.076102833853693
1836	2.1546739487152946
1837	2.1546739487152946
1838	2.1546739487152946
1839	2.295481621362024
1840	2.295481621362024
1841	2.295481621362024
1842	2.694510312586631
1843	2.694510312586631
1844	2.694510312586631
1845	2.4404259191966555
1846	2.4404259191966555
1847	2.4404259191966555
1848	2.538369381646622
1849	2.538369381646622
1850	2.538369381646622
1851	2.874774689496401
1852	2.874774689496401
1853	2.874774689496401
1854	2.2362128198252975
1855	2.2362128198252975
1856	2.2362128198252975
1857	2.8634611296378623
1858	2.8634611296378623
1859	2.8634611296378623
1860	2.4396997501041446
1861	2.4396997501041446
1862	2.4396997501041446
1863	2.043063670809364
1864	2.043063670809364
1865	2.043063670809364
1866	2.439670152229177
1867	2.439670152229177
1868	2.439670152229177
1869	2.4734826929084845
1870	2.4734826929084845
1871	2.4734826929084845
1872	2.1588519997029523
1873	2.1588519997029523
1874	2.1588519997029523
1875	2.5303311791476832
1876	2.5303311791476832
1877	2.5303311791476832
1878	2.5640340308923335
1879	2.5640340308923335
1880	2.5640340308923335
1881	3.1141662914880275
1882	3.1141662914880275
1883	1.8621512503171374
1884	1.8621512503171374
1885	1.8621512503171374
1886	1.3492455295150059
1887	1.3492455295150059
1888	1.3492455295150059
1889	1.623898538831828
1890	1.623898538831828
1891	1.623898538831828
1892	1.7609472734423985
1893	1.7609472734423985
1894	1.7609472734423985
1895	1.7233293625468369
1896	1.7233293625468369
1897	1.7233293625468369
1898	1.4579832258536254
1899	1.4579832258536254
1900	1.4579832258536254
1901	1.8011182409283686
1902	1.8011182409283686
1903	1.8011182409283686
1904	1.2158708077146063
1905	1.2158708077146063
1906	1.2158708077146063
1907	1.5147520466311974
1908	1.5147520466311974
1909	1.5147520466311974
1910	0.9718491513365831
1911	0.9718491513365831
1912	0.9718491513365831
1913	1.7252299798143749
1914	1.7252299798143749
1915	1.7252299798143749
1916	1.8473916817490743
1917	1.8473916817490743
1918	1.8473916817490743
1919	1.4643966813153064
1920	1.4643966813153064
1921	3.8028644205937723
1922	3.8028644205937723
1923	3.8028644205937723
1924	4.329130820684411
1925	4.329130820684411
1926	4.329130820684411
1927	3.8623466062276433
1928	3.8623466062276433
1929	3.8623466062276433
1930	3.708242464909194
1931	3.708242464909194
1932	3.708242464909194
1933	4.3185261751999775
1934	4.3185261751999775
1935	4.3185261751999775
1936	4.242017190382735
1937	4.242017190382735
1938	4.242017190382735
1939	4.217990055151625
1940	4.217990055151625
1941	4.217990055151625
1942	4.233659124368518
1943	4.233659124368518
1944	4.233659124368518
1945	3.571556723665132
1946	3.571556723665132
1947	3.571556723665132
1948	4.476766370755134
1949	4.476766370755134
1950	4.476766370755134
1951	3.473262209958383
1952	3.473262209958383
1953	3.473262209958383
1954	4.012717749783401
1955	4.012717749783401
1956	4.012717749783401
1957	3.865368457822317
1958	3.865368457822317
1959	3.865368457822317
1960	4.077749552694155
1961	4.077749552694155
1962	4.077749552694155
1963	3.577642595097629
1964	3.577642595097629
1965	3.577642595097629
1966	3.715518661040685
1967	3.715518661040685
1968	3.715518661040685
1969	3.4168908678940633
1970	3.4168908678940633
1971	3.4168908678940633
1972	5.738584993703738
1973	5.738584993703738
1974	5.738584993703738
1975	3.873424753459504
1976	3.873424753459504
1977	3.873424753459504
1978	4.499860921505133
1979	4.499860921505133
1980	4.499860921505133
1981	3.385412835900694
1982	3.385412835900694
1983	3.385412835900694
1984	3.4975376435138044
1985	3.4975376435138044
1986	3.4975376435138044
1987	3.5871702529255187
1988	3.5871702529255187
1989	3.5871702529255187
1990	3.8837371618283862
1991	3.8837371618283862
1992	3.8837371618283862
1993	4.124957888443893
1994	4.124957888443893
1995	4.124957888443893
1996	4.139474066128946
1997	4.139474066128946
1998	4.139474066128946
1999	3.25933829812949
