0	0.7093806972898298
1	0.7093806972898298
2	0.6208172816069748
3	0.6208172816069748
4	0.7408700776175074
5	0.7408700776175074
6	0.6752927241847904
7	0.6752927241847904
8	1.7274638249782954
9	1.7274638249782954
10	1.613629417612163
11	1.613629417612163
12	1.3747539437721836
13	1.3747539437721836
14	1.3634476481487687
15	5.0693157143644925
16	5.0693157143644925
17	3.2564689349036997
18	3.2564689349036997
19	3.7168808847253874
20	3.7168808847253874
21	3.1591714595974367
22	3.1591714595974367
23	3.0303744851514685
24	3.0303744851514685
25	3.7308438404637827
26	3.7308438404637827
27	2.4669670988935004
28	2.4669670988935004
29	3.3230431552753155
30	3.3230431552753155
31	3.9278756856711077
32	3.9278756856711077
33	3.120302957547049
34	3.120302957547049
35	2.099600452630976
36	2.099600452630976
37	1.8108322802954162
38	1.8108322802954162
39	1.6384976591784186
40	1.6384976591784186
41	1.4603350607949475
42	1.4603350607949475
43	0.7519425703381444
44	0.7519425703381444
45	1.344612644114392
46	1.344612644114392
47	1.7459718006392049
48	1.7459718006392049
49	1.3490100912827607
50	1.3490100912827607
51	1.6894929921597506
52	1.6894929921597506
53	1.9193088727182326
54	1.9193088727182326
55	1.863041959276932
56	1.863041959276932
57	2.331365706272477
58	2.331365706272477
59	1.8377650996307495
60	1.8377650996307495
61	0.7376966978065612
62	0.7376966978065612
63	0.909917627607794
64	0.909917627607794
65	0.729150161145601
66	0.729150161145601
67	0.8868402496421387
68	0.8868402496421387
69	0.6339564107453587
70	0.6339564107453587
71	0.6597547199569533
72	0.6597547199569533
73	0.5972435759954532
74	3.4254428448193996
75	3.4254428448193996
76	4.274144578072019
77	4.274144578072019
78	4.399937426915399
79	4.399937426915399
80	4.089224813292001
81	4.089224813292001
82	2.596971258609585
83	2.596971258609585
84	4.880627870571585
85	4.880627870571585
86	4.407368964439253
87	4.407368964439253
88	3.61817318995828
89	3.61817318995828
90	4.834758897114774
91	4.834758897114774
92	4.266131056225261
93	4.266131056225261
94	3.0180570589090587
95	3.0180570589090587
96	5.613064956781544
97	5.613064956781544
98	3.9457855615914186
99	3.9457855615914186
100	4.994398955721405
101	4.994398955721405
102	4.471709461062249
103	4.471709461062249
104	3.1811057607437645
105	3.1811057607437645
106	4.806994105146817
107	4.806994105146817
108	5.099590390050844
109	5.099590390050844
110	4.321826197621614
111	4.321826197621614
112	2.43826906791834
113	2.43826906791834
114	3.1605623521328328
115	3.1605623521328328
116	4.486814516262934
117	4.486814516262934
118	4.129780737887335
119	4.129780737887335
120	1.9440845135176836
121	1.9440845135176836
122	1.282618707267481
123	1.282618707267481
124	1.7037383870416836
125	1.7037383870416836
126	1.0838879270896544
127	1.0838879270896544
128	1.9275037785394706
129	1.9275037785394706
130	0.7365340026605587
131	0.7365340026605587
132	1.3471506154248554
133	1.3471506154248554
134	1.0824216250794492
135	1.0824216250794492
136	1.56110053385817
137	1.56110053385817
138	1.1936371929273928
139	1.1936371929273928
140	1.2562369866834424
141	1.2562369866834424
142	1.8555939546709967
143	1.8555939546709967
144	1.6935173871183324
145	1.6935173871183324
146	1.7650133229157996
147	1.7650133229157996
148	1.9370827027631836
149	1.9370827027631836
150	1.7147341348643919
151	1.7147341348643919
152	1.123117363147485
153	1.123117363147485
154	1.8879377463405183
155	1.8879377463405183
156	1.7598154378142683
157	1.7598154378142683
158	1.5730274879482817
159	1.5730274879482817
160	1.995841687232105
161	1.995841687232105
162	1.8897491085286793
163	1.8897491085286793
164	2.481142304886842
165	2.481142304886842
166	1.691318058747188
167	1.691318058747188
168	1.2247636025950512
169	1.2247636025950512
170	1.2567344594706145
171	1.2567344594706145
172	1.9964250828017558
173	1.9964250828017558
174	1.5592132605729527
175	1.5592132605729527
176	1.5349555976326832
177	1.5349555976326832
178	1.7724977890969975
179	1.7724977890969975
180	1.2401566626329814
181	1.2401566626329814
182	1.5574300568831239
183	1.5574300568831239
184	1.421648620359833
185	1.421648620359833
186	1.1428746404929897
187	1.1428746404929897
188	1.3225159037364214
189	1.3225159037364214
190	1.89808285403748
191	1.89808285403748
192	1.6237750550741012
193	1.6237750550741012
194	1.6133641057740384
195	1.6133641057740384
196	1.0147918078879958
197	1.0147918078879958
198	1.8657182836332753
199	1.8657182836332753
200	1.4245746169881373
201	1.4245746169881373
202	1.4790487064527265
203	1.4790487064527265
204	1.571897050712142
205	1.571897050712142
206	1.6814347788790365
207	1.6814347788790365
208	1.2297272032095075
209	1.2297272032095075
210	1.5807576610386052
211	1.5807576610386052
212	1.9908222058258693
213	1.9908222058258693
214	1.483524880066843
215	1.483524880066843
216	1.173444932920372
217	1.173444932920372
218	1.548354682596282
219	1.548354682596282
220	1.3729432211705175
221	1.3729432211705175
222	1.3773466322093852
223	1.3773466322093852
224	1.9012906448517277
225	1.9012906448517277
226	1.8266604988887514
227	1.8266604988887514
228	1.4007362143412336
229	1.4007362143412336
230	1.5362080758172376
231	0.5885869148534167
232	0.5885869148534167
233	0.7436233376642759
234	0.7436233376642759
235	0.5651432298289261
236	0.5651432298289261
237	0.5421556998195974
238	0.5421556998195974
239	0.5363295019892599
240	0.5363295019892599
241	0.7332642593588592
242	0.7332642593588592
243	0.4650177920036318
244	0.4650177920036318
245	0.6761850317918667
246	0.7766158798557506
247	0.7766158798557506
248	1.2661531225646148
249	1.2661531225646148
250	2.242583547016717
251	2.242583547016717
252	2.8659626134752547
253	2.8659626134752547
254	2.957275530534358
255	2.957275530534358
256	3.6771386443560257
257	3.6771386443560257
258	2.210128981154312
259	2.210128981154312
260	2.8504588578948793
261	2.8504588578948793
262	2.602382827419481
263	2.602382827419481
264	3.6642322062913864
265	3.6642322062913864
266	3.681984379973186
267	3.681984379973186
268	2.072932814530921
269	2.072932814530921
270	2.1659688471592524
271	2.1659688471592524
272	3.566644228834396
273	3.566644228834396
274	3.0410825444909593
275	3.0410825444909593
276	2.85554860407136
277	2.85554860407136
278	2.9249665500067925
279	2.9249665500067925
280	2.89983994821655
281	2.89983994821655
282	3.5215048261766766
283	3.5215048261766766
284	2.5461502326704064
285	2.5461502326704064
286	3.2071161956719476
287	3.2071161956719476
288	2.683721739336987
289	2.683721739336987
290	2.3616591139462457
291	2.3616591139462457
292	2.953114470636961
293	2.953114470636961
294	2.723270134274148
295	2.723270134274148
296	3.561065401821712
297	1.2914447726974059
298	1.2914447726974059
299	4.334908328273847
300	4.334908328273847
301	2.702442427918654
302	5.009806908964184
303	2.923892717434249
304	2.923892717434249
305	2.1583008174106717
306	2.1583008174106717
307	2.1207070669963684
308	2.1207070669963684
309	1.2697103065830784
310	1.2697103065830784
311	1.5617924942765036
312	1.5617924942765036
313	1.9745695341677527
314	1.9745695341677527
315	2.384758023787805
316	2.384758023787805
317	1.8857163925409888
318	1.8857163925409888
319	1.7259245268816423
320	1.7259245268816423
321	2.389786754392997
322	2.389786754392997
323	2.41397291390146
324	2.41397291390146
325	1.8525604871797487
326	1.8525604871797487
327	1.7249214353048536
328	1.7249214353048536
329	1.690526807254517
330	3.420999670653398
331	3.420999670653398
332	4.128245147422727
333	4.128245147422727
334	3.7295683457780866
335	3.7295683457780866
336	4.00455636363839
337	4.00455636363839
338	2.6194603291540566
339	2.6194603291540566
340	5.179806148341772
341	0.3231488156139471
342	0.3231488156139471
343	0.43587476820775234
344	0.43587476820775234
345	0.6243686686424671
346	0.6243686686424671
347	0.5367558998534016
348	0.5367558998534016
349	0.7063257169612551
350	0.7063257169612551
351	0.41596216742984143
352	0.41596216742984143
353	0.9059400432079833
354	0.9059400432079833
355	0.8976547826182153
356	0.8976547826182153
357	0.6861676994447184
358	0.6861676994447184
359	0.786602812061202
360	0.786602812061202
361	0.6975144032690661
362	0.6975144032690661
363	0.5917348830401025
364	0.5917348830401025
365	0.45572347062414265
366	0.45572347062414265
367	2.9978982348931247
368	2.9978982348931247
369	2.935186705076525
370	2.935186705076525
371	1.716079121157629
372	1.716079121157629
373	2.0517464974746678
374	2.0517464974746678
375	2.835159816302719
376	2.835159816302719
377	2.0057101996557165
378	2.0057101996557165
379	2.65854139514638
380	2.65854139514638
381	2.37681605701959
382	2.37681605701959
383	3.010917902136158
384	3.010917902136158
385	2.721059756136765
386	2.721059756136765
387	2.6787379250635786
388	2.6787379250635786
389	1.972438149445916
390	1.972438149445916
391	2.2445030042522003
392	2.2445030042522003
393	2.7887503723180997
394	2.7887503723180997
395	1.9659328761035302
396	1.9659328761035302
397	3.5841555516872337
398	3.5841555516872337
399	1.5612623009691617
400	1.5612623009691617
401	1.7665520493823268
402	1.7665520493823268
403	1.4347058446858887
404	1.4347058446858887
405	2.014410504661465
406	2.014410504661465
407	2.5864541619080836
408	2.5864541619080836
409	2.11320925037826
410	2.11320925037826
411	2.3971402557439188
412	2.3971402557439188
413	1.7144784422665817
414	1.7144784422665817
415	2.33421059403809
416	2.33421059403809
417	2.808475484423305
418	2.808475484423305
419	2.8336427469235637
420	2.8336427469235637
421	2.811767346373958
422	2.811767346373958
423	2.548477576546803
424	2.548477576546803
425	2.3002598189048236
426	2.3002598189048236
427	2.459770116077611
428	2.459770116077611
429	3.1778139985756058
430	3.1778139985756058
431	2.231705831715085
432	2.9714200849183987
433	2.9714200849183987
434	2.839639940086111
435	2.839639940086111
436	3.322869639634156
437	3.322869639634156
438	1.92499328285799
439	1.92499328285799
440	3.2445608815220464
441	3.2445608815220464
442	3.4989251137085247
443	2.842825086655527
444	2.842825086655527
445	3.459948226385644
446	3.459948226385644
447	2.6356998854765936
448	2.6356998854765936
449	2.647217591829376
450	2.647217591829376
451	2.5896603461533108
452	2.5896603461533108
453	3.1662751964802793
454	3.1662751964802793
455	2.700110104024595
456	2.700110104024595
457	1.8153269819775835
458	1.8153269819775835
459	3.518381817095935
460	3.518381817095935
461	2.925702771468372
462	2.925702771468372
463	2.8360120055036155
464	2.8360120055036155
465	2.777457817522992
466	2.777457817522992
467	2.212614898635844
468	2.212614898635844
469	2.857289791311078
470	2.857289791311078
471	2.5614159411243667
472	2.5614159411243667
473	2.152270701466673
474	2.152270701466673
475	2.987713951226378
476	2.987713951226378
477	2.2056989672300222
478	2.2056989672300222
479	2.9646469933745037
480	2.9646469933745037
481	2.469694282789687
482	2.469694282789687
483	2.946578465151898
484	2.946578465151898
485	2.0525999161114377
486	2.0525999161114377
487	1.9284610162682092
488	1.9284610162682092
489	2.890565669293256
490	2.890565669293256
491	2.8373280406256667
492	2.8373280406256667
493	3.204973926889697
494	3.204973926889697
495	2.473461203678358
496	2.473461203678358
497	2.218696514005473
498	2.218696514005473
499	2.4492199697464696
500	2.4492199697464696
501	1.346256943269693
502	1.346256943269693
503	2.795978285258134
504	2.795978285258134
505	2.208540532746315
506	2.208540532746315
507	3.315574090431979
508	3.315574090431979
509	2.1645581608011644
510	3.5539702802050583
511	3.5539702802050583
512	2.934870545660946
513	2.934870545660946
514	3.9660552370976303
515	3.9660552370976303
516	3.127608428477273
517	3.127608428477273
518	3.8704141333567454
519	3.8704141333567454
520	4.293218307658028
521	4.293218307658028
522	3.4545151316129856
523	3.4545151316129856
524	4.548943354940145
525	4.548943354940145
526	3.6665476758800195
527	3.6665476758800195
528	4.146033777420849
529	4.146033777420849
530	4.624695169147382
531	4.624695169147382
532	4.385023703165476
533	4.385023703165476
534	3.777229756450055
535	3.777229756450055
536	3.9873519882222515
537	3.9873519882222515
538	0.7556078371134843
539	0.7556078371134843
540	0.818696296676819
541	0.818696296676819
542	0.7204809841860418
543	0.7204809841860418
544	0.6908427240506327
545	0.6908427240506327
546	0.6918595441975396
547	0.6918595441975396
548	0.8966271602625018
549	0.8966271602625018
550	0.8755482405700301
551	0.8755482405700301
552	0.8979830543762355
553	0.8979830543762355
554	0.528131616059843
555	0.528131616059843
556	0.5210107940165136
557	2.7470831068139168
558	2.7470831068139168
559	2.242845659277331
560	2.242845659277331
561	2.8253552896841594
562	2.8253552896841594
563	2.527820996069453
564	2.527820996069453
565	2.9893444866657637
566	2.9893444866657637
567	1.9653168311422797
568	1.9653168311422797
569	2.8769183708843893
570	2.8769183708843893
571	1.9603937298551555
572	1.9603937298551555
573	3.346789665099504
574	3.346789665099504
575	1.8248725116317746
576	1.8248725116317746
577	3.459153274181587
578	3.459153274181587
579	2.280356607341303
580	2.280356607341303
581	2.1933065925375366
582	2.1933065925375366
583	3.3151259271288565
584	3.3151259271288565
585	3.1525826843370077
586	3.1525826843370077
587	3.150306714478951
588	3.150306714478951
589	1.7963748511146194
590	1.7963748511146194
591	2.1640073461895843
592	2.1640073461895843
593	2.1240727425845654
594	2.1240727425845654
595	2.5097975986949552
596	2.5097975986949552
597	2.229819001043976
598	2.229819001043976
599	2.413276680924242
600	2.413276680924242
601	5.238739744998041
602	5.238739744998041
603	3.4316015757715395
604	3.4316015757715395
605	4.193640902231186
606	4.193640902231186
607	2.7450843990668634
608	2.7450843990668634
609	5.70534538889538
610	5.70534538889538
611	3.8788022467090872
612	3.8788022467090872
613	4.245029967697668
614	4.245029967697668
615	2.886239235681509
616	1.9831877223485777
617	1.9831877223485777
618	2.5166438782231353
619	2.5166438782231353
620	2.7646592564639585
621	2.7646592564639585
622	2.8935933370407847
623	2.8935933370407847
624	1.544395078002278
625	1.544395078002278
626	2.0060010456007276
627	2.0060010456007276
628	1.959709773821726
629	1.959709773821726
630	2.2314294305846234
631	2.2314294305846234
632	2.3340227784608714
633	2.3340227784608714
634	2.4980176018220352
635	2.4980176018220352
636	2.325102474528842
637	2.325102474528842
638	2.204731269967881
639	2.204731269967881
640	2.6316705790207915
641	2.6316705790207915
642	2.3405101772764683
643	2.3405101772764683
644	2.609501496950969
645	2.609501496950969
646	1.8542235981466686
647	1.8542235981466686
648	1.5494284915977006
649	1.5494284915977006
650	2.575233938930247
651	2.575233938930247
652	1.725517613800832
653	1.725517613800832
654	2.305654075943628
655	2.305654075943628
656	2.231704560337484
657	2.231704560337484
658	2.026408694674574
659	2.026408694674574
660	1.9063133458323858
661	1.9063133458323858
662	2.260302173480715
663	2.260302173480715
664	1.4356761744513549
665	1.4356761744513549
666	1.5103787921970306
667	1.5103787921970306
668	1.0778071055874578
669	1.0778071055874578
670	1.6391642466677063
671	4.038711217198117
672	4.038711217198117
673	3.161537169797337
674	3.161537169797337
675	3.847985965145088
676	3.847985965145088
677	4.534998172484125
678	4.534998172484125
679	2.375389005571656
680	2.375389005571656
681	3.159728888797147
682	3.159728888797147
683	3.1804305099797285
684	3.1804305099797285
685	3.5869857775459506
686	3.5869857775459506
687	4.458311529288054
688	4.458311529288054
689	3.542293533032817
690	1.3839538731824126
691	1.3839538731824126
692	1.2164733310990656
693	1.2164733310990656
694	1.6046093965130495
695	1.894681976019949
696	0.6060269171401592
697	0.6060269171401592
698	1.2346978485220517
699	1.2346978485220517
700	1.0460501919305674
701	1.0460501919305674
702	0.6905325428839632
703	0.6905325428839632
704	1.1456543517405897
705	1.1456543517405897
706	1.0197063657349976
707	4.731073297424132
708	4.731073297424132
709	4.013243974032054
710	4.013243974032054
711	2.4402506186894826
712	2.4402506186894826
713	3.6704746092562774
714	3.6704746092562774
715	3.3201305187225403
716	3.3201305187225403
717	5.233544074842538
718	5.233544074842538
719	4.141160101438499
720	4.141160101438499
721	3.161871746448
722	3.161871746448
723	2.5183735130423237
724	2.5183735130423237
725	3.3527582900795627
726	3.3527582900795627
727	3.6964696535881885
728	3.6964696535881885
729	2.4987571919737785
730	2.4987571919737785
731	3.2887995205185097
732	3.2887995205185097
733	2.910870681028018
734	2.910870681028018
735	2.9534536161619913
736	2.9534536161619913
737	3.07084377764912
738	3.07084377764912
739	3.4429365961312532
740	3.4429365961312532
741	4.782775611180338
742	4.782775611180338
743	0.8897429807295455
744	0.8897429807295455
745	0.742369321355779
746	0.742369321355779
747	0.8776432819983051
748	0.8776432819983051
749	0.4176952314350547
750	0.4176952314350547
751	0.592821324694832
752	0.592821324694832
753	0.43425020513172186
754	0.43425020513172186
755	0.868966013834118
756	0.868966013834118
757	0.5307823021934313
758	0.5307823021934313
759	0.5191563197124152
760	0.5191563197124152
761	0.7070861790902597
762	0.7070861790902597
763	0.74674453920114
764	0.74674453920114
765	0.6359081802010128
766	0.6359081802010128
767	0.6617175541277203
768	0.6617175541277203
769	0.6800032068863514
770	0.6800032068863514
771	0.5882842191204345
772	0.5882842191204345
773	0.5672675433924439
774	0.5672675433924439
775	0.6634270068682862
776	0.6634270068682862
777	0.6210161917392985
778	0.6210161917392985
779	0.5465795163579505
780	0.5465795163579505
781	0.43187599815427447
782	0.43187599815427447
783	0.6909129754817661
784	0.6909129754817661
785	0.42870934091498925
786	0.42870934091498925
787	0.697938821833894
788	0.697938821833894
789	0.9272085963084442
790	0.9272085963084442
791	0.6738881364442962
792	0.6738881364442962
793	0.5719643867369243
794	0.5719643867369243
795	0.5844358525886247
796	0.5844358525886247
797	0.8123680411811134
798	0.8123680411811134
799	0.5646574279567252
800	0.5646574279567252
801	0.40626321128304216
802	0.40626321128304216
803	0.5737381017029176
804	0.5737381017029176
805	0.6946018246527275
806	0.6946018246527275
807	0.7094619926658853
808	0.7094619926658853
809	0.6224808267082858
810	0.6224808267082858
811	0.8738124795612255
812	0.8738124795612255
813	0.6365781087298997
814	0.6365781087298997
815	0.7396602143979049
816	0.7396602143979049
817	0.43864910663407297
818	0.43864910663407297
819	0.6079718185511244
820	0.6079718185511244
821	0.5889358562546585
822	0.5889358562546585
823	0.7333047752735037
824	0.7333047752735037
825	0.8156452746431451
826	0.8156452746431451
827	0.4708675368195234
828	0.4708675368195234
829	0.8464432248361187
830	0.8464432248361187
831	0.34398395364783513
832	0.34398395364783513
833	0.608188521375346
834	0.608188521375346
835	0.6938378577424578
836	0.6938378577424578
837	0.6641689585719691
838	0.6641689585719691
839	0.6006048775234424
840	0.6006048775234424
841	1.4235131992665166
842	1.4235131992665166
843	2.0182719368523334
844	2.0182719368523334
845	0.7445840644887254
846	0.7445840644887254
847	0.8920929674823933
848	0.8920929674823933
849	1.0634953739880202
850	1.0634953739880202
851	1.219237139897846
852	1.219237139897846
853	1.922299081125203
854	1.922299081125203
855	1.2094418705704868
856	1.2094418705704868
857	1.8726027461730625
858	1.8726027461730625
859	1.3256655638381198
860	1.3256655638381198
861	1.207330199855926
862	1.207330199855926
863	1.690245186529666
864	1.690245186529666
865	1.205002902539034
866	1.205002902539034
867	1.2468479304866962
868	1.2468479304866962
869	1.818837345782744
870	1.818837345782744
871	1.3552050427843454
872	1.3552050427843454
873	0.7216581341224326
874	0.7216581341224326
875	1.1838303705563398
876	1.1838303705563398
877	2.2137174628266476
878	2.2137174628266476
879	1.4272786508341082
880	1.4272786508341082
881	1.6007823600473534
882	1.6007823600473534
883	1.9160747575104415
884	1.9160747575104415
885	2.1000794629130435
886	2.1000794629130435
887	1.4777534718491154
888	1.4777534718491154
889	2.001577942126317
890	2.001577942126317
891	1.754878084397816
892	1.754878084397816
893	0.1
894	0.1
895	0.1592810820986196
896	0.1592810820986196
897	0.2895875763883073
898	0.2895875763883073
899	0.16775936306408867
900	0.16775936306408867
901	0.13549565120951906
902	0.13549565120951906
903	0.2047276933665217
904	0.2047276933665217
905	0.19189732986942515
906	0.19189732986942515
907	0.17465672785207673
908	0.17465672785207673
909	0.12957040724343077
910	0.12957040724343077
911	0.17804250181415315
912	0.17804250181415315
913	0.26268567358936096
914	0.26268567358936096
915	0.2152201272594264
916	0.2152201272594264
917	0.23228978163846267
918	0.23228978163846267
919	0.2370636753493078
920	0.2370636753493078
921	0.21554929820201424
922	0.21554929820201424
923	0.13378355680260276
924	0.13378355680260276
925	0.22700298483968268
926	0.22700298483968268
927	0.24894559697046503
928	0.24894559697046503
929	0.222333565274912
930	0.222333565274912
931	0.12152995820257649
932	0.12152995820257649
933	0.2465541019742714
934	0.2465541019742714
935	0.1849848452333166
936	0.1849848452333166
937	0.1752654287928556
938	0.1752654287928556
939	0.20016455993651727
940	0.20016455993651727
941	0.1748562110527227
942	0.1748562110527227
943	0.15012190161580746
944	0.15012190161580746
945	0.15059791979483295
946	0.15059791979483295
947	0.2815318681493681
948	0.2815318681493681
949	0.18610266899067812
950	0.18610266899067812
951	0.12348892907959141
952	0.12348892907959141
953	0.1604962206073812
954	0.1604962206073812
955	0.21391581512572522
956	0.21391581512572522
957	0.27255191415615576
958	0.27255191415615576
959	0.22599881114577494
960	0.22599881114577494
961	0.17568801429203582
962	0.17568801429203582
963	0.16081172072025407
964	0.16081172072025407
965	0.17329273193038838
966	0.17329273193038838
967	0.10780747971053928
968	0.10780747971053928
969	0.14838964352062078
970	0.14838964352062078
971	0.20063769670735185
972	0.20063769670735185
973	0.18556159499648653
974	0.18556159499648653
975	0.23362770375203384
976	0.23362770375203384
977	0.16584631950372494
978	0.16584631950372494
979	0.13347503256338059
980	0.13347503256338059
981	0.27416489402662625
982	0.27416489402662625
983	0.16084688454657345
984	0.16084688454657345
985	4.768191393299261
986	4.768191393299261
987	3.4608729213871827
988	3.4608729213871827
989	2.9018826575397
990	2.9018826575397
991	2.903840048797621
992	2.903840048797621
993	2.0137510493349615
994	2.0137510493349615
995	2.947597639441847
996	2.947597639441847
997	2.577172257403519
998	2.577172257403519
999	1.9838595944764672
1000	1.9838595944764672
1001	2.813944311542097
1002	2.813944311542097
1003	2.9635506166077143
1004	2.9635506166077143
1005	1.2403200617037666
1006	1.2403200617037666
1007	1.6411826492579973
1008	1.6411826492579973
1009	2.673613025332661
1010	2.673613025332661
1011	1.8118584622163125
1012	1.8118584622163125
1013	2.98864019785687
1014	2.98864019785687
1015	2.847859588397336
1016	2.847859588397336
1017	4.20112357019322
1018	4.20112357019322
1019	3.2186550673561154
1020	3.2186550673561154
1021	2.6721684891069337
1022	2.6721684891069337
1023	3.193448256881244
1024	3.193448256881244
1025	2.69614009600112
1026	2.69614009600112
1027	3.1552661038829095
1028	3.1552661038829095
1029	4.289028321865379
1030	4.289028321865379
1031	3.6120101783593697
1032	3.6120101783593697
1033	2.5735993619163913
1034	2.5735993619163913
1035	3.513406305349575
1036	3.513406305349575
1037	3.8335983352604805
1038	3.8335983352604805
1039	2.9338989485071854
1040	2.9338989485071854
1041	3.9716181910269714
1042	3.9716181910269714
1043	1.0630343298616003
1044	1.0630343298616003
1045	2.4557335004278364
1046	2.4557335004278364
1047	1.152734881677746
1048	1.152734881677746
1049	2.5189490573460414
1050	2.5189490573460414
1051	2.071157945911214
1052	2.071157945911214
1053	2.236528115441266
1054	2.236528115441266
1055	2.392688430667815
1056	2.392688430667815
1057	1.3949383409949232
1058	1.3949383409949232
1059	1.5511846045450721
1060	1.5511846045450721
1061	2.5882404916026447
1062	2.5882404916026447
1063	2.2363516103149026
1064	2.2363516103149026
1065	1.531690894532669
1066	1.531690894532669
1067	2.79913264707592
1068	2.79913264707592
1069	1.5548325144641368
1070	1.5548325144641368
1071	2.278253191968073
1072	2.278253191968073
1073	2.1015505625503583
1074	2.1015505625503583
1075	1.4988676732239896
1076	1.4988676732239896
1077	2.5407776163552995
1078	2.5407776163552995
1079	1.8609623127066603
1080	1.8609623127066603
1081	1.8401262897021016
1082	1.8401262897021016
1083	1.2342860251008543
1084	1.2342860251008543
1085	2.7555621692220122
1086	2.7555621692220122
1087	2.493716598429593
1088	2.493716598429593
1089	1.2898727156812833
1090	0.34685410104094705
1091	0.34685410104094705
1092	0.6004686792111847
1093	0.6004686792111847
1094	0.4011270415943279
1095	0.4011270415943279
1096	0.7329444363836559
1097	0.7329444363836559
1098	0.655640909772372
1099	0.655640909772372
1100	0.45929351743918934
1101	0.45929351743918934
1102	0.7910732900956862
1103	0.7910732900956862
1104	0.49002772712930254
1105	0.49002772712930254
1106	0.7274409051406242
1107	0.7274409051406242
1108	0.4774143093705607
1109	0.4774143093705607
1110	2.0048985792539624
1111	2.0048985792539624
1112	2.4367740967547884
1113	2.4367740967547884
1114	1.6521357600141964
1115	1.6521357600141964
1116	2.9288214270229505
1117	2.9288214270229505
1118	2.096757360588542
1119	3.6561919220176575
1120	3.6561919220176575
1121	4.149380750547338
1122	4.149380750547338
1123	1.900673230514035
1124	1.900673230514035
1125	2.976418523043262
1126	2.976418523043262
1127	2.5995852279912284
1128	2.5995852279912284
1129	2.550985067221288
1130	2.550985067221288
1131	3.0191723935216386
1132	3.0191723935216386
1133	2.115019475865723
1134	2.115019475865723
1135	3.050311867422014
1136	3.050311867422014
1137	2.1991014388598744
1138	2.1991014388598744
1139	3.2291246724985587
1140	3.2291246724985587
1141	3.156937036720702
1142	3.156937036720702
1143	3.0187431561534632
1144	3.0187431561534632
1145	3.4286909159545056
1146	3.4286909159545056
1147	2.5766765580230175
1148	2.5766765580230175
1149	3.68543981611002
1150	3.68543981611002
1151	0.9996946761501587
1152	0.9996946761501587
1153	1.7548904495834028
1154	1.7548904495834028
1155	1.7485590697344342
1156	1.7485590697344342
1157	1.8002699458691613
1158	1.8002699458691613
1159	1.7600753609603972
1160	1.7600753609603972
1161	1.910565916903903
1162	1.910565916903903
1163	1.2730310186635951
1164	1.2730310186635951
1165	1.052056957982102
1166	1.052056957982102
1167	1.3568099814045258
1168	1.3568099814045258
1169	1.345804500108066
1170	1.345804500108066
1171	1.766234126458256
1172	1.766234126458256
1173	1.2818403879683409
1174	1.2818403879683409
1175	1.3655310213955136
1176	1.3655310213955136
1177	1.1757819289483704
1178	1.1757819289483704
1179	1.7950620942674753
1180	1.7950620942674753
1181	0.8344147914468766
1182	0.8344147914468766
1183	1.5419414669051488
1184	1.5419414669051488
1185	2.1853257628811575
1186	2.1853257628811575
1187	1.5647089519068
1188	1.5647089519068
1189	1.4069435844985054
1190	1.4069435844985054
1191	1.8534316473796686
1192	1.8534316473796686
1193	1.4204550557102176
1194	4.2475747036274365
1195	4.2475747036274365
1196	4.322551585968387
1197	4.322551585968387
1198	4.047980523218357
1199	4.047980523218357
1200	3.6086985201250545
1201	3.6086985201250545
1202	3.382612350134409
1203	3.382612350134409
1204	4.333634198183199
1205	4.333634198183199
1206	3.275297526939483
1207	3.275297526939483
1208	2.959673474019121
1209	2.959673474019121
1210	1.741198104164854
1211	1.741198104164854
1212	2.4856002752412016
1213	2.4856002752412016
1214	1.5662332472899128
1215	1.5662332472899128
1216	1.752537614452392
1217	1.752537614452392
1218	2.7913253617752964
1219	2.7913253617752964
1220	1.295981050182177
1221	1.295981050182177
1222	1.3162073727861157
1223	1.3162073727861157
1224	2.7254597224430492
1225	2.7254597224430492
1226	1.9717729744628445
1227	1.9717729744628445
1228	2.1099508179451725
1229	2.1099508179451725
1230	1.7100360631603855
1231	1.7100360631603855
1232	2.284391258898
1233	2.284391258898
1234	2.0093703178321527
1235	2.0093703178321527
1236	2.479051438495077
1237	2.479051438495077
1238	0.42527788387753546
1239	0.42527788387753546
1240	0.4082343899685658
1241	0.4082343899685658
1242	0.8135346483070959
1243	0.8135346483070959
1244	0.4958618691045141
1245	0.4958618691045141
1246	0.7336577214872827
1247	0.7336577214872827
1248	0.6910468588812348
1249	0.6910468588812348
1250	0.868963790907472
1251	0.868963790907472
1252	1.4581506994664823
1253	1.4581506994664823
1254	1.4444542413978478
1255	1.4444542413978478
1256	1.9970790859926397
1257	1.9970790859926397
1258	1.5751820387232205
1259	1.5751820387232205
1260	1.9650123940709674
1261	1.9650123940709674
1262	1.6555103499894483
1263	1.6555103499894483
1264	2.0464138273823527
1265	2.0464138273823527
1266	2.1393182385409326
1267	2.1393182385409326
1268	2.769796229314612
1269	2.769796229314612
1270	1.7196106463247942
1271	1.7196106463247942
1272	1.9062312812957416
1273	1.9062312812957416
1274	3.828846514840639
1275	3.828846514840639
1276	2.8312422845889254
1277	2.8312422845889254
1278	4.135476635738458
1279	4.135476635738458
1280	3.9395155536917668
1281	3.9395155536917668
1282	4.840292615695567
1283	4.840292615695567
1284	4.355777439685986
1285	4.355777439685986
1286	3.8549658829906233
1287	3.8549658829906233
1288	3.6506842357695377
1289	3.6506842357695377
1290	4.734078101451407
1291	4.734078101451407
1292	3.8553769571814565
1293	3.8553769571814565
1294	2.4450018186840294
1295	2.4450018186840294
1296	2.774310757944888
1297	2.774310757944888
1298	4.375150156402088
1299	4.375150156402088
1300	3.549347600619741
1301	3.549347600619741
1302	3.765161150584159
1303	3.765161150584159
1304	4.577482296515344
1305	4.577482296515344
1306	3.4791702530992543
1307	3.4791702530992543
1308	3.7957962255822864
1309	3.7957962255822864
1310	1.9772245917449172
1311	1.9772245917449172
1312	3.5450396651654668
1313	3.5450396651654668
1314	5.049929583346531
1315	5.049929583346531
1316	4.295944187807075
1317	4.295944187807075
1318	3.2649653081748733
1319	3.2649653081748733
1320	2.5434615339381423
1321	2.5434615339381423
1322	3.3846471951512447
1323	3.3846471951512447
1324	3.345784736939885
1325	3.345784736939885
1326	3.8464382905712173
1327	3.8464382905712173
1328	3.2098709431984127
1329	3.2098709431984127
1330	2.8783109031003784
1331	2.8783109031003784
1332	4.156843019458738
1333	4.156843019458738
1334	2.9135944930821305
1335	2.9135944930821305
1336	3.3470974614678877
1337	3.3470974614678877
1338	2.3664156092317086
1339	2.3664156092317086
1340	4.56932455878609
1341	4.56932455878609
1342	2.773549391654152
1343	2.773549391654152
1344	3.149891886226534
1345	3.149891886226534
1346	2.8994775246144786
1347	2.8994775246144786
1348	4.829809380480718
1349	4.829809380480718
1350	3.8348234697947756
1351	3.8348234697947756
1352	4.246343166281259
1353	4.246343166281259
1354	3.4341301239522513
1355	3.4341301239522513
1356	3.6563486868796926
1357	3.6563486868796926
1358	3.7964677223936416
1359	3.7964677223936416
1360	3.8574543128348253
1361	3.8574543128348253
1362	5.918854976874901
1363	5.918854976874901
1364	2.86830982071997
1365	2.86830982071997
1366	3.45764639978216
1367	3.45764639978216
1368	5.017080916207639
1369	5.017080916207639
1370	4.557583847263498
1371	2.4210362259520353
1372	2.4210362259520353
1373	1.9243267696906152
1374	1.9243267696906152
1375	2.1030717513862585
1376	2.1030717513862585
1377	1.9087532378569458
1378	1.9087532378569458
1379	1.3776215179244846
1380	1.3776215179244846
1381	2.4772413596277776
1382	2.4772413596277776
1383	2.996173210509902
1384	2.996173210509902
1385	5.512106065239199
1386	5.512106065239199
1387	3.44654600036883
1388	3.44654600036883
1389	3.299200975323117
1390	3.299200975323117
1391	5.097801075186071
1392	5.097801075186071
1393	3.1422698952725545
1394	3.1422698952725545
1395	2.967316077023503
1396	2.967316077023503
1397	4.528138423676363
1398	4.528138423676363
1399	2.4160148125743466
1400	2.4160148125743466
1401	3.3426971602973716
1402	3.3426971602973716
1403	3.8345128823720898
1404	3.8345128823720898
1405	3.958221420007366
1406	3.958221420007366
1407	3.2529887837317335
1408	3.2529887837317335
1409	3.3713960129551332
1410	3.3713960129551332
1411	2.964337324023492
1412	2.964337324023492
1413	3.927977005208529
1414	3.927977005208529
1415	4.329401256884905
1416	4.329401256884905
1417	4.21384585082394
1418	4.21384585082394
1419	4.798644928798617
1420	4.798644928798617
1421	3.690348010371775
1422	3.690348010371775
1423	4.76428157569488
1424	4.76428157569488
1425	3.6724660606008572
1426	3.6724660606008572
1427	2.676479339701358
1428	0.6409673198755992
1429	0.6409673198755992
1430	0.7287224541265553
1431	0.7287224541265553
1432	0.8073263270768208
1433	0.8073263270768208
1434	0.907088590584439
1435	0.907088590584439
1436	0.6223002110142505
1437	0.6223002110142505
1438	0.6313538883350533
1439	0.6313538883350533
1440	0.75902552446546
1441	0.75902552446546
1442	0.5825313745319172
1443	0.5825313745319172
1444	3.3821109595693786
1445	3.3821109595693786
1446	4.418314421605242
1447	4.418314421605242
1448	5.029227986974375
1449	5.029227986974375
1450	3.6523527615115374
1451	3.6523527615115374
1452	5.41970352286065
1453	5.41970352286065
1454	3.561652261788537
1455	3.561652261788537
1456	3.605014280062087
1457	3.605014280062087
1458	2.622519562061289
1459	2.622519562061289
1460	3.682768169022264
1461	3.682768169022264
1462	3.3565608010887624
1463	3.3565608010887624
1464	4.4939557232562635
1465	4.4939557232562635
1466	4.002617959165013
1467	4.002617959165013
1468	3.845561683899184
1469	3.845561683899184
1470	4.28357883774054
1471	4.28357883774054
1472	3.2266858681899055
1473	3.2266858681899055
1474	3.897531150025058
1475	3.897531150025058
1476	3.914074150035861
1477	3.914074150035861
1478	2.7344624214982582
1479	2.7344624214982582
1480	3.483113129259492
1481	2.756731221302987
1482	2.756731221302987
1483	1.835671507325133
1484	1.835671507325133
1485	2.2888812433325763
1486	2.2888812433325763
1487	3.1484467431081042
1488	3.1484467431081042
1489	1.9338719618512776
1490	1.9338719618512776
1491	1.6185968416849457
1492	1.6185968416849457
1493	3.1144998863003126
1494	3.1144998863003126
1495	2.0406786550088323
1496	2.0406786550088323
1497	2.140105564152256
1498	2.140105564152256
1499	3.378397584285752
1500	3.378397584285752
1501	1.0166187263480968
1502	1.0166187263480968
1503	2.765135484557344
1504	2.765135484557344
1505	1.4848813991115613
1506	1.4848813991115613
1507	2.4478221252821037
1508	2.4478221252821037
1509	2.6283236286506746
1510	2.6283236286506746
1511	2.8227221868078547
1512	2.8227221868078547
1513	3.4147735902446983
1514	3.4147735902446983
1515	2.2996796120912086
1516	2.2996796120912086
1517	2.7886406055171014
1518	2.7886406055171014
1519	2.146206843939567
1520	2.146206843939567
1521	2.0048796329941423
1522	2.0048796329941423
1523	1.7197826067213782
1524	1.7197826067213782
1525	2.296469215579117
1526	2.296469215579117
1527	2.03505344085561
1528	2.03505344085561
1529	3.676431889361312
1530	3.676431889361312
1531	2.665007344926837
1532	2.665007344926837
1533	3.1334547446403604
1534	3.1334547446403604
1535	3.46498264511372
1536	3.46498264511372
1537	4.323280219710695
1538	4.323280219710695
1539	2.020044243174116
1540	2.1228377060222603
1541	2.1228377060222603
1542	2.3337781168929066
1543	2.3337781168929066
1544	2.7251025837894702
1545	2.7251025837894702
1546	2.2664566203769754
1547	2.2664566203769754
1548	2.161348508965799
1549	2.161348508965799
1550	1.2136566214665754
1551	1.2136566214665754
1552	3.170932115006462
1553	3.170932115006462
1554	2.09978593972088
1555	2.09978593972088
1556	1.7988849458365874
1557	1.7988849458365874
1558	0.9399307722912658
1559	0.9399307722912658
1560	2.2862278206242395
1561	2.2862278206242395
1562	2.0045134842732213
1563	2.0045134842732213
1564	1.396763140751367
1565	1.396763140751367
1566	1.4394387377013633
1567	1.4394387377013633
1568	1.682492108706181
1569	1.682492108706181
1570	1.0580936267718226
1571	1.0580936267718226
1572	1.6720073016546189
1573	1.6720073016546189
1574	1.2338579765367688
1575	1.9146581705274524
1576	1.9146581705274524
1577	2.5279678915670742
1578	2.5279678915670742
1579	1.8574593028330821
1580	1.8574593028330821
1581	2.5331432626732564
1582	2.5331432626732564
1583	1.057892169230414
1584	1.057892169230414
1585	1.556211508493866
1586	1.556211508493866
1587	2.7142809384364552
1588	2.7142809384364552
1589	1.966686235806879
1590	1.966686235806879
1591	2.6287551946704317
1592	2.6287551946704317
1593	3.0135777471562415
1594	3.0135777471562415
1595	1.956714312059992
1596	1.956714312059992
1597	2.4436990760608395
1598	2.4436990760608395
1599	3.096405287241001
1600	3.096405287241001
1601	3.182160509943944
1602	3.182160509943944
1603	1.993929265449472
1604	1.993929265449472
1605	2.8768709112639836
1606	2.8768709112639836
1607	2.2860134993825216
1608	2.2860134993825216
1609	2.1493805200071456
1610	2.1493805200071456
1611	1.8827117312837702
1612	1.8827117312837702
1613	2.573159487457051
1614	2.573159487457051
1615	1.7472918100252761
1616	1.7472918100252761
1617	3.6196699775455174
1618	3.6196699775455174
1619	0.907075683897706
1620	0.907075683897706
1621	0.5727167901183576
1622	0.5727167901183576
1623	0.6986609016183604
1624	0.6986609016183604
1625	0.8091349406545787
1626	0.8091349406545787
1627	2.6146027841642785
1628	2.6146027841642785
1629	1.1081067033705159
1630	1.1081067033705159
1631	2.825356931441177
1632	2.825356931441177
1633	3.9517534823474465
1634	3.9517534823474465
1635	1.171896092106837
1636	1.171896092106837
1637	4.311432965767353
1638	4.311432965767353
1639	0.9104306392499306
1640	0.9104306392499306
1641	2.189857366205338
1642	2.189857366205338
1643	3.741951346644469
1644	3.741951346644469
1645	2.4861340990531366
1646	2.4861340990531366
1647	3.3662527534850177
1648	3.3662527534850177
1649	3.305873359927025
1650	3.305873359927025
1651	2.1434853823746653
1652	2.1434853823746653
1653	4.5707271499491435
1654	4.5707271499491435
1655	5.096183119935019
1656	5.096183119935019
1657	3.9145796111583544
1658	3.9145796111583544
1659	5.113764881534053
1660	5.113764881534053
1661	5.276942070613301
1662	5.276942070613301
1663	2.2700754171003856
1664	2.2700754171003856
1665	2.811481329148756
1666	2.811481329148756
1667	2.5894907187897003
1668	2.5894907187897003
1669	3.2178987732477693
1670	3.2178987732477693
1671	2.95182394569982
1672	2.95182394569982
1673	2.541727781412446
1674	2.541727781412446
1675	4.57358406654325
1676	4.57358406654325
1677	2.53621059052029
1678	2.53621059052029
1679	2.7386333334369892
1680	2.7386333334369892
1681	4.007808968299242
1682	4.007808968299242
1683	2.9231503499788034
1684	2.9231503499788034
1685	2.5442999763690364
1686	2.5442999763690364
1687	3.5515513509607146
1688	3.5515513509607146
1689	2.8574248960864392
1690	2.8574248960864392
1691	2.5912084782318265
1692	2.5912084782318265
1693	2.9071395679866727
1694	2.9071395679866727
1695	3.093220292282113
1696	6.3775373437896565
1697	6.3775373437896565
1698	5.939831269655707
1699	5.939831269655707
1700	4.441266052479429
1701	4.441266052479429
1702	4.910520086151945
1703	4.910520086151945
1704	4.715067848271019
1705	4.715067848271019
1706	4.166215750518473
1707	4.166215750518473
1708	3.799671692582998
1709	2.328226820175708
1710	2.328226820175708
1711	1.7995250690698357
1712	1.7995250690698357
1713	1.0011966958176124
1714	1.0011966958176124
1715	0.985629084268467
1716	0.985629084268467
1717	1.7454057818238509
1718	1.7454057818238509
1719	2.0278308840085835
1720	2.0278308840085835
1721	1.244241745027875
1722	1.244241745027875
1723	1.8833529531052755
1724	1.8833529531052755
1725	2.049157049429986
1726	2.049157049429986
1727	1.5361145247151422
1728	1.5361145247151422
1729	0.7666164898475465
1730	0.7666164898475465
1731	1.4992127874311818
1732	1.4992127874311818
1733	1.0250534482320106
1734	1.0250534482320106
1735	1.5494704976437108
1736	1.5494704976437108
1737	1.7903819013753193
1738	1.7903819013753193
1739	1.6567266378886663
1740	1.6567266378886663
1741	1.7674211547278207
1742	1.7674211547278207
1743	1.4256597636423327
1744	1.4256597636423327
1745	1.1834404791492115
1746	1.1834404791492115
1747	1.7825605897429506
1748	1.7825605897429506
1749	1.7032105821547305
1750	1.7032105821547305
1751	2.707603594025161
1752	2.707603594025161
1753	1.22450838034995
1754	1.22450838034995
1755	1.417534519865057
1756	1.417534519865057
1757	1.3325859082603508
1758	1.3325859082603508
1759	2.0930986317610905
1760	2.0930986317610905
1761	1.3957104819908857
1762	1.3957104819908857
1763	1.0193629281207486
1764	1.0193629281207486
1765	1.0936628826986423
1766	1.0936628826986423
1767	3.382073234664019
1768	3.382073234664019
1769	2.700682207183005
1770	2.700682207183005
1771	3.260221862033453
1772	3.260221862033453
1773	3.7967807140935794
1774	3.7967807140935794
1775	4.323797823493645
1776	4.323797823493645
1777	3.8171156427907467
1778	3.8171156427907467
1779	4.7444916370644865
1780	4.7444916370644865
1781	2.6418078500675306
1782	2.6418078500675306
1783	4.52448881805036
1784	4.52448881805036
1785	3.074816056171629
1786	3.074816056171629
1787	3.8128705699305563
1788	3.8128705699305563
1789	4.258025017491612
1790	4.258025017491612
1791	3.1825300279587108
1792	3.1825300279587108
1793	4.059723085603257
1794	4.059723085603257
1795	3.658146339967321
1796	2.6350642733708227
1797	2.6350642733708227
1798	2.7271480678898485
1799	2.7271480678898485
1800	2.6216460706036293
1801	2.6216460706036293
1802	2.9389370932822594
1803	2.9389370932822594
1804	3.3338363896353176
1805	3.3338363896353176
1806	3.1739401589442675
1807	3.1739401589442675
1808	2.0600499307614255
1809	2.0600499307614255
1810	1.662662976156125
1811	1.662662976156125
1812	3.1651400630249396
1813	3.1651400630249396
1814	3.1361589962062815
1815	3.1361589962062815
1816	1.74328747161137
1817	1.74328747161137
1818	1.6398917359693896
1819	1.6398917359693896
1820	2.8289439091051234
1821	2.8289439091051234
1822	2.277480837930525
1823	2.277480837930525
1824	2.842077698528522
1825	2.842077698528522
1826	3.1357323502227574
1827	3.1357323502227574
1828	2.4383408797762236
1829	2.4383408797762236
1830	1.8655767960804566
1831	1.8655767960804566
1832	2.2449914364523704
1833	2.2449914364523704
1834	2.3194178276881217
1835	2.3194178276881217
1836	2.969210919778787
1837	2.969210919778787
1838	2.7842827988804366
1839	2.7842827988804366
1840	2.7246794224100657
1841	2.7246794224100657
1842	3.287251994770699
1843	3.287251994770699
1844	2.7727506855603803
1845	2.7727506855603803
1846	3.307207007409246
1847	3.307207007409246
1848	2.514794373687815
1849	2.514794373687815
1850	2.108107255850391
1851	2.108107255850391
1852	1.6599397378651228
1853	1.6599397378651228
1854	3.0281297875924595
1855	3.0281297875924595
1856	1.6879158745575307
1857	1.6879158745575307
1858	1.9839018714393293
1859	1.9839018714393293
1860	3.377219988194007
1861	3.377219988194007
1862	2.553430539917134
1863	2.553430539917134
1864	0.9308872552663612
1865	0.9308872552663612
1866	2.2016152899381862
1867	2.2016152899381862
1868	2.954268400196706
1869	2.954268400196706
1870	2.7871669989363506
1871	2.7871669989363506
1872	1.5003448028244493
1873	1.5003448028244493
1874	2.2252476857879375
1875	2.2252476857879375
1876	2.7734880625132194
1877	1.0562777788079334
1878	1.0562777788079334
1879	1.3679205682010867
1880	1.3679205682010867
1881	1.0904259338234146
1882	1.0904259338234146
1883	0.6338556587427069
1884	0.6338556587427069
1885	1.0179073768497922
1886	1.0179073768497922
1887	0.9007833139940814
1888	0.9007833139940814
1889	0.7464072503848552
1890	0.7464072503848552
1891	0.7836261011792869
1892	0.7836261011792869
1893	1.236362441970459
1894	1.236362441970459
1895	0.6503620149813094
1896	0.6503620149813094
1897	1.1906755074464703
1898	1.1906755074464703
1899	0.814156203391341
1900	0.814156203391341
1901	1.2501066580393678
1902	1.2501066580393678
1903	0.9688396512729784
1904	0.9688396512729784
1905	1.1069955026463973
1906	1.1069955026463973
1907	0.8853760619928608
1908	0.8853760619928608
1909	1.084102034986791
1910	1.084102034986791
1911	0.6553500438723063
1912	0.6553500438723063
1913	1.164377368873613
1914	1.164377368873613
1915	1.1657096387109613
1916	1.1657096387109613
1917	0.47772010210279336
1918	0.47772010210279336
1919	1.1522109429788367
1920	1.1522109429788367
1921	2.256858520486416
1922	2.256858520486416
1923	2.9108769430409516
1924	4.030418754615316
1925	4.030418754615316
1926	2.930001351625821
1927	2.930001351625821
1928	4.528950857941094
1929	4.528950857941094
1930	3.828504957491962
1931	3.828504957491962
1932	3.556350637200988
1933	3.556350637200988
1934	2.777630288146694
1935	2.777630288146694
1936	5.8365593748733815
1937	5.8365593748733815
1938	4.346655671492738
1939	4.346655671492738
1940	2.608519915052634
1941	2.608519915052634
1942	4.538263346237817
1943	4.538263346237817
1944	5.1642408163296185
1945	5.1642408163296185
1946	3.199478883484515
1947	3.199478883484515
1948	3.245169182680333
1949	3.245169182680333
1950	4.746948313950215
1951	4.746948313950215
1952	5.172365926281932
1953	5.172365926281932
1954	2.950829369853224
1955	2.950829369853224
1956	4.062874750388111
1957	4.062874750388111
1958	3.9076724597826185
1959	3.9076724597826185
1960	4.408758012501451
1961	4.408758012501451
1962	4.290480402012963
1963	4.290480402012963
1964	4.788400833224383
1965	4.788400833224383
1966	3.3035709838485197
1967	3.3035709838485197
1968	4.647961030918123
1969	4.647961030918123
1970	4.585819670563673
1971	4.585819670563673
1972	3.193663838809735
1973	3.193663838809735
1974	3.6076842681133297
1975	3.6076842681133297
1976	4.8449107546670955
1977	4.8449107546670955
1978	2.6004338039813133
1979	2.6004338039813133
1980	4.629710662423154
1981	4.629710662423154
1982	3.6159593801134227
1983	3.6159593801134227
1984	3.2035622944442395
1985	3.2035622944442395
1986	3.9037319874745293
1987	3.9037319874745293
1988	4.755891125697825
1989	4.755891125697825
1990	3.844126639704435
1991	3.844126639704435
1992	3.987050673450612
1993	1.0847811098780469
1994	1.0847811098780469
1995	1.0880025553120347
1996	1.0880025553120347
1997	0.8292600584638503
1998	0.8292600584638503
1999	1.067281999528974
