0	0.22176574952844758
1	0.22176574952844758
2	0.22176574952844758
3	0.22176574952844758
4	0.1693501864205383
5	0.1693501864205383
6	0.1693501864205383
7	0.1693501864205383
8	0.23303851680980783
9	0.23303851680980783
10	0.23303851680980783
11	0.23303851680980783
12	0.18750231957333613
13	0.18750231957333613
14	0.18750231957333613
15	0.18750231957333613
16	0.1
17	0.1
18	0.1
19	0.1
20	0.14562785892770375
21	0.14562785892770375
22	0.14562785892770375
23	0.14562785892770375
24	0.1
25	0.1
26	0.1
27	0.1
28	0.23554214111597455
29	0.23554214111597455
30	0.23554214111597455
31	0.23554214111597455
32	0.18661087803596801
33	0.18661087803596801
34	0.18661087803596801
35	0.18661087803596801
36	0.22851074194139642
37	0.22851074194139642
38	0.22851074194139642
39	0.22851074194139642
40	0.2006108210240797
41	2.7675159749666376
42	2.7675159749666376
43	2.7675159749666376
44	2.7675159749666376
45	3.4573574289698614
46	3.4573574289698614
47	3.4573574289698614
48	3.4573574289698614
49	5.726881560062692
50	5.726881560062692
51	5.726881560062692
52	5.726881560062692
53	3.135383862499601
54	3.135383862499601
55	3.135383862499601
56	3.135383862499601
57	2.5004096285142468
58	2.5004096285142468
59	2.5004096285142468
60	2.5004096285142468
61	2.5518972473420654
62	2.5518972473420654
63	2.5518972473420654
64	2.5518972473420654
65	4.018886111085917
66	4.018886111085917
67	4.018886111085917
68	4.018886111085917
69	2.6905732682981283
70	2.6905732682981283
71	2.6905732682981283
72	2.6905732682981283
73	3.3137131561634883
74	3.3137131561634883
75	3.3137131561634883
76	3.3137131561634883
77	3.081380915258249
78	3.081380915258249
79	3.081380915258249
80	3.081380915258249
81	3.4626692283723806
82	3.4626692283723806
83	3.4626692283723806
84	3.4626692283723806
85	4.542060769263519
86	4.542060769263519
87	4.542060769263519
88	4.542060769263519
89	4.446260981513296
90	4.446260981513296
91	4.446260981513296
92	4.446260981513296
93	2.139993286946561
94	2.139993286946561
95	2.139993286946561
96	2.139993286946561
97	2.712114365772003
98	2.712114365772003
99	2.712114365772003
100	2.712114365772003
101	1.4405474898975021
102	1.4405474898975021
103	1.4405474898975021
104	1.4405474898975021
105	2.54860073520386
106	2.54860073520386
107	2.54860073520386
108	2.54860073520386
109	1.1891919082258908
110	1.1891919082258908
111	1.1891919082258908
112	1.1891919082258908
113	0.20337526360392433
114	0.20337526360392433
115	0.20337526360392433
116	0.20337526360392433
117	0.28411513514783326
118	0.28411513514783326
119	0.28411513514783326
120	0.28411513514783326
121	4.657054304722758
122	4.657054304722758
123	4.657054304722758
124	4.657054304722758
125	3.083514605930355
126	3.083514605930355
127	3.083514605930355
128	3.083514605930355
129	3.339129610199075
130	3.339129610199075
131	3.339129610199075
132	3.339129610199075
133	1.780664080238373
134	1.780664080238373
135	1.780664080238373
136	1.780664080238373
137	1.134471149929983
138	1.134471149929983
139	1.134471149929983
140	1.134471149929983
141	1.7158103519426278
142	1.7158103519426278
143	1.7158103519426278
144	1.7158103519426278
145	0.6216700195416314
146	0.6216700195416314
147	0.6216700195416314
148	0.6216700195416314
149	2.604043509289182
150	2.604043509289182
151	2.604043509289182
152	2.604043509289182
153	1.104830861107377
154	1.104830861107377
155	1.104830861107377
156	1.104830861107377
157	0.1
158	0.1
159	0.1
160	0.1
161	1.6603074159835174
162	1.6603074159835174
163	1.6603074159835174
164	1.6603074159835174
165	4.199250396600656
166	4.199250396600656
167	4.199250396600656
168	4.199250396600656
169	2.4591257539402487
170	2.4591257539402487
171	2.4591257539402487
172	2.4591257539402487
173	3.112106868763296
174	3.112106868763296
175	3.112106868763296
176	3.112106868763296
177	4.342051186088785
178	4.342051186088785
179	4.342051186088785
180	4.342051186088785
181	1.9486004581601168
182	1.9486004581601168
183	1.9486004581601168
184	1.9486004581601168
185	3.9744629965606872
186	3.9744629965606872
187	3.9744629965606872
188	3.9744629965606872
189	1.975235352119975
190	1.975235352119975
191	1.975235352119975
192	1.975235352119975
193	0.8505805783707885
194	0.8505805783707885
195	0.8505805783707885
196	0.8505805783707885
197	1.7939345242357811
198	1.7939345242357811
199	1.7939345242357811
200	1.7939345242357811
201	1.6819268229605489
202	1.6819268229605489
203	1.6819268229605489
204	1.6819268229605489
205	2.866026884378924
206	2.866026884378924
207	2.866026884378924
208	2.866026884378924
209	3.121364543741957
210	3.121364543741957
211	3.121364543741957
212	3.121364543741957
213	0.42855342644446814
214	0.42855342644446814
215	0.42855342644446814
216	0.42855342644446814
217	2.0930992769088785
218	2.0930992769088785
219	2.0930992769088785
220	2.0930992769088785
221	1.428075418317052
222	1.428075418317052
223	1.428075418317052
224	1.428075418317052
225	4.2042955062618494
226	4.2042955062618494
227	4.2042955062618494
228	4.2042955062618494
229	2.587780388442155
230	2.587780388442155
231	2.587780388442155
232	2.587780388442155
233	3.769127136708669
234	3.769127136708669
235	3.769127136708669
236	3.769127136708669
237	1.435287312064794
238	1.435287312064794
239	1.435287312064794
240	1.435287312064794
241	3.1487847047777393
242	3.1487847047777393
243	3.1487847047777393
244	3.1487847047777393
245	1.2346657107120083
246	1.2346657107120083
247	1.2346657107120083
248	1.2346657107120083
249	2.66354161562816
250	2.66354161562816
251	2.66354161562816
252	2.66354161562816
253	3.309818092176086
254	3.309818092176086
255	3.309818092176086
256	3.309818092176086
257	1.0975796491470864
258	1.0975796491470864
259	1.0975796491470864
260	1.0975796491470864
261	3.306956528465974
262	3.306956528465974
263	3.306956528465974
264	3.306956528465974
265	0.1
266	0.1
267	0.1
268	0.1
269	1.6999080186881432
270	1.6999080186881432
271	1.6999080186881432
272	1.6999080186881432
273	1.7652450699828135
274	1.7652450699828135
275	1.7652450699828135
276	1.7652450699828135
277	3.9970755255792363
278	3.9970755255792363
279	3.9970755255792363
280	3.9970755255792363
281	1.1835625274651187
282	1.1835625274651187
283	1.1835625274651187
284	1.1835625274651187
285	2.3610377010001455
286	2.3610377010001455
287	2.3610377010001455
288	2.3610377010001455
289	0.1
290	0.1
291	0.1
292	0.1
293	5.667234379352243
294	5.667234379352243
295	5.667234379352243
296	5.667234379352243
297	1.9519600612326231
298	1.9519600612326231
299	1.9519600612326231
300	1.9519600612326231
301	1.252883916989982
302	1.252883916989982
303	1.252883916989982
304	1.252883916989982
305	1.1310511735135753
306	1.1310511735135753
307	1.1310511735135753
308	1.1310511735135753
309	1.959165672898486
310	1.959165672898486
311	1.959165672898486
312	1.959165672898486
313	2.972733525439894
314	2.972733525439894
315	2.972733525439894
316	2.972733525439894
317	3.678575577222102
318	3.678575577222102
319	3.678575577222102
320	3.678575577222102
321	3.3995608851089623
322	3.3995608851089623
323	3.3995608851089623
324	3.3995608851089623
325	0.6248318697400539
326	0.6248318697400539
327	0.6248318697400539
328	0.6248318697400539
329	4.321246187767741
330	4.321246187767741
331	4.321246187767741
332	4.321246187767741
333	2.6924743231026773
334	2.6924743231026773
335	2.6924743231026773
336	2.6924743231026773
337	0.7995558909871618
338	0.7995558909871618
339	0.7995558909871618
340	0.7995558909871618
341	2.151425997938849
342	2.151425997938849
343	2.151425997938849
344	2.151425997938849
345	3.72521113843021
346	3.72521113843021
347	3.72521113843021
348	3.72521113843021
349	5.410841747528432
350	5.410841747528432
351	5.410841747528432
352	5.410841747528432
353	1.644853928851592
354	1.644853928851592
355	1.644853928851592
356	1.644853928851592
357	2.8129719929036474
358	2.8129719929036474
359	2.8129719929036474
360	2.8129719929036474
361	1.9535677049573108
362	1.9535677049573108
363	1.9535677049573108
364	1.9535677049573108
365	1.9073395514762326
366	1.9073395514762326
367	1.9073395514762326
368	1.9073395514762326
369	4.003064749319618
370	4.003064749319618
371	4.003064749319618
372	4.003064749319618
373	3.0297937363474863
374	3.0297937363474863
375	3.0297937363474863
376	3.0297937363474863
377	2.898095616590103
378	2.898095616590103
379	2.898095616590103
380	2.898095616590103
381	3.275747844287963
382	3.275747844287963
383	3.275747844287963
384	3.275747844287963
385	4.559579609773909
386	4.559579609773909
387	4.559579609773909
388	4.559579609773909
389	3.4575538543777755
390	3.4575538543777755
391	3.4575538543777755
392	3.4575538543777755
393	2.600909695264378
394	2.600909695264378
395	2.600909695264378
396	2.600909695264378
397	1.7721191472816753
398	1.7721191472816753
399	1.7721191472816753
400	1.7721191472816753
401	4.662445781439789
402	4.662445781439789
403	4.662445781439789
404	4.662445781439789
405	4.0893929875896475
406	4.0893929875896475
407	4.0893929875896475
408	4.0893929875896475
409	2.229629368839078
410	2.229629368839078
411	2.229629368839078
412	2.229629368839078
413	2.8249074078490977
414	2.8249074078490977
415	2.8249074078490977
416	2.8249074078490977
417	4.012720161041925
418	4.012720161041925
419	4.012720161041925
420	4.012720161041925
421	3.053599280396239
422	3.053599280396239
423	3.053599280396239
424	3.053599280396239
425	4.045395195651722
426	4.045395195651722
427	4.045395195651722
428	4.045395195651722
429	0.43452934940487253
430	0.43452934940487253
431	0.43452934940487253
432	0.43452934940487253
433	1.8659405728966223
434	1.8659405728966223
435	1.8659405728966223
436	1.8659405728966223
437	2.3269411879305486
438	2.3269411879305486
439	2.3269411879305486
440	2.3269411879305486
441	3.2602931231157015
442	3.2602931231157015
443	3.2602931231157015
444	3.2602931231157015
445	2.426040396804055
446	2.426040396804055
447	2.426040396804055
448	2.426040396804055
449	1.9382758962017674
450	1.9382758962017674
451	1.9382758962017674
452	1.9382758962017674
453	3.175702428569501
454	3.175702428569501
455	3.175702428569501
456	3.175702428569501
457	1.1479610094767754
458	1.1479610094767754
459	1.1479610094767754
460	1.1479610094767754
461	2.57307453843182
462	2.57307453843182
463	2.57307453843182
464	2.57307453843182
465	2.8445301238718166
466	2.8445301238718166
467	2.8445301238718166
468	2.8445301238718166
469	1.5942764731054897
470	1.5942764731054897
471	1.5942764731054897
472	1.5942764731054897
473	2.5342707026149296
474	2.5342707026149296
475	2.5342707026149296
476	2.5342707026149296
477	3.926719829066343
478	3.926719829066343
479	3.926719829066343
480	3.926719829066343
481	2.1979944463966605
482	2.1979944463966605
483	2.1979944463966605
484	2.1979944463966605
485	4.064875931108229
486	4.064875931108229
487	4.064875931108229
488	4.064875931108229
489	1.7106277341095177
490	1.7106277341095177
491	1.7106277341095177
492	1.7106277341095177
493	3.569176675485299
494	0.1
495	0.1
496	0.1
497	0.1
498	1.3674105283434534
499	1.3674105283434534
500	1.3674105283434534
501	1.3674105283434534
502	0.5669197826021797
503	0.5669197826021797
504	0.5669197826021797
505	0.5669197826021797
506	1.5920516091750219
507	1.5920516091750219
508	1.5920516091750219
509	1.5920516091750219
510	0.7397556232457158
511	0.7397556232457158
512	0.7397556232457158
513	0.7397556232457158
514	1.3165932922279446
515	1.3165932922279446
516	1.3165932922279446
517	1.3165932922279446
518	3.049497557912723
519	3.049497557912723
520	3.049497557912723
521	3.049497557912723
522	1.7570580290845612
523	1.7570580290845612
524	1.7570580290845612
525	1.7570580290845612
526	1.1521655564753048
527	1.1521655564753048
528	1.1521655564753048
529	1.1521655564753048
530	1.0565070953676792
531	1.0565070953676792
532	1.0565070953676792
533	1.0565070953676792
534	2.5950239281065586
535	2.5950239281065586
536	2.5950239281065586
537	2.5950239281065586
538	1.0370374881176239
539	1.0370374881176239
540	1.0370374881176239
541	1.0370374881176239
542	1.660059721826821
543	1.660059721826821
544	1.660059721826821
545	1.660059721826821
546	1.6482548431045096
547	1.6482548431045096
548	1.6482548431045096
549	1.6482548431045096
550	0.1
551	0.1
552	0.1
553	0.1
554	1.1403450482052517
555	1.1403450482052517
556	1.1403450482052517
557	1.1403450482052517
558	1.6142151032212988
559	1.6142151032212988
560	1.6142151032212988
561	1.6142151032212988
562	0.1
563	0.1
564	0.1
565	0.1
566	1.640146886461133
567	1.640146886461133
568	1.640146886461133
569	1.640146886461133
570	1.598540679622494
571	1.598540679622494
572	1.598540679622494
573	1.598540679622494
574	2.9274469437502666
575	2.9274469437502666
576	2.9274469437502666
577	2.9274469437502666
578	2.091951906467155
579	2.091951906467155
580	2.091951906467155
581	2.091951906467155
582	1.36101083427989
583	1.36101083427989
584	1.36101083427989
585	1.36101083427989
586	0.519415743551678
587	0.519415743551678
588	0.519415743551678
589	0.519415743551678
590	0.1
591	0.1
592	0.1
593	0.1
594	1.162046546620037
595	1.162046546620037
596	1.162046546620037
597	1.162046546620037
598	1.705049657280118
599	1.705049657280118
600	1.705049657280118
601	1.705049657280118
602	3.0668921604070696
603	3.0668921604070696
604	3.0668921604070696
605	3.0668921604070696
606	1.6434226907147127
607	1.6434226907147127
608	1.6434226907147127
609	1.6434226907147127
610	2.509820290138184
611	2.509820290138184
612	2.509820290138184
613	2.509820290138184
614	2.1939146909358924
615	2.1939146909358924
616	2.1939146909358924
617	2.1939146909358924
618	0.6323247637891811
619	0.6323247637891811
620	0.6323247637891811
621	0.6323247637891811
622	2.16492445842278
623	2.16492445842278
624	2.16492445842278
625	2.16492445842278
626	0.5543227184257764
627	0.5543227184257764
628	0.5543227184257764
629	0.5543227184257764
630	1.8707670508331893
631	1.8707670508331893
632	1.8707670508331893
633	1.8707670508331893
634	0.1
635	0.1
636	0.1
637	0.1
638	0.20693665003554118
639	0.20693665003554118
640	0.20693665003554118
641	0.20693665003554118
642	1.2842480526910935
643	1.2842480526910935
644	1.2842480526910935
645	1.2842480526910935
646	1.8340399552238351
647	1.8340399552238351
648	1.8340399552238351
649	1.8340399552238351
650	0.824199000745086
651	0.824199000745086
652	0.824199000745086
653	0.824199000745086
654	2.708534823761315
655	2.708534823761315
656	2.708534823761315
657	2.708534823761315
658	1.8012125713339875
659	1.8012125713339875
660	1.8012125713339875
661	1.8012125713339875
662	2.449945587618524
663	2.449945587618524
664	2.449945587618524
665	2.449945587618524
666	1.1491309311458096
667	1.1491309311458096
668	1.1491309311458096
669	1.1491309311458096
670	2.2030001714273606
671	2.2030001714273606
672	2.2030001714273606
673	2.2030001714273606
674	0.8285026249273059
675	0.8285026249273059
676	0.8285026249273059
677	0.8285026249273059
678	1.2415886179567428
679	1.2415886179567428
680	1.2415886179567428
681	1.2415886179567428
682	0.905136252044977
683	0.905136252044977
684	0.905136252044977
685	0.905136252044977
686	1.3272473458588085
687	1.3272473458588085
688	1.3272473458588085
689	1.3272473458588085
690	1.4130218694608834
691	1.4130218694608834
692	1.4130218694608834
693	1.4130218694608834
694	0.9170306873160706
695	0.9170306873160706
696	0.9170306873160706
697	0.9170306873160706
698	1.874697270585066
699	1.874697270585066
700	1.874697270585066
701	1.874697270585066
702	0.7986409964453985
703	0.7986409964453985
704	0.7986409964453985
705	0.7986409964453985
706	1.6433746647590388
707	1.6433746647590388
708	1.6433746647590388
709	1.6433746647590388
710	3.1727638791932034
711	3.1727638791932034
712	3.1727638791932034
713	3.1727638791932034
714	0.4020710650690049
715	0.4020710650690049
716	0.4020710650690049
717	0.4020710650690049
718	1.4466174197430826
719	1.4466174197430826
720	1.4466174197430826
721	1.4466174197430826
722	0.46447014927489727
723	0.46447014927489727
724	0.46447014927489727
725	0.46447014927489727
726	0.7778330022242574
727	0.7778330022242574
728	0.7778330022242574
729	0.7778330022242574
730	1.904705347058657
731	1.904705347058657
732	1.904705347058657
733	1.904705347058657
734	0.8769230560142318
735	0.8769230560142318
736	0.8769230560142318
737	0.8769230560142318
738	2.0799706671721925
739	2.0799706671721925
740	2.0799706671721925
741	2.0799706671721925
742	2.732950776859963
743	2.732950776859963
744	2.732950776859963
745	2.732950776859963
746	1.9680267171812291
747	1.9680267171812291
748	1.9680267171812291
749	1.9680267171812291
750	1.3511310127381924
751	1.3511310127381924
752	1.3511310127381924
753	1.3511310127381924
754	0.759007315421045
755	0.759007315421045
756	0.759007315421045
757	0.759007315421045
758	2.096054110179823
759	2.096054110179823
760	2.096054110179823
761	2.096054110179823
762	1.498022193854762
763	1.498022193854762
764	1.498022193854762
765	1.498022193854762
766	0.3010831515162915
767	0.3010831515162915
768	0.3010831515162915
769	0.3010831515162915
770	1.6416311375703412
771	1.6416311375703412
772	1.6416311375703412
773	1.6416311375703412
774	1.9957902783405523
775	1.9957902783405523
776	1.9957902783405523
777	1.9957902783405523
778	1.3095762143723249
779	1.3095762143723249
780	1.3095762143723249
781	1.3095762143723249
782	1.3645979392019918
783	1.3645979392019918
784	1.3645979392019918
785	1.3645979392019918
786	1.4759369038324992
787	1.4759369038324992
788	1.4759369038324992
789	1.4759369038324992
790	2.3568657994069917
791	2.3568657994069917
792	2.3568657994069917
793	2.3568657994069917
794	0.7379497626541689
795	0.7379497626541689
796	0.7379497626541689
797	0.7379497626541689
798	2.0424628528083444
799	2.0424628528083444
800	2.0424628528083444
801	2.0424628528083444
802	1.0053691221764334
803	1.0053691221764334
804	1.0053691221764334
805	1.0053691221764334
806	0.1
807	0.1
808	0.1
809	0.1
810	0.8087543763210506
811	0.8087543763210506
812	0.8087543763210506
813	0.8087543763210506
814	1.7345116560906548
815	1.7345116560906548
816	1.7345116560906548
817	1.7345116560906548
818	4.488965960028175
819	4.488965960028175
820	4.488965960028175
821	4.488965960028175
822	3.434626623076039
823	3.434626623076039
824	3.434626623076039
825	3.434626623076039
826	0.2881077589867691
827	0.2881077589867691
828	0.2881077589867691
829	0.2881077589867691
830	3.7507352299177423
831	3.7507352299177423
832	3.7507352299177423
833	3.7507352299177423
834	2.251549291910111
835	2.251549291910111
836	0.20309051240878084
837	0.20309051240878084
838	0.20309051240878084
839	0.20309051240878084
840	1.4899236947183616
841	1.4899236947183616
842	1.4899236947183616
843	1.4899236947183616
844	0.1
845	0.1
846	0.1
847	0.1
848	0.1
849	0.1
850	0.1
851	0.1
852	0.5930259215820515
853	0.5930259215820515
854	0.5930259215820515
855	0.5930259215820515
856	1.308379525663264
857	1.308379525663264
858	1.308379525663264
859	1.308379525663264
860	1.3289618150938294
861	1.3289618150938294
862	1.3289618150938294
863	1.3289618150938294
864	1.1367057240473302
865	1.1367057240473302
866	1.1367057240473302
867	1.1367057240473302
868	1.5183419899507409
869	1.5183419899507409
870	1.5183419899507409
871	1.5183419899507409
872	0.5362875639869318
873	0.5362875639869318
874	0.5362875639869318
875	0.5362875639869318
876	1.6131526594676713
877	1.6131526594676713
878	1.6131526594676713
879	1.6131526594676713
880	1.281257099034735
881	1.281257099034735
882	1.281257099034735
883	1.281257099034735
884	1.4143725017418372
885	1.4143725017418372
886	1.4143725017418372
887	1.4143725017418372
888	1.9468356680862717
889	1.9468356680862717
890	1.9468356680862717
891	1.9468356680862717
892	1.6209915442002472
893	1.6209915442002472
894	1.6209915442002472
895	1.6209915442002472
896	0.8676465098430568
897	0.8676465098430568
898	0.8676465098430568
899	0.8676465098430568
900	0.5506696732366119
901	0.5506696732366119
902	0.5506696732366119
903	0.5506696732366119
904	0.7163548161854525
905	0.7163548161854525
906	0.7163548161854525
907	0.7163548161854525
908	0.41636678525375326
909	0.41636678525375326
910	0.41636678525375326
911	0.41636678525375326
912	1.0709310566689991
913	0.33982479357167733
914	0.33982479357167733
915	0.33982479357167733
916	0.33982479357167733
917	0.20318639823942572
918	0.20318639823942572
919	0.20318639823942572
920	0.20318639823942572
921	0.29596695853726446
922	0.29596695853726446
923	0.29596695853726446
924	0.29596695853726446
925	0.15202223664255243
926	0.15202223664255243
927	0.15202223664255243
928	0.15202223664255243
929	0.343229644284476
930	0.343229644284476
931	0.343229644284476
932	0.343229644284476
933	0.21195619670470264
934	0.21195619670470264
935	0.21195619670470264
936	0.21195619670470264
937	0.3836653100427123
938	0.3836653100427123
939	0.3836653100427123
940	0.3836653100427123
941	0.1
942	0.1
943	0.1
944	0.1
945	0.17998846351419423
946	0.17998846351419423
947	0.17998846351419423
948	0.17998846351419423
949	0.3326226170757497
950	0.3326226170757497
951	0.3326226170757497
952	0.3326226170757497
953	0.1
954	0.1
955	0.1
956	0.1
957	0.36669398235963296
958	0.36669398235963296
959	0.36669398235963296
960	0.36669398235963296
961	0.1
962	0.1
963	0.1
964	0.1
965	0.1
966	0.1
967	0.1
968	0.1
969	0.14731958724930086
970	0.14731958724930086
971	0.14731958724930086
972	0.14731958724930086
973	0.2589375198641587
974	0.2589375198641587
975	0.2589375198641587
976	0.2589375198641587
977	0.2834813647257287
978	0.2834813647257287
979	0.2834813647257287
980	0.2834813647257287
981	0.32360360294927987
982	0.32360360294927987
983	0.32360360294927987
984	0.32360360294927987
985	0.16619590281249402
986	0.16619590281249402
987	0.16619590281249402
988	0.16619590281249402
989	0.3670493437253348
990	0.3670493437253348
991	0.3670493437253348
992	0.3670493437253348
993	0.22724114148431623
994	0.22724114148431623
995	0.22724114148431623
996	0.22724114148431623
997	0.1
998	0.1
999	0.1
1000	0.1
1001	0.18421028300187167
1002	0.18421028300187167
1003	0.18421028300187167
1004	0.18421028300187167
1005	0.2999052617745709
1006	0.2999052617745709
1007	0.2999052617745709
1008	0.2999052617745709
1009	0.17236414082386975
1010	0.17236414082386975
1011	0.17236414082386975
1012	0.17236414082386975
1013	0.22981682937785897
1014	0.22981682937785897
1015	0.22981682937785897
1016	0.22981682937785897
1017	0.2794354336832153
1018	0.2794354336832153
1019	0.2794354336832153
1020	0.2794354336832153
1021	0.4289071168280938
1022	0.4289071168280938
1023	0.4289071168280938
1024	2.1428623924614243
1025	2.1428623924614243
1026	2.1428623924614243
1027	2.1428623924614243
1028	3.547140459288431
1029	3.547140459288431
1030	3.547140459288431
1031	3.547140459288431
1032	2.926971816662761
1033	2.926971816662761
1034	2.926971816662761
1035	2.926971816662761
1036	4.497946807603957
1037	4.497946807603957
1038	4.497946807603957
1039	4.497946807603957
1040	2.2772915073521474
1041	2.2772915073521474
1042	2.2772915073521474
1043	2.2772915073521474
1044	2.788516404769028
1045	2.788516404769028
1046	2.788516404769028
1047	2.788516404769028
1048	2.014656978242714
1049	2.014656978242714
1050	2.014656978242714
1051	2.014656978242714
1052	2.08500134520822
1053	2.08500134520822
1054	2.08500134520822
1055	2.08500134520822
1056	2.207387616855202
1057	2.207387616855202
1058	2.207387616855202
1059	2.207387616855202
1060	0.1
1061	0.1
1062	0.1
1063	0.1
1064	4.253209829852951
1065	4.253209829852951
1066	4.253209829852951
1067	4.253209829852951
1068	3.0665102186917075
1069	3.0665102186917075
1070	3.0665102186917075
1071	3.0665102186917075
1072	0.29158191368935116
1073	0.29158191368935116
1074	0.29158191368935116
1075	0.29158191368935116
1076	3.8568867684057926
1077	3.8568867684057926
1078	3.8568867684057926
1079	3.8568867684057926
1080	3.1539509395796763
1081	3.1539509395796763
1082	3.1539509395796763
1083	3.1539509395796763
1084	3.0852059243388723
1085	3.0852059243388723
1086	3.0852059243388723
1087	3.0852059243388723
1088	1.7575208922688519
1089	1.7575208922688519
1090	1.7575208922688519
1091	1.7575208922688519
1092	4.368970637190584
1093	4.368970637190584
1094	4.368970637190584
1095	4.368970637190584
1096	4.258188810283419
1097	4.258188810283419
1098	4.258188810283419
1099	4.258188810283419
1100	1.0858704729537545
1101	1.0858704729537545
1102	1.0858704729537545
1103	1.0858704729537545
1104	4.079115639361953
1105	4.079115639361953
1106	4.079115639361953
1107	4.079115639361953
1108	2.8737703383709507
1109	2.8737703383709507
1110	2.8737703383709507
1111	2.8737703383709507
1112	3.0081337873952685
1113	3.0081337873952685
1114	3.0081337873952685
1115	3.0081337873952685
1116	3.9925432287021296
1117	3.9925432287021296
1118	5.1419339246412665
1119	5.1419339246412665
1120	5.1419339246412665
1121	5.1419339246412665
1122	3.165294894491407
1123	3.165294894491407
1124	3.165294894491407
1125	3.165294894491407
1126	2.505343069192018
1127	2.505343069192018
1128	2.505343069192018
1129	2.505343069192018
1130	3.9264313926044236
1131	3.9264313926044236
1132	3.9264313926044236
1133	3.9264313926044236
1134	1.8809508702987163
1135	1.8809508702987163
1136	1.8809508702987163
1137	1.8809508702987163
1138	2.8650767699535993
1139	2.8650767699535993
1140	2.8650767699535993
1141	2.8650767699535993
1142	2.685834091450581
1143	2.685834091450581
1144	2.685834091450581
1145	2.685834091450581
1146	1.4905857296774279
1147	1.4905857296774279
1148	1.4905857296774279
1149	1.4905857296774279
1150	1.844187603382953
1151	1.844187603382953
1152	1.844187603382953
1153	1.844187603382953
1154	3.7857345313384543
1155	3.7857345313384543
1156	3.7857345313384543
1157	3.7857345313384543
1158	6.446472588146351
1159	6.446472588146351
1160	6.446472588146351
1161	6.446472588146351
1162	3.3548260997734887
1163	3.3548260997734887
1164	3.3548260997734887
1165	3.3548260997734887
1166	2.304377064775185
1167	2.304377064775185
1168	2.304377064775185
1169	2.304377064775185
1170	3.4637797530785592
1171	3.4637797530785592
1172	3.4637797530785592
1173	3.4637797530785592
1174	3.4874707530228926
1175	3.4874707530228926
1176	3.4874707530228926
1177	3.4874707530228926
1178	2.1822302498007193
1179	2.1822302498007193
1180	2.1822302498007193
1181	2.1822302498007193
1182	4.180952826371912
1183	4.180952826371912
1184	4.180952826371912
1185	4.180952826371912
1186	3.41556904254214
1187	3.41556904254214
1188	3.41556904254214
1189	3.41556904254214
1190	1.960387436323889
1191	1.960387436323889
1192	1.960387436323889
1193	1.960387436323889
1194	2.720680347436179
1195	2.720680347436179
1196	2.720680347436179
1197	2.720680347436179
1198	4.369286406900963
1199	4.369286406900963
1200	4.369286406900963
1201	4.369286406900963
1202	1.7344372415666929
1203	1.7344372415666929
1204	1.7344372415666929
1205	1.7344372415666929
1206	3.5019647651622807
1207	3.5019647651622807
1208	3.5019647651622807
1209	3.5019647651622807
1210	5.054506144643468
1211	5.054506144643468
1212	5.054506144643468
1213	5.054506144643468
1214	3.9203943756359365
1215	3.9203943756359365
1216	3.9203943756359365
1217	3.9203943756359365
1218	5.769685657341885
1219	5.769685657341885
1220	5.769685657341885
1221	5.769685657341885
1222	2.1586325172641487
1223	2.1586325172641487
1224	2.1586325172641487
1225	2.1586325172641487
1226	5.552171515984537
1227	5.552171515984537
1228	5.552171515984537
1229	5.552171515984537
1230	3.6987111248696447
1231	3.6987111248696447
1232	3.6987111248696447
1233	3.6987111248696447
1234	3.905130393827649
1235	3.905130393827649
1236	3.905130393827649
1237	3.905130393827649
1238	4.222306016158576
1239	4.222306016158576
1240	4.222306016158576
1241	4.222306016158576
1242	2.8245562839810643
1243	2.8245562839810643
1244	2.8245562839810643
1245	2.8245562839810643
1246	3.6111300484259963
1247	3.6111300484259963
1248	3.6111300484259963
1249	3.6111300484259963
1250	6.017514216362035
1251	6.017514216362035
1252	6.017514216362035
1253	2.2344423846417754
1254	2.2344423846417754
1255	2.2344423846417754
1256	2.2344423846417754
1257	4.887857167440013
1258	4.887857167440013
1259	4.887857167440013
1260	4.887857167440013
1261	6.507272257194702
1262	6.507272257194702
1263	6.507272257194702
1264	6.507272257194702
1265	6.472172492492621
1266	6.472172492492621
1267	6.472172492492621
1268	6.472172492492621
1269	8.856747337143823
1270	8.856747337143823
1271	8.856747337143823
1272	8.856747337143823
1273	2.837562554556336
1274	2.837562554556336
1275	2.837562554556336
1276	2.837562554556336
1277	3.7257251865280185
1278	3.7257251865280185
1279	3.7257251865280185
1280	3.7257251865280185
1281	7.6041795224829105
1282	7.6041795224829105
1283	7.6041795224829105
1284	7.6041795224829105
1285	3.214092824267081
1286	3.214092824267081
1287	3.214092824267081
1288	3.214092824267081
1289	8.839924419503873
1290	8.839924419503873
1291	8.839924419503873
1292	8.839924419503873
1293	4.380334714759753
1294	4.380334714759753
1295	4.380334714759753
1296	4.380334714759753
1297	6.57101025572277
1298	6.57101025572277
1299	6.57101025572277
1300	6.57101025572277
1301	4.349579977218923
1302	4.349579977218923
1303	4.349579977218923
1304	4.349579977218923
1305	0.1
1306	0.1
1307	0.1
1308	0.1
1309	4.841304661823794
1310	4.841304661823794
1311	4.841304661823794
1312	4.841304661823794
1313	0.6030649571881912
1314	3.700673045282321
1315	3.700673045282321
1316	3.700673045282321
1317	3.700673045282321
1318	2.9149109410869656
1319	2.9149109410869656
1320	2.9149109410869656
1321	2.9149109410869656
1322	3.2711561437580734
1323	3.2711561437580734
1324	3.2711561437580734
1325	3.2711561437580734
1326	0.9402027189098594
1327	0.9402027189098594
1328	0.9402027189098594
1329	0.9402027189098594
1330	1.661086375502377
1331	1.661086375502377
1332	1.661086375502377
1333	1.1595229285818713
1334	1.1595229285818713
1335	1.1595229285818713
1336	1.1595229285818713
1337	0.7555796006718982
1338	0.7555796006718982
1339	0.7555796006718982
1340	0.7555796006718982
1341	0.3972281345608025
1342	0.3972281345608025
1343	0.3972281345608025
1344	0.3972281345608025
1345	0.5497894948082174
1346	0.5497894948082174
1347	0.5497894948082174
1348	0.5497894948082174
1349	1.8196001650155855
1350	1.8196001650155855
1351	1.8196001650155855
1352	1.8196001650155855
1353	0.5125903984478937
1354	0.5125903984478937
1355	0.5125903984478937
1356	0.5125903984478937
1357	0.3179446340520029
1358	0.3179446340520029
1359	0.3179446340520029
1360	0.3179446340520029
1361	1.839117476240363
1362	1.839117476240363
1363	1.839117476240363
1364	1.839117476240363
1365	1.3867860108213659
1366	1.3867860108213659
1367	1.3867860108213659
1368	1.3867860108213659
1369	0.5296630181927968
1370	0.5296630181927968
1371	0.5296630181927968
1372	0.5296630181927968
1373	1.1206840443956987
1374	1.1206840443956987
1375	1.1206840443956987
1376	1.1206840443956987
1377	1.132787874559816
1378	1.132787874559816
1379	1.132787874559816
1380	1.132787874559816
1381	1.394349368652093
1382	1.394349368652093
1383	1.394349368652093
1384	1.394349368652093
1385	0.5492030180775033
1386	0.5492030180775033
1387	0.5492030180775033
1388	0.5492030180775033
1389	1.410190025591193
1390	1.410190025591193
1391	1.410190025591193
1392	1.410190025591193
1393	1.0592103221784197
1394	1.0592103221784197
1395	1.0592103221784197
1396	1.0592103221784197
1397	1.3096763251875265
1398	1.3096763251875265
1399	1.3096763251875265
1400	1.3096763251875265
1401	2.56697330784861
1402	2.56697330784861
1403	2.56697330784861
1404	2.56697330784861
1405	1.1646590135689523
1406	1.1646590135689523
1407	1.1646590135689523
1408	1.1646590135689523
1409	1.311546122377136
1410	1.311546122377136
1411	1.311546122377136
1412	1.311546122377136
1413	1.0238013190252462
1414	1.0238013190252462
1415	1.0238013190252462
1416	1.0238013190252462
1417	1.693923997914128
1418	1.693923997914128
1419	1.693923997914128
1420	1.693923997914128
1421	1.3241124878413315
1422	1.3241124878413315
1423	1.3241124878413315
1424	1.3241124878413315
1425	1.2308367177513322
1426	1.2308367177513322
1427	1.2308367177513322
1428	1.2308367177513322
1429	0.9065990890095902
1430	0.9065990890095902
1431	0.9065990890095902
1432	0.9065990890095902
1433	1.706585920356602
1434	1.706585920356602
1435	1.706585920356602
1436	1.706585920356602
1437	1.1071712014402904
1438	1.1071712014402904
1439	1.1071712014402904
1440	1.1071712014402904
1441	0.1
1442	0.1
1443	0.1
1444	0.1
1445	0.1
1446	0.1
1447	0.1
1448	0.1
1449	1.082384323271067
1450	1.082384323271067
1451	1.082384323271067
1452	1.082384323271067
1453	1.9244710776913547
1454	1.9244710776913547
1455	1.9244710776913547
1456	1.9244710776913547
1457	0.847190740241889
1458	0.847190740241889
1459	0.847190740241889
1460	0.847190740241889
1461	1.0585827931216594
1462	1.0585827931216594
1463	1.0585827931216594
1464	1.0585827931216594
1465	1.4757111503164548
1466	1.4757111503164548
1467	1.4757111503164548
1468	1.4757111503164548
1469	1.889271078548136
1470	1.889271078548136
1471	1.889271078548136
1472	1.889271078548136
1473	0.7630459357566066
1474	0.7630459357566066
1475	0.7630459357566066
1476	0.7630459357566066
1477	0.7318078014693621
1478	0.7318078014693621
1479	0.7318078014693621
1480	0.7318078014693621
1481	0.8879143363051509
1482	0.8879143363051509
1483	0.8879143363051509
1484	0.8879143363051509
1485	1.4091748439040486
1486	1.4091748439040486
1487	1.4091748439040486
1488	1.4091748439040486
1489	1.706350914721182
1490	1.706350914721182
1491	1.706350914721182
1492	1.706350914721182
1493	1.001295832494014
1494	1.001295832494014
1495	1.001295832494014
1496	1.001295832494014
1497	0.6898944350480944
1498	0.6898944350480944
1499	0.6898944350480944
1500	0.6898944350480944
1501	1.7719263035977355
1502	1.7719263035977355
1503	1.7719263035977355
1504	1.7719263035977355
1505	1.4177663720426632
1506	1.4177663720426632
1507	1.4177663720426632
1508	1.4177663720426632
1509	1.448878171489257
1510	1.448878171489257
1511	1.448878171489257
1512	1.448878171489257
1513	0.1
1514	0.1
1515	0.1
1516	0.1
1517	0.5267401173619551
1518	0.5267401173619551
1519	0.5267401173619551
1520	0.5267401173619551
1521	1.7165449287256453
1522	1.7165449287256453
1523	1.7165449287256453
1524	1.7165449287256453
1525	1.6688604277039238
1526	1.6688604277039238
1527	1.6688604277039238
1528	1.6688604277039238
1529	0.9674889130471511
1530	0.9674889130471511
1531	0.9674889130471511
1532	0.9674889130471511
1533	1.1251611637021268
1534	1.1251611637021268
1535	1.1251611637021268
1536	1.1251611637021268
1537	0.9230064529994262
1538	0.9230064529994262
1539	0.9230064529994262
1540	0.9230064529994262
1541	0.594620786740902
1542	0.594620786740902
1543	0.594620786740902
1544	0.594620786740902
1545	1.5393271473617285
1546	1.5393271473617285
1547	1.5393271473617285
1548	1.5393271473617285
1549	0.8735011225788174
1550	0.8735011225788174
1551	0.8735011225788174
1552	0.8735011225788174
1553	1.8009683545360953
1554	1.8009683545360953
1555	1.8009683545360953
1556	1.8009683545360953
1557	1.0898928937137866
1558	1.0898928937137866
1559	1.0898928937137866
1560	1.0898928937137866
1561	1.6707481716261574
1562	1.6707481716261574
1563	1.6707481716261574
1564	1.6707481716261574
1565	0.7168983832751828
1566	0.7168983832751828
1567	0.7168983832751828
1568	0.7168983832751828
1569	1.480286476136299
1570	1.480286476136299
1571	1.480286476136299
1572	1.480286476136299
1573	1.3632445402875013
1574	1.3632445402875013
1575	1.3632445402875013
1576	1.3632445402875013
1577	0.6505776185624905
1578	0.6505776185624905
1579	0.6505776185624905
1580	0.6505776185624905
1581	1.482244544532043
1582	1.482244544532043
1583	1.482244544532043
1584	1.482244544532043
1585	1.6574400664939866
1586	1.6574400664939866
1587	1.6574400664939866
1588	1.6574400664939866
1589	1.7513741562262397
1590	1.7513741562262397
1591	1.7513741562262397
1592	1.7513741562262397
1593	1.1810515367079166
1594	1.1810515367079166
1595	1.1810515367079166
1596	1.1810515367079166
1597	0.744086499199318
1598	0.744086499199318
1599	0.744086499199318
1600	0.744086499199318
1601	1.0773069011969238
1602	1.0773069011969238
1603	1.0773069011969238
1604	1.0773069011969238
1605	0.1
1606	0.1
1607	0.1
1608	0.1
1609	1.4393460229722321
1610	1.4393460229722321
1611	1.4393460229722321
1612	1.4393460229722321
1613	1.6071115860620062
1614	1.6071115860620062
1615	1.6071115860620062
1616	1.6071115860620062
1617	1.6351274076943096
1618	1.6351274076943096
1619	1.6351274076943096
1620	1.6351274076943096
1621	1.1444768407450925
1622	1.1444768407450925
1623	1.1444768407450925
1624	1.1444768407450925
1625	0.4853180739533318
1626	0.4853180739533318
1627	0.4853180739533318
1628	0.4853180739533318
1629	1.5280318190600748
1630	1.5280318190600748
1631	1.5280318190600748
1632	1.5280318190600748
1633	1.2507314998892842
1634	1.2507314998892842
1635	1.2507314998892842
1636	1.2507314998892842
1637	0.38083017814023934
1638	0.38083017814023934
1639	0.38083017814023934
1640	0.38083017814023934
1641	1.0360021393950753
1642	1.0360021393950753
1643	1.0360021393950753
1644	1.0360021393950753
1645	1.709940197451886
1646	1.709940197451886
1647	1.709940197451886
1648	1.709940197451886
1649	1.0182328418118973
1650	1.0182328418118973
1651	1.0182328418118973
1652	1.0182328418118973
1653	1.6803297148942213
1654	1.6803297148942213
1655	1.6803297148942213
1656	1.6803297148942213
1657	1.308712704108473
1658	1.308712704108473
1659	1.308712704108473
1660	1.308712704108473
1661	0.46709561669970645
1662	0.46709561669970645
1663	0.46709561669970645
1664	0.46709561669970645
1665	0.24895208573828026
1666	0.24895208573828026
1667	0.24895208573828026
1668	0.24895208573828026
1669	0.1
1670	0.1
1671	0.1
1672	0.1
1673	0.8115945856542047
1674	0.8115945856542047
1675	0.8115945856542047
1676	0.8115945856542047
1677	1.0316337529333466
1678	1.0316337529333466
1679	1.0316337529333466
1680	1.0316337529333466
1681	0.6970713488027337
1682	0.6970713488027337
1683	0.6970713488027337
1684	0.6970713488027337
1685	0.8880934488017423
1686	0.8880934488017423
1687	0.8880934488017423
1688	0.8880934488017423
1689	0.1
1690	0.1
1691	0.1
1692	0.1
1693	0.5629653318344819
1694	0.5629653318344819
1695	0.5629653318344819
1696	0.5629653318344819
1697	0.4980474719085223
1698	0.4980474719085223
1699	0.4980474719085223
1700	0.4980474719085223
1701	0.18154650730311211
1702	0.18154650730311211
1703	0.18154650730311211
1704	0.18154650730311211
1705	0.7451134882178791
1706	0.7451134882178791
1707	0.7451134882178791
1708	0.7451134882178791
1709	0.5898008337909957
1710	0.5898008337909957
1711	0.5898008337909957
1712	0.5898008337909957
1713	1.2398125650878984
1714	1.2398125650878984
1715	1.2398125650878984
1716	1.2398125650878984
1717	0.4197139073256295
1718	0.4197139073256295
1719	0.4197139073256295
1720	0.4197139073256295
1721	0.8741653883372628
1722	0.8741653883372628
1723	0.8741653883372628
1724	0.8741653883372628
1725	1.37371500437092
1726	1.37371500437092
1727	1.37371500437092
1728	1.37371500437092
1729	0.9945988835593608
1730	0.9945988835593608
1731	0.9945988835593608
1732	0.9945988835593608
1733	0.3494477574947388
1734	0.3494477574947388
1735	0.3494477574947388
1736	0.3494477574947388
1737	0.5915791589047784
1738	0.5915791589047784
1739	0.5915791589047784
1740	0.5915791589047784
1741	1.0855157427773976
1742	1.0855157427773976
1743	1.0855157427773976
1744	1.0855157427773976
1745	0.6938388945653832
1746	0.6938388945653832
1747	0.6938388945653832
1748	0.6938388945653832
1749	0.6339627073448512
1750	0.6339627073448512
1751	0.6339627073448512
1752	0.6339627073448512
1753	0.3642906704269135
1754	0.3642906704269135
1755	0.3642906704269135
1756	0.3642906704269135
1757	1.099503819687356
1758	1.099503819687356
1759	1.099503819687356
1760	1.099503819687356
1761	0.5564384601283383
1762	0.5564384601283383
1763	0.5564384601283383
1764	0.5564384601283383
1765	0.6115313338939751
1766	0.6115313338939751
1767	0.6115313338939751
1768	0.6115313338939751
1769	0.8862354707822748
1770	0.8862354707822748
1771	0.8862354707822748
1772	0.8862354707822748
1773	1.1621721499180881
1774	1.1621721499180881
1775	1.1621721499180881
1776	1.1621721499180881
1777	0.6592762607050261
1778	0.6592762607050261
1779	0.6592762607050261
1780	0.6592762607050261
1781	0.839220211140846
1782	0.839220211140846
1783	0.839220211140846
1784	0.839220211140846
1785	0.4711705526138706
1786	0.4711705526138706
1787	0.4711705526138706
1788	0.4711705526138706
1789	0.21915231797950097
1790	0.21915231797950097
1791	0.21915231797950097
1792	2.061598510224649
1793	2.061598510224649
1794	2.061598510224649
1795	2.061598510224649
1796	4.621087996077799
1797	4.621087996077799
1798	4.621087996077799
1799	4.621087996077799
1800	1.2015548892449046
1801	1.2015548892449046
1802	1.2015548892449046
1803	1.2015548892449046
1804	1.3389092923513246
1805	1.3389092923513246
1806	1.3389092923513246
1807	1.3389092923513246
1808	0.14179098384329203
1809	0.14179098384329203
1810	0.14179098384329203
1811	0.14179098384329203
1812	3.702975137656736
1813	3.702975137656736
1814	3.702975137656736
1815	3.702975137656736
1816	0.565645863336419
1817	0.565645863336419
1818	0.565645863336419
1819	0.565645863336419
1820	3.421826634241196
1821	3.421826634241196
1822	3.421826634241196
1823	3.421826634241196
1824	2.030214928771584
1825	2.030214928771584
1826	2.030214928771584
1827	2.030214928771584
1828	3.317846845509167
1829	3.317846845509167
1830	3.317846845509167
1831	3.317846845509167
1832	4.087001978825141
1833	4.087001978825141
1834	4.087001978825141
1835	4.087001978825141
1836	2.7544856478256454
1837	2.7544856478256454
1838	2.7544856478256454
1839	2.7544856478256454
1840	0.771888439849832
1841	0.771888439849832
1842	0.771888439849832
1843	4.081356002916472
1844	4.081356002916472
1845	4.081356002916472
1846	4.081356002916472
1847	2.3801189557583045
1848	2.3801189557583045
1849	2.3801189557583045
1850	2.3801189557583045
1851	1.0154313357104074
1852	1.0154313357104074
1853	1.0154313357104074
1854	1.0154313357104074
1855	2.6004862350123936
1856	2.6004862350123936
1857	2.6004862350123936
1858	2.6004862350123936
1859	4.330871428809051
1860	4.330871428809051
1861	4.330871428809051
1862	4.330871428809051
1863	2.0250686653848926
1864	2.0250686653848926
1865	2.0250686653848926
1866	2.0250686653848926
1867	2.4518418399002835
1868	2.4518418399002835
1869	2.4518418399002835
1870	2.4518418399002835
1871	4.505810095930634
1872	4.505810095930634
1873	4.505810095930634
1874	4.505810095930634
1875	2.964199574284166
1876	2.964199574284166
1877	2.964199574284166
1878	2.964199574284166
1879	0.1
1880	0.1
1881	0.1
1882	0.1
1883	2.526803024945981
1884	2.526803024945981
1885	2.526803024945981
1886	2.526803024945981
1887	1.2241003214462087
1888	1.2241003214462087
1889	1.2241003214462087
1890	1.2241003214462087
1891	4.182649144145944
1892	4.182649144145944
1893	4.182649144145944
1894	4.182649144145944
1895	0.270620085522042
1896	0.270620085522042
1897	0.270620085522042
1898	0.270620085522042
1899	3.7084576890865533
1900	3.7084576890865533
1901	3.7084576890865533
1902	3.7084576890865533
1903	3.753948423794397
1904	3.753948423794397
1905	3.753948423794397
1906	3.753948423794397
1907	2.0706871386631835
1908	2.0706871386631835
1909	2.0706871386631835
1910	2.0706871386631835
1911	1.8610532078991262
1912	1.8610532078991262
1913	1.8610532078991262
1914	1.8610532078991262
1915	4.584078704642855
1916	4.584078704642855
1917	4.584078704642855
1918	4.584078704642855
1919	3.8273912311751515
1920	3.8273912311751515
1921	3.8273912311751515
1922	3.8273912311751515
1923	1.2295683193081983
1924	1.2295683193081983
1925	1.2295683193081983
1926	1.2295683193081983
1927	2.2255927224752323
1928	2.2255927224752323
1929	2.2255927224752323
1930	2.2255927224752323
1931	3.3170500013929933
1932	3.3170500013929933
1933	3.3170500013929933
1934	3.3170500013929933
1935	3.079312291170977
1936	3.079312291170977
1937	3.079312291170977
1938	3.079312291170977
1939	3.9901057383429626
1940	3.9901057383429626
1941	3.9901057383429626
1942	3.9901057383429626
1943	3.412279741248592
1944	3.412279741248592
1945	3.412279741248592
1946	3.412279741248592
1947	1.1215228226688063
1948	1.1215228226688063
1949	1.1215228226688063
1950	1.934229606465759
1951	1.934229606465759
1952	1.934229606465759
1953	1.934229606465759
1954	1.8721339110750983
1955	1.8721339110750983
1956	1.8721339110750983
1957	1.8721339110750983
1958	3.583567829794023
1959	3.583567829794023
1960	3.583567829794023
1961	3.583567829794023
1962	2.357682728754833
1963	2.357682728754833
1964	2.357682728754833
1965	2.357682728754833
1966	0.5816998863082543
1967	0.5816998863082543
1968	0.5816998863082543
1969	0.5816998863082543
1970	1.1405736827559443
1971	1.1405736827559443
1972	1.1405736827559443
1973	1.1405736827559443
1974	1.970080165584055
1975	1.970080165584055
1976	1.970080165584055
1977	1.970080165584055
1978	0.9719037494872864
1979	0.9719037494872864
1980	0.9719037494872864
1981	0.9719037494872864
1982	1.6002157783760635
1983	1.6002157783760635
1984	1.6002157783760635
1985	1.6002157783760635
1986	0.9549670510822947
1987	0.9549670510822947
1988	0.9549670510822947
1989	0.9549670510822947
1990	2.0406020007399945
1991	2.0406020007399945
1992	2.0406020007399945
1993	2.0406020007399945
1994	2.091117243651723
1995	2.091117243651723
1996	2.091117243651723
1997	2.091117243651723
1998	0.1952517446251335
1999	0.1952517446251335
