0	3.5298116311454923
1	3.5298116311454923
2	3.5298116311454923
3	3.5298116311454923
4	1.692398620505287
5	1.692398620505287
6	1.692398620505287
7	1.692398620505287
8	3.0193898260417966
9	3.0193898260417966
10	3.0193898260417966
11	3.0193898260417966
12	5.106994394351865
13	5.106994394351865
14	5.106994394351865
15	5.106994394351865
16	2.146020095370707
17	2.146020095370707
18	2.146020095370707
19	2.146020095370707
20	4.2916448965842395
21	4.2916448965842395
22	4.2916448965842395
23	4.2916448965842395
24	2.5251548933456363
25	2.5251548933456363
26	2.5251548933456363
27	0.8128407609141849
28	0.8128407609141849
29	0.8128407609141849
30	0.8128407609141849
31	0.27337063971794545
32	0.27337063971794545
33	0.27337063971794545
34	0.27337063971794545
35	0.4190557761186898
36	0.4190557761186898
37	0.4190557761186898
38	0.4190557761186898
39	0.7646017796821443
40	0.7646017796821443
41	0.7646017796821443
42	0.7646017796821443
43	0.921609223645405
44	0.921609223645405
45	0.921609223645405
46	0.921609223645405
47	0.5791365307857446
48	0.5791365307857446
49	0.5791365307857446
50	0.5791365307857446
51	0.4066987733017762
52	0.4066987733017762
53	0.4066987733017762
54	0.4066987733017762
55	0.8501870072043178
56	0.8501870072043178
57	0.8501870072043178
58	0.8501870072043178
59	1.033229804569869
60	1.033229804569869
61	1.033229804569869
62	1.033229804569869
63	0.9463010027449761
64	0.9463010027449761
65	0.9463010027449761
66	0.9463010027449761
67	1.1205075948697445
68	1.1205075948697445
69	1.1205075948697445
70	1.1205075948697445
71	0.4218145440165262
72	0.4218145440165262
73	0.4218145440165262
74	0.4218145440165262
75	0.5218376861456525
76	0.5218376861456525
77	0.5218376861456525
78	0.5218376861456525
79	0.44986117437975437
80	0.44986117437975437
81	0.44986117437975437
82	0.44986117437975437
83	0.3199624558317742
84	0.3199624558317742
85	0.3199624558317742
86	0.3199624558317742
87	1.235429674764433
88	1.235429674764433
89	1.235429674764433
90	1.235429674764433
91	1.4678395760975569
92	1.4678395760975569
93	1.4678395760975569
94	1.4678395760975569
95	0.9846703065757416
96	0.9846703065757416
97	0.9846703065757416
98	0.9846703065757416
99	1.141643706071139
100	1.141643706071139
101	1.141643706071139
102	1.141643706071139
103	0.5819282968890876
104	0.5819282968890876
105	0.5819282968890876
106	0.5819282968890876
107	1.0624788254189197
108	1.0624788254189197
109	1.0624788254189197
110	1.0624788254189197
111	0.2585970194928517
112	0.2585970194928517
113	0.2585970194928517
114	0.2585970194928517
115	0.2789313742185969
116	0.2789313742185969
117	0.2789313742185969
118	0.2789313742185969
119	0.6731280316717283
120	0.6731280316717283
121	0.6731280316717283
122	0.6731280316717283
123	0.42084548159202173
124	0.42084548159202173
125	0.42084548159202173
126	0.42084548159202173
127	0.2373782678659198
128	0.2373782678659198
129	0.2373782678659198
130	0.2373782678659198
131	0.28683014163377346
132	0.28683014163377346
133	0.28683014163377346
134	0.28683014163377346
135	0.552370461882271
136	0.552370461882271
137	0.552370461882271
138	0.552370461882271
139	0.6661746279121855
140	0.6661746279121855
141	0.6661746279121855
142	0.6661746279121855
143	0.5749296860449156
144	0.5749296860449156
145	0.5749296860449156
146	0.5749296860449156
147	0.49716656831530215
148	0.49716656831530215
149	0.49716656831530215
150	0.49716656831530215
151	0.7100834068769485
152	0.7100834068769485
153	0.7100834068769485
154	0.7100834068769485
155	0.7059103905082814
156	0.7059103905082814
157	0.7059103905082814
158	0.7059103905082814
159	0.8972932780859431
160	0.8972932780859431
161	0.8972932780859431
162	0.8972932780859431
163	0.5372257229419984
164	0.5372257229419984
165	0.5372257229419984
166	0.5372257229419984
167	0.6890359233751698
168	0.6890359233751698
169	0.6890359233751698
170	0.6890359233751698
171	0.7535296147203796
172	0.7535296147203796
173	0.7535296147203796
174	0.7535296147203796
175	1.1244041814966896
176	1.1244041814966896
177	1.1244041814966896
178	1.1244041814966896
179	0.6923938260256592
180	0.6923938260256592
181	0.6923938260256592
182	0.6923938260256592
183	0.22976867446149357
184	0.22976867446149357
185	0.22976867446149357
186	0.22976867446149357
187	0.8898013150949328
188	0.8898013150949328
189	0.8898013150949328
190	0.8898013150949328
191	0.6817154405756044
192	0.6817154405756044
193	0.6817154405756044
194	0.6817154405756044
195	0.3429895552197452
196	0.3429895552197452
197	0.3429895552197452
198	0.3429895552197452
199	0.4271724521077757
200	0.4271724521077757
201	0.4271724521077757
202	0.4271724521077757
203	0.7734106017257204
204	0.7734106017257204
205	0.7734106017257204
206	0.7734106017257204
207	0.39875564159264937
208	0.39875564159264937
209	0.39875564159264937
210	0.39875564159264937
211	0.25425440014521544
212	0.25425440014521544
213	0.25425440014521544
214	0.25425440014521544
215	1.0516628444851852
216	1.0516628444851852
217	1.0516628444851852
218	1.0516628444851852
219	0.5669335725801903
220	0.5669335725801903
221	0.5669335725801903
222	0.5669335725801903
223	0.7498644933501722
224	0.7498644933501722
225	0.7498644933501722
226	0.7498644933501722
227	0.4662635959093282
228	0.4662635959093282
229	0.4662635959093282
230	0.4662635959093282
231	0.5348659038363452
232	0.5348659038363452
233	0.5348659038363452
234	0.5348659038363452
235	0.32766169032960213
236	0.32766169032960213
237	0.32766169032960213
238	0.32766169032960213
239	0.7089667906536011
240	0.7089667906536011
241	0.7089667906536011
242	0.7089667906536011
243	0.7301852224452603
244	0.7301852224452603
245	0.7301852224452603
246	0.7301852224452603
247	0.3236271232816717
248	0.3236271232816717
249	0.3236271232816717
250	0.3236271232816717
251	0.8382867259960037
252	0.8382867259960037
253	0.8382867259960037
254	0.8382867259960037
255	0.37843390825684153
256	0.37843390825684153
257	0.37843390825684153
258	0.37843390825684153
259	0.37151067100344126
260	0.37151067100344126
261	0.37151067100344126
262	0.37151067100344126
263	0.5718342703314735
264	0.5718342703314735
265	0.5718342703314735
266	0.5718342703314735
267	0.717496195757138
268	0.717496195757138
269	0.717496195757138
270	0.717496195757138
271	0.5839416735939279
272	0.5839416735939279
273	0.5839416735939279
274	0.5839416735939279
275	0.5686025363153349
276	0.5686025363153349
277	0.5686025363153349
278	0.5686025363153349
279	0.7874082834115302
280	0.7874082834115302
281	0.7874082834115302
282	0.7874082834115302
283	0.48551694892628655
284	0.48551694892628655
285	0.48551694892628655
286	0.48551694892628655
287	1.1193920615853616
288	1.1193920615853616
289	1.1193920615853616
290	1.1193920615853616
291	0.4599877452494183
292	0.4599877452494183
293	0.4599877452494183
294	0.4599877452494183
295	0.980334298400328
296	0.980334298400328
297	0.980334298400328
298	0.980334298400328
299	0.7940943017938978
300	0.7940943017938978
301	0.7940943017938978
302	0.7940943017938978
303	0.34559525064878355
304	0.34559525064878355
305	0.34559525064878355
306	0.34559525064878355
307	0.5782936666319775
308	0.5782936666319775
309	0.5782936666319775
310	0.5782936666319775
311	0.7255514944942199
312	0.7255514944942199
313	0.7255514944942199
314	0.7255514944942199
315	0.6237447543436475
316	0.6237447543436475
317	0.6237447543436475
318	0.6237447543436475
319	0.6111763803115982
320	0.6111763803115982
321	0.6111763803115982
322	0.6111763803115982
323	0.33848398552891734
324	0.33848398552891734
325	0.33848398552891734
326	0.33848398552891734
327	0.3394783336669074
328	0.3394783336669074
329	0.3394783336669074
330	0.3394783336669074
331	0.6302663883773115
332	0.6302663883773115
333	0.6302663883773115
334	0.6302663883773115
335	0.8654802839106314
336	0.8654802839106314
337	0.8654802839106314
338	0.8654802839106314
339	0.5589057814559012
340	0.5589057814559012
341	0.5589057814559012
342	0.5589057814559012
343	0.571864935994685
344	0.571864935994685
345	0.571864935994685
346	0.571864935994685
347	0.5263778905517021
348	0.5263778905517021
349	0.5263778905517021
350	0.5263778905517021
351	1.130737374954619
352	1.130737374954619
353	1.130737374954619
354	1.130737374954619
355	0.5102314636381019
356	0.5102314636381019
357	0.5102314636381019
358	0.5102314636381019
359	0.1
360	0.1
361	0.1
362	0.1
363	0.3743802209713528
364	0.3743802209713528
365	0.3743802209713528
366	0.3743802209713528
367	0.7942371338831786
368	0.7942371338831786
369	0.7942371338831786
370	0.7942371338831786
371	0.7102099177548271
372	0.7102099177548271
373	0.7102099177548271
374	0.7102099177548271
375	1.0029721566762817
376	1.0029721566762817
377	1.0029721566762817
378	1.0029721566762817
379	1.0861495697024055
380	1.0861495697024055
381	1.0861495697024055
382	1.0861495697024055
383	0.8093998260951693
384	0.8093998260951693
385	0.8093998260951693
386	0.8093998260951693
387	0.3968249832933268
388	0.3968249832933268
389	0.3968249832933268
390	0.3968249832933268
391	0.6286938802701714
392	0.6286938802701714
393	0.6286938802701714
394	0.6286938802701714
395	0.4475471519983777
396	0.4475471519983777
397	0.4475471519983777
398	0.4475471519983777
399	0.6278895654603034
400	0.6278895654603034
401	0.6278895654603034
402	0.6278895654603034
403	0.7031736012761054
404	0.7031736012761054
405	0.7031736012761054
406	0.7031736012761054
407	0.7193362613133198
408	0.7193362613133198
409	0.7193362613133198
410	0.7193362613133198
411	0.678959401855449
412	0.678959401855449
413	0.678959401855449
414	0.678959401855449
415	0.21072481951382416
416	0.21072481951382416
417	0.21072481951382416
418	0.21072481951382416
419	0.38743233258160154
420	0.38743233258160154
421	0.38743233258160154
422	0.38743233258160154
423	1.0043607967913926
424	1.0043607967913926
425	1.0043607967913926
426	1.0043607967913926
427	0.34501427018853464
428	0.34501427018853464
429	0.34501427018853464
430	0.34501427018853464
431	0.47551930653150604
432	0.47551930653150604
433	0.47551930653150604
434	0.47551930653150604
435	0.5404730461853088
436	0.5404730461853088
437	0.5404730461853088
438	0.5404730461853088
439	0.7030205886545143
440	0.7030205886545143
441	0.7030205886545143
442	0.7030205886545143
443	0.7745119060099781
444	0.7745119060099781
445	0.7745119060099781
446	0.7745119060099781
447	0.8555119315810991
448	0.8555119315810991
449	0.8555119315810991
450	0.8555119315810991
451	0.35652176716498496
452	0.35652176716498496
453	0.35652176716498496
454	0.35652176716498496
455	0.5036948295228385
456	0.5036948295228385
457	0.5036948295228385
458	0.5036948295228385
459	0.6111770322198401
460	0.6111770322198401
461	0.6111770322198401
462	0.6111770322198401
463	0.8324903151905969
464	0.8324903151905969
465	0.8324903151905969
466	0.8324903151905969
467	4.663760054864291
468	4.663760054864291
469	4.663760054864291
470	4.663760054864291
471	4.990907988870893
472	4.990907988870893
473	4.990907988870893
474	4.990907988870893
475	3.145779861287474
476	3.145779861287474
477	3.145779861287474
478	3.145779861287474
479	3.0172036961440254
480	3.0172036961440254
481	3.0172036961440254
482	3.0172036961440254
483	5.700950594691975
484	5.700950594691975
485	5.700950594691975
486	5.700950594691975
487	3.586719384904415
488	3.586719384904415
489	3.586719384904415
490	3.586719384904415
491	4.9410494727937015
492	4.9410494727937015
493	4.9410494727937015
494	4.9410494727937015
495	2.1310198403071947
496	2.1310198403071947
497	2.1310198403071947
498	2.1310198403071947
499	3.1171390318261443
500	3.1171390318261443
501	3.1171390318261443
502	3.1171390318261443
503	5.474075778455856
504	5.474075778455856
505	5.474075778455856
506	5.474075778455856
507	3.2336856882863474
508	3.2336856882863474
509	3.2336856882863474
510	3.2336856882863474
511	2.726614350671154
512	2.726614350671154
513	2.726614350671154
514	2.726614350671154
515	2.9331767787384218
516	2.9331767787384218
517	2.9331767787384218
518	2.9331767787384218
519	2.316677967982307
520	2.316677967982307
521	2.316677967982307
522	2.316677967982307
523	2.5556058891522513
524	2.5556058891522513
525	2.5556058891522513
526	2.5556058891522513
527	3.2583626400728085
528	3.2583626400728085
529	3.2583626400728085
530	3.2583626400728085
531	2.8832434372298708
532	2.8832434372298708
533	2.8832434372298708
534	2.8832434372298708
535	1.7595782310528896
536	1.7595782310528896
537	1.7595782310528896
538	1.7595782310528896
539	3.467063921614873
540	3.467063921614873
541	3.467063921614873
542	3.467063921614873
543	2.712926523600922
544	2.712926523600922
545	2.712926523600922
546	2.712926523600922
547	2.362365453594911
548	2.362365453594911
549	2.362365453594911
550	2.362365453594911
551	3.902079194678482
552	3.902079194678482
553	3.902079194678482
554	3.902079194678482
555	2.506775810806891
556	2.506775810806891
557	2.506775810806891
558	2.506775810806891
559	2.615716970941271
560	2.615716970941271
561	2.615716970941271
562	2.615716970941271
563	2.9159868097629715
564	2.9159868097629715
565	2.9159868097629715
566	2.9159868097629715
567	2.6557801984227187
568	2.6557801984227187
569	2.6557801984227187
570	2.6557801984227187
571	0.5307954658123097
572	0.5307954658123097
573	0.5307954658123097
574	0.5307954658123097
575	0.840470791732925
576	0.840470791732925
577	0.840470791732925
578	0.840470791732925
579	1.0292424630766934
580	1.0292424630766934
581	1.0292424630766934
582	1.0292424630766934
583	0.5128686136472522
584	0.5128686136472522
585	0.5128686136472522
586	0.5128686136472522
587	0.5207389698773827
588	0.5207389698773827
589	0.5207389698773827
590	0.5207389698773827
591	0.6912519126965286
592	0.6912519126965286
593	0.6912519126965286
594	0.6912519126965286
595	0.7685428202602812
596	0.7685428202602812
597	0.7685428202602812
598	0.7685428202602812
599	0.9636730535089897
600	0.9636730535089897
601	0.9636730535089897
602	0.9636730535089897
603	0.4755418540228373
604	0.4755418540228373
605	0.4755418540228373
606	0.4755418540228373
607	0.33187632214485663
608	0.33187632214485663
609	0.33187632214485663
610	0.33187632214485663
611	1.1057129114172908
612	1.1057129114172908
613	1.1057129114172908
614	1.1057129114172908
615	0.7417208420221253
616	0.7417208420221253
617	0.7417208420221253
618	0.7417208420221253
619	0.3411334392506194
620	0.3411334392506194
621	0.3411334392506194
622	0.3411334392506194
623	0.7496660144526076
624	0.7496660144526076
625	0.7496660144526076
626	0.7496660144526076
627	0.3943432482080967
628	0.3943432482080967
629	0.3943432482080967
630	0.3943432482080967
631	0.7853860270497478
632	0.7853860270497478
633	0.7853860270497478
634	0.7853860270497478
635	0.9070948755539802
636	0.9070948755539802
637	0.9070948755539802
638	0.9070948755539802
639	0.602890850279847
640	0.602890850279847
641	0.602890850279847
642	3.9771983523693573
643	3.9771983523693573
644	3.9771983523693573
645	3.9771983523693573
646	2.9682534696878022
647	2.9682534696878022
648	2.9682534696878022
649	2.9682534696878022
650	4.915501092329846
651	4.915501092329846
652	4.915501092329846
653	4.915501092329846
654	5.146917405630395
655	5.146917405630395
656	5.146917405630395
657	5.146917405630395
658	4.954172419910911
659	4.954172419910911
660	4.954172419910911
661	4.954172419910911
662	2.8171271006434058
663	2.8171271006434058
664	2.8171271006434058
665	2.8171271006434058
666	4.716772061837263
667	4.716772061837263
668	4.716772061837263
669	4.716772061837263
670	4.435161218939931
671	4.435161218939931
672	4.435161218939931
673	4.435161218939931
674	0.919918761334569
675	0.919918761334569
676	0.919918761334569
677	0.919918761334569
678	0.555239268144082
679	0.555239268144082
680	0.555239268144082
681	0.555239268144082
682	0.8294507592623638
683	0.8294507592623638
684	0.8294507592623638
685	0.8294507592623638
686	0.5208728183629778
687	0.5208728183629778
688	0.5208728183629778
689	0.5208728183629778
690	0.1
691	0.1
692	0.1
693	0.1
694	1.0821951966588081
695	1.0821951966588081
696	1.0821951966588081
697	1.0821951966588081
698	0.5165806466548825
699	0.5165806466548825
700	0.5165806466548825
701	0.5165806466548825
702	0.9152644027463206
703	0.9152644027463206
704	0.9152644027463206
705	0.9152644027463206
706	0.6566153004094144
707	0.6566153004094144
708	0.6566153004094144
709	0.6566153004094144
710	0.9420606219434675
711	0.9420606219434675
712	0.9420606219434675
713	0.9420606219434675
714	0.42444864057833337
715	0.42444864057833337
716	0.42444864057833337
717	0.42444864057833337
718	0.7995545300533416
719	0.7995545300533416
720	0.7995545300533416
721	0.7995545300533416
722	0.6972119665291501
723	0.6972119665291501
724	0.6972119665291501
725	0.6972119665291501
726	0.1
727	0.1
728	0.1
729	0.1
730	0.7427533269458699
731	0.7427533269458699
732	0.7427533269458699
733	0.7427533269458699
734	0.4123142470329841
735	0.4123142470329841
736	0.4123142470329841
737	0.4123142470329841
738	0.28425574560565764
739	0.28425574560565764
740	0.28425574560565764
741	0.28425574560565764
742	0.593884762365021
743	0.593884762365021
744	0.593884762365021
745	0.593884762365021
746	0.6541506622332164
747	0.6541506622332164
748	0.6541506622332164
749	0.6541506622332164
750	0.5844635896629543
751	0.5844635896629543
752	0.5844635896629543
753	0.5844635896629543
754	0.6128259370384505
755	0.6128259370384505
756	0.6128259370384505
757	0.6128259370384505
758	0.7942450904767999
759	0.7942450904767999
760	0.7942450904767999
761	0.7942450904767999
762	0.7071951087018514
763	0.7071951087018514
764	0.7071951087018514
765	0.7071951087018514
766	0.8723390065541837
767	0.8723390065541837
768	0.8723390065541837
769	0.8723390065541837
770	0.8504635482366685
771	0.8504635482366685
772	0.8504635482366685
773	0.8504635482366685
774	0.8610358752385818
775	0.8610358752385818
776	0.8610358752385818
777	0.8610358752385818
778	0.139065961789673
779	0.139065961789673
780	0.139065961789673
781	0.139065961789673
782	0.4711644170405372
783	0.4711644170405372
784	0.4711644170405372
785	0.4711644170405372
786	0.845648126184269
787	0.845648126184269
788	0.845648126184269
789	3.272273682060943
790	3.272273682060943
791	3.272273682060943
792	3.272273682060943
793	3.28202682641902
794	3.28202682641902
795	3.28202682641902
796	3.28202682641902
797	1.8414287999753423
798	1.8414287999753423
799	1.8414287999753423
800	1.8414287999753423
801	3.1533458413095534
802	3.1533458413095534
803	3.1533458413095534
804	3.1533458413095534
805	2.2990767946011594
806	2.2990767946011594
807	2.2990767946011594
808	2.2990767946011594
809	1.2539467662246455
810	1.2539467662246455
811	1.2539467662246455
812	1.427601841161209
813	1.427601841161209
814	1.427601841161209
815	1.427601841161209
816	1.623481665749967
817	1.623481665749967
818	1.623481665749967
819	1.623481665749967
820	2.399479992010445
821	2.399479992010445
822	2.399479992010445
823	2.399479992010445
824	0.1
825	0.1
826	0.1
827	0.1
828	1.8806508601768133
829	1.8806508601768133
830	1.8806508601768133
831	1.8806508601768133
832	1.1858273255292278
833	1.1858273255292278
834	1.1858273255292278
835	1.1858273255292278
836	1.2563489139498887
837	1.2563489139498887
838	1.2563489139498887
839	1.2563489139498887
840	1.5645359818464861
841	1.5645359818464861
842	1.5645359818464861
843	1.5645359818464861
844	1.1953574341337836
845	1.1953574341337836
846	1.1953574341337836
847	1.1953574341337836
848	1.8488078165676505
849	1.8488078165676505
850	1.8488078165676505
851	1.8488078165676505
852	1.0584390135728787
853	1.0584390135728787
854	1.0584390135728787
855	1.0584390135728787
856	0.8324099191787813
857	0.8324099191787813
858	0.8324099191787813
859	0.8324099191787813
860	1.1614263454177296
861	1.1614263454177296
862	1.1614263454177296
863	1.1614263454177296
864	1.1474614999978883
865	1.1474614999978883
866	1.1474614999978883
867	1.1474614999978883
868	2.3129256345003952
869	2.3129256345003952
870	2.3129256345003952
871	2.3129256345003952
872	1.1643796391775245
873	1.1643796391775245
874	1.1643796391775245
875	1.1643796391775245
876	1.6423928671106325
877	1.6423928671106325
878	1.6423928671106325
879	1.6423928671106325
880	1.5509749357663214
881	1.5509749357663214
882	1.5509749357663214
883	1.5509749357663214
884	0.639931593030472
885	0.639931593030472
886	0.639931593030472
887	0.639931593030472
888	1.5048900642168976
889	1.5048900642168976
890	1.5048900642168976
891	1.5048900642168976
892	2.1506336820255787
893	2.1506336820255787
894	2.1506336820255787
895	2.1506336820255787
896	1.3733634995676849
897	1.3733634995676849
898	1.3733634995676849
899	1.3733634995676849
900	0.469845191991602
901	0.469845191991602
902	0.469845191991602
903	0.469845191991602
904	1.1151137285532693
905	1.1151137285532693
906	1.1151137285532693
907	1.1151137285532693
908	1.1823164897267764
909	1.1823164897267764
910	1.1823164897267764
911	1.1823164897267764
912	0.5788236306125848
913	0.5788236306125848
914	0.5788236306125848
915	0.5788236306125848
916	1.6190255020486306
917	1.6190255020486306
918	1.6190255020486306
919	1.6190255020486306
920	1.1704148561474896
921	1.1704148561474896
922	1.1704148561474896
923	1.1704148561474896
924	0.9055460430154498
925	0.9055460430154498
926	0.9055460430154498
927	1.3194902576662444
928	1.3194902576662444
929	1.3194902576662444
930	1.3194902576662444
931	2.8172676778418175
932	2.8172676778418175
933	2.8172676778418175
934	2.8172676778418175
935	3.326279244358441
936	3.326279244358441
937	3.326279244358441
938	3.326279244358441
939	0.10695100253246126
940	0.10695100253246126
941	0.10695100253246126
942	0.10695100253246126
943	0.5133147746713868
944	0.5133147746713868
945	0.5133147746713868
946	0.5133147746713868
947	0.7654385942006137
948	2.263348079573832
949	2.263348079573832
950	2.263348079573832
951	2.263348079573832
952	2.857120529888304
953	2.857120529888304
954	2.857120529888304
955	2.857120529888304
956	1.757921678899878
957	1.757921678899878
958	1.757921678899878
959	1.757921678899878
960	2.5123824570832056
961	2.5123824570832056
962	2.5123824570832056
963	2.5123824570832056
964	3.361844785721786
965	3.361844785721786
966	3.361844785721786
967	3.361844785721786
968	2.3657034819735636
969	2.3657034819735636
970	2.3657034819735636
971	2.3657034819735636
972	2.7500463541171327
973	2.7500463541171327
974	2.7500463541171327
975	2.7500463541171327
976	4.383306458452729
977	4.383306458452729
978	4.383306458452729
979	4.383306458452729
980	2.6815534414507836
981	2.6815534414507836
982	2.6815534414507836
983	2.6815534414507836
984	1.4522005541296863
985	1.4522005541296863
986	1.4522005541296863
987	1.4522005541296863
988	4.11168625765414
989	4.11168625765414
990	4.11168625765414
991	4.11168625765414
992	2.41212093749884
993	2.41212093749884
994	2.41212093749884
995	2.41212093749884
996	2.430133907591734
997	2.430133907591734
998	2.430133907591734
999	2.430133907591734
1000	3.5082476854019067
1001	3.5082476854019067
1002	3.5082476854019067
1003	3.5082476854019067
1004	2.2786727888220644
1005	2.2786727888220644
1006	2.2786727888220644
1007	2.2786727888220644
1008	0.1
1009	0.1
1010	0.1
1011	0.1
1012	3.1584173086394025
1013	3.1584173086394025
1014	3.1584173086394025
1015	3.1584173086394025
1016	3.4228601568497345
1017	3.4228601568497345
1018	3.4228601568497345
1019	3.4228601568497345
1020	1.0970462392189635
1021	1.0970462392189635
1022	1.0970462392189635
1023	1.0970462392189635
1024	2.4773066965347548
1025	2.4773066965347548
1026	2.4773066965347548
1027	2.4773066965347548
1028	2.832550218270613
1029	2.832550218270613
1030	2.832550218270613
1031	2.832550218270613
1032	3.001996485264849
1033	3.001996485264849
1034	3.001996485264849
1035	3.001996485264849
1036	1.0485212114711981
1037	1.0485212114711981
1038	1.0485212114711981
1039	1.0485212114711981
1040	2.539578180771993
1041	2.539578180771993
1042	2.539578180771993
1043	2.539578180771993
1044	3.6008824090682756
1045	3.6008824090682756
1046	3.6008824090682756
1047	3.6008824090682756
1048	4.268801611774225
1049	4.268801611774225
1050	4.268801611774225
1051	4.268801611774225
1052	2.2293953241413593
1053	2.2293953241413593
1054	2.2293953241413593
1055	2.2293953241413593
1056	4.196119626182189
1057	4.196119626182189
1058	4.196119626182189
1059	4.196119626182189
1060	2.3385844601207033
1061	2.3385844601207033
1062	2.3385844601207033
1063	2.3385844601207033
1064	5.14878541859552
1065	5.14878541859552
1066	5.14878541859552
1067	5.14878541859552
1068	4.0743105173056655
1069	4.0743105173056655
1070	4.0743105173056655
1071	4.0743105173056655
1072	2.327588107335543
1073	2.327588107335543
1074	2.327588107335543
1075	2.327588107335543
1076	2.3815406737990434
1077	2.3815406737990434
1078	2.3815406737990434
1079	2.3815406737990434
1080	4.797556590225621
1081	4.797556590225621
1082	4.797556590225621
1083	4.797556590225621
1084	2.9950660260473545
1085	2.9950660260473545
1086	2.9950660260473545
1087	2.9950660260473545
1088	3.1741973263810173
1089	3.1741973263810173
1090	3.1741973263810173
1091	3.1741973263810173
1092	2.470455486595213
1093	2.470455486595213
1094	2.470455486595213
1095	2.470455486595213
1096	3.6378674830737165
1097	3.6378674830737165
1098	3.6378674830737165
1099	3.6378674830737165
1100	4.611990111520682
1101	4.611990111520682
1102	4.611990111520682
1103	4.611990111520682
1104	3.180571830620107
1105	3.180571830620107
1106	3.180571830620107
1107	3.180571830620107
1108	2.5299790960052375
1109	2.5299790960052375
1110	2.5299790960052375
1111	2.5299790960052375
1112	2.851078347432546
1113	2.851078347432546
1114	1.5767641469764297
1115	1.5767641469764297
1116	1.5767641469764297
1117	1.5767641469764297
1118	0.7885090007983901
1119	0.7885090007983901
1120	0.7885090007983901
1121	0.7885090007983901
1122	1.1074748330661537
1123	1.1074748330661537
1124	1.1074748330661537
1125	1.1074748330661537
1126	0.3971027915550579
1127	0.3971027915550579
1128	0.3971027915550579
1129	0.3971027915550579
1130	0.706831621732166
1131	0.706831621732166
1132	0.706831621732166
1133	0.706831621732166
1134	1.041307832372889
1135	1.041307832372889
1136	1.041307832372889
1137	1.041307832372889
1138	1.8442784153551384
1139	1.8442784153551384
1140	1.8442784153551384
1141	1.8442784153551384
1142	2.213278214124627
1143	2.213278214124627
1144	2.213278214124627
1145	2.213278214124627
1146	1.3980239451174803
1147	1.3980239451174803
1148	1.3980239451174803
1149	1.3980239451174803
1150	1.6271631682062857
1151	1.6271631682062857
1152	1.6271631682062857
1153	1.6271631682062857
1154	1.4808502958819312
1155	1.4808502958819312
1156	1.4808502958819312
1157	1.4808502958819312
1158	1.4565564338765347
1159	1.4565564338765347
1160	1.4565564338765347
1161	1.4565564338765347
1162	1.1847171274277872
1163	1.1847171274277872
1164	1.1847171274277872
1165	1.1847171274277872
1166	1.7291076905986706
1167	1.7291076905986706
1168	1.7291076905986706
1169	1.7291076905986706
1170	1.1339357614892591
1171	1.1339357614892591
1172	1.1339357614892591
1173	1.1339357614892591
1174	1.5499062414661786
1175	1.5499062414661786
1176	1.5499062414661786
1177	1.5499062414661786
1178	0.5135509191530112
1179	0.5135509191530112
1180	0.5135509191530112
1181	0.5135509191530112
1182	1.9145956046008041
1183	1.9145956046008041
1184	1.9145956046008041
1185	1.9145956046008041
1186	2.0018510070584057
1187	2.0018510070584057
1188	2.0018510070584057
1189	2.0018510070584057
1190	1.69158287201787
1191	1.69158287201787
1192	1.69158287201787
1193	1.69158287201787
1194	0.36805564154719317
1195	0.36805564154719317
1196	0.36805564154719317
1197	0.36805564154719317
1198	2.774645217133574
1199	2.774645217133574
1200	2.774645217133574
1201	2.774645217133574
1202	1.6654588064027744
1203	1.6654588064027744
1204	1.6654588064027744
1205	1.6654588064027744
1206	1.4596213962850064
1207	1.4596213962850064
1208	1.4596213962850064
1209	1.4596213962850064
1210	2.585838930058535
1211	2.585838930058535
1212	2.585838930058535
1213	2.585838930058535
1214	0.1
1215	2.4014959180437314
1216	2.4014959180437314
1217	2.4014959180437314
1218	2.4014959180437314
1219	2.7445383599394306
1220	2.7445383599394306
1221	2.7445383599394306
1222	2.7445383599394306
1223	4.526519676079184
1224	4.526519676079184
1225	4.526519676079184
1226	4.526519676079184
1227	1.4154707911021547
1228	1.4154707911021547
1229	1.4154707911021547
1230	1.4154707911021547
1231	3.190987018278574
1232	3.190987018278574
1233	3.190987018278574
1234	3.190987018278574
1235	1.7500851358675802
1236	1.7500851358675802
1237	1.7500851358675802
1238	1.7500851358675802
1239	3.4368286740793574
1240	3.4368286740793574
1241	3.4368286740793574
1242	3.4368286740793574
1243	3.760377236574065
1244	3.760377236574065
1245	3.760377236574065
1246	3.760377236574065
1247	5.22298733166518
1248	5.22298733166518
1249	5.22298733166518
1250	5.22298733166518
1251	0.7282456992412936
1252	0.7282456992412936
1253	0.7282456992412936
1254	0.7282456992412936
1255	2.1694927844337544
1256	2.1694927844337544
1257	2.1694927844337544
1258	2.1694927844337544
1259	3.986765947028748
1260	3.986765947028748
1261	3.986765947028748
1262	3.986765947028748
1263	6.614059850401802
1264	6.614059850401802
1265	6.614059850401802
1266	6.614059850401802
1267	5.6925285593157025
1268	5.6925285593157025
1269	5.6925285593157025
1270	5.6925285593157025
1271	2.347932389175388
1272	2.347932389175388
1273	2.347932389175388
1274	2.347932389175388
1275	4.614981147158699
1276	4.614981147158699
1277	4.614981147158699
1278	4.614981147158699
1279	3.9996631445334563
1280	3.9996631445334563
1281	3.9996631445334563
1282	3.9996631445334563
1283	0.9508038158069647
1284	0.9508038158069647
1285	0.9508038158069647
1286	0.9508038158069647
1287	2.7708388031246365
1288	2.7708388031246365
1289	2.7708388031246365
1290	2.7708388031246365
1291	6.528434770708394
1292	6.528434770708394
1293	6.528434770708394
1294	6.528434770708394
1295	3.670787854604779
1296	3.670787854604779
1297	3.670787854604779
1298	3.670787854604779
1299	2.3119100125138248
1300	2.3119100125138248
1301	2.3119100125138248
1302	2.3119100125138248
1303	4.793394462898853
1304	4.793394462898853
1305	4.793394462898853
1306	4.793394462898853
1307	1.925137991799863
1308	1.925137991799863
1309	1.925137991799863
1310	1.925137991799863
1311	3.5101909066055277
1312	3.5101909066055277
1313	3.5101909066055277
1314	3.5101909066055277
1315	5.366382229951823
1316	5.366382229951823
1317	5.366382229951823
1318	5.366382229951823
1319	3.6022818996056354
1320	3.6022818996056354
1321	3.6022818996056354
1322	3.6022818996056354
1323	4.447112114429877
1324	4.447112114429877
1325	4.447112114429877
1326	4.447112114429877
1327	2.092939586679525
1328	2.092939586679525
1329	2.092939586679525
1330	2.092939586679525
1331	0.333568978778108
1332	0.333568978778108
1333	0.333568978778108
1334	0.333568978778108
1335	3.114519511586443
1336	3.114519511586443
1337	3.114519511586443
1338	3.114519511586443
1339	2.929568232478155
1340	2.929568232478155
1341	2.929568232478155
1342	2.929568232478155
1343	2.1485934037331598
1344	2.1485934037331598
1345	2.1485934037331598
1346	2.1485934037331598
1347	4.654873422972768
1348	4.654873422972768
1349	4.654873422972768
1350	4.654873422972768
1351	2.9841935230636842
1352	2.9841935230636842
1353	2.9841935230636842
1354	2.9841935230636842
1355	4.486646088514945
1356	4.486646088514945
1357	4.486646088514945
1358	4.486646088514945
1359	4.641613889319258
1360	4.641613889319258
1361	4.641613889319258
1362	4.641613889319258
1363	2.198578197000405
1364	2.198578197000405
1365	2.198578197000405
1366	2.198578197000405
1367	1.291419741262514
1368	1.291419741262514
1369	1.291419741262514
1370	1.291419741262514
1371	5.711798584607372
1372	5.711798584607372
1373	5.711798584607372
1374	5.711798584607372
1375	4.8543822064167195
1376	4.8543822064167195
1377	4.8543822064167195
1378	4.8543822064167195
1379	4.352831034522037
1380	4.352831034522037
1381	4.352831034522037
1382	4.352831034522037
1383	1.5071563302493511
1384	1.5071563302493511
1385	1.5071563302493511
1386	1.5071563302493511
1387	2.4697427746094376
1388	2.4697427746094376
1389	2.4697427746094376
1390	2.4697427746094376
1391	3.2001572963472382
1392	3.2001572963472382
1393	3.2001572963472382
1394	3.2001572963472382
1395	3.6292719738510164
1396	3.6292719738510164
1397	3.6292719738510164
1398	3.6292719738510164
1399	3.951366980886207
1400	3.951366980886207
1401	3.951366980886207
1402	3.951366980886207
1403	2.6434945761674586
1404	2.6434945761674586
1405	2.6434945761674586
1406	2.6434945761674586
1407	5.142119872724098
1408	0.8865908003506531
1409	0.8865908003506531
1410	0.8865908003506531
1411	0.8865908003506531
1412	1.8140276986723713
1413	1.8140276986723713
1414	1.8140276986723713
1415	2.8214307678646082
1416	2.8214307678646082
1417	2.8214307678646082
1418	2.8214307678646082
1419	4.675567275545039
1420	4.675567275545039
1421	4.675567275545039
1422	4.675567275545039
1423	3.6887127349744793
1424	3.6887127349744793
1425	3.6887127349744793
1426	3.6887127349744793
1427	3.694996703994218
1428	3.694996703994218
1429	3.694996703994218
1430	3.971000052530605
1431	3.971000052530605
1432	3.971000052530605
1433	3.971000052530605
1434	5.324437687290598
1435	5.324437687290598
1436	5.324437687290598
1437	5.324437687290598
1438	2.877910528540878
1439	2.877910528540878
1440	2.877910528540878
1441	2.877910528540878
1442	5.811169878098228
1443	5.811169878098228
1444	5.811169878098228
1445	5.811169878098228
1446	3.415953495096824
1447	3.415953495096824
1448	3.415953495096824
1449	3.415953495096824
1450	6.468758541454704
1451	6.468758541454704
1452	6.468758541454704
1453	6.468758541454704
1454	2.7820766277609996
1455	2.7820766277609996
1456	2.7820766277609996
1457	2.7820766277609996
1458	4.914314976379005
1459	4.914314976379005
1460	4.914314976379005
1461	4.914314976379005
1462	3.737377008198053
1463	3.737377008198053
1464	3.737377008198053
1465	3.737377008198053
1466	3.5458097458967757
1467	3.359257022791537
1468	3.359257022791537
1469	3.359257022791537
1470	3.359257022791537
1471	4.144334621180518
1472	4.144334621180518
1473	4.144334621180518
1474	4.144334621180518
1475	3.096355158745385
1476	3.096355158745385
1477	3.096355158745385
1478	3.096355158745385
1479	1.9520065788887497
1480	1.9520065788887497
1481	1.9520065788887497
1482	1.9520065788887497
1483	2.7060634600070825
1484	2.7060634600070825
1485	2.7060634600070825
1486	2.7060634600070825
1487	4.099975400781049
1488	4.099975400781049
1489	4.099975400781049
1490	4.099975400781049
1491	3.420916018592613
1492	3.420916018592613
1493	3.420916018592613
1494	3.420916018592613
1495	2.234937081046768
1496	2.234937081046768
1497	2.234937081046768
1498	2.234937081046768
1499	2.912625661717331
1500	2.912625661717331
1501	2.912625661717331
1502	2.912625661717331
1503	2.9676194167141556
1504	2.9676194167141556
1505	2.9676194167141556
1506	2.9676194167141556
1507	3.9622488883852265
1508	3.9622488883852265
1509	3.9622488883852265
1510	3.9622488883852265
1511	2.085702141142894
1512	2.085702141142894
1513	2.085702141142894
1514	2.085702141142894
1515	2.958358678871098
1516	2.958358678871098
1517	2.958358678871098
1518	2.958358678871098
1519	3.4783763069579923
1520	3.4783763069579923
1521	3.4783763069579923
1522	3.4783763069579923
1523	1.2799093737151306
1524	1.2799093737151306
1525	1.2799093737151306
1526	1.2799093737151306
1527	2.5750895469882793
1528	2.5750895469882793
1529	2.5750895469882793
1530	2.5750895469882793
1531	3.762307149888766
1532	3.762307149888766
1533	3.762307149888766
1534	3.762307149888766
1535	2.0869767989701975
1536	2.0869767989701975
1537	2.0869767989701975
1538	2.0869767989701975
1539	3.0044214017462867
1540	3.0044214017462867
1541	3.0044214017462867
1542	3.0044214017462867
1543	2.188053874691257
1544	2.188053874691257
1545	2.188053874691257
1546	2.188053874691257
1547	1.9549604983090019
1548	1.9549604983090019
1549	1.9549604983090019
1550	1.9549604983090019
1551	1.2884265533270083
1552	1.2884265533270083
1553	1.2884265533270083
1554	1.2884265533270083
1555	4.342620325748119
1556	4.342620325748119
1557	4.342620325748119
1558	4.342620325748119
1559	3.681209601227165
1560	3.681209601227165
1561	3.681209601227165
1562	3.681209601227165
1563	3.1264210720290526
1564	3.1264210720290526
1565	3.1264210720290526
1566	3.1264210720290526
1567	3.9578395501209447
1568	3.9578395501209447
1569	3.9578395501209447
1570	3.9578395501209447
1571	3.5045245216885257
1572	3.5045245216885257
1573	3.5045245216885257
1574	3.5045245216885257
1575	2.941750769056225
1576	2.941750769056225
1577	2.941750769056225
1578	2.941750769056225
1579	1.2241867486837446
1580	1.2241867486837446
1581	1.2241867486837446
1582	1.2241867486837446
1583	1.2140398203834943
1584	1.2140398203834943
1585	1.2140398203834943
1586	1.2140398203834943
1587	3.533779181809532
1588	3.533779181809532
1589	3.533779181809532
1590	3.533779181809532
1591	3.7790892177231283
1592	3.7790892177231283
1593	3.7790892177231283
1594	3.7790892177231283
1595	1.87025372609314
1596	1.87025372609314
1597	1.87025372609314
1598	1.87025372609314
1599	4.683125879599036
1600	4.683125879599036
1601	4.683125879599036
1602	4.683125879599036
1603	2.5587962051514466
1604	2.5587962051514466
1605	2.5587962051514466
1606	2.5587962051514466
1607	2.8435688116398166
1608	2.8435688116398166
1609	2.8435688116398166
1610	2.8435688116398166
1611	4.899076419590349
1612	4.899076419590349
1613	4.899076419590349
1614	4.899076419590349
1615	2.452626606113393
1616	2.452626606113393
1617	2.452626606113393
1618	2.452626606113393
1619	1.0498657271393488
1620	1.0498657271393488
1621	1.0498657271393488
1622	1.0498657271393488
1623	4.412577055846907
1624	4.412577055846907
1625	4.412577055846907
1626	4.412577055846907
1627	2.042978316086462
1628	2.042978316086462
1629	2.042978316086462
1630	2.042978316086462
1631	2.250853345085905
1632	2.250853345085905
1633	2.250853345085905
1634	2.250853345085905
1635	3.1498012351727636
1636	3.1498012351727636
1637	3.1498012351727636
1638	3.1498012351727636
1639	0.8044041709186276
1640	0.8044041709186276
1641	0.8044041709186276
1642	0.8044041709186276
1643	1.844388549217302
1644	1.844388549217302
1645	1.844388549217302
1646	1.844388549217302
1647	3.0635243058423165
1648	3.0635243058423165
1649	3.0635243058423165
1650	3.0635243058423165
1651	3.0363404419524924
1652	3.0363404419524924
1653	3.0363404419524924
1654	3.0363404419524924
1655	3.6487734629883573
1656	3.6487734629883573
1657	3.6487734629883573
1658	3.6487734629883573
1659	4.612590893270827
1660	4.612590893270827
1661	4.612590893270827
1662	4.612590893270827
1663	2.322745061739127
1664	2.322745061739127
1665	2.322745061739127
1666	2.322745061739127
1667	2.8736031600841576
1668	2.8736031600841576
1669	2.8736031600841576
1670	2.8736031600841576
1671	2.633183396582064
1672	2.633183396582064
1673	2.633183396582064
1674	2.633183396582064
1675	3.612820825329621
1676	3.612820825329621
1677	3.612820825329621
1678	3.612820825329621
1679	3.1478853921826535
1680	3.1478853921826535
1681	3.1478853921826535
1682	3.1478853921826535
1683	3.946165524517527
1684	3.946165524517527
1685	3.946165524517527
1686	3.946165524517527
1687	3.0767664917332356
1688	3.0767664917332356
1689	3.0767664917332356
1690	3.0767664917332356
1691	2.4838230821967033
1692	0.41863238849889295
1693	0.41863238849889295
1694	0.41863238849889295
1695	0.41863238849889295
1696	1.5054517250041841
1697	1.5054517250041841
1698	1.5054517250041841
1699	1.5054517250041841
1700	0.8187282315509228
1701	0.8187282315509228
1702	0.8187282315509228
1703	0.8187282315509228
1704	1.4255520490797817
1705	1.4255520490797817
1706	1.4255520490797817
1707	1.4255520490797817
1708	0.9941251754065112
1709	0.9941251754065112
1710	0.9941251754065112
1711	0.9941251754065112
1712	1.6205538581685013
1713	1.6205538581685013
1714	1.6205538581685013
1715	1.6205538581685013
1716	0.8120154506870929
1717	0.8120154506870929
1718	0.8120154506870929
1719	0.8120154506870929
1720	1.3398191720903714
1721	1.3398191720903714
1722	1.3398191720903714
1723	1.3398191720903714
1724	1.6628212239369438
1725	1.6628212239369438
1726	1.6628212239369438
1727	1.6628212239369438
1728	1.0788022434955467
1729	1.0788022434955467
1730	1.0788022434955467
1731	1.0788022434955467
1732	1.7483267949501666
1733	1.7483267949501666
1734	1.7483267949501666
1735	1.7483267949501666
1736	0.9459147930273133
1737	0.9459147930273133
1738	0.9459147930273133
1739	0.9459147930273133
1740	1.1723367811534855
1741	1.1723367811534855
1742	1.1723367811534855
1743	1.1723367811534855
1744	1.1624564764981025
1745	1.1624564764981025
1746	1.1624564764981025
1747	1.1624564764981025
1748	0.985217067765342
1749	0.985217067765342
1750	0.985217067765342
1751	0.985217067765342
1752	1.4191241890833277
1753	1.4191241890833277
1754	1.4191241890833277
1755	1.4191241890833277
1756	1.070404520091159
1757	1.070404520091159
1758	1.070404520091159
1759	1.070404520091159
1760	1.1040872805635962
1761	1.1040872805635962
1762	1.1040872805635962
1763	1.1040872805635962
1764	0.7151347548183884
1765	0.7151347548183884
1766	0.7151347548183884
1767	0.7151347548183884
1768	0.6649958811284067
1769	0.6649958811284067
1770	0.6649958811284067
1771	0.6649958811284067
1772	1.440053152991139
1773	1.440053152991139
1774	1.440053152991139
1775	1.440053152991139
1776	1.1024800578150973
1777	1.1024800578150973
1778	1.1024800578150973
1779	1.1024800578150973
1780	0.9676841731259221
1781	0.9676841731259221
1782	0.9676841731259221
1783	0.9676841731259221
1784	1.3655307413058648
1785	1.3655307413058648
1786	1.3655307413058648
1787	1.3655307413058648
1788	1.3441358236004974
1789	1.3441358236004974
1790	1.3441358236004974
1791	1.3441358236004974
1792	1.2151948092480047
1793	1.2151948092480047
1794	1.2151948092480047
1795	1.2151948092480047
1796	0.9349715406503939
1797	0.9349715406503939
1798	0.9349715406503939
1799	0.9349715406503939
1800	1.341787659861331
1801	1.341787659861331
1802	1.341787659861331
1803	1.341787659861331
1804	1.3769547691529096
1805	1.3769547691529096
1806	1.3769547691529096
1807	1.3769547691529096
1808	1.412431554849474
1809	1.412431554849474
1810	1.412431554849474
1811	1.412431554849474
1812	0.7154742343522627
1813	0.7154742343522627
1814	0.7154742343522627
1815	0.7154742343522627
1816	0.3597582104900302
1817	0.3597582104900302
1818	0.3597582104900302
1819	0.3597582104900302
1820	1.3640410616236422
1821	1.3640410616236422
1822	1.3640410616236422
1823	1.3640410616236422
1824	1.344022799000523
1825	1.344022799000523
1826	1.344022799000523
1827	1.0965282518022745
1828	1.0965282518022745
1829	1.0965282518022745
1830	1.0965282518022745
1831	0.8850721607571288
1832	0.8850721607571288
1833	0.8850721607571288
1834	0.8850721607571288
1835	2.755900000827763
1836	2.755900000827763
1837	2.755900000827763
1838	2.755900000827763
1839	2.2520168389920756
1840	2.2520168389920756
1841	2.2520168389920756
1842	2.2520168389920756
1843	1.7169497344015703
1844	1.7169497344015703
1845	1.7169497344015703
1846	1.7169497344015703
1847	1.0815373829529291
1848	1.0815373829529291
1849	1.0815373829529291
1850	1.0815373829529291
1851	1.5788050316513602
1852	1.5788050316513602
1853	1.5788050316513602
1854	1.5788050316513602
1855	2.795862162073328
1856	2.795862162073328
1857	2.795862162073328
1858	2.795862162073328
1859	1.9226059873348296
1860	1.9226059873348296
1861	1.9226059873348296
1862	1.9226059873348296
1863	2.830638923874577
1864	2.830638923874577
1865	2.830638923874577
1866	2.830638923874577
1867	1.760736422699407
1868	1.760736422699407
1869	1.760736422699407
1870	1.760736422699407
1871	0.7711471333540634
1872	0.7711471333540634
1873	0.7711471333540634
1874	0.7711471333540634
1875	1.3421136507680687
1876	1.3421136507680687
1877	1.3421136507680687
1878	1.3421136507680687
1879	1.7029874240081686
1880	1.7029874240081686
1881	1.7029874240081686
1882	1.7029874240081686
1883	2.7760595525579252
1884	2.7760595525579252
1885	2.7760595525579252
1886	2.7760595525579252
1887	3.473894502630122
1888	3.473894502630122
1889	3.473894502630122
1890	3.473894502630122
1891	2.006974610978894
1892	2.006974610978894
1893	2.006974610978894
1894	2.006974610978894
1895	2.717678438074355
1896	2.717678438074355
1897	2.717678438074355
1898	2.717678438074355
1899	1.3852238380116786
1900	1.3852238380116786
1901	1.3852238380116786
1902	1.3852238380116786
1903	2.451400611461177
1904	2.451400611461177
1905	2.451400611461177
1906	2.451400611461177
1907	2.258676294684173
1908	2.258676294684173
1909	2.258676294684173
1910	2.258676294684173
1911	1.9347623574456017
1912	1.9347623574456017
1913	1.9347623574456017
1914	1.9347623574456017
1915	2.169389491928215
1916	2.169389491928215
1917	2.169389491928215
1918	2.169389491928215
1919	1.6858023790266978
1920	1.6858023790266978
1921	1.6858023790266978
1922	1.6858023790266978
1923	2.555493896143714
1924	2.555493896143714
1925	2.555493896143714
1926	2.555493896143714
1927	1.5706197083968665
1928	1.5706197083968665
1929	1.5706197083968665
1930	1.5706197083968665
1931	2.1880085952224837
1932	2.1880085952224837
1933	2.1880085952224837
1934	2.1880085952224837
1935	3.119335158616841
1936	3.119335158616841
1937	3.119335158616841
1938	3.119335158616841
1939	1.7204789822797744
1940	1.7204789822797744
1941	1.7204789822797744
1942	1.7204789822797744
1943	2.380206795792054
1944	2.380206795792054
1945	2.380206795792054
1946	2.380206795792054
1947	3.226441985057094
1948	3.226441985057094
1949	3.226441985057094
1950	3.226441985057094
1951	1.9668914167981388
1952	1.9668914167981388
1953	1.9668914167981388
1954	1.9668914167981388
1955	2.1850757384185813
1956	2.1850757384185813
1957	2.1850757384185813
1958	2.1850757384185813
1959	1.665560392234642
1960	1.665560392234642
1961	1.665560392234642
1962	1.665560392234642
1963	2.7702269636759853
1964	2.7702269636759853
1965	2.7702269636759853
1966	2.7702269636759853
1967	2.5560568007533453
1968	2.5560568007533453
1969	2.5560568007533453
1970	2.5560568007533453
1971	2.7276274836475345
1972	2.7276274836475345
1973	2.7276274836475345
1974	2.7276274836475345
1975	3.801515118650561
1976	3.801515118650561
1977	3.801515118650561
1978	3.801515118650561
1979	1.4123294043031378
1980	1.4123294043031378
1981	1.4123294043031378
1982	1.4123294043031378
1983	1.015885799702542
1984	1.015885799702542
1985	1.015885799702542
1986	1.015885799702542
1987	2.6784230338919626
1988	2.6784230338919626
1989	2.6784230338919626
1990	2.6784230338919626
1991	2.3749225277012904
1992	2.3749225277012904
1993	2.3749225277012904
1994	2.3749225277012904
1995	0.1
1996	0.1
1997	0.1
1998	0.1
1999	3.0027494631561473
