0	3.92078788401768
1	3.92078788401768
2	3.92078788401768
3	3.92078788401768
4	3.6153723991319313
5	3.6153723991319313
6	3.6153723991319313
7	3.6153723991319313
8	3.9160955370602353
9	3.9160955370602353
10	3.9160955370602353
11	3.9160955370602353
12	3.790064425458391
13	3.790064425458391
14	3.790064425458391
15	3.790064425458391
16	3.556244377077349
17	3.556244377077349
18	3.556244377077349
19	3.556244377077349
20	4.08839996570232
21	4.08839996570232
22	4.08839996570232
23	4.08839996570232
24	3.6323177604293573
25	3.6323177604293573
26	3.6323177604293573
27	3.6323177604293573
28	3.9826427082659044
29	3.9826427082659044
30	3.9826427082659044
31	3.9826427082659044
32	3.7914246593193
33	3.7914246593193
34	3.7914246593193
35	3.7914246593193
36	3.6809889267040514
37	3.6809889267040514
38	3.6809889267040514
39	3.6809889267040514
40	3.7410830871903755
41	3.7410830871903755
42	3.7410830871903755
43	3.7410830871903755
44	3.7432108537519584
45	3.7432108537519584
46	3.7432108537519584
47	3.7432108537519584
48	3.3760447105634506
49	3.3760447105634506
50	3.3760447105634506
51	3.3760447105634506
52	3.743242962964252
53	3.743242962964252
54	3.743242962964252
55	3.743242962964252
56	4.006424110276433
57	4.006424110276433
58	4.006424110276433
59	4.006424110276433
60	3.885687813736035
61	3.885687813736035
62	3.885687813736035
63	3.885687813736035
64	3.6828361498500524
65	3.6828361498500524
66	3.6828361498500524
67	3.6828361498500524
68	3.7576022491587016
69	3.7576022491587016
70	3.7576022491587016
71	3.7576022491587016
72	3.5705777112019534
73	3.5705777112019534
74	3.5705777112019534
75	3.5705777112019534
76	3.9148223955028882
77	3.9148223955028882
78	3.9148223955028882
79	2.559690263501006
80	2.559690263501006
81	2.559690263501006
82	2.559690263501006
83	2.6481122037235636
84	2.6481122037235636
85	2.6481122037235636
86	2.6481122037235636
87	2.1560009569272336
88	2.1560009569272336
89	2.1560009569272336
90	2.1560009569272336
91	2.4347144183188534
92	2.4347144183188534
93	2.4347144183188534
94	2.4347144183188534
95	2.3944700561817878
96	2.3944700561817878
97	2.3944700561817878
98	2.3944700561817878
99	2.4691225226946356
100	2.4691225226946356
101	2.4691225226946356
102	2.4691225226946356
103	2.4196489182492162
104	2.4196489182492162
105	2.4196489182492162
106	2.4196489182492162
107	2.6959470769262275
108	2.6959470769262275
109	2.6959470769262275
110	2.6959470769262275
111	2.4191754575251174
112	2.4191754575251174
113	2.4191754575251174
114	2.4191754575251174
115	2.768067405027836
116	2.768067405027836
117	2.768067405027836
118	2.768067405027836
119	2.5677985809265844
120	2.5677985809265844
121	2.5677985809265844
122	2.5677985809265844
123	2.5809951418823407
124	2.5809951418823407
125	2.5809951418823407
126	2.5809951418823407
127	2.2773373590089494
128	2.2773373590089494
129	2.2773373590089494
130	2.2773373590089494
131	2.455333002914653
132	2.455333002914653
133	1.068578998337338
134	1.068578998337338
135	1.068578998337338
136	1.068578998337338
137	1.0945062691822516
138	1.0945062691822516
139	1.0945062691822516
140	1.0945062691822516
141	1.0456670948571634
142	1.0456670948571634
143	1.0456670948571634
144	1.0456670948571634
145	1.1042740851537605
146	1.1042740851537605
147	1.1042740851537605
148	1.1042740851537605
149	1.179427768622606
150	1.179427768622606
151	1.179427768622606
152	1.179427768622606
153	1.258873545611614
154	1.258873545611614
155	1.258873545611614
156	1.258873545611614
157	1.1531457493909678
158	1.1531457493909678
159	1.1531457493909678
160	1.1531457493909678
161	1.1594445762488292
162	1.1594445762488292
163	1.1594445762488292
164	1.1594445762488292
165	1.0267784649018035
166	1.0267784649018035
167	1.0267784649018035
168	1.0267784649018035
169	1.1396873281733446
170	1.1396873281733446
171	1.1396873281733446
172	1.1396873281733446
173	1.1213823932928315
174	1.1213823932928315
175	1.1213823932928315
176	1.1213823932928315
177	1.0328720847425683
178	3.4635237847790883
179	3.4635237847790883
180	3.4635237847790883
181	3.4635237847790883
182	3.507980567299163
183	3.507980567299163
184	3.507980567299163
185	3.507980567299163
186	1.6881372901704552
187	1.6881372901704552
188	1.6881372901704552
189	1.6881372901704552
190	1.609760531523334
191	1.609760531523334
192	1.609760531523334
193	1.609760531523334
194	1.39673498769647
195	1.39673498769647
196	1.39673498769647
197	1.39673498769647
198	1.6097259530469652
199	1.6097259530469652
200	1.6097259530469652
201	1.6097259530469652
202	1.5871370679123755
203	1.5871370679123755
204	1.5871370679123755
205	1.5871370679123755
206	1.5404393799647955
207	1.5404393799647955
208	1.5404393799647955
209	1.5404393799647955
210	1.7286063925355912
211	1.7286063925355912
212	1.7286063925355912
213	1.7286063925355912
214	1.5072384208986016
215	1.5072384208986016
216	1.5072384208986016
217	1.5072384208986016
218	1.5435858016890691
219	1.5435858016890691
220	1.5435858016890691
221	1.5435858016890691
222	1.4541943166754994
223	1.4541943166754994
224	1.4541943166754994
225	1.4541943166754994
226	1.5200645986725245
227	1.5200645986725245
228	1.5200645986725245
229	1.5200645986725245
230	1.5363834565717782
231	1.5363834565717782
232	1.5363834565717782
233	1.5363834565717782
234	1.6402432025096048
235	1.6402432025096048
236	1.6402432025096048
237	1.6402432025096048
238	1.5334451203416732
239	1.5334451203416732
240	1.5334451203416732
241	1.5334451203416732
242	1.6425438242596464
243	1.6425438242596464
244	3.7197438701517718
245	3.7197438701517718
246	3.7197438701517718
247	3.7197438701517718
248	3.5927346024041946
249	3.5927346024041946
250	3.5927346024041946
251	3.5927346024041946
252	3.5415013411934684
253	3.5415013411934684
254	3.5415013411934684
255	3.5415013411934684
256	3.2536576839431115
257	3.2536576839431115
258	3.2536576839431115
259	3.2536576839431115
260	3.266666840964631
261	3.266666840964631
262	3.266666840964631
263	3.266666840964631
264	3.5381652418951535
265	3.5381652418951535
266	3.5381652418951535
267	3.5381652418951535
268	3.434649613330563
269	3.434649613330563
270	3.434649613330563
271	3.434649613330563
272	3.468334506198542
273	3.468334506198542
274	3.468334506198542
275	3.468334506198542
276	3.486510996697235
277	3.486510996697235
278	3.486510996697235
279	3.486510996697235
280	3.4221210443751273
281	3.4221210443751273
282	3.4221210443751273
283	3.4221210443751273
284	3.1229335916411047
285	3.1229335916411047
286	3.1229335916411047
287	1.0489063278128876
288	1.0489063278128876
289	1.0489063278128876
290	1.0489063278128876
291	1.0908333385809703
292	1.0908333385809703
293	1.0908333385809703
294	1.0908333385809703
295	1.1700396543162987
296	1.1700396543162987
297	1.1700396543162987
298	1.1700396543162987
299	1.1780048065535078
300	1.1780048065535078
301	1.1780048065535078
302	1.1780048065535078
303	0.922870108187869
304	0.922870108187869
305	0.922870108187869
306	0.922870108187869
307	1.184637961071107
308	1.184637961071107
309	1.184637961071107
310	1.184637961071107
311	1.0045320367006048
312	1.0045320367006048
313	1.0045320367006048
314	1.0045320367006048
315	1.1717416941025092
316	1.1717416941025092
317	1.1717416941025092
318	1.1717416941025092
319	1.1536936018709656
320	1.1536936018709656
321	1.1536936018709656
322	1.1536936018709656
323	1.1911107705542658
324	1.1911107705542658
325	1.1911107705542658
326	1.1911107705542658
327	1.1878718778909845
328	1.1878718778909845
329	1.1878718778909845
330	1.1878718778909845
331	1.0475537068010656
332	1.0475537068010656
333	1.0475537068010656
334	1.0475537068010656
335	1.0090603867600647
336	1.0090603867600647
337	1.0090603867600647
338	3.8486863245549556
339	2.262638430401708
340	2.262638430401708
341	2.262638430401708
342	2.262638430401708
343	1.224402425473983
344	1.224402425473983
345	1.224402425473983
346	1.224402425473983
347	1.1799650946438245
348	1.1799650946438245
349	1.1799650946438245
350	1.1799650946438245
351	1.1411706293106174
352	1.1411706293106174
353	1.1411706293106174
354	1.1411706293106174
355	1.158865824693819
356	1.158865824693819
357	1.158865824693819
358	3.542654393954805
359	3.542654393954805
360	3.542654393954805
361	3.542654393954805
362	3.257110205909663
363	3.257110205909663
364	3.257110205909663
365	3.257110205909663
366	3.7472416751902426
367	3.7472416751902426
368	3.7472416751902426
369	1.4339386715519478
370	1.4339386715519478
371	1.4339386715519478
372	1.4339386715519478
373	1.6671489881433668
374	1.6671489881433668
375	1.6671489881433668
376	1.6671489881433668
377	1.5613315687075227
378	1.5613315687075227
379	1.5613315687075227
380	1.5613315687075227
381	1.744484947563124
382	1.744484947563124
383	1.744484947563124
384	1.744484947563124
385	1.6659239296099146
386	1.6659239296099146
387	1.6659239296099146
388	1.6659239296099146
389	1.477647061265824
390	1.477647061265824
391	1.477647061265824
392	1.477647061265824
393	1.689614884595526
394	1.689614884595526
395	1.689614884595526
396	1.689614884595526
397	1.5811288040774207
398	1.5811288040774207
399	1.5811288040774207
400	1.5811288040774207
401	1.7191825622106336
402	1.7191825622106336
403	1.7191825622106336
404	1.7191825622106336
405	1.3885157510834625
406	1.3885157510834625
407	1.3885157510834625
408	1.3885157510834625
409	1.5492745883303993
410	1.5492745883303993
411	1.5492745883303993
412	1.5492745883303993
413	1.4384846068798063
414	1.4384846068798063
415	1.4384846068798063
416	1.4384846068798063
417	1.5260113841788272
418	1.5260113841788272
419	0.6411363315364758
420	0.6411363315364758
421	0.6411363315364758
422	0.6411363315364758
423	0.6877410913085569
424	0.6877410913085569
425	0.6877410913085569
426	0.6877410913085569
427	0.6801339544722542
428	0.6801339544722542
429	0.6801339544722542
430	0.6801339544722542
431	0.6729233542999674
432	0.6729233542999674
433	0.6729233542999674
434	0.6729233542999674
435	0.6845256647894014
436	0.6845256647894014
437	0.6845256647894014
438	0.6845256647894014
439	0.7452306200647851
440	0.7452306200647851
441	0.7452306200647851
442	0.7452306200647851
443	0.6496671162914454
444	1.5122045277105747
445	1.5122045277105747
446	1.5122045277105747
447	1.5122045277105747
448	1.6004452795183188
449	1.6004452795183188
450	1.6004452795183188
451	1.6004452795183188
452	1.5356800044337129
453	1.5356800044337129
454	1.5356800044337129
455	1.5356800044337129
456	1.7108862642704357
457	1.7108862642704357
458	1.7108862642704357
459	1.7108862642704357
460	1.538942212376434
461	1.538942212376434
462	1.538942212376434
463	1.538942212376434
464	1.7892545613928177
465	1.7892545613928177
466	1.7892545613928177
467	1.7892545613928177
468	1.6955410950490017
469	1.6955410950490017
470	1.6955410950490017
471	1.6955410950490017
472	1.6358416342053987
473	1.6358416342053987
474	1.6358416342053987
475	1.6358416342053987
476	1.606188178647316
477	1.606188178647316
478	1.606188178647316
479	1.606188178647316
480	1.5236002866100595
481	1.5236002866100595
482	1.5236002866100595
483	1.5236002866100595
484	1.5923108119774814
485	1.5923108119774814
486	1.5923108119774814
487	3.345054653375293
488	3.345054653375293
489	3.345054653375293
490	3.345054653375293
491	3.6062042066317663
492	3.6062042066317663
493	3.6062042066317663
494	3.6062042066317663
495	3.6285967679609965
496	3.6285967679609965
497	3.6285967679609965
498	3.6285967679609965
499	3.4159421389722833
500	3.4159421389722833
501	3.4159421389722833
502	3.4159421389722833
503	3.393591653590279
504	3.393591653590279
505	3.393591653590279
506	3.393591653590279
507	3.3086450813590607
508	3.3086450813590607
509	3.3086450813590607
510	3.3086450813590607
511	3.64975694684343
512	3.64975694684343
513	3.64975694684343
514	3.64975694684343
515	3.653752553699962
516	3.653752553699962
517	3.653752553699962
518	3.653752553699962
519	3.45482337826136
520	3.45482337826136
521	3.45482337826136
522	3.45482337826136
523	3.214263501819998
524	3.214263501819998
525	3.214263501819998
526	3.214263501819998
527	3.3001703528771107
528	3.3001703528771107
529	3.3001703528771107
530	3.3001703528771107
531	3.1222403232577105
532	3.1222403232577105
533	3.1222403232577105
534	3.6559516301668777
535	3.6559516301668777
536	3.6559516301668777
537	3.6559516301668777
538	3.775003821641514
539	3.775003821641514
540	3.775003821641514
541	3.775003821641514
542	3.9833002017251444
543	3.9833002017251444
544	3.9833002017251444
545	3.9833002017251444
546	4.758408375240586
547	4.758408375240586
548	4.758408375240586
549	4.758408375240586
550	4.098851688686127
551	4.098851688686127
552	4.098851688686127
553	4.098851688686127
554	3.5007123415008725
555	3.5007123415008725
556	3.5007123415008725
557	3.5007123415008725
558	3.730319373129939
559	3.730319373129939
560	3.730319373129939
561	3.730319373129939
562	3.4959974362618773
563	2.1551442601528654
564	2.1551442601528654
565	2.1551442601528654
566	1.421914931840238
567	1.421914931840238
568	1.421914931840238
569	1.421914931840238
570	1.6106063284187409
571	1.6106063284187409
572	1.6106063284187409
573	1.6106063284187409
574	1.666655095647707
575	1.666655095647707
576	1.666655095647707
577	1.666655095647707
578	1.5322808002887212
579	1.5322808002887212
580	3.6935885390632994
581	3.6935885390632994
582	3.6935885390632994
583	3.6935885390632994
584	3.512621372958862
585	3.512621372958862
586	3.512621372958862
587	3.512621372958862
588	3.591964470567929
589	3.591964470567929
590	3.591964470567929
591	3.591964470567929
592	4.1255216905581245
593	4.1255216905581245
594	4.1255216905581245
595	4.1255216905581245
596	3.936784185416663
597	3.936784185416663
598	3.936784185416663
599	3.936784185416663
600	3.9707119459133016
601	3.9707119459133016
602	3.9707119459133016
603	3.9707119459133016
604	3.5096848621768477
605	3.5096848621768477
606	3.5096848621768477
607	3.5096848621768477
608	3.9958642638918724
609	3.9958642638918724
610	3.9958642638918724
611	3.9958642638918724
612	4.062511386404458
613	4.062511386404458
614	4.062511386404458
615	4.062511386404458
616	3.664683978532885
617	3.664683978532885
618	3.664683978532885
619	3.664683978532885
620	3.8701462201666907
621	3.8701462201666907
622	3.8701462201666907
623	3.8701462201666907
624	3.9170280703765328
625	3.9170280703765328
626	3.9170280703765328
627	3.9170280703765328
628	3.79727028583222
629	3.79727028583222
630	3.79727028583222
631	3.79727028583222
632	4.086488230297106
633	4.086488230297106
634	4.086488230297106
635	4.086488230297106
636	3.64343659804772
637	3.64343659804772
638	3.64343659804772
639	3.64343659804772
640	3.9190380725044114
641	3.9190380725044114
642	3.9190380725044114
643	3.9190380725044114
644	4.0128079156253476
645	4.0128079156253476
646	4.0128079156253476
647	4.0128079156253476
648	3.672428927477694
649	3.672428927477694
650	3.672428927477694
651	3.672428927477694
652	4.425487343141019
653	4.425487343141019
654	4.425487343141019
655	4.425487343141019
656	4.889368474537584
657	4.889368474537584
658	4.889368474537584
659	4.889368474537584
660	4.2954163762658375
661	4.2954163762658375
662	4.2954163762658375
663	4.2954163762658375
664	4.37232297592407
665	4.37232297592407
666	4.37232297592407
667	4.37232297592407
668	4.17460970501534
669	4.17460970501534
670	4.17460970501534
671	4.17460970501534
672	4.330338095816693
673	4.330338095816693
674	4.330338095816693
675	4.330338095816693
676	4.251534202078079
677	4.251534202078079
678	4.251534202078079
679	4.251534202078079
680	4.435036910334418
681	4.435036910334418
682	4.435036910334418
683	4.435036910334418
684	4.6250891390844915
685	4.6250891390844915
686	4.6250891390844915
687	4.6250891390844915
688	4.42433144440061
689	4.42433144440061
690	4.42433144440061
691	4.42433144440061
692	4.2474248792407945
693	4.2474248792407945
694	4.2474248792407945
695	4.2474248792407945
696	4.583140684341772
697	4.583140684341772
698	4.583140684341772
699	4.583140684341772
700	4.444722237196781
701	4.444722237196781
702	4.444722237196781
703	4.444722237196781
704	4.54024804993195
705	4.54024804993195
706	4.54024804993195
707	4.54024804993195
708	4.323975345836697
709	4.323975345836697
710	3.1310682729596566
711	3.1310682729596566
712	3.1310682729596566
713	3.1310682729596566
714	2.9144240209933785
715	3.39362297235393
716	3.39362297235393
717	3.39362297235393
718	3.39362297235393
719	3.1350907214319
720	3.1350907214319
721	3.0178991326714084
722	3.0178991326714084
723	3.0178991326714084
724	3.0178991326714084
725	3.1399717765092943
726	3.1399717765092943
727	3.1399717765092943
728	3.1399717765092943
729	3.098415090598257
730	3.098415090598257
731	3.098415090598257
732	3.098415090598257
733	2.698445485589978
734	2.698445485589978
735	2.698445485589978
736	2.698445485589978
737	2.8636527134353185
738	2.8636527134353185
739	2.8636527134353185
740	2.8636527134353185
741	2.8833177685266835
742	2.8833177685266835
743	2.8833177685266835
744	2.8833177685266835
745	2.458953227633887
746	2.458953227633887
747	2.458953227633887
748	2.458953227633887
749	2.5169745281693836
750	2.5169745281693836
751	2.5169745281693836
752	2.5169745281693836
753	2.4415298646007675
754	2.4415298646007675
755	2.4415298646007675
756	2.4415298646007675
757	2.712567668472353
758	2.712567668472353
759	2.712567668472353
760	2.712567668472353
761	2.294656381379862
762	2.294656381379862
763	2.294656381379862
764	2.294656381379862
765	2.173779982770026
766	2.173779982770026
767	2.173779982770026
768	2.173779982770026
769	2.4482362822691015
770	2.4482362822691015
771	2.4482362822691015
772	2.4482362822691015
773	2.5629899335295345
774	2.5629899335295345
775	2.5629899335295345
776	2.5629899335295345
777	2.4908330369817193
778	2.4908330369817193
779	0.9711717115513929
780	0.9711717115513929
781	0.9711717115513929
782	0.9711717115513929
783	1.1768633181589567
784	1.1768633181589567
785	1.1768633181589567
786	1.1768633181589567
787	1.020783758660372
788	1.020783758660372
789	1.020783758660372
790	1.020783758660372
791	1.1693457662187925
792	1.1693457662187925
793	1.1693457662187925
794	1.1693457662187925
795	1.1226784316633074
796	1.1226784316633074
797	1.1226784316633074
798	1.1226784316633074
799	1.1340413924616517
800	1.1340413924616517
801	1.1340413924616517
802	1.1340413924616517
803	1.0712673397549646
804	1.0712673397549646
805	1.0712673397549646
806	1.0712673397549646
807	0.8894383585947012
808	0.8894383585947012
809	3.5192166937228677
810	3.5192166937228677
811	3.5192166937228677
812	3.5192166937228677
813	3.6547127403129336
814	3.6547127403129336
815	3.6547127403129336
816	3.6547127403129336
817	3.6308514153016667
818	3.6308514153016667
819	3.6308514153016667
820	3.6308514153016667
821	3.068107733227134
822	3.068107733227134
823	3.068107733227134
824	3.068107733227134
825	3.098980554171834
826	3.098980554171834
827	3.098980554171834
828	3.098980554171834
829	3.7364252885964127
830	3.7364252885964127
831	3.7364252885964127
832	3.7364252885964127
833	3.8767613294708387
834	3.8767613294708387
835	3.8767613294708387
836	3.8767613294708387
837	3.74094937995011
838	3.74094937995011
839	3.74094937995011
840	3.74094937995011
841	3.2322377232646877
842	3.2322377232646877
843	3.2322377232646877
844	3.2322377232646877
845	3.7968996441038114
846	3.7968996441038114
847	3.7968996441038114
848	3.7968996441038114
849	3.5915223156866514
850	3.5915223156866514
851	3.5915223156866514
852	3.5915223156866514
853	3.9779901544455325
854	3.9779901544455325
855	3.9779901544455325
856	3.9779901544455325
857	4.000714611762479
858	4.000714611762479
859	4.000714611762479
860	4.000714611762479
861	3.453428652098818
862	3.453428652098818
863	3.453428652098818
864	3.453428652098818
865	3.557818126602055
866	3.557818126602055
867	3.557818126602055
868	3.557818126602055
869	3.984519837537539
870	3.984519837537539
871	3.984519837537539
872	3.984519837537539
873	3.9655940237077245
874	3.9655940237077245
875	3.9655940237077245
876	3.9655940237077245
877	4.196966205948458
878	4.196966205948458
879	4.196966205948458
880	4.196966205948458
881	3.6290215060978257
882	3.6290215060978257
883	3.6290215060978257
884	3.6290215060978257
885	3.7488790602319892
886	3.7488790602319892
887	3.7488790602319892
888	3.7488790602319892
889	3.701424875534254
890	3.701424875534254
891	3.701424875534254
892	3.701424875534254
893	3.5331266739728786
894	3.5331266739728786
895	3.5331266739728786
896	3.5331266739728786
897	3.8087415795768838
898	3.8087415795768838
899	3.8087415795768838
900	3.8087415795768838
901	3.7543288910865917
902	3.7543288910865917
903	3.7543288910865917
904	3.7543288910865917
905	3.492719923418825
906	3.492719923418825
907	3.492719923418825
908	3.492719923418825
909	3.8028177376839944
910	3.8028177376839944
911	3.8028177376839944
912	3.8028177376839944
913	3.901650867792438
914	3.901650867792438
915	3.901650867792438
916	3.901650867792438
917	3.5448319360458456
918	3.5448319360458456
919	3.5448319360458456
920	3.5448319360458456
921	3.674441648193918
922	3.674441648193918
923	3.674441648193918
924	3.674441648193918
925	3.7965121500116847
926	3.7965121500116847
927	3.7965121500116847
928	3.7965121500116847
929	4.273997790566318
930	4.273997790566318
931	4.273997790566318
932	4.273997790566318
933	3.1385093662607395
934	3.1385093662607395
935	3.1385093662607395
936	3.1385093662607395
937	3.9733607191303095
938	3.9733607191303095
939	3.9733607191303095
940	3.9733607191303095
941	3.7968502438572274
942	3.7968502438572274
943	3.7968502438572274
944	3.7968502438572274
945	3.8383352333780514
946	3.8383352333780514
947	3.8383352333780514
948	3.8383352333780514
949	4.220056030213172
950	4.220056030213172
951	4.220056030213172
952	4.220056030213172
953	3.4233086006958593
954	3.4233086006958593
955	3.4233086006958593
956	3.4233086006958593
957	3.611418059860168
958	3.611418059860168
959	3.611418059860168
960	3.611418059860168
961	3.994869562622248
962	3.994869562622248
963	2.074700996193647
964	2.074700996193647
965	2.074700996193647
966	2.074700996193647
967	2.115920552120047
968	2.115920552120047
969	2.115920552120047
970	2.115920552120047
971	2.1604902001246384
972	2.1604902001246384
973	1.6249705049759047
974	1.6249705049759047
975	1.6249705049759047
976	3.4628587908450683
977	3.4628587908450683
978	2.207647907446147
979	2.207647907446147
980	2.207647907446147
981	2.207647907446147
982	2.8617321360450445
983	2.8617321360450445
984	2.8617321360450445
985	2.8617321360450445
986	3.0996006840987675
987	3.0996006840987675
988	1.1945580308191597
989	1.1945580308191597
990	1.1945580308191597
991	1.1945580308191597
992	1.1400592401245746
993	1.1400592401245746
994	1.1400592401245746
995	1.1400592401245746
996	1.0874618046361506
997	1.0874618046361506
998	1.0874618046361506
999	1.0874618046361506
1000	1.0181338416472077
1001	1.0181338416472077
1002	1.0181338416472077
1003	1.0181338416472077
1004	1.2311895781647237
1005	1.2311895781647237
1006	1.2311895781647237
1007	1.2311895781647237
1008	0.9840711254812777
1009	0.9840711254812777
1010	0.9840711254812777
1011	0.9840711254812777
1012	1.0950167095066095
1013	1.0950167095066095
1014	1.0950167095066095
1015	1.0950167095066095
1016	1.0314234269014597
1017	1.0314234269014597
1018	1.0314234269014597
1019	1.0314234269014597
1020	1.0863763917062077
1021	1.0863763917062077
1022	1.0863763917062077
1023	1.0863763917062077
1024	1.1186626817906704
1025	1.1186626817906704
1026	2.4912074432551847
1027	2.4912074432551847
1028	2.4912074432551847
1029	2.4912074432551847
1030	2.8293949906853104
1031	2.8293949906853104
1032	2.8293949906853104
1033	2.8293949906853104
1034	2.3367703517410425
1035	2.3367703517410425
1036	2.3367703517410425
1037	2.3367703517410425
1038	2.434959443239894
1039	2.434959443239894
1040	2.434959443239894
1041	2.434959443239894
1042	2.6446647475816834
1043	2.6446647475816834
1044	2.6446647475816834
1045	2.6446647475816834
1046	2.337860235903096
1047	2.337860235903096
1048	3.789905763496026
1049	3.789905763496026
1050	3.789905763496026
1051	3.789905763496026
1052	4.270251150431413
1053	4.270251150431413
1054	4.270251150431413
1055	4.270251150431413
1056	4.006817108350666
1057	4.006817108350666
1058	4.006817108350666
1059	4.006817108350666
1060	4.086631055385473
1061	4.086631055385473
1062	4.086631055385473
1063	4.086631055385473
1064	3.8311772570495446
1065	3.8311772570495446
1066	3.8311772570495446
1067	3.8311772570495446
1068	3.1345712842612805
1069	3.1345712842612805
1070	3.1345712842612805
1071	3.1345712842612805
1072	3.329935094732529
1073	3.329935094732529
1074	3.329935094732529
1075	3.329935094732529
1076	3.7261143102258436
1077	3.7261143102258436
1078	3.7261143102258436
1079	3.7261143102258436
1080	0.5689396221261884
1081	0.5689396221261884
1082	0.5689396221261884
1083	0.5689396221261884
1084	0.6762419873590727
1085	0.6762419873590727
1086	0.6762419873590727
1087	0.6762419873590727
1088	0.6400852884461656
1089	0.6400852884461656
1090	0.6400852884461656
1091	0.6400852884461656
1092	0.6457543503816107
1093	0.6457543503816107
1094	0.6457543503816107
1095	0.6457543503816107
1096	0.6680085986355444
1097	0.6680085986355444
1098	0.6680085986355444
1099	0.6680085986355444
1100	0.6200733195631615
1101	0.6200733195631615
1102	0.6200733195631615
1103	0.6200733195631615
1104	0.6759084057569873
1105	0.6759084057569873
1106	0.6759084057569873
1107	0.6759084057569873
1108	0.6596861569477608
1109	0.6596861569477608
1110	0.6596861569477608
1111	0.6596861569477608
1112	0.6678466954431549
1113	0.6678466954431549
1114	0.6678466954431549
1115	0.6678466954431549
1116	0.6052596909441199
1117	0.6052596909441199
1118	0.6052596909441199
1119	0.6052596909441199
1120	0.6375257261274863
1121	2.3651569093022955
1122	2.3651569093022955
1123	2.3651569093022955
1124	2.3651569093022955
1125	2.6961306757537478
1126	2.6961306757537478
1127	2.6961306757537478
1128	2.6961306757537478
1129	2.464535028163501
1130	2.464535028163501
1131	2.464535028163501
1132	2.464535028163501
1133	2.4200756096922804
1134	2.4200756096922804
1135	2.4200756096922804
1136	1.1147664079550206
1137	1.1147664079550206
1138	1.1147664079550206
1139	1.1147664079550206
1140	1.1167521214974454
1141	1.1167521214974454
1142	1.1167521214974454
1143	1.1167521214974454
1144	1.0494010876125612
1145	1.0494010876125612
1146	1.0494010876125612
1147	1.0494010876125612
1148	1.025343436880655
1149	1.025343436880655
1150	1.025343436880655
1151	1.025343436880655
1152	1.048641445585145
1153	1.048641445585145
1154	1.048641445585145
1155	1.048641445585145
1156	1.035513382413264
1157	1.035513382413264
1158	1.035513382413264
1159	1.035513382413264
1160	1.1234203280259292
1161	1.1234203280259292
1162	1.1234203280259292
1163	1.1234203280259292
1164	1.0763059804148787
1165	1.0763059804148787
1166	1.0763059804148787
1167	1.0763059804148787
1168	1.0202957493218157
1169	1.0202957493218157
1170	2.1872654264340627
1171	2.1872654264340627
1172	2.1872654264340627
1173	2.1872654264340627
1174	1.992184257202571
1175	1.992184257202571
1176	1.992184257202571
1177	1.992184257202571
1178	2.124986845942369
1179	2.124986845942369
1180	2.124986845942369
1181	2.124986845942369
1182	2.0172990195705274
1183	2.0172990195705274
1184	2.0172990195705274
1185	2.0172990195705274
1186	2.1516810914100635
1187	2.1516810914100635
1188	2.1516810914100635
1189	2.1516810914100635
1190	1.8902578822632987
1191	1.8902578822632987
1192	1.8902578822632987
1193	0.6190935951521731
1194	2.4087036656935306
1195	2.4087036656935306
1196	2.4087036656935306
1197	2.4087036656935306
1198	2.5888295801437122
1199	2.5888295801437122
1200	2.5888295801437122
1201	2.5888295801437122
1202	2.4640806149919303
1203	2.4640806149919303
1204	2.4640806149919303
1205	2.4640806149919303
1206	2.376256700085866
1207	2.376256700085866
1208	2.376256700085866
1209	2.376256700085866
1210	2.567701038329762
1211	2.567701038329762
1212	2.567701038329762
1213	2.567701038329762
1214	2.5822896532571695
1215	2.5822896532571695
1216	1.823886098469096
1217	1.823886098469096
1218	1.823886098469096
1219	1.823886098469096
1220	2.1040752629384833
1221	2.1040752629384833
1222	2.1040752629384833
1223	2.1040752629384833
1224	1.9466610017774042
1225	1.9466610017774042
1226	1.9466610017774042
1227	1.9466610017774042
1228	1.9301257895563322
1229	1.9301257895563322
1230	1.9301257895563322
1231	1.9301257895563322
1232	2.054889803295267
1233	2.054889803295267
1234	2.054889803295267
1235	2.054889803295267
1236	2.006247917547239
1237	2.006247917547239
1238	2.006247917547239
1239	2.006247917547239
1240	3.499549622389683
1241	3.499549622389683
1242	3.499549622389683
1243	3.499549622389683
1244	3.66982467263329
1245	3.66982467263329
1246	3.66982467263329
1247	3.66982467263329
1248	4.083909492058521
1249	4.083909492058521
1250	4.083909492058521
1251	4.083909492058521
1252	3.6644761586377856
1253	3.6644761586377856
1254	3.6644761586377856
1255	3.6644761586377856
1256	3.5322373927463704
1257	3.5322373927463704
1258	3.5322373927463704
1259	3.5322373927463704
1260	4.005478264653761
1261	4.005478264653761
1262	4.005478264653761
1263	4.005478264653761
1264	4.0150004913717305
1265	4.0150004913717305
1266	4.0150004913717305
1267	4.0150004913717305
1268	3.7423915899178413
1269	3.7423915899178413
1270	3.7423915899178413
1271	3.7423915899178413
1272	4.163173462069911
1273	4.163173462069911
1274	4.163173462069911
1275	4.163173462069911
1276	3.631060707243775
1277	3.631060707243775
1278	3.631060707243775
1279	3.631060707243775
1280	2.4798512407567634
1281	2.4798512407567634
1282	2.4798512407567634
1283	2.4798512407567634
1284	2.999266781735544
1285	2.999266781735544
1286	2.999266781735544
1287	2.999266781735544
1288	2.9204781163552487
1289	2.9204781163552487
1290	2.9204781163552487
1291	2.9204781163552487
1292	3.231153486239939
1293	3.231153486239939
1294	3.231153486239939
1295	3.231153486239939
1296	3.108012382122125
1297	3.108012382122125
1298	3.108012382122125
1299	3.108012382122125
1300	0.609132955914077
1301	0.609132955914077
1302	0.609132955914077
1303	0.609132955914077
1304	0.6155077027968675
1305	0.6155077027968675
1306	0.6155077027968675
1307	0.6155077027968675
1308	0.6345463906923362
1309	0.6345463906923362
1310	0.6345463906923362
1311	0.6345463906923362
1312	3.317736169404054
1313	3.317736169404054
1314	3.317736169404054
1315	3.317736169404054
1316	3.4348346473795868
1317	3.4348346473795868
1318	3.4348346473795868
1319	3.4348346473795868
1320	2.9938951380231096
1321	2.9938951380231096
1322	2.9938951380231096
1323	2.9938951380231096
1324	3.629456179661025
1325	3.629456179661025
1326	2.9321785775247573
1327	2.9321785775247573
1328	2.9321785775247573
1329	2.9321785775247573
1330	2.838344074394225
1331	2.838344074394225
1332	2.838344074394225
1333	2.838344074394225
1334	2.674009811298153
1335	2.674009811298153
1336	2.674009811298153
1337	2.674009811298153
1338	3.2714356049008533
1339	3.2714356049008533
1340	3.2714356049008533
1341	3.2714356049008533
1342	2.6553443768625185
1343	2.6553443768625185
1344	2.6553443768625185
1345	2.6553443768625185
1346	3.330447584633811
1347	3.330447584633811
1348	3.330447584633811
1349	3.330447584633811
1350	2.9101421826777614
1351	2.9101421826777614
1352	2.9101421826777614
1353	2.9101421826777614
1354	2.877021160486763
1355	2.877021160486763
1356	2.877021160486763
1357	2.877021160486763
1358	3.334845900005962
1359	3.334845900005962
1360	3.334845900005962
1361	3.334845900005962
1362	2.858474064893963
1363	2.858474064893963
1364	2.858474064893963
1365	2.858474064893963
1366	2.7982608033129934
1367	2.7982608033129934
1368	2.7982608033129934
1369	2.7982608033129934
1370	3.105478052809945
1371	3.105478052809945
1372	3.105478052809945
1373	3.105478052809945
1374	2.765161266043698
1375	2.765161266043698
1376	2.765161266043698
1377	2.765161266043698
1378	3.053131854150472
1379	3.053131854150472
1380	3.053131854150472
1381	3.053131854150472
1382	3.2111760797478435
1383	3.2111760797478435
1384	3.2111760797478435
1385	3.2111760797478435
1386	0.6480954391852725
1387	0.6480954391852725
1388	0.6480954391852725
1389	0.6480954391852725
1390	0.6525749332246416
1391	0.6525749332246416
1392	0.6525749332246416
1393	0.6525749332246416
1394	0.5665526783722681
1395	0.5665526783722681
1396	0.5665526783722681
1397	0.5665526783722681
1398	0.6114730697139945
1399	0.6114730697139945
1400	0.6114730697139945
1401	0.6114730697139945
1402	0.6907984542619228
1403	0.6907984542619228
1404	0.6907984542619228
1405	0.6907984542619228
1406	0.6592852440443501
1407	0.6592852440443501
1408	0.6592852440443501
1409	0.6592852440443501
1410	0.6017579878879716
1411	0.6017579878879716
1412	0.6017579878879716
1413	0.6017579878879716
1414	0.6987913006864105
1415	0.6987913006864105
1416	0.6987913006864105
1417	0.6987913006864105
1418	0.6340427653495252
1419	0.6340427653495252
1420	0.6340427653495252
1421	0.6340427653495252
1422	0.6081777318535507
1423	0.6081777318535507
1424	0.6081777318535507
1425	0.6081777318535507
1426	0.6519044853505067
1427	0.6519044853505067
1428	0.6519044853505067
1429	0.6519044853505067
1430	0.6602000272378109
1431	0.6602000272378109
1432	0.6602000272378109
1433	0.6602000272378109
1434	0.6551056222708339
1435	0.6551056222708339
1436	0.6551056222708339
1437	0.6551056222708339
1438	0.7028570097345791
1439	0.7028570097345791
1440	0.7028570097345791
1441	0.7028570097345791
1442	0.7210212457380747
1443	0.7210212457380747
1444	0.7210212457380747
1445	0.7210212457380747
1446	0.6351422662452495
1447	0.6351422662452495
1448	0.6351422662452495
1449	0.6351422662452495
1450	0.6833492149069681
1451	0.6833492149069681
1452	0.6833492149069681
1453	0.6833492149069681
1454	0.6663322812516309
1455	0.6663322812516309
1456	0.6663322812516309
1457	0.6663322812516309
1458	2.0914635089956053
1459	2.0914635089956053
1460	2.0914635089956053
1461	2.0914635089956053
1462	2.1504943432171615
1463	2.1504943432171615
1464	2.1504943432171615
1465	2.1504943432171615
1466	2.14200206614708
1467	2.14200206614708
1468	2.14200206614708
1469	2.14200206614708
1470	2.157543992096976
1471	2.157543992096976
1472	2.157543992096976
1473	2.157543992096976
1474	2.0650893527261567
1475	2.0650893527261567
1476	2.0650893527261567
1477	2.0650893527261567
1478	1.9086803638500678
1479	1.9086803638500678
1480	1.9086803638500678
1481	1.9086803638500678
1482	1.8254599781319711
1483	1.8254599781319711
1484	1.8254599781319711
1485	1.8254599781319711
1486	1.9905236492075664
1487	1.9905236492075664
1488	1.9905236492075664
1489	1.9905236492075664
1490	1.9833750993372177
1491	1.9833750993372177
1492	1.9833750993372177
1493	1.9833750993372177
1494	1.9970409336078392
1495	1.9970409336078392
1496	1.9970409336078392
1497	1.9970409336078392
1498	2.108951025808996
1499	2.108951025808996
1500	2.108951025808996
1501	2.108951025808996
1502	1.9725384948090938
1503	1.9725384948090938
1504	1.9725384948090938
1505	1.9725384948090938
1506	2.2194620357583243
1507	2.2194620357583243
1508	2.2194620357583243
1509	2.2194620357583243
1510	2.063602109410789
1511	2.063602109410789
1512	2.063602109410789
1513	2.063602109410789
1514	2.039286376178109
1515	2.039286376178109
1516	2.039286376178109
1517	2.039286376178109
1518	1.9239310666419192
1519	1.9239310666419192
1520	1.9239310666419192
1521	1.9239310666419192
1522	1.9498767835444466
1523	1.9498767835444466
1524	1.9498767835444466
1525	1.9498767835444466
1526	2.162240918765472
1527	2.162240918765472
1528	2.162240918765472
1529	2.162240918765472
1530	1.990153340114804
1531	1.990153340114804
1532	1.990153340114804
1533	1.990153340114804
1534	2.185685853022791
1535	2.185685853022791
1536	2.185685853022791
1537	2.185685853022791
1538	2.2746137173181644
1539	2.2746137173181644
1540	1.0423265159022808
1541	1.0423265159022808
1542	1.0423265159022808
1543	1.0423265159022808
1544	1.106765223327486
1545	1.106765223327486
1546	1.106765223327486
1547	3.1953410418661656
1548	3.1953410418661656
1549	3.1953410418661656
1550	3.1953410418661656
1551	2.856456001547252
1552	2.856456001547252
1553	2.856456001547252
1554	2.856456001547252
1555	2.5464312723116973
1556	2.5464312723116973
1557	2.5464312723116973
1558	2.5464312723116973
1559	2.9773954897916264
1560	2.9773954897916264
1561	2.9773954897916264
1562	2.9773954897916264
1563	2.9797894539611973
1564	2.9797894539611973
1565	2.9797894539611973
1566	2.9797894539611973
1567	2.9254002964729007
1568	2.9254002964729007
1569	2.9254002964729007
1570	2.9254002964729007
1571	3.2347765158551125
1572	3.2347765158551125
1573	3.2347765158551125
1574	3.2347765158551125
1575	2.768498615064324
1576	2.768498615064324
1577	2.768498615064324
1578	2.768498615064324
1579	2.8101732506637687
1580	2.8101732506637687
1581	2.8101732506637687
1582	2.8101732506637687
1583	2.9753992994575644
1584	2.9753992994575644
1585	2.9753992994575644
1586	2.9753992994575644
1587	3.0591338613049697
1588	3.0591338613049697
1589	3.0591338613049697
1590	3.0591338613049697
1591	2.8089439181558102
1592	2.8089439181558102
1593	2.8089439181558102
1594	2.8089439181558102
1595	2.791002383378124
1596	2.791002383378124
1597	2.791002383378124
1598	2.791002383378124
1599	3.279437036147407
1600	3.279437036147407
1601	3.279437036147407
1602	3.279437036147407
1603	2.915004433225686
1604	2.915004433225686
1605	2.915004433225686
1606	2.915004433225686
1607	3.296847443929611
1608	3.296847443929611
1609	3.296847443929611
1610	3.296847443929611
1611	2.730105250564802
1612	2.730105250564802
1613	2.730105250564802
1614	2.730105250564802
1615	2.6102706389380455
1616	2.6102706389380455
1617	2.6102706389380455
1618	2.6102706389380455
1619	2.73753723797173
1620	2.73753723797173
1621	2.73753723797173
1622	2.73753723797173
1623	2.8497139156122175
1624	2.8497139156122175
1625	2.8497139156122175
1626	0.9767999791966756
1627	0.9767999791966756
1628	0.9767999791966756
1629	0.9767999791966756
1630	1.0007382855479094
1631	1.0007382855479094
1632	1.0007382855479094
1633	1.0007382855479094
1634	1.0746329372839594
1635	1.0746329372839594
1636	1.0746329372839594
1637	1.0746329372839594
1638	1.1021338323334693
1639	1.1021338323334693
1640	1.1021338323334693
1641	1.1021338323334693
1642	3.035413022529238
1643	3.035413022529238
1644	3.035413022529238
1645	3.035413022529238
1646	1.056599789682418
1647	1.056599789682418
1648	1.056599789682418
1649	1.056599789682418
1650	1.2569704695484392
1651	1.2569704695484392
1652	1.2569704695484392
1653	1.2569704695484392
1654	1.0017662774261447
1655	1.0017662774261447
1656	1.0017662774261447
1657	1.0017662774261447
1658	1.0439784816451234
1659	1.0439784816451234
1660	1.0439784816451234
1661	1.0439784816451234
1662	0.9867235627266567
1663	0.9867235627266567
1664	0.9867235627266567
1665	0.9867235627266567
1666	2.4849999164630105
1667	2.4849999164630105
1668	2.4849999164630105
1669	2.4849999164630105
1670	2.730791802416722
1671	2.730791802416722
1672	2.730791802416722
1673	2.730791802416722
1674	2.46514137010467
1675	2.46514137010467
1676	1.2029313004567803
1677	1.2029313004567803
1678	1.2029313004567803
1679	1.2029313004567803
1680	1.0390503836860352
1681	1.0390503836860352
1682	1.0390503836860352
1683	1.0390503836860352
1684	1.1434577443750817
1685	1.1434577443750817
1686	1.1434577443750817
1687	1.1434577443750817
1688	1.044360102818135
1689	1.044360102818135
1690	1.044360102818135
1691	1.044360102818135
1692	1.1586897116113064
1693	1.1586897116113064
1694	1.1586897116113064
1695	1.1586897116113064
1696	1.271304114153513
1697	1.271304114153513
1698	1.271304114153513
1699	1.271304114153513
1700	1.0669256196400816
1701	1.0669256196400816
1702	1.0669256196400816
1703	1.0669256196400816
1704	1.1851953986523784
1705	1.1851953986523784
1706	1.1851953986523784
1707	1.1851953986523784
1708	1.0846562670192645
1709	1.0846562670192645
1710	1.0846562670192645
1711	1.0846562670192645
1712	1.236666559286123
1713	1.236666559286123
1714	1.236666559286123
1715	1.236666559286123
1716	0.893799384844048
1717	0.893799384844048
1718	0.893799384844048
1719	0.893799384844048
1720	1.0480602980879312
1721	1.0480602980879312
1722	1.0480602980879312
1723	1.0480602980879312
1724	1.1342016689141274
1725	1.1342016689141274
1726	1.1342016689141274
1727	1.1342016689141274
1728	1.111518772435101
1729	1.111518772435101
1730	1.111518772435101
1731	1.111518772435101
1732	1.1247556080869203
1733	1.1247556080869203
1734	1.1247556080869203
1735	1.1247556080869203
1736	1.0688315123302348
1737	1.0688315123302348
1738	1.0688315123302348
1739	1.0688315123302348
1740	1.2279086070097083
1741	1.2279086070097083
1742	1.2279086070097083
1743	1.2279086070097083
1744	1.1593746033251608
1745	1.1593746033251608
1746	1.1593746033251608
1747	1.1593746033251608
1748	1.0783420779092037
1749	1.0783420779092037
1750	1.0783420779092037
1751	1.0783420779092037
1752	1.0811628763394867
1753	1.0811628763394867
1754	1.0811628763394867
1755	1.0811628763394867
1756	1.2186485857634826
1757	1.2186485857634826
1758	1.2186485857634826
1759	1.2186485857634826
1760	1.2295263363596178
1761	1.2295263363596178
1762	1.2295263363596178
1763	1.2295263363596178
1764	1.189218238485562
1765	1.189218238485562
1766	1.189218238485562
1767	2.729726441975252
1768	2.729726441975252
1769	2.729726441975252
1770	2.729726441975252
1771	2.803468815493571
1772	2.803468815493571
1773	2.803468815493571
1774	2.803468815493571
1775	3.0006116784744226
1776	3.0006116784744226
1777	3.0006116784744226
1778	3.0006116784744226
1779	3.0379514528883966
1780	3.0379514528883966
1781	3.0379514528883966
1782	3.0379514528883966
1783	3.0297144292787923
1784	3.0297144292787923
1785	3.0297144292787923
1786	3.0297144292787923
1787	3.159893290433854
1788	3.159893290433854
1789	3.159893290433854
1790	3.159893290433854
1791	2.6360187728995204
1792	2.6360187728995204
1793	2.6360187728995204
1794	2.6360187728995204
1795	3.0690301651136047
1796	3.0690301651136047
1797	3.0690301651136047
1798	3.0690301651136047
1799	2.8836533537342697
1800	2.8836533537342697
1801	2.8836533537342697
1802	2.8836533537342697
1803	2.769752412425809
1804	2.769752412425809
1805	2.769752412425809
1806	2.769752412425809
1807	2.908949556707431
1808	2.908949556707431
1809	2.908949556707431
1810	2.908949556707431
1811	3.019524901968264
1812	3.019524901968264
1813	3.019524901968264
1814	3.019524901968264
1815	2.8467814084337255
1816	2.8467814084337255
1817	2.8467814084337255
1818	2.8467814084337255
1819	2.951988394917828
1820	2.951988394917828
1821	2.951988394917828
1822	2.951988394917828
1823	2.752188701347435
1824	2.752188701347435
1825	2.752188701347435
1826	4.5755552514253655
1827	2.4557636811241763
1828	2.4557636811241763
1829	2.4557636811241763
1830	2.4557636811241763
1831	2.2674015004182966
1832	2.2674015004182966
1833	4.0541009334248175
1834	4.0541009334248175
1835	4.0541009334248175
1836	4.0541009334248175
1837	4.705909433650369
1838	4.705909433650369
1839	4.705909433650369
1840	4.705909433650369
1841	4.467222158449408
1842	4.467222158449408
1843	4.467222158449408
1844	4.467222158449408
1845	4.302010832268859
1846	4.302010832268859
1847	4.302010832268859
1848	4.302010832268859
1849	4.386310876180047
1850	4.386310876180047
1851	4.386310876180047
1852	4.386310876180047
1853	4.11210758164583
1854	4.11210758164583
1855	4.11210758164583
1856	4.11210758164583
1857	4.442638483717871
1858	4.442638483717871
1859	1.7725020275665642
1860	1.7725020275665642
1861	1.7725020275665642
1862	1.7725020275665642
1863	1.5092316657124916
1864	1.5092316657124916
1865	1.5092316657124916
1866	1.5092316657124916
1867	1.6699262278520113
1868	1.6699262278520113
1869	1.6699262278520113
1870	1.6699262278520113
1871	1.5757392408568525
1872	1.5757392408568525
1873	1.5757392408568525
1874	1.5757392408568525
1875	0.1808785974725305
1876	0.1808785974725305
1877	0.1808785974725305
1878	0.1808785974725305
1879	0.20703162570228478
1880	0.20703162570228478
1881	0.20703162570228478
1882	0.20703162570228478
1883	0.185639920305611
1884	0.185639920305611
1885	0.185639920305611
1886	0.185639920305611
1887	0.19521812829758817
1888	0.19521812829758817
1889	0.19521812829758817
1890	0.19521812829758817
1891	0.20414852966695157
1892	0.20414852966695157
1893	0.20414852966695157
1894	0.20414852966695157
1895	0.19273819488269991
1896	0.19273819488269991
1897	0.19273819488269991
1898	0.19273819488269991
1899	0.2339391196079999
1900	0.2339391196079999
1901	0.2339391196079999
1902	0.2339391196079999
1903	0.17032716642168927
1904	0.17032716642168927
1905	0.17032716642168927
1906	0.17032716642168927
1907	0.20221794506711746
1908	0.20221794506711746
1909	0.20221794506711746
1910	0.20221794506711746
1911	0.21654068011224453
1912	0.21654068011224453
1913	0.21654068011224453
1914	0.21654068011224453
1915	0.19755698810615585
1916	0.19755698810615585
1917	0.19755698810615585
1918	0.19755698810615585
1919	0.21206232308878817
1920	0.21206232308878817
1921	0.21206232308878817
1922	0.21206232308878817
1923	0.19855965940014367
1924	0.19855965940014367
1925	0.19855965940014367
1926	0.19855965940014367
1927	0.1873469285635314
1928	0.1873469285635314
1929	0.1873469285635314
1930	0.1873469285635314
1931	0.19168541678426307
1932	0.19168541678426307
1933	0.19168541678426307
1934	0.19168541678426307
1935	0.18706618385998128
1936	0.18706618385998128
1937	0.18706618385998128
1938	0.18706618385998128
1939	0.19552184373841452
1940	0.19552184373841452
1941	0.19552184373841452
1942	0.19552184373841452
1943	0.18384358497608205
1944	0.18384358497608205
1945	0.18384358497608205
1946	0.18384358497608205
1947	0.1883778800225955
1948	0.1883778800225955
1949	1.1363292217298488
1950	1.1363292217298488
1951	1.1363292217298488
1952	1.1363292217298488
1953	1.116694446803263
1954	1.116694446803263
1955	1.116694446803263
1956	1.116694446803263
1957	1.0447218622849368
1958	1.0447218622849368
1959	1.0447218622849368
1960	1.0447218622849368
1961	1.169878203385759
1962	1.169878203385759
1963	1.169878203385759
1964	1.169878203385759
1965	1.1646029951478147
1966	1.1646029951478147
1967	1.1646029951478147
1968	1.1646029951478147
1969	1.0241015319828346
1970	1.0241015319828346
1971	1.0241015319828346
1972	1.0241015319828346
1973	1.0384963283859405
1974	1.0384963283859405
1975	1.0384963283859405
1976	1.0384963283859405
1977	1.0766055116745599
1978	1.0766055116745599
1979	1.0766055116745599
1980	1.0766055116745599
1981	1.273132809563569
1982	1.273132809563569
1983	1.273132809563569
1984	1.273132809563569
1985	1.1547506796909226
1986	1.1547506796909226
1987	1.1547506796909226
1988	1.1547506796909226
1989	1.2131017916530538
1990	1.2131017916530538
1991	1.2131017916530538
1992	1.2131017916530538
1993	1.1304239521722141
1994	1.1304239521722141
1995	1.1304239521722141
1996	1.1304239521722141
1997	1.068270789083339
1998	1.068270789083339
1999	1.068270789083339
