0	2.604842346881772
1	2.604842346881772
2	2.604842346881772
3	2.604842346881772
4	3.5083026126222197
5	3.5083026126222197
6	2.012586483942414
7	2.012586483942414
8	2.012586483942414
9	2.012586483942414
10	1.5633490116281208
11	1.5633490116281208
12	1.5633490116281208
13	1.5633490116281208
14	1.5270544446586367
15	1.5270544446586367
16	1.5270544446586367
17	1.5270544446586367
18	1.8675492277071906
19	1.8675492277071906
20	1.8675492277071906
21	1.8675492277071906
22	2.3319693156629993
23	2.3319693156629993
24	2.3319693156629993
25	2.3319693156629993
26	1.7604977405986983
27	1.7604977405986983
28	1.7604977405986983
29	1.7604977405986983
30	2.200793567820055
31	2.200793567820055
32	2.200793567820055
33	2.200793567820055
34	2.014709793477979
35	2.014709793477979
36	2.014709793477979
37	2.014709793477979
38	0.7591623069841429
39	0.7591623069841429
40	0.7591623069841429
41	0.7591623069841429
42	3.013517971087814
43	3.013517971087814
44	3.013517971087814
45	3.013517971087814
46	2.168772402693697
47	2.168772402693697
48	2.168772402693697
49	2.168772402693697
50	2.2770894792006975
51	2.2770894792006975
52	2.2770894792006975
53	2.2770894792006975
54	2.5780638210834077
55	2.5780638210834077
56	2.5780638210834077
57	2.5780638210834077
58	1.2790127866065184
59	1.2790127866065184
60	1.2790127866065184
61	1.2790127866065184
62	1.7213169971923257
63	1.7213169971923257
64	1.7213169971923257
65	1.7213169971923257
66	1.6908065912003756
67	1.6908065912003756
68	1.6908065912003756
69	1.6908065912003756
70	1.8381481076505821
71	1.8381481076505821
72	1.8381481076505821
73	1.8381481076505821
74	3.3957464051184396
75	3.3957464051184396
76	3.3957464051184396
77	3.3957464051184396
78	1.6782684505085212
79	1.6782684505085212
80	1.6782684505085212
81	1.6782684505085212
82	1.428876514665287
83	1.428876514665287
84	1.428876514665287
85	1.428876514665287
86	1.1380571432489721
87	1.1380571432489721
88	1.1380571432489721
89	1.1380571432489721
90	1.9392747495054141
91	1.9392747495054141
92	1.9392747495054141
93	1.9392747495054141
94	3.0035295664955775
95	3.0035295664955775
96	3.0035295664955775
97	3.0035295664955775
98	1.5195371622800293
99	1.5195371622800293
100	1.5195371622800293
101	1.5195371622800293
102	2.4201178573845334
103	2.4201178573845334
104	2.4201178573845334
105	2.4201178573845334
106	2.4841983449458915
107	2.4841983449458915
108	2.4841983449458915
109	2.4841983449458915
110	2.4089211341704173
111	2.4089211341704173
112	2.4089211341704173
113	2.4089211341704173
114	2.6181749894606083
115	2.6181749894606083
116	2.6181749894606083
117	2.6181749894606083
118	2.1127500286679384
119	2.1127500286679384
120	2.1127500286679384
121	2.1127500286679384
122	2.842879642891244
123	2.842879642891244
124	2.842879642891244
125	2.842879642891244
126	3.3748198510710905
127	3.3748198510710905
128	3.3748198510710905
129	3.3748198510710905
130	1.8485726695998161
131	1.8485726695998161
132	1.8485726695998161
133	1.8485726695998161
134	3.1650787446235458
135	3.1650787446235458
136	3.1650787446235458
137	3.1650787446235458
138	2.0532354474557284
139	2.0532354474557284
140	2.9754582695460075
141	2.9754582695460075
142	2.9754582695460075
143	2.9754582695460075
144	2.7401246362480594
145	2.7401246362480594
146	2.7401246362480594
147	2.7401246362480594
148	3.896619144583621
149	3.896619144583621
150	3.896619144583621
151	3.896619144583621
152	4.010602165787552
153	4.010602165787552
154	4.010602165787552
155	4.010602165787552
156	3.535284936535175
157	3.535284936535175
158	3.535284936535175
159	3.535284936535175
160	3.099480138981819
161	3.099480138981819
162	3.099480138981819
163	3.099480138981819
164	3.4456358458841088
165	3.4456358458841088
166	3.4456358458841088
167	3.4456358458841088
168	4.78321237376719
169	4.78321237376719
170	4.78321237376719
171	4.78321237376719
172	6.089474241314397
173	6.089474241314397
174	6.089474241314397
175	6.089474241314397
176	2.5204308422598203
177	2.5204308422598203
178	2.5204308422598203
179	2.5204308422598203
180	3.616062926181201
181	3.616062926181201
182	3.616062926181201
183	1.3279464287136964
184	1.3279464287136964
185	1.3279464287136964
186	1.3279464287136964
187	1.7016954733884009
188	1.7016954733884009
189	1.7016954733884009
190	1.7016954733884009
191	1.7139549290903244
192	1.7139549290903244
193	1.7139549290903244
194	1.7139549290903244
195	2.0599408252281664
196	2.0599408252281664
197	2.0599408252281664
198	2.0599408252281664
199	2.362941280458726
200	2.362941280458726
201	2.362941280458726
202	2.362941280458726
203	2.8496588150362534
204	2.8496588150362534
205	2.8496588150362534
206	2.8496588150362534
207	4.156316500413809
208	4.156316500413809
209	4.156316500413809
210	4.156316500413809
211	3.075581376875689
212	3.075581376875689
213	3.075581376875689
214	3.075581376875689
215	3.5239550207185038
216	3.5239550207185038
217	3.5239550207185038
218	3.5239550207185038
219	3.8398218562423683
220	3.8398218562423683
221	3.8398218562423683
222	3.8398218562423683
223	4.801779578143931
224	4.801779578143931
225	4.801779578143931
226	4.801779578143931
227	3.549735455168419
228	3.549735455168419
229	3.549735455168419
230	3.549735455168419
231	4.683123691120692
232	4.683123691120692
233	4.683123691120692
234	4.683123691120692
235	4.048553138130156
236	4.048553138130156
237	4.048553138130156
238	4.048553138130156
239	3.230917815675131
240	3.230917815675131
241	3.230917815675131
242	3.230917815675131
243	3.1163421415185724
244	3.1163421415185724
245	3.1163421415185724
246	3.1163421415185724
247	2.3955394525136207
248	2.3955394525136207
249	2.3955394525136207
250	2.3955394525136207
251	4.43670543428896
252	4.43670543428896
253	4.43670543428896
254	4.43670543428896
255	4.208892018079628
256	4.208892018079628
257	4.208892018079628
258	4.208892018079628
259	2.6555047286787126
260	2.6555047286787126
261	2.6555047286787126
262	2.6555047286787126
263	5.224394962521059
264	5.224394962521059
265	5.224394962521059
266	5.224394962521059
267	3.3790998417654383
268	3.3790998417654383
269	3.3790998417654383
270	3.3790998417654383
271	3.1223334541242815
272	3.1223334541242815
273	3.1223334541242815
274	3.1223334541242815
275	0.9393036864130067
276	0.9393036864130067
277	0.9393036864130067
278	0.9393036864130067
279	1.059537305606011
280	1.059537305606011
281	1.059537305606011
282	1.059537305606011
283	1.6078874918289228
284	1.6078874918289228
285	1.6078874918289228
286	2.2746974819229586
287	2.2746974819229586
288	2.2746974819229586
289	2.2746974819229586
290	2.447198744642796
291	2.447198744642796
292	2.447198744642796
293	2.447198744642796
294	2.001425327271256
295	2.001425327271256
296	2.001425327271256
297	2.001425327271256
298	2.984580067311076
299	2.984580067311076
300	2.984580067311076
301	2.984580067311076
302	2.460099677893068
303	2.460099677893068
304	2.460099677893068
305	2.460099677893068
306	2.991445071430024
307	2.991445071430024
308	2.991445071430024
309	2.991445071430024
310	0.9607672499213233
311	0.9607672499213233
312	0.9607672499213233
313	0.9607672499213233
314	0.963496270964245
315	0.963496270964245
316	0.963496270964245
317	0.963496270964245
318	1.0123850523393352
319	1.0123850523393352
320	1.0123850523393352
321	1.0123850523393352
322	0.44986711546761815
323	0.44986711546761815
324	0.44986711546761815
325	0.44986711546761815
326	1.403523192052417
327	1.403523192052417
328	1.403523192052417
329	1.403523192052417
330	0.43790735146778315
331	0.43790735146778315
332	0.43790735146778315
333	0.43790735146778315
334	1.400385635638323
335	1.400385635638323
336	1.400385635638323
337	1.400385635638323
338	1.6374136129857364
339	1.6374136129857364
340	1.6374136129857364
341	1.6374136129857364
342	1.0383355286347198
343	1.0383355286347198
344	1.0383355286347198
345	1.0383355286347198
346	0.9182055863239373
347	0.9182055863239373
348	0.9182055863239373
349	0.9182055863239373
350	1.183348965305628
351	1.183348965305628
352	1.183348965305628
353	1.183348965305628
354	1.5103540504032913
355	1.5103540504032913
356	1.5103540504032913
357	1.5103540504032913
358	1.340670047768562
359	1.340670047768562
360	1.340670047768562
361	1.340670047768562
362	1.5287744648818575
363	1.5287744648818575
364	1.5287744648818575
365	1.5287744648818575
366	1.3327955262719304
367	1.87080484430629
368	1.87080484430629
369	1.87080484430629
370	1.87080484430629
371	1.723831893078386
372	1.723831893078386
373	1.723831893078386
374	1.723831893078386
375	2.1882284353998305
376	2.1882284353998305
377	2.1882284353998305
378	2.1882284353998305
379	2.4870586695242216
380	2.4870586695242216
381	2.4870586695242216
382	2.4870586695242216
383	2.686091211309149
384	2.686091211309149
385	2.686091211309149
386	2.686091211309149
387	1.7582667939381484
388	1.7582667939381484
389	1.7582667939381484
390	1.7582667939381484
391	2.9640323853382182
392	2.9640323853382182
393	2.9640323853382182
394	2.9640323853382182
395	2.5162958829363884
396	2.5162958829363884
397	2.5162958829363884
398	2.5162958829363884
399	1.2473751642673616
400	1.2473751642673616
401	1.2473751642673616
402	1.2473751642673616
403	1.6863321283430426
404	1.6863321283430426
405	1.6863321283430426
406	1.6863321283430426
407	2.2841992660509463
408	2.2841992660509463
409	2.2841992660509463
410	2.2841992660509463
411	2.082649110772945
412	2.082649110772945
413	2.082649110772945
414	2.082649110772945
415	1.949935157138739
416	1.949935157138739
417	1.949935157138739
418	1.949935157138739
419	2.1285644734902904
420	2.1285644734902904
421	2.1285644734902904
422	2.1285644734902904
423	3.277000232390075
424	3.277000232390075
425	3.277000232390075
426	3.277000232390075
427	1.4309635506350693
428	1.4309635506350693
429	1.4309635506350693
430	1.4309635506350693
431	2.1167074912482553
432	2.1167074912482553
433	2.1167074912482553
434	2.1167074912482553
435	1.7310594320315573
436	1.7310594320315573
437	1.7310594320315573
438	1.7310594320315573
439	2.539836589137141
440	2.539836589137141
441	2.539836589137141
442	2.539836589137141
443	2.405464855112996
444	2.405464855112996
445	2.405464855112996
446	2.405464855112996
447	2.1440016548101135
448	2.1440016548101135
449	2.1440016548101135
450	2.1440016548101135
451	2.2016703134201068
452	2.2016703134201068
453	2.2016703134201068
454	2.2016703134201068
455	2.3151431722612226
456	2.3151431722612226
457	2.3151431722612226
458	2.3151431722612226
459	1.6567875295963947
460	1.6567875295963947
461	1.6567875295963947
462	1.6567875295963947
463	1.9008317742604601
464	1.9008317742604601
465	1.9008317742604601
466	1.9008317742604601
467	1.310905137588615
468	1.310905137588615
469	1.310905137588615
470	1.310905137588615
471	2.1749854271377282
472	2.1749854271377282
473	2.1749854271377282
474	2.1749854271377282
475	2.072588089146683
476	2.072588089146683
477	2.072588089146683
478	2.072588089146683
479	2.302059997965708
480	2.302059997965708
481	2.0481872804949655
482	2.0481872804949655
483	2.0481872804949655
484	2.0481872804949655
485	3.6411747617537364
486	3.6411747617537364
487	3.6411747617537364
488	3.6411747617537364
489	4.00160839656861
490	4.00160839656861
491	4.00160839656861
492	4.00160839656861
493	2.314596262041683
494	2.314596262041683
495	2.314596262041683
496	2.314596262041683
497	3.387208286611221
498	3.387208286611221
499	3.387208286611221
500	3.387208286611221
501	2.859072855105385
502	2.859072855105385
503	2.859072855105385
504	2.859072855105385
505	2.5093156468709323
506	2.5093156468709323
507	2.5093156468709323
508	2.5093156468709323
509	3.0909149770774746
510	3.0909149770774746
511	3.0909149770774746
512	3.0909149770774746
513	1.6202648784601488
514	1.6202648784601488
515	1.6202648784601488
516	1.6202648784601488
517	3.295019521864592
518	3.295019521864592
519	3.295019521864592
520	3.295019521864592
521	3.9945567161275113
522	3.9945567161275113
523	3.9945567161275113
524	3.9945567161275113
525	3.6011988879355123
526	3.6011988879355123
527	3.6011988879355123
528	3.6011988879355123
529	2.9667530451455657
530	2.9667530451455657
531	2.9667530451455657
532	2.9667530451455657
533	1.7976658301970447
534	1.7976658301970447
535	1.7976658301970447
536	1.7976658301970447
537	3.9442497140694686
538	3.9442497140694686
539	3.9442497140694686
540	3.9442497140694686
541	2.826096970982256
542	2.826096970982256
543	2.826096970982256
544	2.826096970982256
545	2.4326536074879517
546	2.4326536074879517
547	2.4326536074879517
548	2.4326536074879517
549	3.3852681209160127
550	3.3852681209160127
551	3.3852681209160127
552	3.3852681209160127
553	3.1390069599864714
554	3.1390069599864714
555	3.1390069599864714
556	3.1390069599864714
557	1.8546177434230713
558	1.8546177434230713
559	1.8546177434230713
560	1.8546177434230713
561	2.8035375631769983
562	2.8035375631769983
563	2.8035375631769983
564	2.8035375631769983
565	2.499628686081491
566	2.499628686081491
567	2.499628686081491
568	2.499628686081491
569	1.980813804457303
570	1.980813804457303
571	1.980813804457303
572	1.980813804457303
573	3.428189303526919
574	3.428189303526919
575	3.8738102244059673
576	3.8738102244059673
577	3.8738102244059673
578	3.8738102244059673
579	4.064310220476936
580	4.064310220476936
581	4.064310220476936
582	4.064310220476936
583	1.4437577260313263
584	1.4437577260313263
585	1.4437577260313263
586	1.4437577260313263
587	2.0422206505148983
588	2.0422206505148983
589	2.0422206505148983
590	2.0422206505148983
591	1.7010052135772686
592	1.7010052135772686
593	1.7010052135772686
594	1.7010052135772686
595	2.5367836534593775
596	2.5367836534593775
597	2.5367836534593775
598	2.5367836534593775
599	1.7230890449329546
600	1.7230890449329546
601	1.7230890449329546
602	1.7230890449329546
603	2.222299202770469
604	2.222299202770469
605	2.222299202770469
606	2.222299202770469
607	1.3144639202792494
608	1.3144639202792494
609	1.3144639202792494
610	1.3144639202792494
611	2.2705771526845906
612	2.2705771526845906
613	2.2705771526845906
614	2.2705771526845906
615	1.6880214135167106
616	1.6880214135167106
617	1.6880214135167106
618	1.6880214135167106
619	2.1068057495614037
620	2.1068057495614037
621	2.1068057495614037
622	2.1068057495614037
623	2.0615314364801
624	2.0615314364801
625	2.0615314364801
626	2.0615314364801
627	2.3672295911519567
628	2.3672295911519567
629	2.3672295911519567
630	2.3672295911519567
631	2.00473072845213
632	2.00473072845213
633	2.00473072845213
634	2.00473072845213
635	1.4524951692069465
636	1.4524951692069465
637	1.4524951692069465
638	1.4524951692069465
639	1.9921654990179214
640	1.9921654990179214
641	1.9921654990179214
642	1.9921654990179214
643	1.3148463754376687
644	1.3148463754376687
645	1.3148463754376687
646	1.3148463754376687
647	2.0679781741090832
648	2.0679781741090832
649	2.0679781741090832
650	2.0679781741090832
651	1.6423245115927338
652	1.6423245115927338
653	1.6423245115927338
654	1.6423245115927338
655	1.7118898718178786
656	1.7118898718178786
657	1.7118898718178786
658	1.7118898718178786
659	1.7331006897679633
660	1.7331006897679633
661	1.7331006897679633
662	1.7331006897679633
663	2.344903542584343
664	2.344903542584343
665	2.344903542584343
666	2.344903542584343
667	2.314879546884287
668	2.314879546884287
669	2.314879546884287
670	2.314879546884287
671	2.1484118565638646
672	2.1484118565638646
673	2.1484118565638646
674	2.1484118565638646
675	2.3410253448951845
676	2.3410253448951845
677	0.24356525206410606
678	0.24356525206410606
679	0.24356525206410606
680	0.24356525206410606
681	0.19885295250510382
682	0.19885295250510382
683	0.19885295250510382
684	0.19885295250510382
685	0.15937315063419538
686	0.15937315063419538
687	0.15937315063419538
688	1.1181003221467904
689	1.1181003221467904
690	1.1181003221467904
691	1.1181003221467904
692	1.0434893451283094
693	1.0434893451283094
694	1.0434893451283094
695	1.0434893451283094
696	0.9929557487211214
697	0.9929557487211214
698	0.9929557487211214
699	0.9929557487211214
700	0.7827528441853804
701	0.7827528441853804
702	0.7827528441853804
703	0.7827528441853804
704	0.8002331715180104
705	0.8002331715180104
706	0.8002331715180104
707	0.8002331715180104
708	0.8280375407023228
709	0.8280375407023228
710	0.8280375407023228
711	0.8280375407023228
712	1.0014665752528584
713	1.0014665752528584
714	1.0014665752528584
715	1.0014665752528584
716	0.8842424796189019
717	0.8842424796189019
718	0.8842424796189019
719	0.8842424796189019
720	1.503998456167127
721	1.503998456167127
722	1.503998456167127
723	1.503998456167127
724	1.0145161663155304
725	1.0145161663155304
726	1.0145161663155304
727	1.0145161663155304
728	1.520449909488684
729	1.520449909488684
730	1.520449909488684
731	1.520449909488684
732	1.1293848987906105
733	1.1293848987906105
734	1.1293848987906105
735	1.1293848987906105
736	0.941650411164286
737	0.941650411164286
738	0.941650411164286
739	0.941650411164286
740	1.152990411744852
741	1.152990411744852
742	1.152990411744852
743	1.152990411744852
744	1.5920793489648764
745	1.5920793489648764
746	1.5920793489648764
747	1.5920793489648764
748	1.149421398811642
749	1.149421398811642
750	1.149421398811642
751	1.149421398811642
752	0.893589978130599
753	0.893589978130599
754	0.893589978130599
755	0.893589978130599
756	1.5882261913038855
757	1.5882261913038855
758	1.5882261913038855
759	1.5882261913038855
760	1.0352814978925637
761	1.0352814978925637
762	1.0352814978925637
763	1.0352814978925637
764	0.6570224293513234
765	0.6570224293513234
766	0.6570224293513234
767	0.6570224293513234
768	1.311856541037776
769	1.311856541037776
770	1.311856541037776
771	1.311856541037776
772	1.1311171082030855
773	1.1311171082030855
774	1.1311171082030855
775	1.1311171082030855
776	0.8641508631685415
777	0.8641508631685415
778	0.8641508631685415
779	0.8641508631685415
780	0.6131808543932182
781	0.6131808543932182
782	0.6131808543932182
783	0.6131808543932182
784	0.8345081643913129
785	0.8345081643913129
786	0.8345081643913129
787	0.8345081643913129
788	1.1165424008894858
789	1.1165424008894858
790	1.1165424008894858
791	1.1165424008894858
792	1.4057127622046215
793	1.4057127622046215
794	1.4057127622046215
795	1.4057127622046215
796	1.2107180113689664
797	1.2107180113689664
798	1.2107180113689664
799	1.2107180113689664
800	1.1062230221726417
801	1.1062230221726417
802	1.1062230221726417
803	1.1062230221726417
804	1.1287919835176459
805	1.1287919835176459
806	1.1287919835176459
807	1.1287919835176459
808	1.3985375192080336
809	1.3985375192080336
810	1.3985375192080336
811	1.3985375192080336
812	1.2835586296686645
813	1.2835586296686645
814	1.2835586296686645
815	1.2835586296686645
816	1.0273479223458324
817	1.0273479223458324
818	1.0273479223458324
819	1.0273479223458324
820	0.7051842295392545
821	0.7051842295392545
822	0.7051842295392545
823	0.7051842295392545
824	1.202921901239386
825	1.202921901239386
826	1.202921901239386
827	1.202921901239386
828	1.2244089632818806
829	1.2244089632818806
830	1.2244089632818806
831	2.629755759273315
832	2.629755759273315
833	2.629755759273315
834	2.629755759273315
835	3.2193290220811646
836	3.2193290220811646
837	3.2193290220811646
838	3.2193290220811646
839	2.8624466475483015
840	2.8624466475483015
841	2.8624466475483015
842	2.8624466475483015
843	4.1967586061504045
844	4.1967586061504045
845	4.1967586061504045
846	4.1967586061504045
847	2.811379753996193
848	2.811379753996193
849	2.811379753996193
850	2.811379753996193
851	4.588916321658247
852	4.588916321658247
853	4.588916321658247
854	4.588916321658247
855	5.9966143674672
856	5.9966143674672
857	5.9966143674672
858	5.9966143674672
859	4.973545481319367
860	4.973545481319367
861	4.973545481319367
862	4.973545481319367
863	4.250404586266497
864	4.250404586266497
865	4.250404586266497
866	4.250404586266497
867	5.151425804985159
868	5.151425804985159
869	5.151425804985159
870	5.151425804985159
871	3.5907999029215367
872	3.5907999029215367
873	3.5907999029215367
874	3.5907999029215367
875	5.666824720258726
876	5.666824720258726
877	5.666824720258726
878	5.666824720258726
879	4.372322205988598
880	4.372322205988598
881	4.372322205988598
882	4.372322205988598
883	3.568893610809838
884	3.568893610809838
885	3.568893610809838
886	3.568893610809838
887	2.1508856584709077
888	2.1508856584709077
889	2.1508856584709077
890	2.1508856584709077
891	3.158425887834526
892	3.158425887834526
893	3.158425887834526
894	3.158425887834526
895	3.134269591413874
896	3.134269591413874
897	3.134269591413874
898	3.134269591413874
899	3.8021636100609264
900	3.8021636100609264
901	3.8021636100609264
902	3.8021636100609264
903	5.936112259245801
904	5.936112259245801
905	5.936112259245801
906	5.936112259245801
907	3.4559779345858965
908	3.4559779345858965
909	3.4559779345858965
910	3.4559779345858965
911	5.035293570585791
912	5.035293570585791
913	5.035293570585791
914	5.035293570585791
915	4.5574387744108265
916	4.5574387744108265
917	4.5574387744108265
918	4.5574387744108265
919	3.8089333617102796
920	3.8089333617102796
921	3.8089333617102796
922	3.8089333617102796
923	4.114551102931916
924	4.114551102931916
925	4.114551102931916
926	4.114551102931916
927	2.8373867459886797
928	2.8373867459886797
929	2.8373867459886797
930	2.8373867459886797
931	3.5308793468829296
932	3.5308793468829296
933	3.5308793468829296
934	3.5308793468829296
935	3.3705103763942565
936	3.3705103763942565
937	3.3705103763942565
938	3.3705103763942565
939	3.7814853457581843
940	3.7814853457581843
941	3.7814853457581843
942	3.7814853457581843
943	3.4745248455122613
944	3.4745248455122613
945	3.4745248455122613
946	3.4745248455122613
947	4.890639132034971
948	4.890639132034971
949	4.890639132034971
950	4.890639132034971
951	3.6216655208079978
952	3.6216655208079978
953	3.6216655208079978
954	3.6216655208079978
955	3.413440753056539
956	3.413440753056539
957	3.413440753056539
958	3.413440753056539
959	4.3684974376134935
960	4.3684974376134935
961	2.1229715247880545
962	2.1229715247880545
963	2.1229715247880545
964	2.1229715247880545
965	2.395398784149751
966	2.395398784149751
967	2.395398784149751
968	2.395398784149751
969	2.1161071237467812
970	2.1161071237467812
971	2.1161071237467812
972	2.1161071237467812
973	2.8711020271600867
974	2.8711020271600867
975	2.8711020271600867
976	2.8711020271600867
977	2.433420370745357
978	2.433420370745357
979	2.433420370745357
980	2.433420370745357
981	2.8509191113277708
982	2.8509191113277708
983	2.8509191113277708
984	2.8509191113277708
985	1.8590044771605951
986	1.8590044771605951
987	1.8590044771605951
988	1.8590044771605951
989	2.6981640653562096
990	2.6981640653562096
991	2.6981640653562096
992	2.6981640653562096
993	3.4353273775705495
994	3.4353273775705495
995	3.4353273775705495
996	3.4353273775705495
997	3.0823189277205416
998	3.0823189277205416
999	3.0823189277205416
1000	3.0823189277205416
1001	2.9469373808343238
1002	2.9469373808343238
1003	2.9469373808343238
1004	2.9469373808343238
1005	2.1529759083417126
1006	2.1529759083417126
1007	2.1529759083417126
1008	2.1529759083417126
1009	2.266057137338419
1010	2.266057137338419
1011	2.266057137338419
1012	2.266057137338419
1013	2.743963915687345
1014	2.743963915687345
1015	2.743963915687345
1016	2.743963915687345
1017	2.5757489637733277
1018	2.5757489637733277
1019	2.5757489637733277
1020	2.5757489637733277
1021	2.0748061322432787
1022	2.0748061322432787
1023	2.0748061322432787
1024	2.0748061322432787
1025	3.588554715346585
1026	3.588554715346585
1027	3.588554715346585
1028	3.588554715346585
1029	3.513696403300372
1030	3.513696403300372
1031	3.513696403300372
1032	3.513696403300372
1033	1.8346911195121307
1034	1.8346911195121307
1035	1.8346911195121307
1036	1.8346911195121307
1037	3.169975253572433
1038	3.169975253572433
1039	3.169975253572433
1040	3.169975253572433
1041	2.554324130073793
1042	2.554324130073793
1043	2.554324130073793
1044	2.554324130073793
1045	2.895484210696373
1046	2.895484210696373
1047	2.895484210696373
1048	2.895484210696373
1049	2.599918976487894
1050	2.599918976487894
1051	2.599918976487894
1052	2.599918976487894
1053	2.250221812929337
1054	2.250221812929337
1055	2.250221812929337
1056	2.250221812929337
1057	2.704738542094871
1058	2.704738542094871
1059	2.704738542094871
1060	2.704738542094871
1061	3.104952627800312
1062	3.104952627800312
1063	3.104952627800312
1064	3.0300226255596865
1065	3.0300226255596865
1066	3.0300226255596865
1067	3.0300226255596865
1068	2.834009162101987
1069	2.834009162101987
1070	2.834009162101987
1071	2.834009162101987
1072	3.426008343061355
1073	3.426008343061355
1074	3.426008343061355
1075	3.426008343061355
1076	3.107504181586441
1077	3.107504181586441
1078	3.107504181586441
1079	3.107504181586441
1080	2.5252883501665426
1081	2.5252883501665426
1082	2.5252883501665426
1083	2.5252883501665426
1084	1.3377814840992226
1085	1.3377814840992226
1086	1.3377814840992226
1087	1.3377814840992226
1088	3.3047279796308406
1089	3.3047279796308406
1090	3.3047279796308406
1091	3.3047279796308406
1092	4.4386408545409894
1093	4.4386408545409894
1094	4.4386408545409894
1095	4.4386408545409894
1096	3.3521002024954765
1097	3.3521002024954765
1098	3.3521002024954765
1099	3.3521002024954765
1100	2.9391625796603265
1101	2.9391625796603265
1102	2.9391625796603265
1103	2.9391625796603265
1104	5.072096980486596
1105	5.072096980486596
1106	5.072096980486596
1107	5.072096980486596
1108	2.317468686534693
1109	2.317468686534693
1110	2.317468686534693
1111	2.317468686534693
1112	1.981250310344607
1113	1.981250310344607
1114	1.981250310344607
1115	1.981250310344607
1116	2.0218369195375296
1117	2.0218369195375296
1118	2.0218369195375296
1119	2.0218369195375296
1120	2.1624135304312464
1121	2.1624135304312464
1122	2.1624135304312464
1123	2.1624135304312464
1124	1.9161492685028867
1125	1.9161492685028867
1126	1.9161492685028867
1127	1.9161492685028867
1128	1.9707524253965674
1129	1.9707524253965674
1130	1.9707524253965674
1131	1.9707524253965674
1132	2.5553335497106353
1133	2.5553335497106353
1134	2.5553335497106353
1135	2.5553335497106353
1136	2.0668527824973886
1137	2.0668527824973886
1138	2.0668527824973886
1139	2.0668527824973886
1140	2.321305787120593
1141	2.321305787120593
1142	2.321305787120593
1143	2.321305787120593
1144	2.1475566322130772
1145	2.1475566322130772
1146	2.1475566322130772
1147	2.1475566322130772
1148	1.4997836589955922
1149	1.4997836589955922
1150	1.4997836589955922
1151	1.4997836589955922
1152	2.3344707170913153
1153	2.3344707170913153
1154	2.3344707170913153
1155	2.3344707170913153
1156	1.0043763032410014
1157	1.0043763032410014
1158	1.0043763032410014
1159	1.0043763032410014
1160	2.987083988630464
1161	2.987083988630464
1162	2.987083988630464
1163	2.987083988630464
1164	2.2249524074996883
1165	2.2249524074996883
1166	2.2249524074996883
1167	2.2249524074996883
1168	1.5918966398333154
1169	3.9570737749440035
1170	3.9570737749440035
1171	3.9570737749440035
1172	3.9570737749440035
1173	2.852798693785209
1174	2.852798693785209
1175	2.852798693785209
1176	2.852798693785209
1177	2.928100183260625
1178	2.928100183260625
1179	2.928100183260625
1180	2.928100183260625
1181	2.9508067604034096
1182	2.9508067604034096
1183	2.9508067604034096
1184	2.9508067604034096
1185	3.1544210236131027
1186	3.1544210236131027
1187	3.1544210236131027
1188	3.1544210236131027
1189	2.499918375620419
1190	2.499918375620419
1191	2.499918375620419
1192	2.499918375620419
1193	4.240005999903046
1194	4.240005999903046
1195	4.240005999903046
1196	4.240005999903046
1197	2.443320391482195
1198	2.443320391482195
1199	2.443320391482195
1200	2.443320391482195
1201	2.322595665559794
1202	2.322595665559794
1203	2.322595665559794
1204	2.322595665559794
1205	3.0906134878189624
1206	1.5480455046768797
1207	1.5480455046768797
1208	1.5480455046768797
1209	1.5480455046768797
1210	1.5213718575244914
1211	1.5213718575244914
1212	1.5213718575244914
1213	1.5213718575244914
1214	1.7729068009361657
1215	1.7729068009361657
1216	1.7729068009361657
1217	1.7729068009361657
1218	1.7131153899275082
1219	1.7131153899275082
1220	1.7131153899275082
1221	1.7131153899275082
1222	2.2506710272089157
1223	2.2506710272089157
1224	2.2506710272089157
1225	2.2506710272089157
1226	2.030105878364834
1227	2.030105878364834
1228	2.030105878364834
1229	2.030105878364834
1230	1.6804062744202042
1231	1.6804062744202042
1232	1.6804062744202042
1233	1.6804062744202042
1234	2.0033439029215865
1235	2.0033439029215865
1236	2.0033439029215865
1237	2.0033439029215865
1238	1.715051740266033
1239	1.715051740266033
1240	1.715051740266033
1241	1.715051740266033
1242	1.2946339156446276
1243	1.2946339156446276
1244	1.2946339156446276
1245	1.2946339156446276
1246	1.6004568556944672
1247	1.6004568556944672
1248	1.6004568556944672
1249	1.6004568556944672
1250	1.198723235179136
1251	1.198723235179136
1252	1.198723235179136
1253	1.198723235179136
1254	1.563726833108584
1255	1.563726833108584
1256	1.563726833108584
1257	1.563726833108584
1258	1.4440170088021456
1259	1.4440170088021456
1260	1.4440170088021456
1261	1.4440170088021456
1262	1.0625567392198323
1263	1.0625567392198323
1264	1.0625567392198323
1265	1.0625567392198323
1266	1.3732584224416895
1267	1.3732584224416895
1268	1.3732584224416895
1269	1.3732584224416895
1270	1.4646572475382107
1271	1.4646572475382107
1272	1.4646572475382107
1273	1.4646572475382107
1274	2.209852241890949
1275	2.209852241890949
1276	2.209852241890949
1277	2.209852241890949
1278	1.4908452014741496
1279	1.4908452014741496
1280	1.4908452014741496
1281	1.4908452014741496
1282	1.8321125650409318
1283	1.8321125650409318
1284	1.8321125650409318
1285	1.8321125650409318
1286	1.4361285751373192
1287	1.4361285751373192
1288	1.4361285751373192
1289	1.4361285751373192
1290	1.420088840625209
1291	1.420088840625209
1292	1.420088840625209
1293	1.420088840625209
1294	1.1952920401742768
1295	1.1952920401742768
1296	1.1952920401742768
1297	1.1952920401742768
1298	0.7519240734709461
1299	0.7519240734709461
1300	0.7519240734709461
1301	0.7519240734709461
1302	1.5107533848765047
1303	1.5107533848765047
1304	1.5107533848765047
1305	1.5107533848765047
1306	1.6525987428272404
1307	1.6525987428272404
1308	1.6525987428272404
1309	1.6525987428272404
1310	1.553216733210263
1311	1.553216733210263
1312	1.553216733210263
1313	1.553216733210263
1314	1.5369527794917692
1315	1.5369527794917692
1316	1.5369527794917692
1317	1.5369527794917692
1318	1.1846599086443597
1319	1.1846599086443597
1320	1.1846599086443597
1321	1.1846599086443597
1322	1.3409437131877977
1323	1.3409437131877977
1324	1.3409437131877977
1325	1.3409437131877977
1326	2.350871941700726
1327	2.350871941700726
1328	2.350871941700726
1329	2.350871941700726
1330	1.4167109091557268
1331	1.4167109091557268
1332	1.4167109091557268
1333	1.4167109091557268
1334	1.8049683308928477
1335	1.8049683308928477
1336	1.8049683308928477
1337	1.8049683308928477
1338	2.0373738431234374
1339	2.0373738431234374
1340	2.0373738431234374
1341	2.0373738431234374
1342	1.822799846595776
1343	1.822799846595776
1344	1.822799846595776
1345	1.822799846595776
1346	1.2923290300904815
1347	1.2923290300904815
1348	1.2923290300904815
1349	1.2923290300904815
1350	1.3025235867722618
1351	1.3025235867722618
1352	1.3025235867722618
1353	1.3025235867722618
1354	1.7935300239199246
1355	1.7935300239199246
1356	1.7935300239199246
1357	1.7935300239199246
1358	2.1455750428724896
1359	2.1455750428724896
1360	2.1455750428724896
1361	2.1455750428724896
1362	1.205228641654427
1363	1.205228641654427
1364	1.205228641654427
1365	1.205228641654427
1366	1.5501948423475147
1367	1.5501948423475147
1368	1.5501948423475147
1369	1.5501948423475147
1370	1.826136104148504
1371	1.826136104148504
1372	1.826136104148504
1373	1.826136104148504
1374	1.7023121818547844
1375	1.7023121818547844
1376	1.7023121818547844
1377	1.7023121818547844
1378	2.087295382902436
1379	2.087295382902436
1380	2.087295382902436
1381	2.087295382902436
1382	1.4061441239139034
1383	1.4061441239139034
1384	1.4061441239139034
1385	1.4061441239139034
1386	1.4007027966192216
1387	1.4007027966192216
1388	1.4007027966192216
1389	1.4007027966192216
1390	1.4159849460900045
1391	1.4159849460900045
1392	1.4159849460900045
1393	1.4159849460900045
1394	1.7750202756325515
1395	1.7750202756325515
1396	1.7750202756325515
1397	1.7750202756325515
1398	1.1498804292454365
1399	1.1498804292454365
1400	1.1498804292454365
1401	1.1498804292454365
1402	1.6181547094691753
1403	1.6181547094691753
1404	1.6181547094691753
1405	1.6181547094691753
1406	1.3031006836184544
1407	1.3031006836184544
1408	1.3031006836184544
1409	1.3031006836184544
1410	1.55260212414545
1411	1.55260212414545
1412	1.55260212414545
1413	1.55260212414545
1414	1.4533546687165493
1415	1.4533546687165493
1416	1.4533546687165493
1417	1.4533546687165493
1418	2.114532917590873
1419	2.114532917590873
1420	2.114532917590873
1421	2.114532917590873
1422	2.3883509930078177
1423	2.3883509930078177
1424	2.3883509930078177
1425	2.3883509930078177
1426	1.7293419419883806
1427	1.7293419419883806
1428	1.7293419419883806
1429	1.7293419419883806
1430	2.196201942356254
1431	2.196201942356254
1432	2.196201942356254
1433	2.196201942356254
1434	1.5575405745466104
1435	1.5575405745466104
1436	1.5575405745466104
1437	1.5575405745466104
1438	1.6868690589889794
1439	3.001531823174077
1440	3.001531823174077
1441	3.001531823174077
1442	3.001531823174077
1443	3.0774786572073327
1444	3.0774786572073327
1445	3.0774786572073327
1446	3.0774786572073327
1447	3.3078772937861434
1448	3.3078772937861434
1449	3.3078772937861434
1450	3.3078772937861434
1451	1.892294516129891
1452	1.892294516129891
1453	1.892294516129891
1454	1.892294516129891
1455	4.539808681930816
1456	4.539808681930816
1457	4.539808681930816
1458	4.539808681930816
1459	3.9398558526817484
1460	3.9398558526817484
1461	3.9398558526817484
1462	3.9398558526817484
1463	2.9547694465390966
1464	2.9547694465390966
1465	2.9547694465390966
1466	2.9547694465390966
1467	3.064526890906241
1468	3.064526890906241
1469	3.064526890906241
1470	3.064526890906241
1471	4.3251189842652416
1472	4.3251189842652416
1473	4.3251189842652416
1474	4.3251189842652416
1475	1.7838708352586758
1476	1.7838708352586758
1477	1.7838708352586758
1478	1.7838708352586758
1479	1.380457492306982
1480	1.380457492306982
1481	1.380457492306982
1482	1.380457492306982
1483	1.2206650620282002
1484	1.2206650620282002
1485	1.2206650620282002
1486	1.2206650620282002
1487	0.4869005852167514
1488	0.4869005852167514
1489	0.4869005852167514
1490	0.4869005852167514
1491	0.9799047055696967
1492	0.9799047055696967
1493	0.9799047055696967
1494	0.9799047055696967
1495	0.9191393355179877
1496	0.9191393355179877
1497	0.9191393355179877
1498	0.9191393355179877
1499	1.0544444257060164
1500	1.0544444257060164
1501	1.0544444257060164
1502	1.0544444257060164
1503	0.905138950561887
1504	0.905138950561887
1505	0.905138950561887
1506	0.905138950561887
1507	1.1547458856916146
1508	1.1547458856916146
1509	1.1547458856916146
1510	1.1547458856916146
1511	1.1203834006057016
1512	1.1203834006057016
1513	1.1203834006057016
1514	1.1203834006057016
1515	0.7444292652897526
1516	0.7444292652897526
1517	0.7444292652897526
1518	0.7444292652897526
1519	1.3233827876755704
1520	1.3233827876755704
1521	3.8714552411283294
1522	3.8714552411283294
1523	3.8714552411283294
1524	3.8714552411283294
1525	3.369208757016056
1526	3.369208757016056
1527	3.369208757016056
1528	3.369208757016056
1529	2.7070411044616263
1530	2.7070411044616263
1531	2.7070411044616263
1532	2.7070411044616263
1533	5.111222549851743
1534	5.111222549851743
1535	5.111222549851743
1536	5.111222549851743
1537	4.472690443708487
1538	4.472690443708487
1539	4.472690443708487
1540	4.472690443708487
1541	3.927621532979179
1542	3.927621532979179
1543	3.927621532979179
1544	3.927621532979179
1545	3.268473297252522
1546	3.268473297252522
1547	3.268473297252522
1548	3.268473297252522
1549	2.728252740008934
1550	2.728252740008934
1551	2.728252740008934
1552	2.728252740008934
1553	4.504833796542787
1554	4.504833796542787
1555	4.504833796542787
1556	4.504833796542787
1557	3.306527864120213
1558	3.306527864120213
1559	3.306527864120213
1560	3.306527864120213
1561	4.632620268206135
1562	4.632620268206135
1563	4.632620268206135
1564	4.632620268206135
1565	2.5964592897338967
1566	2.5964592897338967
1567	2.5964592897338967
1568	2.5964592897338967
1569	4.576136739047382
1570	4.576136739047382
1571	4.576136739047382
1572	4.576136739047382
1573	4.406776262314429
1574	4.406776262314429
1575	4.406776262314429
1576	4.406776262314429
1577	5.111294246423489
1578	5.111294246423489
1579	5.111294246423489
1580	5.111294246423489
1581	3.1872883032933097
1582	3.1872883032933097
1583	3.1872883032933097
1584	3.1872883032933097
1585	4.354330550790323
1586	4.354330550790323
1587	4.354330550790323
1588	4.354330550790323
1589	3.5645942139419478
1590	3.5645942139419478
1591	3.5645942139419478
1592	3.5645942139419478
1593	4.447835344564715
1594	4.447835344564715
1595	4.447835344564715
1596	4.447835344564715
1597	3.3820476534695123
1598	3.3820476534695123
1599	3.3820476534695123
1600	3.3820476534695123
1601	2.874249907744846
1602	2.874249907744846
1603	2.874249907744846
1604	2.874249907744846
1605	2.7795820093960937
1606	2.7795820093960937
1607	2.7795820093960937
1608	2.7795820093960937
1609	5.001401995004679
1610	5.001401995004679
1611	5.001401995004679
1612	5.001401995004679
1613	2.8822875005847006
1614	2.8822875005847006
1615	2.8822875005847006
1616	3.6826796271832816
1617	3.6826796271832816
1618	3.6826796271832816
1619	3.6826796271832816
1620	3.738691974994113
1621	3.738691974994113
1622	3.738691974994113
1623	3.738691974994113
1624	2.634351415140562
1625	2.634351415140562
1626	2.634351415140562
1627	2.634351415140562
1628	2.8591295216894204
1629	2.8591295216894204
1630	2.8591295216894204
1631	2.8591295216894204
1632	2.539577334868883
1633	2.539577334868883
1634	2.539577334868883
1635	2.539577334868883
1636	3.0098682983250047
1637	3.0098682983250047
1638	3.0098682983250047
1639	3.0098682983250047
1640	2.6540657933483507
1641	2.6540657933483507
1642	2.6540657933483507
1643	2.6540657933483507
1644	1.6262378421549841
1645	1.6262378421549841
1646	1.6262378421549841
1647	1.6262378421549841
1648	3.4152590322233536
1649	3.4152590322233536
1650	3.4152590322233536
1651	3.4152590322233536
1652	2.540262161264682
1653	2.540262161264682
1654	2.540262161264682
1655	2.540262161264682
1656	3.994834883915457
1657	3.994834883915457
1658	3.994834883915457
1659	3.994834883915457
1660	3.512986793859819
1661	3.512986793859819
1662	3.512986793859819
1663	3.512986793859819
1664	4.109886597591464
1665	4.109886597591464
1666	4.109886597591464
1667	4.109886597591464
1668	3.0931857454527667
1669	3.0931857454527667
1670	3.0931857454527667
1671	3.0931857454527667
1672	2.937873172599646
1673	2.937873172599646
1674	2.937873172599646
1675	2.937873172599646
1676	1.8501061244390267
1677	1.8501061244390267
1678	1.8501061244390267
1679	1.8501061244390267
1680	3.909345398906599
1681	3.909345398906599
1682	3.909345398906599
1683	3.909345398906599
1684	3.992177684895271
1685	3.992177684895271
1686	3.992177684895271
1687	3.992177684895271
1688	2.2588154353896743
1689	2.2588154353896743
1690	2.2588154353896743
1691	2.2588154353896743
1692	3.2102755253554274
1693	3.2102755253554274
1694	3.2102755253554274
1695	3.2102755253554274
1696	2.1578120891313906
1697	2.1578120891313906
1698	2.1578120891313906
1699	2.1578120891313906
1700	3.2886270931237704
1701	3.2886270931237704
1702	3.2886270931237704
1703	3.2886270931237704
1704	3.0884758946487674
1705	3.0884758946487674
1706	3.0884758946487674
1707	3.0884758946487674
1708	3.0930614639160146
1709	3.0930614639160146
1710	3.0930614639160146
1711	3.0930614639160146
1712	1.8949269117719398
1713	1.8949269117719398
1714	1.8949269117719398
1715	1.8949269117719398
1716	2.3461990493314957
1717	2.3461990493314957
1718	3.808195080169322
1719	3.808195080169322
1720	3.808195080169322
1721	3.808195080169322
1722	3.2742836443198367
1723	3.2742836443198367
1724	3.2742836443198367
1725	3.2742836443198367
1726	2.1944410034623782
1727	2.1944410034623782
1728	2.1944410034623782
1729	2.1944410034623782
1730	4.276544946418177
1731	4.276544946418177
1732	4.276544946418177
1733	4.276544946418177
1734	3.485107288390479
1735	3.485107288390479
1736	3.485107288390479
1737	3.485107288390479
1738	3.0189870114032145
1739	3.0189870114032145
1740	3.0189870114032145
1741	3.0189870114032145
1742	3.018962560902683
1743	3.018962560902683
1744	3.018962560902683
1745	3.018962560902683
1746	3.2379586073547384
1747	3.2379586073547384
1748	3.2379586073547384
1749	3.2379586073547384
1750	4.235468585404304
1751	4.235468585404304
1752	4.235468585404304
1753	4.235468585404304
1754	3.4120483178130967
1755	3.4120483178130967
1756	3.4120483178130967
1757	3.4120483178130967
1758	3.031278730222749
1759	3.031278730222749
1760	3.031278730222749
1761	3.031278730222749
1762	1.2879749601506394
1763	1.2879749601506394
1764	1.2879749601506394
1765	1.2879749601506394
1766	0.7409514758207175
1767	0.7409514758207175
1768	0.7409514758207175
1769	0.7409514758207175
1770	1.1178942640729816
1771	1.1178942640729816
1772	1.1178942640729816
1773	1.1178942640729816
1774	0.8134125744876661
1775	0.8134125744876661
1776	0.8134125744876661
1777	0.8134125744876661
1778	0.9371138639744663
1779	0.9371138639744663
1780	0.9371138639744663
1781	0.9371138639744663
1782	1.2896329738344472
1783	1.2896329738344472
1784	1.2896329738344472
1785	1.2896329738344472
1786	1.342105961645474
1787	1.342105961645474
1788	1.342105961645474
1789	1.342105961645474
1790	0.7772932626704208
1791	0.7772932626704208
1792	0.7772932626704208
1793	0.7772932626704208
1794	1.0464371666932373
1795	1.0464371666932373
1796	1.0464371666932373
1797	1.0464371666932373
1798	1.1194776775288233
1799	1.1194776775288233
1800	1.1194776775288233
1801	1.1194776775288233
1802	1.520246405483588
1803	1.520246405483588
1804	1.520246405483588
1805	1.520246405483588
1806	1.2107656473968593
1807	2.985857318258747
1808	2.985857318258747
1809	2.985857318258747
1810	2.985857318258747
1811	2.5249076178168313
1812	2.5249076178168313
1813	2.5249076178168313
1814	2.5249076178168313
1815	2.491729842339472
1816	2.491729842339472
1817	2.491729842339472
1818	2.491729842339472
1819	2.01043573398258
1820	2.01043573398258
1821	2.01043573398258
1822	2.01043573398258
1823	3.0932599862941683
1824	3.0932599862941683
1825	3.0932599862941683
1826	0.8993848829249711
1827	0.8993848829249711
1828	0.8993848829249711
1829	0.8993848829249711
1830	1.0794383907241138
1831	1.0794383907241138
1832	1.0794383907241138
1833	1.0794383907241138
1834	0.6498347793400365
1835	0.6498347793400365
1836	0.6498347793400365
1837	0.6498347793400365
1838	0.7070892830794884
1839	0.7070892830794884
1840	0.7070892830794884
1841	0.7070892830794884
1842	0.6346796032303871
1843	0.6346796032303871
1844	0.6346796032303871
1845	0.6346796032303871
1846	0.7825752526434876
1847	0.7825752526434876
1848	0.7825752526434876
1849	0.7825752526434876
1850	0.995763356435611
1851	0.995763356435611
1852	0.995763356435611
1853	0.995763356435611
1854	0.6560539976863118
1855	0.6560539976863118
1856	0.6560539976863118
1857	0.6560539976863118
1858	0.3971853165493299
1859	0.3971853165493299
1860	0.3971853165493299
1861	0.3971853165493299
1862	0.6085665276802527
1863	0.6085665276802527
1864	0.6085665276802527
1865	0.6085665276802527
1866	0.917355902020095
1867	0.917355902020095
1868	1.1342316748769972
1869	1.1342316748769972
1870	1.1342316748769972
1871	1.813351400584469
1872	1.813351400584469
1873	1.1838124488286932
1874	1.1838124488286932
1875	1.1838124488286932
1876	1.1838124488286932
1877	1.1528400694914436
1878	1.1528400694914436
1879	1.1528400694914436
1880	1.1528400694914436
1881	0.7117127617070441
1882	0.7117127617070441
1883	0.7117127617070441
1884	0.7117127617070441
1885	1.4672768666550422
1886	1.4672768666550422
1887	1.4672768666550422
1888	1.4672768666550422
1889	0.884662528303685
1890	0.884662528303685
1891	0.884662528303685
1892	0.884662528303685
1893	0.9779315581220517
1894	4.098168265529029
1895	4.098168265529029
1896	4.098168265529029
1897	4.098168265529029
1898	3.7718678860842827
1899	3.7718678860842827
1900	3.7718678860842827
1901	3.7718678860842827
1902	2.6538152266844612
1903	2.6538152266844612
1904	2.6538152266844612
1905	2.6538152266844612
1906	2.708889543893684
1907	2.708889543893684
1908	2.708889543893684
1909	2.708889543893684
1910	3.852173598714846
1911	3.852173598714846
1912	3.852173598714846
1913	3.852173598714846
1914	3.6586701364736567
1915	3.6586701364736567
1916	3.6586701364736567
1917	3.6586701364736567
1918	4.023868691622413
1919	4.023868691622413
1920	4.023868691622413
1921	4.023868691622413
1922	3.010883031182272
1923	3.010883031182272
1924	3.010883031182272
1925	3.010883031182272
1926	3.6874678580906513
1927	3.6874678580906513
1928	3.6874678580906513
1929	3.6874678580906513
1930	4.870626344756372
1931	4.870626344756372
1932	4.870626344756372
1933	4.870626344756372
1934	2.956444513003349
1935	2.956444513003349
1936	2.956444513003349
1937	2.956444513003349
1938	3.059690604077995
1939	3.059690604077995
1940	3.059690604077995
1941	3.059690604077995
1942	3.8076777996022018
1943	3.8076777996022018
1944	3.8076777996022018
1945	3.8076777996022018
1946	3.8775839891849864
1947	3.8775839891849864
1948	3.8775839891849864
1949	3.8775839891849864
1950	1.7895687923544372
1951	1.7895687923544372
1952	1.7895687923544372
1953	1.7895687923544372
1954	4.009946053666528
1955	4.009946053666528
1956	4.009946053666528
1957	4.009946053666528
1958	3.411696252615709
1959	3.411696252615709
1960	3.411696252615709
1961	3.411696252615709
1962	3.67777368339107
1963	3.67777368339107
1964	3.67777368339107
1965	3.67777368339107
1966	3.0035329573876064
1967	3.0035329573876064
1968	3.0035329573876064
1969	3.0035329573876064
1970	2.9947048368261586
1971	2.9947048368261586
1972	2.9947048368261586
1973	2.9947048368261586
1974	3.050295579276305
1975	3.050295579276305
1976	3.050295579276305
1977	3.050295579276305
1978	3.334214846477401
1979	3.334214846477401
1980	3.334214846477401
1981	3.334214846477401
1982	4.225481622242344
1983	4.225481622242344
1984	4.225481622242344
1985	4.225481622242344
1986	2.4966223668001137
1987	2.4966223668001137
1988	2.4966223668001137
1989	2.4966223668001137
1990	3.6395593069569965
1991	3.6395593069569965
1992	3.6395593069569965
1993	3.6395593069569965
1994	3.339944761274827
1995	1.7192048115873142
1996	1.7192048115873142
1997	1.7192048115873142
1998	1.7192048115873142
1999	2.709122883699084
