0	2.6105844316733795
1	2.6105844316733795
2	2.6105844316733795
3	3.019379174968091
4	3.019379174968091
5	3.019379174968091
6	3.1192499538106864
7	3.1192499538106864
8	3.1192499538106864
9	4.087680943528517
10	4.087680943528517
11	4.087680943528517
12	3.794841951736825
13	3.794841951736825
14	3.794841951736825
15	4.235899993364539
16	4.235899993364539
17	4.235899993364539
18	2.303297786020548
19	2.303297786020548
20	2.303297786020548
21	4.277767754981228
22	4.277767754981228
23	4.277767754981228
24	2.8723329021735786
25	2.8723329021735786
26	2.8723329021735786
27	6.562748746668605
28	6.562748746668605
29	6.562748746668605
30	6.7611197270172045
31	6.7611197270172045
32	6.7611197270172045
33	3.5615485535914093
34	3.5615485535914093
35	3.5615485535914093
36	3.215347446442295
37	3.215347446442295
38	3.215347446442295
39	2.9386268890018448
40	2.9386268890018448
41	2.9386268890018448
42	4.172694327810682
43	4.172694327810682
44	4.172694327810682
45	2.6751361077594087
46	2.6751361077594087
47	2.6751361077594087
48	5.363320567599418
49	5.363320567599418
50	5.363320567599418
51	5.78311921718932
52	5.78311921718932
53	5.78311921718932
54	4.100857348185868
55	4.100857348185868
56	4.100857348185868
57	4.122266770703279
58	4.122266770703279
59	4.122266770703279
60	3.5224128961390133
61	3.5224128961390133
62	3.5224128961390133
63	4.05368638599519
64	4.05368638599519
65	4.05368638599519
66	4.023666270248412
67	4.023666270248412
68	4.023666270248412
69	3.3200797774244752
70	3.3200797774244752
71	3.3200797774244752
72	4.08380689548608
73	4.08380689548608
74	4.08380689548608
75	5.618122948490622
76	5.618122948490622
77	5.618122948490622
78	4.515162057978107
79	4.515162057978107
80	4.515162057978107
81	3.821091310428566
82	3.821091310428566
83	3.821091310428566
84	4.949534856959188
85	4.949534856959188
86	4.949534856959188
87	5.394134602149512
88	5.394134602149512
89	5.394134602149512
90	1.643460349255451
91	1.643460349255451
92	1.643460349255451
93	4.366942609531439
94	4.366942609531439
95	4.366942609531439
96	6.240971818056819
97	6.240971818056819
98	6.240971818056819
99	3.7731347715453247
100	3.7731347715453247
101	3.7731347715453247
102	3.3569062401825254
103	3.3569062401825254
104	3.3569062401825254
105	4.89359931409418
106	4.89359931409418
107	4.89359931409418
108	3.7633666365617877
109	3.7633666365617877
110	3.7633666365617877
111	4.237669187403535
112	4.237669187403535
113	4.237669187403535
114	4.650040985245421
115	4.650040985245421
116	4.650040985245421
117	2.5805733103909585
118	2.5805733103909585
119	2.5805733103909585
120	5.84870567643407
121	5.84870567643407
122	5.84870567643407
123	4.446206019033333
124	4.446206019033333
125	4.446206019033333
126	4.257561186409416
127	4.257561186409416
128	4.257561186409416
129	4.348649083449724
130	4.348649083449724
131	4.348649083449724
132	1.3869436753126085
133	1.3869436753126085
134	1.3869436753126085
135	2.8973668760457976
136	2.8973668760457976
137	2.8973668760457976
138	4.119325102814659
139	4.119325102814659
140	4.119325102814659
141	2.5328795153674246
142	2.5328795153674246
143	2.5328795153674246
144	3.245953981097043
145	3.245953981097043
146	3.245953981097043
147	3.7629644570340233
148	3.7629644570340233
149	3.7629644570340233
150	3.486954439045586
151	3.486954439045586
152	3.486954439045586
153	3.8251811041640558
154	3.8251811041640558
155	3.8251811041640558
156	4.214637407563078
157	4.214637407563078
158	4.214637407563078
159	2.8513901339740815
160	2.8513901339740815
161	2.8513901339740815
162	3.948724867275221
163	3.948724867275221
164	3.948724867275221
165	3.3343500188820503
166	3.3343500188820503
167	3.3343500188820503
168	3.5942939517195684
169	3.5942939517195684
170	3.5942939517195684
171	4.88066166076755
172	4.88066166076755
173	4.88066166076755
174	4.717737830825433
175	4.717737830825433
176	4.717737830825433
177	4.971721023727326
178	4.971721023727326
179	4.971721023727326
180	5.243850734889593
181	5.243850734889593
182	5.243850734889593
183	3.656576198454659
184	3.656576198454659
185	3.656576198454659
186	3.6170278660456647
187	3.6170278660456647
188	3.6170278660456647
189	3.304277312622718
190	3.304277312622718
191	3.304277312622718
192	4.31475572044524
193	4.31475572044524
194	4.31475572044524
195	4.640643535276416
196	4.640643535276416
197	4.640643535276416
198	3.9912109232805317
199	3.9912109232805317
200	3.9912109232805317
201	3.142172139126167
202	3.142172139126167
203	3.142172139126167
204	2.0979374480346045
205	2.0979374480346045
206	2.0979374480346045
207	3.929694897204171
208	3.929694897204171
209	3.929694897204171
210	3.068302065768505
211	3.068302065768505
212	3.068302065768505
213	4.080190223431659
214	4.080190223431659
215	4.080190223431659
216	3.7011118527147753
217	3.7011118527147753
218	3.7011118527147753
219	3.67390000416489
220	3.67390000416489
221	3.67390000416489
222	2.777171128833822
223	2.777171128833822
224	2.777171128833822
225	4.3340270921126836
226	4.3340270921126836
227	4.3340270921126836
228	4.4061603979532125
229	4.4061603979532125
230	4.4061603979532125
231	6.770665182026814
232	6.770665182026814
233	6.770665182026814
234	4.665014215168311
235	4.665014215168311
236	4.665014215168311
237	3.453832754418927
238	3.453832754418927
239	3.453832754418927
240	4.619537307712227
241	4.619537307712227
242	4.619537307712227
243	3.5117416096752305
244	3.5117416096752305
245	3.5117416096752305
246	2.4076076300867735
247	2.4076076300867735
248	2.4076076300867735
249	5.880038599777231
250	5.880038599777231
251	5.880038599777231
252	4.526379016827281
253	4.526379016827281
254	4.526379016827281
255	3.950697728151895
256	3.950697728151895
257	3.950697728151895
258	1.7100303977671274
259	1.7100303977671274
260	1.7100303977671274
261	3.6328713305480766
262	3.6328713305480766
263	3.6328713305480766
264	3.5909775175890646
265	3.5909775175890646
266	3.5909775175890646
267	5.895089151982047
268	5.895089151982047
269	5.895089151982047
270	4.081164398760626
271	4.081164398760626
272	4.081164398760626
273	6.207376178596771
274	6.207376178596771
275	6.207376178596771
276	4.847024071382352
277	4.847024071382352
278	4.847024071382352
279	7.739107508176382
280	7.739107508176382
281	7.739107508176382
282	2.433616203213421
283	2.433616203213421
284	2.433616203213421
285	5.10202983827573
286	5.10202983827573
287	5.10202983827573
288	4.8070597766148175
289	4.8070597766148175
290	4.8070597766148175
291	5.215444119150767
292	5.215444119150767
293	5.215444119150767
294	2.668674779964898
295	2.668674779964898
296	2.668674779964898
297	2.9405878646515795
298	2.9405878646515795
299	2.9405878646515795
300	3.602054578016765
301	3.602054578016765
302	3.602054578016765
303	1.7370421990536493
304	1.7370421990536493
305	1.7370421990536493
306	2.7216893367312878
307	2.7216893367312878
308	2.7216893367312878
309	4.07810879976088
310	4.07810879976088
311	4.07810879976088
312	3.3963301094726175
313	3.3963301094726175
314	3.3963301094726175
315	3.7538436830367954
316	3.7538436830367954
317	3.7538436830367954
318	1.2519680332778225
319	1.2519680332778225
320	1.2519680332778225
321	4.000626877198719
322	4.000626877198719
323	4.000626877198719
324	5.630250807964312
325	5.630250807964312
326	5.630250807964312
327	2.703269953011654
328	1.100877817460371
329	1.100877817460371
330	1.100877817460371
331	1.1758214564601879
332	1.1758214564601879
333	1.1758214564601879
334	1.21284219676769
335	1.21284219676769
336	1.21284219676769
337	1.1226516316602473
338	1.1226516316602473
339	1.1226516316602473
340	1.0262534005787254
341	1.0262534005787254
342	1.0262534005787254
343	0.675340928478395
344	0.675340928478395
345	0.675340928478395
346	0.6993821055765378
347	0.6993821055765378
348	0.6993821055765378
349	2.036182109434628
350	2.036182109434628
351	2.036182109434628
352	1.017534632823939
353	1.017534632823939
354	1.017534632823939
355	1.9063776913302035
356	1.9063776913302035
357	1.9063776913302035
358	1.0983635612644147
359	1.0983635612644147
360	1.0983635612644147
361	1.3056245457044007
362	1.3056245457044007
363	1.3056245457044007
364	1.632078195303244
365	1.632078195303244
366	1.632078195303244
367	1.1445100216377861
368	1.1445100216377861
369	1.1445100216377861
370	1.2845460181650874
371	1.2845460181650874
372	1.2845460181650874
373	0.8668321661939964
374	0.8668321661939964
375	0.8668321661939964
376	1.9991655865051072
377	1.9991655865051072
378	1.9991655865051072
379	1.1019986160303872
380	1.1019986160303872
381	1.1019986160303872
382	0.8938629433963542
383	0.8938629433963542
384	0.8938629433963542
385	1.2106817758819626
386	1.2106817758819626
387	1.2106817758819626
388	1.3631775991788375
389	1.3631775991788375
390	1.3631775991788375
391	2.1234113112695514
392	2.1234113112695514
393	2.1234113112695514
394	2.0192160828558787
395	2.0192160828558787
396	2.0192160828558787
397	2.2401560181674363
398	2.2401560181674363
399	2.2401560181674363
400	0.8873352007057059
401	0.8873352007057059
402	0.8873352007057059
403	1.3345874475878379
404	1.3345874475878379
405	1.3345874475878379
406	2.247164194949629
407	2.247164194949629
408	2.247164194949629
409	0.8120804062628119
410	0.8120804062628119
411	0.8120804062628119
412	0.8934583780557451
413	0.8934583780557451
414	0.8934583780557451
415	1.4187662632344713
416	1.4187662632344713
417	1.4187662632344713
418	2.524241638185824
419	2.524241638185824
420	2.524241638185824
421	1.3319573946009309
422	1.3319573946009309
423	1.3319573946009309
424	1.5884327821772655
425	1.5884327821772655
426	1.5884327821772655
427	1.5955782433164565
428	1.5955782433164565
429	1.5955782433164565
430	0.9743796315767485
431	0.9743796315767485
432	0.9743796315767485
433	1.2827258721777282
434	1.2827258721777282
435	1.2827258721777282
436	1.4986414071156668
437	1.4986414071156668
438	1.4986414071156668
439	1.1193366078239668
440	1.1193366078239668
441	1.1193366078239668
442	0.8745202522593799
443	0.8745202522593799
444	0.8745202522593799
445	1.647604148611856
446	1.647604148611856
447	1.647604148611856
448	1.305290948188674
449	1.305290948188674
450	1.305290948188674
451	1.6901345948787383
452	1.6901345948787383
453	1.6901345948787383
454	0.4306268492816372
455	0.4306268492816372
456	0.4306268492816372
457	1.3899554975925792
458	1.3899554975925792
459	1.3899554975925792
460	1.5274742898872726
461	1.5274742898872726
462	1.5274742898872726
463	1.331244977951202
464	1.331244977951202
465	1.331244977951202
466	1.6537173181618183
467	1.6537173181618183
468	1.6537173181618183
469	1.7283767349666732
470	1.7283767349666732
471	1.7283767349666732
472	1.820491849885216
473	1.820491849885216
474	1.820491849885216
475	1.9362069306591443
476	1.9362069306591443
477	1.9362069306591443
478	1.4327358203079288
479	1.4327358203079288
480	1.4327358203079288
481	0.8698836107955173
482	0.8698836107955173
483	0.8698836107955173
484	1.4707231734651043
485	1.4707231734651043
486	1.4707231734651043
487	1.992384720615733
488	1.992384720615733
489	1.992384720615733
490	1.580137973960829
491	1.580137973960829
492	1.580137973960829
493	1.0875313162506475
494	1.0875313162506475
495	1.0875313162506475
496	1.970969286184904
497	1.970969286184904
498	1.970969286184904
499	0.8005729756766249
500	0.8005729756766249
501	0.8005729756766249
502	2.061508133469716
503	2.061508133469716
504	2.061508133469716
505	1.379325359791164
506	1.379325359791164
507	1.379325359791164
508	1.3477083623486743
509	1.3477083623486743
510	1.3477083623486743
511	0.5002630589024708
512	0.5002630589024708
513	0.5002630589024708
514	0.7203615532691957
515	0.7203615532691957
516	0.7203615532691957
517	0.525751189730183
518	0.525751189730183
519	0.525751189730183
520	0.6786174391577413
521	0.6786174391577413
522	0.6786174391577413
523	1.5611044847906692
524	1.5611044847906692
525	1.5611044847906692
526	1.243788246062092
527	1.243788246062092
528	1.243788246062092
529	0.9856318624852412
530	0.9856318624852412
531	0.9856318624852412
532	1.3398116646347846
533	1.3398116646347846
534	1.3398116646347846
535	1.7648377124108745
536	1.7648377124108745
537	1.7648377124108745
538	0.8768674832338487
539	0.8768674832338487
540	0.8768674832338487
541	2.027808357683524
542	2.027808357683524
543	2.027808357683524
544	0.9674651160589385
545	0.9674651160589385
546	0.9674651160589385
547	1.4298732487340038
548	1.4298732487340038
549	1.4298732487340038
550	2.075875180199941
551	2.075875180199941
552	2.075875180199941
553	1.23358051546773
554	1.23358051546773
555	1.23358051546773
556	4.374917995181769
557	4.374917995181769
558	4.374917995181769
559	1.492794373145901
560	1.492794373145901
561	1.492794373145901
562	2.328979066753607
563	2.328979066753607
564	2.328979066753607
565	4.768648189128684
566	4.768648189128684
567	4.768648189128684
568	2.499185678992302
569	2.499185678992302
570	2.499185678992302
571	2.9434220204651584
572	2.9434220204651584
573	2.9434220204651584
574	4.866466257963103
575	4.866466257963103
576	4.866466257963103
577	2.8078198668635825
578	2.8078198668635825
579	2.8078198668635825
580	2.6891074774467705
581	2.6891074774467705
582	2.6891074774467705
583	1.4880868482681964
584	1.4880868482681964
585	1.4880868482681964
586	3.1357419852481847
587	3.1357419852481847
588	3.1357419852481847
589	4.247681485448313
590	4.247681485448313
591	4.247681485448313
592	3.231484580494219
593	3.231484580494219
594	3.231484580494219
595	3.2424495804850735
596	3.2424495804850735
597	3.2424495804850735
598	3.069911496880454
599	3.069911496880454
600	3.069911496880454
601	4.250291382750075
602	4.250291382750075
603	4.250291382750075
604	4.863908745696736
605	4.863908745696736
606	4.863908745696736
607	4.682083070503784
608	4.682083070503784
609	4.682083070503784
610	3.290062201869959
611	3.290062201869959
612	3.290062201869959
613	3.6698334293967254
614	3.6698334293967254
615	3.6698334293967254
616	2.002235573665512
617	2.002235573665512
618	2.002235573665512
619	3.403071944997242
620	3.403071944997242
621	3.403071944997242
622	5.052480969652978
623	5.052480969652978
624	5.052480969652978
625	3.1746559459010135
626	3.1746559459010135
627	3.1746559459010135
628	3.554338044575259
629	3.554338044575259
630	3.554338044575259
631	4.199476097373634
632	4.199476097373634
633	4.199476097373634
634	2.6512590313130864
635	2.6512590313130864
636	2.6512590313130864
637	3.0382649227330103
638	3.0382649227330103
639	3.0382649227330103
640	2.5995608189266255
641	2.5995608189266255
642	2.5995608189266255
643	3.2183090568139985
644	3.2183090568139985
645	3.2183090568139985
646	3.282713942121962
647	3.282713942121962
648	3.282713942121962
649	3.230992790536066
650	3.230992790536066
651	3.230992790536066
652	4.931088997812299
653	4.931088997812299
654	4.931088997812299
655	2.8524591062467923
656	2.8524591062467923
657	2.8524591062467923
658	3.3095510289255707
659	3.3095510289255707
660	3.3095510289255707
661	2.651846055133493
662	2.651846055133493
663	2.651846055133493
664	2.3794373397309374
665	2.3794373397309374
666	2.3794373397309374
667	5.359912557315791
668	5.359912557315791
669	5.359912557315791
670	2.7656271907009504
671	2.7656271907009504
672	2.7656271907009504
673	3.2724401142445947
674	3.2724401142445947
675	3.2724401142445947
676	2.650714782406693
677	2.650714782406693
678	2.650714782406693
679	3.4931034173588977
680	3.4931034173588977
681	3.4931034173588977
682	0.6247486245818696
683	0.6247486245818696
684	0.6247486245818696
685	2.809122422831403
686	2.809122422831403
687	2.809122422831403
688	1.8854712678192727
689	1.8854712678192727
690	1.8854712678192727
691	3.867206964030564
692	3.867206964030564
693	3.867206964030564
694	2.969642583974458
695	2.969642583974458
696	2.969642583974458
697	2.6765916953019753
698	2.6765916953019753
699	2.6765916953019753
700	3.1640163065565656
701	3.1640163065565656
702	3.1640163065565656
703	2.1630425528891264
704	2.1630425528891264
705	2.1630425528891264
706	2.2650885819204154
707	2.2650885819204154
708	2.2650885819204154
709	2.3023396565089467
710	2.3023396565089467
711	2.3023396565089467
712	3.3936411175413532
713	3.3936411175413532
714	3.3936411175413532
715	3.398184388682855
716	3.398184388682855
717	3.398184388682855
718	2.946999134114297
719	2.946999134114297
720	2.946999134114297
721	1.8504751922932499
722	1.8504751922932499
723	1.8504751922932499
724	3.8534309481189264
725	3.8534309481189264
726	3.8534309481189264
727	2.54976667083484
728	2.54976667083484
729	2.54976667083484
730	3.2764413645819226
731	3.2764413645819226
732	3.2764413645819226
733	3.3014890564697854
734	3.3014890564697854
735	3.3014890564697854
736	3.3415948113303973
737	3.3415948113303973
738	3.3415948113303973
739	2.8211701285426827
740	2.8211701285426827
741	2.8211701285426827
742	5.658045428324835
743	5.658045428324835
744	5.658045428324835
745	2.7778723571937274
746	2.7778723571937274
747	2.7778723571937274
748	2.66996020769625
749	2.66996020769625
750	2.66996020769625
751	3.7073813698395814
752	3.7073813698395814
753	3.7073813698395814
754	2.3829275497878726
755	2.3829275497878726
756	2.3829275497878726
757	3.9530099060279533
758	3.9530099060279533
759	3.9530099060279533
760	2.634800133850704
761	2.634800133850704
762	2.634800133850704
763	4.352765980508381
764	4.352765980508381
765	4.352765980508381
766	3.823598814414806
767	3.823598814414806
768	3.823598814414806
769	3.5896232965385333
770	3.5896232965385333
771	3.5896232965385333
772	3.0816321605055768
773	3.0816321605055768
774	3.0816321605055768
775	5.545147223699377
776	5.545147223699377
777	5.545147223699377
778	3.5308780205572243
779	3.5308780205572243
780	3.5308780205572243
781	5.591842584059524
782	5.591842584059524
783	5.591842584059524
784	1.9970128013761528
785	1.9970128013761528
786	1.9970128013761528
787	3.1765389600985907
788	3.1765389600985907
789	3.1765389600985907
790	3.438851618055376
791	3.438851618055376
792	3.438851618055376
793	3.176633728529642
794	3.176633728529642
795	3.176633728529642
796	2.816700526591749
797	2.816700526591749
798	2.816700526591749
799	4.908434809961985
800	4.908434809961985
801	4.908434809961985
802	3.4113439191198536
803	3.4113439191198536
804	3.4113439191198536
805	3.1852902664076814
806	3.1852902664076814
807	3.1852902664076814
808	2.2301934325238832
809	2.2301934325238832
810	2.2301934325238832
811	2.013577366846585
812	2.013577366846585
813	2.013577366846585
814	3.723621045881141
815	3.723621045881141
816	3.723621045881141
817	3.2175043004959925
818	3.2175043004959925
819	3.2175043004959925
820	2.6080055940684352
821	2.6080055940684352
822	2.6080055940684352
823	3.2839187063234268
824	3.2839187063234268
825	3.2839187063234268
826	2.033212460531961
827	2.033212460531961
828	2.033212460531961
829	2.6615637146110718
830	2.6615637146110718
831	2.6615637146110718
832	6.072099970327118
833	6.072099970327118
834	6.072099970327118
835	3.945436330989678
836	3.945436330989678
837	3.945436330989678
838	2.457537898499464
839	2.457537898499464
840	2.457537898499464
841	4.3745158971448355
842	4.3745158971448355
843	4.3745158971448355
844	3.351165861548041
845	3.351165861548041
846	3.351165861548041
847	1.6885584104932545
848	1.6885584104932545
849	1.6885584104932545
850	4.1736925249893435
851	4.1736925249893435
852	4.1736925249893435
853	2.2798888656223175
854	2.2798888656223175
855	2.2798888656223175
856	3.9105903510235818
857	3.9105903510235818
858	3.9105903510235818
859	3.5385985883159523
860	3.5385985883159523
861	3.5385985883159523
862	2.016197945073385
863	2.016197945073385
864	2.016197945073385
865	3.8798680799779017
866	3.8798680799779017
867	3.8798680799779017
868	1.742563525772187
869	1.742563525772187
870	1.742563525772187
871	1.6465206715545984
872	1.6465206715545984
873	1.6465206715545984
874	2.525616781960027
875	2.525616781960027
876	2.525616781960027
877	3.9002558913769
878	3.9002558913769
879	3.9002558913769
880	2.8891967842344393
881	2.8891967842344393
882	2.8891967842344393
883	3.648071712490383
884	3.648071712490383
885	3.648071712490383
886	3.7081454652878514
887	3.7081454652878514
888	3.7081454652878514
889	5.089341188175497
890	5.089341188175497
891	5.089341188175497
892	2.9241433747458507
893	2.9241433747458507
894	2.9241433747458507
895	4.377722855847909
896	4.377722855847909
897	4.377722855847909
898	2.72433367635736
899	2.72433367635736
900	2.72433367635736
901	5.147749004325066
902	5.147749004325066
903	5.147749004325066
904	3.417168522572866
905	3.417168522572866
906	3.417168522572866
907	2.457524644991399
908	2.457524644991399
909	2.457524644991399
910	3.1290490193189555
911	3.1290490193189555
912	3.1290490193189555
913	4.32161234123808
914	4.32161234123808
915	4.32161234123808
916	2.388405765894527
917	2.388405765894527
918	2.388405765894527
919	2.6552350811715018
920	2.6552350811715018
921	2.6552350811715018
922	5.455432488366812
923	5.455432488366812
924	5.455432488366812
925	5.452029422449381
926	5.452029422449381
927	5.452029422449381
928	4.513602795247819
929	4.513602795247819
930	4.513602795247819
931	2.6143300849444526
932	2.6143300849444526
933	2.6143300849444526
934	3.50836017604549
935	3.50836017604549
936	3.50836017604549
937	4.341258780249012
938	4.341258780249012
939	4.341258780249012
940	3.177131479057467
941	3.177131479057467
942	3.177131479057467
943	2.9890104857628983
944	2.9890104857628983
945	2.9890104857628983
946	3.488630031977074
947	3.488630031977074
948	3.488630031977074
949	5.562606485550859
950	5.562606485550859
951	5.562606485550859
952	3.285724975006232
953	3.285724975006232
954	3.285724975006232
955	1.55529258598279
956	1.55529258598279
957	1.55529258598279
958	3.241383530852728
959	3.241383530852728
960	3.241383530852728
961	3.106885106331895
962	3.106885106331895
963	3.106885106331895
964	2.3680503154845773
965	2.3680503154845773
966	2.3680503154845773
967	0.6342493667132976
968	0.6342493667132976
969	0.6342493667132976
970	1.112789062903138
971	1.112789062903138
972	1.112789062903138
973	1.953022297132617
974	1.953022297132617
975	1.953022297132617
976	3.809997356473044
977	3.809997356473044
978	3.809997356473044
979	3.4353914812925903
980	3.4353914812925903
981	3.4353914812925903
982	3.3868431558603933
983	3.3868431558603933
984	3.3868431558603933
985	4.535139365213207
986	4.535139365213207
987	4.535139365213207
988	4.616290674172962
989	4.616290674172962
990	4.616290674172962
991	1.1279144961315408
992	0.5083836901057823
993	0.5083836901057823
994	0.5083836901057823
995	1.0583634064092728
996	1.0583634064092728
997	1.0583634064092728
998	0.40579040938239946
999	0.40579040938239946
1000	0.40579040938239946
1001	0.7162969744037297
1002	0.7162969744037297
1003	0.7162969744037297
1004	0.6331392639460158
1005	0.6331392639460158
1006	0.6331392639460158
1007	0.33304244025242025
1008	0.33304244025242025
1009	0.33304244025242025
1010	0.45519476702666883
1011	0.45519476702666883
1012	0.45519476702666883
1013	0.7094208615119874
1014	0.7094208615119874
1015	0.7094208615119874
1016	0.4577763210112441
1017	0.4577763210112441
1018	0.4577763210112441
1019	0.7251017281583886
1020	0.7251017281583886
1021	0.7251017281583886
1022	0.4513160888632439
1023	0.4513160888632439
1024	0.4513160888632439
1025	0.7499597444867465
1026	0.7499597444867465
1027	0.7499597444867465
1028	0.8244594864272632
1029	0.8244594864272632
1030	0.8244594864272632
1031	0.4798232567310525
1032	0.4798232567310525
1033	0.4798232567310525
1034	0.42629765310439294
1035	0.42629765310439294
1036	0.42629765310439294
1037	0.715625675785633
1038	0.715625675785633
1039	0.715625675785633
1040	0.8858587492354314
1041	0.8858587492354314
1042	0.8858587492354314
1043	0.34242136098752574
1044	0.34242136098752574
1045	0.34242136098752574
1046	1.0436557505686697
1047	1.0436557505686697
1048	1.0436557505686697
1049	0.5195347556912366
1050	0.5195347556912366
1051	0.5195347556912366
1052	0.7901951668348868
1053	0.7901951668348868
1054	0.7901951668348868
1055	0.5711686957070647
1056	0.5711686957070647
1057	0.5711686957070647
1058	0.7180501821807915
1059	0.7180501821807915
1060	0.7180501821807915
1061	0.6416743262664844
1062	0.6416743262664844
1063	0.6416743262664844
1064	0.711978155835671
1065	0.711978155835671
1066	0.711978155835671
1067	0.665903717164054
1068	0.665903717164054
1069	0.665903717164054
1070	0.5199225894211045
1071	0.5199225894211045
1072	0.5199225894211045
1073	0.20422090825550193
1074	0.20422090825550193
1075	0.20422090825550193
1076	0.6817992018182241
1077	0.6817992018182241
1078	0.6817992018182241
1079	0.7285499929663142
1080	0.7285499929663142
1081	0.6693258791901799
1082	0.6693258791901799
1083	0.6693258791901799
1084	1.916312303967952
1085	1.916312303967952
1086	1.916312303967952
1087	2.7477016409492783
1088	2.7477016409492783
1089	2.7477016409492783
1090	1.6792473003043076
1091	1.6792473003043076
1092	3.269116386421881
1093	3.269116386421881
1094	3.269116386421881
1095	4.221981218199719
1096	4.221981218199719
1097	4.221981218199719
1098	3.8566889515702885
1099	3.8566889515702885
1100	3.8566889515702885
1101	2.4520966180583366
1102	2.4520966180583366
1103	2.4520966180583366
1104	2.994073404998894
1105	2.994073404998894
1106	2.994073404998894
1107	2.9539874667585484
1108	2.9539874667585484
1109	2.9539874667585484
1110	2.080855321108412
1111	2.080855321108412
1112	2.080855321108412
1113	4.575164428296485
1114	4.575164428296485
1115	4.575164428296485
1116	3.897730582848348
1117	3.897730582848348
1118	3.897730582848348
1119	3.6842346898129645
1120	3.6842346898129645
1121	3.6842346898129645
1122	3.657691391134539
1123	3.657691391134539
1124	3.657691391134539
1125	3.879558213496299
1126	3.879558213496299
1127	3.879558213496299
1128	3.3025914969185326
1129	3.3025914969185326
1130	3.3025914969185326
1131	2.3536672246528014
1132	2.3536672246528014
1133	2.3536672246528014
1134	2.622336548572254
1135	2.622336548572254
1136	2.622336548572254
1137	2.16363200126304
1138	2.16363200126304
1139	2.16363200126304
1140	1.756230915186643
1141	1.756230915186643
1142	1.756230915186643
1143	1.875593069202741
1144	1.875593069202741
1145	1.875593069202741
1146	2.562520021492161
1147	2.562520021492161
1148	2.562520021492161
1149	2.6360064641716376
1150	2.6360064641716376
1151	2.6360064641716376
1152	2.494395428030068
1153	2.494395428030068
1154	2.494395428030068
1155	1.8851031765461297
1156	1.8851031765461297
1157	1.8851031765461297
1158	4.651296254934839
1159	4.651296254934839
1160	4.651296254934839
1161	3.148186977476543
1162	3.148186977476543
1163	3.148186977476543
1164	2.602834428577216
1165	2.602834428577216
1166	2.602834428577216
1167	1.815675291026465
1168	1.815675291026465
1169	1.815675291026465
1170	2.2276421279176426
1171	2.2276421279176426
1172	2.2276421279176426
1173	1.4984169905312945
1174	1.4984169905312945
1175	1.4984169905312945
1176	1.5589704906302273
1177	1.5589704906302273
1178	1.5589704906302273
1179	2.8464717473962073
1180	2.8464717473962073
1181	2.8464717473962073
1182	3.3982822041713465
1183	3.3982822041713465
1184	3.3982822041713465
1185	2.8242864259214935
1186	2.8242864259214935
1187	2.8242864259214935
1188	2.698608311079257
1189	2.698608311079257
1190	2.698608311079257
1191	3.03265733017561
1192	3.03265733017561
1193	3.03265733017561
1194	4.959322947557739
1195	4.959322947557739
1196	4.959322947557739
1197	2.172597739172822
1198	2.172597739172822
1199	2.172597739172822
1200	1.5708577717593515
1201	1.5708577717593515
1202	1.5708577717593515
1203	2.2813235186302006
1204	2.2813235186302006
1205	2.2813235186302006
1206	3.2996851447374036
1207	3.2996851447374036
1208	3.2996851447374036
1209	3.994935202781197
1210	3.994935202781197
1211	3.994935202781197
1212	4.311277510470859
1213	4.311277510470859
1214	4.311277510470859
1215	3.4603565727038745
1216	3.4603565727038745
1217	3.4603565727038745
1218	2.263914615081464
1219	2.263914615081464
1220	2.263914615081464
1221	3.967480183851129
1222	3.967480183851129
1223	3.967480183851129
1224	3.238505157571507
1225	3.238505157571507
1226	3.238505157571507
1227	1.5079333200621976
1228	1.5079333200621976
1229	1.5079333200621976
1230	3.4929715086356223
1231	3.4929715086356223
1232	3.4929715086356223
1233	3.677843806899606
1234	3.677843806899606
1235	3.677843806899606
1236	2.1378809274202033
1237	2.1378809274202033
1238	2.1378809274202033
1239	3.2420341735905622
1240	3.2420341735905622
1241	0.30030826436785624
1242	0.30030826436785624
1243	0.30030826436785624
1244	0.6872218665917104
1245	0.6872218665917104
1246	2.7240614714463796
1247	2.7240614714463796
1248	2.7240614714463796
1249	3.731624323464061
1250	1.3390956803284297
1251	1.3390956803284297
1252	1.3390956803284297
1253	1.071210174409586
1254	1.071210174409586
1255	1.071210174409586
1256	1.6118597629237454
1257	1.6118597629237454
1258	1.6118597629237454
1259	1.3834342239409934
1260	1.3834342239409934
1261	1.3834342239409934
1262	1.405274968976965
1263	1.405274968976965
1264	1.405274968976965
1265	2.1841244954765
1266	2.1841244954765
1267	2.1841244954765
1268	0.8404253311488832
1269	0.8404253311488832
1270	0.8404253311488832
1271	1.5275721018960577
1272	1.5275721018960577
1273	1.5275721018960577
1274	2.1968397890072744
1275	2.1968397890072744
1276	2.1968397890072744
1277	1.5947436260637735
1278	1.5947436260637735
1279	1.5947436260637735
1280	1.637529308382737
1281	1.637529308382737
1282	1.637529308382737
1283	1.5387919115866482
1284	1.5387919115866482
1285	1.5387919115866482
1286	2.0196049385566885
1287	2.0196049385566885
1288	2.0196049385566885
1289	1.3977584363620255
1290	1.3977584363620255
1291	1.3977584363620255
1292	2.2531987091748658
1293	0.718574774249814
1294	0.718574774249814
1295	0.718574774249814
1296	1.281903589697773
1297	1.281903589697773
1298	1.281903589697773
1299	1.0325898048584061
1300	1.0325898048584061
1301	1.0325898048584061
1302	1.3107656144592883
1303	1.3107656144592883
1304	1.3107656144592883
1305	0.9639970587489031
1306	0.9639970587489031
1307	0.9639970587489031
1308	1.317776788849157
1309	1.317776788849157
1310	1.317776788849157
1311	1.1666039625728095
1312	1.1666039625728095
1313	1.1666039625728095
1314	0.8291043129302584
1315	0.8291043129302584
1316	0.8291043129302584
1317	1.2477762703649706
1318	1.2477762703649706
1319	1.2477762703649706
1320	1.0187333890958044
1321	1.0187333890958044
1322	1.0187333890958044
1323	1.2891998600415042
1324	1.2891998600415042
1325	1.2891998600415042
1326	1.4763555497428904
1327	1.4763555497428904
1328	1.4763555497428904
1329	1.1286025165017464
1330	1.1286025165017464
1331	1.1286025165017464
1332	0.9008684426909169
1333	0.9008684426909169
1334	0.9008684426909169
1335	1.2015001166350086
1336	1.2015001166350086
1337	1.2015001166350086
1338	1.319053345614102
1339	1.319053345614102
1340	1.319053345614102
1341	1.2561425639446469
1342	1.2561425639446469
1343	1.2561425639446469
1344	0.9685633992450348
1345	0.9685633992450348
1346	0.9685633992450348
1347	1.1754163356744711
1348	1.1754163356744711
1349	1.1754163356744711
1350	1.023402107471232
1351	1.023402107471232
1352	1.023402107471232
1353	0.6516767798424252
1354	0.6516767798424252
1355	0.6516767798424252
1356	1.1650307885971358
1357	1.1650307885971358
1358	1.1650307885971358
1359	0.7727766825199442
1360	0.7727766825199442
1361	0.7727766825199442
1362	1.1838303524801925
1363	1.1838303524801925
1364	1.1838303524801925
1365	1.369012560161307
1366	1.369012560161307
1367	1.369012560161307
1368	3.28982545325194
1369	3.28982545325194
1370	3.28982545325194
1371	3.7983800489168744
1372	3.7983800489168744
1373	3.7983800489168744
1374	2.927209506179313
1375	2.927209506179313
1376	2.927209506179313
1377	2.711428253197481
1378	2.711428253197481
1379	2.711428253197481
1380	4.1021153310142475
1381	4.1021153310142475
1382	4.1021153310142475
1383	1.7001866837621855
1384	1.7001866837621855
1385	1.7001866837621855
1386	2.999863096782069
1387	2.999863096782069
1388	2.999863096782069
1389	3.4119617622194545
1390	3.4119617622194545
1391	3.4119617622194545
1392	1.8875796257765047
1393	1.8875796257765047
1394	1.8875796257765047
1395	2.4376101460796407
1396	2.4376101460796407
1397	2.4376101460796407
1398	2.3917016387287884
1399	2.3917016387287884
1400	2.3917016387287884
1401	4.1015849405048
1402	4.1015849405048
1403	4.1015849405048
1404	1.5457277729712016
1405	1.5457277729712016
1406	1.5457277729712016
1407	2.1267493401891517
1408	2.1267493401891517
1409	2.1267493401891517
1410	2.917514467750382
1411	2.917514467750382
1412	2.917514467750382
1413	0.9798870837335172
1414	0.9798870837335172
1415	0.9798870837335172
1416	0.6466256276844831
1417	0.6466256276844831
1418	0.6466256276844831
1419	1.2116261923795266
1420	1.2116261923795266
1421	1.2116261923795266
1422	1.7010406816347174
1423	1.7010406816347174
1424	1.7010406816347174
1425	1.1408236748844545
1426	1.1408236748844545
1427	1.1408236748844545
1428	1.1240007592681889
1429	1.1240007592681889
1430	1.1240007592681889
1431	1.226260656177401
1432	1.226260656177401
1433	1.226260656177401
1434	0.8480721753167845
1435	0.8480721753167845
1436	0.8480721753167845
1437	1.028342393848559
1438	1.028342393848559
1439	1.028342393848559
1440	1.4404634311007165
1441	1.4404634311007165
1442	1.4404634311007165
1443	1.4343844780297117
1444	1.4343844780297117
1445	1.4343844780297117
1446	1.257815899760955
1447	1.257815899760955
1448	1.257815899760955
1449	1.1021635216824
1450	1.1021635216824
1451	1.1021635216824
1452	1.4082979687884492
1453	1.4082979687884492
1454	1.4082979687884492
1455	1.1748570845977502
1456	1.1748570845977502
1457	1.1748570845977502
1458	0.9835857668767628
1459	0.9835857668767628
1460	0.9835857668767628
1461	1.3477254574454025
1462	1.3477254574454025
1463	1.3477254574454025
1464	1.1255747609093731
1465	1.1255747609093731
1466	1.1255747609093731
1467	0.752325709104672
1468	0.752325709104672
1469	0.752325709104672
1470	1.5467672303210809
1471	1.5467672303210809
1472	1.5467672303210809
1473	1.0646105186891375
1474	1.0646105186891375
1475	1.0646105186891375
1476	1.1402259608776995
1477	1.1402259608776995
1478	1.1402259608776995
1479	0.9645342974053324
1480	0.9645342974053324
1481	0.9645342974053324
1482	0.731143473631475
1483	0.731143473631475
1484	0.731143473631475
1485	1.709258647029288
1486	1.709258647029288
1487	1.709258647029288
1488	0.9615094373749727
1489	0.9615094373749727
1490	0.9615094373749727
1491	0.9231861979881169
1492	0.9231861979881169
1493	0.9231861979881169
1494	1.1458014410397317
1495	1.1458014410397317
1496	1.1458014410397317
1497	0.9340985737711839
1498	0.9340985737711839
1499	0.9340985737711839
1500	0.9005277646317724
1501	0.9005277646317724
1502	0.9005277646317724
1503	1.2640637507406902
1504	1.2640637507406902
1505	1.2640637507406902
1506	1.1967885156225426
1507	1.1967885156225426
1508	1.1967885156225426
1509	1.7507429922855997
1510	1.7507429922855997
1511	1.7507429922855997
1512	0.42719266620558527
1513	0.42719266620558527
1514	0.42719266620558527
1515	0.8891810547560184
1516	0.8891810547560184
1517	0.8891810547560184
1518	1.07492764092429
1519	1.07492764092429
1520	1.07492764092429
1521	1.3953737785256197
1522	1.3953737785256197
1523	1.3953737785256197
1524	1.057992020928953
1525	1.057992020928953
1526	1.057992020928953
1527	1.026093266332599
1528	1.026093266332599
1529	1.026093266332599
1530	0.7388300871859896
1531	0.7388300871859896
1532	0.7388300871859896
1533	1.0968935517669953
1534	1.0968935517669953
1535	1.0968935517669953
1536	1.2044698536465819
1537	1.2044698536465819
1538	1.2044698536465819
1539	1.4538476353209782
1540	1.4538476353209782
1541	1.4538476353209782
1542	1.2001806176169731
1543	1.2001806176169731
1544	1.2001806176169731
1545	1.0169065675140017
1546	1.0169065675140017
1547	1.0169065675140017
1548	0.6659542692353702
1549	0.6659542692353702
1550	0.6659542692353702
1551	1.2850734151123335
1552	1.2850734151123335
1553	1.2850734151123335
1554	0.8482544789533596
1555	0.8482544789533596
1556	0.8482544789533596
1557	1.4828805949918336
1558	1.4828805949918336
1559	1.4828805949918336
1560	0.8550896143249007
1561	0.8550896143249007
1562	0.8550896143249007
1563	1.7847643419579877
1564	1.7847643419579877
1565	1.7847643419579877
1566	0.9452399122592821
1567	0.9452399122592821
1568	2.6504692289067817
1569	2.6504692289067817
1570	2.6504692289067817
1571	3.720513976893878
1572	3.720513976893878
1573	3.720513976893878
1574	3.141831036000486
1575	3.141831036000486
1576	3.141831036000486
1577	1.8625407887667855
1578	1.8625407887667855
1579	1.8625407887667855
1580	3.3780838725751563
1581	3.3780838725751563
1582	3.3780838725751563
1583	2.856662239290095
1584	2.856662239290095
1585	2.856662239290095
1586	1.3041039897242044
1587	1.3041039897242044
1588	1.3041039897242044
1589	2.2920047200656373
1590	2.2920047200656373
1591	2.2920047200656373
1592	2.3817219400059777
1593	2.3817219400059777
1594	2.3817219400059777
1595	1.8460466786910115
1596	1.8460466786910115
1597	1.8460466786910115
1598	2.1536703299640108
1599	2.1536703299640108
1600	2.1536703299640108
1601	1.9411668088796896
1602	1.9411668088796896
1603	1.9411668088796896
1604	2.800972981822672
1605	2.800972981822672
1606	2.800972981822672
1607	2.232847623277895
1608	2.232847623277895
1609	2.232847623277895
1610	1.8958328390257846
1611	1.8958328390257846
1612	1.8958328390257846
1613	2.1697642786623534
1614	2.1697642786623534
1615	2.1697642786623534
1616	1.864385699571531
1617	1.864385699571531
1618	1.864385699571531
1619	0.937154985251418
1620	0.937154985251418
1621	0.937154985251418
1622	1.8955250139323887
1623	1.8955250139323887
1624	1.8955250139323887
1625	1.6870646399057518
1626	1.6870646399057518
1627	1.6870646399057518
1628	2.8594107847342576
1629	2.8594107847342576
1630	2.8594107847342576
1631	2.319469531915079
1632	2.319469531915079
1633	2.319469531915079
1634	1.5681547520281147
1635	1.5681547520281147
1636	1.5681547520281147
1637	2.012297859501101
1638	2.012297859501101
1639	2.012297859501101
1640	1.7843566061315737
1641	1.7843566061315737
1642	1.7843566061315737
1643	1.2175309472801152
1644	1.2175309472801152
1645	1.2175309472801152
1646	1.6872168286181612
1647	1.6872168286181612
1648	1.6872168286181612
1649	1.760755304779548
1650	1.760755304779548
1651	1.760755304779548
1652	2.264388469003095
1653	2.264388469003095
1654	2.264388469003095
1655	1.4225536904389706
1656	1.4225536904389706
1657	1.4225536904389706
1658	2.0548152730971085
1659	2.0548152730971085
1660	2.0548152730971085
1661	1.9196154206163456
1662	1.9196154206163456
1663	1.9196154206163456
1664	2.655814597538452
1665	2.655814597538452
1666	2.655814597538452
1667	1.6367716936940604
1668	1.6367716936940604
1669	1.6367716936940604
1670	1.896661562449158
1671	1.896661562449158
1672	1.896661562449158
1673	2.015758382454763
1674	2.015758382454763
1675	2.015758382454763
1676	2.279394929108771
1677	2.279394929108771
1678	2.279394929108771
1679	2.8765845474202827
1680	2.8765845474202827
1681	2.8765845474202827
1682	2.4605657272511157
1683	2.4605657272511157
1684	2.4605657272511157
1685	1.1368582793740043
1686	1.1368582793740043
1687	1.1368582793740043
1688	2.5292228409370328
1689	2.5292228409370328
1690	2.5292228409370328
1691	1.5796469501266046
1692	1.5796469501266046
1693	1.5796469501266046
1694	1.1304239686951392
1695	1.1304239686951392
1696	1.1304239686951392
1697	2.388394781813192
1698	2.388394781813192
1699	2.388394781813192
1700	1.411517844529599
1701	1.411517844529599
1702	1.411517844529599
1703	2.5307476677827756
1704	2.5307476677827756
1705	2.5307476677827756
1706	1.6830545198634126
1707	1.6830545198634126
1708	1.6830545198634126
1709	1.66266250950375
1710	1.66266250950375
1711	1.66266250950375
1712	1.550847422564081
1713	1.550847422564081
1714	1.550847422564081
1715	1.4293072306402128
1716	1.4293072306402128
1717	1.4293072306402128
1718	2.8747514704329014
1719	2.8747514704329014
1720	2.8747514704329014
1721	2.432049548279075
1722	2.432049548279075
1723	2.432049548279075
1724	1.9823821341586287
1725	1.9823821341586287
1726	1.9823821341586287
1727	0.8135076000310957
1728	0.8135076000310957
1729	0.8135076000310957
1730	1.786892769729085
1731	1.786892769729085
1732	1.786892769729085
1733	2.2445949282564923
1734	2.2445949282564923
1735	2.2445949282564923
1736	2.6134372183929564
1737	2.6134372183929564
1738	2.6134372183929564
1739	1.8417965474473499
1740	1.8417965474473499
1741	1.8417965474473499
1742	1.7614056646627791
1743	1.7614056646627791
1744	1.7614056646627791
1745	2.1259194931167937
1746	2.1259194931167937
1747	2.1259194931167937
1748	2.3915438831337856
1749	2.3915438831337856
1750	2.3915438831337856
1751	1.8264746462429122
1752	1.8264746462429122
1753	1.8264746462429122
1754	2.111026078987264
1755	2.111026078987264
1756	2.111026078987264
1757	1.3177215058508445
1758	1.3177215058508445
1759	1.3177215058508445
1760	1.8263443922030669
1761	1.8263443922030669
1762	1.8263443922030669
1763	1.734801953369602
1764	1.734801953369602
1765	1.734801953369602
1766	2.8636410720113235
1767	2.8636410720113235
1768	2.8636410720113235
1769	1.4438852344305775
1770	1.4438852344305775
1771	1.4438852344305775
1772	1.7329367973951968
1773	1.7329367973951968
1774	1.7329367973951968
1775	1.927066699935074
1776	1.927066699935074
1777	1.927066699935074
1778	1.9406409830872076
1779	1.9406409830872076
1780	1.9406409830872076
1781	2.08090528516492
1782	2.08090528516492
1783	2.08090528516492
1784	1.75949203773745
1785	1.75949203773745
1786	1.75949203773745
1787	2.252758001702517
1788	2.252758001702517
1789	2.252758001702517
1790	1.853057205280649
1791	1.853057205280649
1792	1.853057205280649
1793	2.774763826424108
1794	2.774763826424108
1795	2.774763826424108
1796	2.155610514285533
1797	2.155610514285533
1798	2.155610514285533
1799	2.3731326830832797
1800	2.3731326830832797
1801	2.3731326830832797
1802	2.5545694689073066
1803	2.5545694689073066
1804	2.5545694689073066
1805	1.3613837381047924
1806	1.3613837381047924
1807	1.3613837381047924
1808	1.876891911869523
1809	1.876891911869523
1810	1.876891911869523
1811	1.470269259754472
1812	1.470269259754472
1813	1.470269259754472
1814	1.8745763603322467
1815	1.8745763603322467
1816	1.8745763603322467
1817	2.775308539288103
1818	2.775308539288103
1819	2.775308539288103
1820	1.825427014999781
1821	1.825427014999781
1822	1.825427014999781
1823	1.6048441355812115
1824	1.6048441355812115
1825	1.6048441355812115
1826	1.337152363373764
1827	1.337152363373764
1828	1.337152363373764
1829	2.131919688887735
1830	2.131919688887735
1831	2.131919688887735
1832	1.9147935644403609
1833	1.9147935644403609
1834	1.9147935644403609
1835	2.020433617345904
1836	2.020433617345904
1837	2.020433617345904
1838	1.7625914027172167
1839	1.7625914027172167
1840	1.7625914027172167
1841	1.282051644855105
1842	1.282051644855105
1843	1.282051644855105
1844	1.9323838025450844
1845	1.9323838025450844
1846	1.9323838025450844
1847	2.031076348106579
1848	2.031076348106579
1849	2.031076348106579
1850	1.5645725177628007
1851	1.5645725177628007
1852	1.5645725177628007
1853	3.039249695511258
1854	3.039249695511258
1855	3.039249695511258
1856	5.286141846159021
1857	5.286141846159021
1858	5.286141846159021
1859	3.092754694133642
1860	3.092754694133642
1861	3.092754694133642
1862	1.8657902546666716
1863	1.8657902546666716
1864	1.8657902546666716
1865	0.6223906219436304
1866	0.6223906219436304
1867	0.6223906219436304
1868	1.8157813990214084
1869	1.8157813990214084
1870	1.8157813990214084
1871	1.1324831067681036
1872	1.1324831067681036
1873	1.1324831067681036
1874	1.8169990048803384
1875	1.8169990048803384
1876	1.8169990048803384
1877	0.8832824331586872
1878	0.8832824331586872
1879	0.8832824331586872
1880	1.668957382010492
1881	1.668957382010492
1882	1.668957382010492
1883	1.8884198681893318
1884	1.8884198681893318
1885	1.8884198681893318
1886	2.1530639852617655
1887	2.1530639852617655
1888	2.1530639852617655
1889	1.7371373127915686
1890	1.7371373127915686
1891	1.7371373127915686
1892	1.6841992860670976
1893	1.6841992860670976
1894	1.6841992860670976
1895	1.74522468698976
1896	1.74522468698976
1897	1.74522468698976
1898	2.200870850825992
1899	2.200870850825992
1900	2.200870850825992
1901	1.5667580899078346
1902	1.5667580899078346
1903	1.5667580899078346
1904	0.8133700243528545
1905	0.8133700243528545
1906	0.8133700243528545
1907	1.4363103772992654
1908	1.4363103772992654
1909	1.4363103772992654
1910	1.4997767359803382
1911	1.4997767359803382
1912	1.4997767359803382
1913	1.675677653192391
1914	1.675677653192391
1915	1.675677653192391
1916	1.5624662117997608
1917	1.5624662117997608
1918	1.5624662117997608
1919	1.4515602253928028
1920	1.4515602253928028
1921	1.4515602253928028
1922	2.030749565893201
1923	2.030749565893201
1924	2.030749565893201
1925	2.0781359509289774
1926	2.0781359509289774
1927	2.0781359509289774
1928	0.9560328573908918
1929	0.9560328573908918
1930	0.9560328573908918
1931	1.7456686627613052
1932	1.7456686627613052
1933	1.7456686627613052
1934	1.3409121562420632
1935	1.3409121562420632
1936	1.3409121562420632
1937	1.7060317689931381
1938	1.7060317689931381
1939	1.7060317689931381
1940	2.1915806386536083
1941	2.1915806386536083
1942	2.1915806386536083
1943	1.3645519049931456
1944	1.3645519049931456
1945	1.3645519049931456
1946	1.1785727835213473
1947	1.1785727835213473
1948	1.1785727835213473
1949	1.2407031011766232
1950	1.2407031011766232
1951	1.2407031011766232
1952	1.5917157581197574
1953	1.5917157581197574
1954	1.5917157581197574
1955	1.3636340487397933
1956	1.3636340487397933
1957	1.3636340487397933
1958	1.332342908805404
1959	1.332342908805404
1960	1.332342908805404
1961	0.32609122681980574
1962	0.32609122681980574
1963	0.32609122681980574
1964	2.1345721682388588
1965	2.1345721682388588
1966	2.1345721682388588
1967	1.9872996102061078
1968	1.9872996102061078
1969	1.9872996102061078
1970	1.900653535141809
1971	1.900653535141809
1972	1.900653535141809
1973	1.5891188367662203
1974	1.5891188367662203
1975	1.5891188367662203
1976	0.7465814014649843
1977	0.7465814014649843
1978	0.7465814014649843
1979	0.7486059242399937
1980	0.7486059242399937
1981	0.7486059242399937
1982	2.016990759570401
1983	2.016990759570401
1984	2.016990759570401
1985	0.8275462142594944
1986	0.8275462142594944
1987	0.8275462142594944
1988	1.9583422588767152
1989	1.9583422588767152
1990	1.9583422588767152
1991	1.3661143344752522
1992	1.3661143344752522
1993	1.3661143344752522
1994	1.1249937601997195
1995	1.1249937601997195
1996	1.1249937601997195
1997	1.8876101991811134
1998	1.8876101991811134
1999	1.8876101991811134
