0	2.714513429885806
1	2.714513429885806
2	2.714513429885806
3	2.714513429885806
4	2.969017515208723
5	2.969017515208723
6	2.969017515208723
7	2.969017515208723
8	1.9751620280214894
9	1.9751620280214894
10	1.9751620280214894
11	1.9751620280214894
12	3.3367836784891014
13	3.3367836784891014
14	3.3367836784891014
15	3.3367836784891014
16	0.869086644107957
17	0.869086644107957
18	0.869086644107957
19	0.869086644107957
20	2.816856640139774
21	2.816856640139774
22	2.816856640139774
23	2.816856640139774
24	2.00366097756878
25	2.00366097756878
26	2.00366097756878
27	2.00366097756878
28	1.798064041871001
29	1.798064041871001
30	1.798064041871001
31	1.798064041871001
32	2.179154459896389
33	2.179154459896389
34	2.179154459896389
35	2.179154459896389
36	3.2149686458523035
37	3.2149686458523035
38	3.2149686458523035
39	3.2149686458523035
40	2.29011904212848
41	2.29011904212848
42	2.29011904212848
43	2.29011904212848
44	2.50933457288443
45	2.50933457288443
46	2.50933457288443
47	2.50933457288443
48	1.5418356522515662
49	1.5418356522515662
50	1.5418356522515662
51	1.5418356522515662
52	1.072526128886639
53	1.072526128886639
54	1.072526128886639
55	1.072526128886639
56	3.3207525579164225
57	3.3207525579164225
58	3.3207525579164225
59	3.3207525579164225
60	2.8006694825860596
61	2.8006694825860596
62	2.8006694825860596
63	2.8006694825860596
64	2.318124748647705
65	2.318124748647705
66	2.318124748647705
67	2.318124748647705
68	3.693157321312343
69	3.693157321312343
70	3.693157321312343
71	3.693157321312343
72	2.7657574761190378
73	2.7657574761190378
74	2.7657574761190378
75	2.7657574761190378
76	3.3852344695554595
77	3.3852344695554595
78	3.3852344695554595
79	3.3852344695554595
80	3.444119024439871
81	3.444119024439871
82	3.444119024439871
83	3.444119024439871
84	4.128934812449002
85	4.128934812449002
86	4.102196352366161
87	4.102196352366161
88	4.102196352366161
89	4.102196352366161
90	3.669522493648046
91	3.669522493648046
92	3.669522493648046
93	3.669522493648046
94	3.639375830163717
95	3.639375830163717
96	3.639375830163717
97	3.639375830163717
98	3.750327584028464
99	3.750327584028464
100	3.750327584028464
101	3.750327584028464
102	1.126971117960284
103	1.126971117960284
104	1.126971117960284
105	1.126971117960284
106	1.3125138171175523
107	1.3125138171175523
108	1.3125138171175523
109	1.3125138171175523
110	4.401818775184315
111	4.401818775184315
112	4.401818775184315
113	4.401818775184315
114	4.401139802955325
115	4.401139802955325
116	4.401139802955325
117	4.401139802955325
118	3.8875076781776636
119	3.8875076781776636
120	3.8875076781776636
121	3.8875076781776636
122	0.7530063074730369
123	0.7530063074730369
124	0.7530063074730369
125	0.7530063074730369
126	3.7312474766636905
127	3.7312474766636905
128	3.7312474766636905
129	3.7312474766636905
130	2.00872331403418
131	2.00872331403418
132	2.00872331403418
133	2.00872331403418
134	4.975627334562688
135	4.975627334562688
136	4.975627334562688
137	4.975627334562688
138	2.4708168175793133
139	2.4708168175793133
140	2.4708168175793133
141	2.4708168175793133
142	5.1629085771666485
143	5.1629085771666485
144	5.1629085771666485
145	5.1629085771666485
146	3.4502533143267353
147	3.4502533143267353
148	3.4502533143267353
149	3.4502533143267353
150	4.427078803645637
151	4.427078803645637
152	4.427078803645637
153	4.427078803645637
154	3.074576981915282
155	3.074576981915282
156	3.074576981915282
157	3.074576981915282
158	0.1
159	0.1
160	0.1
161	0.1
162	3.0583416961946197
163	3.0583416961946197
164	3.0583416961946197
165	3.0583416961946197
166	5.421328790109984
167	5.421328790109984
168	5.421328790109984
169	5.421328790109984
170	4.402512656081214
171	4.402512656081214
172	4.402512656081214
173	4.402512656081214
174	2.3527602236504936
175	2.3527602236504936
176	2.3527602236504936
177	2.3527602236504936
178	3.9051745448225046
179	3.9051745448225046
180	3.9051745448225046
181	3.9051745448225046
182	3.62414268559162
183	3.62414268559162
184	3.62414268559162
185	3.62414268559162
186	3.562848824640555
187	3.562848824640555
188	3.562848824640555
189	3.562848824640555
190	5.199875792170222
191	5.199875792170222
192	5.199875792170222
193	5.199875792170222
194	3.8795915715755505
195	3.8795915715755505
196	3.8795915715755505
197	3.8795915715755505
198	3.5690359247011894
199	3.5690359247011894
200	3.5690359247011894
201	3.5690359247011894
202	2.16079526775607
203	2.16079526775607
204	2.16079526775607
205	2.16079526775607
206	2.301697455041694
207	2.301697455041694
208	2.301697455041694
209	2.301697455041694
210	4.59050985200481
211	4.59050985200481
212	4.59050985200481
213	4.59050985200481
214	3.2724634047198564
215	3.2724634047198564
216	3.2724634047198564
217	3.2724634047198564
218	0.41646717404530254
219	0.41646717404530254
220	0.41646717404530254
221	0.41646717404530254
222	4.0071877141826775
223	4.0071877141826775
224	4.0071877141826775
225	4.0071877141826775
226	3.3105549422689506
227	3.3105549422689506
228	3.3105549422689506
229	3.3105549422689506
230	4.467557659928336
231	4.467557659928336
232	4.467557659928336
233	4.467557659928336
234	3.1136964623939454
235	3.1136964623939454
236	3.1136964623939454
237	3.1136964623939454
238	1.5118383532825481
239	1.5118383532825481
240	1.5118383532825481
241	1.5118383532825481
242	2.139074068393695
243	2.139074068393695
244	2.139074068393695
245	2.139074068393695
246	4.523870591079942
247	4.523870591079942
248	4.523870591079942
249	4.523870591079942
250	3.402433596744569
251	3.402433596744569
252	3.402433596744569
253	3.402433596744569
254	4.1477790132543095
255	4.1477790132543095
256	4.1477790132543095
257	4.1477790132543095
258	3.0056138903743004
259	3.0056138903743004
260	3.0056138903743004
261	3.0056138903743004
262	2.76146092401828
263	2.76146092401828
264	2.76146092401828
265	2.76146092401828
266	3.1688554003913363
267	3.1688554003913363
268	3.1688554003913363
269	3.1688554003913363
270	2.9202397073061204
271	2.9202397073061204
272	0.697668132671755
273	0.697668132671755
274	0.697668132671755
275	0.697668132671755
276	1.4459715717642723
277	1.4459715717642723
278	1.4459715717642723
279	1.4459715717642723
280	0.9959967237972478
281	0.9959967237972478
282	0.9959967237972478
283	0.9959967237972478
284	0.8797847394845035
285	0.8797847394845035
286	0.8797847394845035
287	0.8797847394845035
288	1.1220401527530586
289	1.1220401527530586
290	1.1220401527530586
291	1.1220401527530586
292	1.1174657325440869
293	1.1174657325440869
294	1.1174657325440869
295	1.1174657325440869
296	1.316533425625405
297	1.316533425625405
298	1.316533425625405
299	1.316533425625405
300	1.4785392901469896
301	1.4785392901469896
302	1.4785392901469896
303	1.4785392901469896
304	1.3578445198492468
305	1.3578445198492468
306	1.3578445198492468
307	1.3578445198492468
308	0.8215057312688869
309	0.8215057312688869
310	0.8215057312688869
311	0.8215057312688869
312	1.3632707421793813
313	1.3632707421793813
314	1.3632707421793813
315	1.3632707421793813
316	1.3350827518228712
317	1.3350827518228712
318	1.3350827518228712
319	1.3350827518228712
320	0.9909156773794549
321	0.9909156773794549
322	0.9909156773794549
323	0.9909156773794549
324	0.7205188213252633
325	0.7205188213252633
326	0.7205188213252633
327	0.7205188213252633
328	1.2323074938388814
329	1.2323074938388814
330	1.2323074938388814
331	1.2323074938388814
332	1.4864145259780455
333	1.4864145259780455
334	1.4864145259780455
335	1.4864145259780455
336	1.249841369194037
337	1.249841369194037
338	1.249841369194037
339	1.249841369194037
340	0.7542472868707393
341	0.7542472868707393
342	0.7542472868707393
343	0.7542472868707393
344	1.040698153062245
345	1.040698153062245
346	1.040698153062245
347	1.040698153062245
348	1.0916309974332965
349	1.0916309974332965
350	1.0916309974332965
351	1.0916309974332965
352	1.165898098022039
353	1.165898098022039
354	1.165898098022039
355	1.165898098022039
356	0.9868653377043904
357	0.9868653377043904
358	0.9868653377043904
359	0.9868653377043904
360	0.656933731228136
361	0.656933731228136
362	0.656933731228136
363	0.656933731228136
364	0.49708122707532587
365	0.49708122707532587
366	0.49708122707532587
367	0.49708122707532587
368	0.5929287753868963
369	0.5929287753868963
370	0.5929287753868963
371	0.5929287753868963
372	1.1741877162018577
373	1.1741877162018577
374	1.1741877162018577
375	1.1741877162018577
376	0.6670248503915547
377	0.6670248503915547
378	0.6670248503915547
379	0.6670248503915547
380	0.9256587369084872
381	0.9256587369084872
382	2.463565098763785
383	2.463565098763785
384	2.463565098763785
385	2.463565098763785
386	0.5800112233036123
387	0.5800112233036123
388	0.5800112233036123
389	0.5800112233036123
390	2.245780081119479
391	2.245780081119479
392	2.245780081119479
393	2.245780081119479
394	3.5041178872149046
395	3.5041178872149046
396	3.5041178872149046
397	3.5041178872149046
398	3.7044162006355683
399	3.7044162006355683
400	3.7044162006355683
401	3.7044162006355683
402	3.8778671154616102
403	0.1
404	0.1
405	0.1
406	0.1
407	3.3707575868887067
408	3.3707575868887067
409	3.3707575868887067
410	3.3707575868887067
411	3.7747177579566187
412	3.7747177579566187
413	3.7747177579566187
414	3.7747177579566187
415	2.512299110731008
416	2.512299110731008
417	2.512299110731008
418	2.512299110731008
419	4.393575741254456
420	4.393575741254456
421	4.393575741254456
422	4.393575741254456
423	6.428911809348865
424	6.428911809348865
425	6.428911809348865
426	6.428911809348865
427	5.471966082514653
428	5.471966082514653
429	5.471966082514653
430	5.471966082514653
431	9.481660621933601
432	9.481660621933601
433	9.481660621933601
434	9.481660621933601
435	6.07179571638553
436	6.07179571638553
437	6.07179571638553
438	6.07179571638553
439	5.4104048592496525
440	5.4104048592496525
441	5.4104048592496525
442	5.4104048592496525
443	2.9157299037702025
444	2.9157299037702025
445	2.9157299037702025
446	2.9157299037702025
447	4.875092013584366
448	4.875092013584366
449	4.875092013584366
450	4.875092013584366
451	4.773366060873801
452	4.773366060873801
453	4.773366060873801
454	4.773366060873801
455	3.276783809347317
456	3.276783809347317
457	3.276783809347317
458	3.276783809347317
459	5.8006385480541205
460	5.8006385480541205
461	5.8006385480541205
462	5.8006385480541205
463	3.8922217358589974
464	3.8922217358589974
465	3.8922217358589974
466	3.8922217358589974
467	2.0091805490990056
468	2.0091805490990056
469	2.0091805490990056
470	2.0091805490990056
471	5.048671584985991
472	5.048671584985991
473	5.048671584985991
474	5.048671584985991
475	4.487227868365658
476	4.487227868365658
477	4.487227868365658
478	4.487227868365658
479	5.011002982739693
480	5.011002982739693
481	5.011002982739693
482	5.011002982739693
483	5.184825496953083
484	5.184825496953083
485	5.184825496953083
486	5.184825496953083
487	5.02149132362666
488	5.02149132362666
489	5.02149132362666
490	5.02149132362666
491	5.040402067990566
492	5.040402067990566
493	5.040402067990566
494	5.040402067990566
495	5.225927141280385
496	5.225927141280385
497	5.225927141280385
498	5.225927141280385
499	7.855220298411421
500	7.855220298411421
501	7.855220298411421
502	7.855220298411421
503	4.180167939904583
504	4.180167939904583
505	4.180167939904583
506	4.180167939904583
507	3.315663410342589
508	3.315663410342589
509	3.315663410342589
510	3.315663410342589
511	6.073815408464292
512	6.073815408464292
513	6.073815408464292
514	6.073815408464292
515	5.040784333350955
516	5.040784333350955
517	5.040784333350955
518	5.040784333350955
519	4.012737982539606
520	4.012737982539606
521	4.012737982539606
522	4.012737982539606
523	3.8816608900947815
524	3.8816608900947815
525	3.8816608900947815
526	3.8816608900947815
527	4.654472526439878
528	4.654472526439878
529	4.654472526439878
530	4.654472526439878
531	4.626013845353407
532	4.626013845353407
533	4.626013845353407
534	4.626013845353407
535	3.2600841765076147
536	3.2600841765076147
537	3.2600841765076147
538	3.2600841765076147
539	3.54894730249463
540	3.54894730249463
541	3.54894730249463
542	3.54894730249463
543	4.925880570668193
544	4.925880570668193
545	4.925880570668193
546	4.925880570668193
547	5.828520539803872
548	5.828520539803872
549	5.828520539803872
550	5.828520539803872
551	4.218925053195998
552	4.218925053195998
553	4.218925053195998
554	4.218925053195998
555	4.537419384542456
556	4.537419384542456
557	4.537419384542456
558	4.537419384542456
559	2.73117016060253
560	0.6912609158093983
561	0.6912609158093983
562	0.6912609158093983
563	0.6380229813949261
564	0.6380229813949261
565	0.6380229813949261
566	0.6380229813949261
567	0.5999428147196408
568	0.5999428147196408
569	0.5999428147196408
570	0.5999428147196408
571	0.9008107715770446
572	0.9008107715770446
573	0.9008107715770446
574	0.9008107715770446
575	0.4639597611945053
576	0.4639597611945053
577	0.4639597611945053
578	0.4639597611945053
579	0.30271864660232406
580	0.30271864660232406
581	0.30271864660232406
582	0.30271864660232406
583	0.9039109976383919
584	0.9039109976383919
585	0.9039109976383919
586	0.9039109976383919
587	0.959158313702627
588	0.959158313702627
589	0.959158313702627
590	0.959158313702627
591	0.7495545137212861
592	0.7495545137212861
593	0.7495545137212861
594	0.7495545137212861
595	0.7633258680229404
596	0.7633258680229404
597	0.7633258680229404
598	0.7633258680229404
599	0.32759299021461685
600	0.32759299021461685
601	0.32759299021461685
602	0.32759299021461685
603	0.8657074423342352
604	0.8657074423342352
605	0.8657074423342352
606	0.8657074423342352
607	0.7428195069734336
608	0.7428195069734336
609	0.7428195069734336
610	0.7428195069734336
611	0.5561793576014138
612	0.5561793576014138
613	0.5561793576014138
614	0.5561793576014138
615	0.258862872462354
616	0.258862872462354
617	0.24602218831233008
618	0.24602218831233008
619	0.24602218831233008
620	0.24602218831233008
621	0.29540259526139523
622	0.29540259526139523
623	0.29540259526139523
624	0.29540259526139523
625	0.1
626	0.1
627	0.1
628	0.1
629	0.27804140575678044
630	0.27804140575678044
631	0.27804140575678044
632	0.27804140575678044
633	0.19612558617180753
634	0.19612558617180753
635	0.19612558617180753
636	0.19612558617180753
637	0.15991696364718394
638	0.15991696364718394
639	0.15991696364718394
640	0.15991696364718394
641	0.11048984196165701
642	0.11048984196165701
643	0.11048984196165701
644	0.11048984196165701
645	0.3344161674823264
646	0.3344161674823264
647	0.3344161674823264
648	0.3344161674823264
649	0.20567405681646592
650	0.20567405681646592
651	0.20567405681646592
652	0.20567405681646592
653	0.24231250229428933
654	0.24231250229428933
655	0.24231250229428933
656	0.24231250229428933
657	0.20422443399934692
658	0.20422443399934692
659	0.20422443399934692
660	0.20422443399934692
661	0.28706803847774587
662	0.28706803847774587
663	0.28706803847774587
664	0.28706803847774587
665	0.1
666	0.1
667	0.1
668	0.1
669	0.1
670	0.1
671	0.1
672	0.1
673	0.2269761201536679
674	0.2269761201536679
675	0.2269761201536679
676	0.2269761201536679
677	0.3254270267981889
678	0.3254270267981889
679	0.3254270267981889
680	0.3254270267981889
681	0.17319945891755528
682	0.17319945891755528
683	0.17319945891755528
684	0.17319945891755528
685	0.1855685620890483
686	0.1855685620890483
687	0.1855685620890483
688	0.1855685620890483
689	0.34804456332397105
690	0.34804456332397105
691	0.34804456332397105
692	0.34804456332397105
693	0.18823535729363092
694	0.18823535729363092
695	0.18823535729363092
696	0.18823535729363092
697	0.11739606004390928
698	0.11739606004390928
699	0.11739606004390928
700	0.11739606004390928
701	0.1772027914951265
702	0.1772027914951265
703	0.1772027914951265
704	0.1772027914951265
705	0.27481655539530064
706	0.27481655539530064
707	0.27481655539530064
708	0.27481655539530064
709	0.23860856844160483
710	0.23860856844160483
711	0.23860856844160483
712	0.23860856844160483
713	0.2218658929789003
714	0.2218658929789003
715	0.2218658929789003
716	0.2218658929789003
717	0.1
718	0.1
719	0.1
720	0.1
721	0.14642496653630313
722	0.14642496653630313
723	0.14642496653630313
724	0.14642496653630313
725	0.1
726	0.1
727	0.1
728	0.1
729	0.1973772552998847
730	0.1973772552998847
731	0.1973772552998847
732	0.1973772552998847
733	0.20341611809679466
734	0.20341611809679466
735	0.20341611809679466
736	0.20341611809679466
737	0.1
738	0.1
739	0.1
740	0.1
741	0.19596882449403225
742	0.19596882449403225
743	0.19596882449403225
744	0.19596882449403225
745	0.20152694611143793
746	0.20152694611143793
747	0.20152694611143793
748	0.5834230325149801
749	0.5834230325149801
750	0.5834230325149801
751	0.5834230325149801
752	0.694942768204907
753	0.694942768204907
754	0.694942768204907
755	0.694942768204907
756	0.5031774493541711
757	0.5031774493541711
758	0.5031774493541711
759	0.5031774493541711
760	0.6161756658685499
761	0.6161756658685499
762	0.6161756658685499
763	0.6161756658685499
764	0.9073765320422302
765	0.9073765320422302
766	0.9073765320422302
767	0.9073765320422302
768	0.32947669456547507
769	0.32947669456547507
770	0.32947669456547507
771	0.32947669456547507
772	0.5605278753876833
773	0.5605278753876833
774	0.5605278753876833
775	0.5605278753876833
776	0.5890226914610993
777	0.5890226914610993
778	0.5890226914610993
779	0.5890226914610993
780	0.6311540817243123
781	0.6311540817243123
782	0.6311540817243123
783	0.6311540817243123
784	0.8603675619681347
785	0.8603675619681347
786	0.8603675619681347
787	0.8603675619681347
788	0.1
789	0.1
790	0.1
791	0.1
792	0.7623949998212226
793	0.7623949998212226
794	0.7623949998212226
795	0.7623949998212226
796	1.2822388081683718
797	1.2822388081683718
798	1.2822388081683718
799	1.2822388081683718
800	0.7587252991995982
801	0.7587252991995982
802	0.7587252991995982
803	0.7587252991995982
804	0.9016294318777146
805	0.9016294318777146
806	0.9016294318777146
807	0.9016294318777146
808	0.6433854692107264
809	0.6433854692107264
810	0.6433854692107264
811	0.6433854692107264
812	0.6626013481911159
813	0.6626013481911159
814	0.6626013481911159
815	0.6626013481911159
816	0.4239286067203345
817	0.4239286067203345
818	0.4239286067203345
819	0.4239286067203345
820	0.5989799317794993
821	0.5989799317794993
822	2.727024221721409
823	2.727024221721409
824	2.727024221721409
825	2.727024221721409
826	2.5996430578175493
827	2.5996430578175493
828	2.5996430578175493
829	2.5996430578175493
830	2.1085733599548644
831	2.1085733599548644
832	2.1085733599548644
833	2.1085733599548644
834	2.4424109115976584
835	2.4424109115976584
836	2.4424109115976584
837	2.4424109115976584
838	2.136087115065251
839	2.136087115065251
840	2.136087115065251
841	2.136087115065251
842	1.3454247592574857
843	1.3454247592574857
844	1.3454247592574857
845	1.3454247592574857
846	0.36626687537473823
847	0.36626687537473823
848	0.36626687537473823
849	0.36626687537473823
850	2.0287025805479812
851	2.0287025805479812
852	2.0287025805479812
853	2.0287025805479812
854	0.1
855	0.1
856	0.1
857	0.1
858	0.6086397410197393
859	0.6086397410197393
860	0.6086397410197393
861	0.6086397410197393
862	1.518897867499107
863	1.518897867499107
864	1.518897867499107
865	1.518897867499107
866	0.6642362965439292
867	0.6642362965439292
868	0.6642362965439292
869	0.6642362965439292
870	1.085623777828861
871	1.085623777828861
872	1.085623777828861
873	1.085623777828861
874	3.1667263086151642
875	3.1667263086151642
876	3.1667263086151642
877	3.1667263086151642
878	2.2632933355988163
879	2.2632933355988163
880	2.2632933355988163
881	2.2632933355988163
882	2.0538354489656894
883	2.0538354489656894
884	2.0538354489656894
885	2.0538354489656894
886	0.4085463276088668
887	0.4085463276088668
888	0.4085463276088668
889	0.4085463276088668
890	3.1501736264952873
891	3.1501736264952873
892	3.1501736264952873
893	3.1501736264952873
894	3.0905263397953986
895	3.0905263397953986
896	3.0905263397953986
897	3.0905263397953986
898	1.4908642157737155
899	1.4908642157737155
900	1.4908642157737155
901	1.4908642157737155
902	1.7437914018014822
903	1.7437914018014822
904	1.7437914018014822
905	1.7437914018014822
906	0.6561855232563523
907	0.6561855232563523
908	0.6561855232563523
909	0.6561855232563523
910	3.555465765766651
911	3.555465765766651
912	3.555465765766651
913	3.555465765766651
914	1.38940639043658
915	1.38940639043658
916	1.38940639043658
917	1.38940639043658
918	3.450667096156118
919	3.450667096156118
920	3.450667096156118
921	3.450667096156118
922	3.6175042971137397
923	3.6175042971137397
924	3.6175042971137397
925	3.6175042971137397
926	2.9872467861506555
927	2.9872467861506555
928	2.9872467861506555
929	2.9872467861506555
930	2.1785403341077867
931	2.1785403341077867
932	2.1785403341077867
933	2.1785403341077867
934	2.176519438338941
935	2.176519438338941
936	2.176519438338941
937	2.176519438338941
938	1.7929077037785066
939	1.7929077037785066
940	1.7929077037785066
941	1.7929077037785066
942	1.3733513909777593
943	1.3733513909777593
944	1.3733513909777593
945	1.3733513909777593
946	1.4992566051336436
947	1.4992566051336436
948	1.4992566051336436
949	1.4992566051336436
950	1.340339061473982
951	1.340339061473982
952	1.340339061473982
953	1.340339061473982
954	3.0427141122536043
955	3.0427141122536043
956	3.0427141122536043
957	3.0427141122536043
958	1.3869094327949258
959	1.3869094327949258
960	1.3869094327949258
961	1.3869094327949258
962	1.6386759956701884
963	1.6386759956701884
964	1.6386759956701884
965	1.6386759956701884
966	2.8733598391216626
967	2.8733598391216626
968	2.8733598391216626
969	2.8733598391216626
970	2.0183450572116737
971	2.0183450572116737
972	2.0183450572116737
973	2.0183450572116737
974	0.8161019768137587
975	0.8161019768137587
976	0.8161019768137587
977	0.8161019768137587
978	1.9657206240998766
979	1.9657206240998766
980	1.9657206240998766
981	1.9657206240998766
982	1.1821749203984002
983	1.1821749203984002
984	1.1821749203984002
985	1.1821749203984002
986	1.7714251717465026
987	1.7714251717465026
988	1.7714251717465026
989	1.7714251717465026
990	1.9081639063402906
991	1.9081639063402906
992	1.9081639063402906
993	1.9081639063402906
994	2.8384707753673473
995	2.8384707753673473
996	2.8384707753673473
997	2.8384707753673473
998	2.9355775206888493
999	2.9355775206888493
1000	2.9355775206888493
1001	2.9355775206888493
1002	1.8338828350770149
1003	1.8338828350770149
1004	1.8338828350770149
1005	1.8338828350770149
1006	1.5675205774720702
1007	1.5675205774720702
1008	1.5675205774720702
1009	1.5675205774720702
1010	1.6527336724716892
1011	1.6527336724716892
1012	1.6527336724716892
1013	1.6527336724716892
1014	2.3501121148362873
1015	2.3501121148362873
1016	2.3501121148362873
1017	2.3501121148362873
1018	1.332764497644244
1019	1.332764497644244
1020	1.332764497644244
1021	1.332764497644244
1022	0.7975516145289305
1023	0.7975516145289305
1024	0.7975516145289305
1025	0.7975516145289305
1026	2.263928050234425
1027	2.263928050234425
1028	2.263928050234425
1029	2.263928050234425
1030	1.2544168280823096
1031	1.2544168280823096
1032	1.2544168280823096
1033	1.2544168280823096
1034	1.8450557892530408
1035	1.8450557892530408
1036	1.8450557892530408
1037	1.8450557892530408
1038	3.3900233505987574
1039	3.3900233505987574
1040	3.3900233505987574
1041	3.3900233505987574
1042	2.2631422723683094
1043	2.2631422723683094
1044	2.2631422723683094
1045	2.2631422723683094
1046	0.6300176766046812
1047	0.6300176766046812
1048	0.6300176766046812
1049	0.6300176766046812
1050	1.633887754316708
1051	1.633887754316708
1052	1.633887754316708
1053	1.633887754316708
1054	2.032822588214272
1055	2.032822588214272
1056	2.032822588214272
1057	2.032822588214272
1058	1.9672233569988566
1059	1.9672233569988566
1060	1.9672233569988566
1061	1.9672233569988566
1062	2.01756813243638
1063	2.01756813243638
1064	2.01756813243638
1065	2.01756813243638
1066	4.474997637264101
1067	4.474997637264101
1068	4.474997637264101
1069	4.474997637264101
1070	2.0014187328240256
1071	2.0014187328240256
1072	2.0014187328240256
1073	2.0014187328240256
1074	0.4297046298874241
1075	0.4297046298874241
1076	0.4297046298874241
1077	0.4297046298874241
1078	1.145809701472591
1079	1.145809701472591
1080	1.145809701472591
1081	1.145809701472591
1082	0.17788493175450326
1083	0.17788493175450326
1084	0.17788493175450326
1085	0.17788493175450326
1086	2.002649125763877
1087	2.002649125763877
1088	2.002649125763877
1089	2.002649125763877
1090	2.6330965902821886
1091	2.6330965902821886
1092	2.6330965902821886
1093	2.6330965902821886
1094	1.2385755767970732
1095	1.2385755767970732
1096	1.2385755767970732
1097	1.2385755767970732
1098	2.92150378829023
1099	2.92150378829023
1100	2.92150378829023
1101	2.92150378829023
1102	3.161932149595115
1103	3.161932149595115
1104	3.161932149595115
1105	3.161932149595115
1106	0.888705070663407
1107	0.888705070663407
1108	0.888705070663407
1109	0.888705070663407
1110	2.8157822671987454
1111	2.8157822671987454
1112	2.8157822671987454
1113	2.8157822671987454
1114	2.6264514977821816
1115	2.6264514977821816
1116	2.6264514977821816
1117	2.6264514977821816
1118	3.3614069624853546
1119	3.3614069624853546
1120	3.3614069624853546
1121	3.3614069624853546
1122	2.1315826255708528
1123	2.1315826255708528
1124	2.1315826255708528
1125	2.1315826255708528
1126	2.481743279271746
1127	2.481743279271746
1128	2.481743279271746
1129	2.481743279271746
1130	2.7953874587270975
1131	2.7953874587270975
1132	2.7953874587270975
1133	2.7953874587270975
1134	1.1804152968667219
1135	1.1804152968667219
1136	1.1804152968667219
1137	1.1804152968667219
1138	2.9503264574280115
1139	2.9503264574280115
1140	2.9503264574280115
1141	2.9503264574280115
1142	2.3927622587355386
1143	2.3927622587355386
1144	2.3927622587355386
1145	2.3927622587355386
1146	1.1606159200670556
1147	1.1606159200670556
1148	1.1606159200670556
1149	1.1606159200670556
1150	1.8106825592962084
1151	1.8106825592962084
1152	1.8106825592962084
1153	1.8106825592962084
1154	0.9903972520218676
1155	0.9903972520218676
1156	0.9903972520218676
1157	0.9903972520218676
1158	2.6285514558199106
1159	2.6285514558199106
1160	2.6285514558199106
1161	2.6285514558199106
1162	2.5166460315779666
1163	2.5166460315779666
1164	2.5166460315779666
1165	2.5166460315779666
1166	3.008069596074181
1167	3.008069596074181
1168	3.008069596074181
1169	3.008069596074181
1170	2.472281748056635
1171	2.472281748056635
1172	2.472281748056635
1173	2.472281748056635
1174	2.595165124025672
1175	2.595165124025672
1176	2.595165124025672
1177	2.595165124025672
1178	2.6514553282334123
1179	2.6514553282334123
1180	2.6514553282334123
1181	2.6514553282334123
1182	2.8206498076904123
1183	2.8206498076904123
1184	2.8206498076904123
1185	2.8206498076904123
1186	2.637016098429061
1187	2.637016098429061
1188	2.637016098429061
1189	2.637016098429061
1190	0.5341216076837263
1191	0.5341216076837263
1192	0.5341216076837263
1193	0.5341216076837263
1194	2.2829348183883824
1195	2.2829348183883824
1196	2.2829348183883824
1197	2.2829348183883824
1198	2.951312637922854
1199	2.951312637922854
1200	2.951312637922854
1201	2.951312637922854
1202	1.9132631992098674
1203	1.9132631992098674
1204	1.9132631992098674
1205	1.9132631992098674
1206	3.6382017401637667
1207	3.6382017401637667
1208	3.6382017401637667
1209	3.6382017401637667
1210	2.4146050902827696
1211	2.4146050902827696
1212	2.4146050902827696
1213	2.4146050902827696
1214	0.8922228764091473
1215	0.8922228764091473
1216	0.8922228764091473
1217	0.8922228764091473
1218	2.4011215289962786
1219	2.0970947670675084
1220	2.0970947670675084
1221	2.0970947670675084
1222	2.0970947670675084
1223	2.2732105920243724
1224	2.2732105920243724
1225	2.2732105920243724
1226	2.2732105920243724
1227	1.328023711430391
1228	1.328023711430391
1229	1.328023711430391
1230	1.328023711430391
1231	4.027064713786348
1232	4.027064713786348
1233	4.027064713786348
1234	4.027064713786348
1235	3.6024955172032813
1236	3.6024955172032813
1237	3.6024955172032813
1238	3.6024955172032813
1239	3.425508720456978
1240	3.425508720456978
1241	3.425508720456978
1242	3.425508720456978
1243	2.9304016476345525
1244	2.9304016476345525
1245	2.9304016476345525
1246	2.9304016476345525
1247	1.812830908719048
1248	1.812830908719048
1249	1.812830908719048
1250	1.812830908719048
1251	1.5217114951205863
1252	1.5217114951205863
1253	1.5217114951205863
1254	1.5217114951205863
1255	2.2678391643659905
1256	2.2678391643659905
1257	2.2678391643659905
1258	2.2678391643659905
1259	1.8699764487258326
1260	1.8699764487258326
1261	1.8699764487258326
1262	1.8699764487258326
1263	2.9846352582439755
1264	2.9846352582439755
1265	2.9846352582439755
1266	2.9846352582439755
1267	1.3321039175542304
1268	1.3321039175542304
1269	1.3321039175542304
1270	1.3321039175542304
1271	2.139332299463244
1272	2.139332299463244
1273	2.139332299463244
1274	2.139332299463244
1275	0.9313960688724097
1276	0.9313960688724097
1277	0.9313960688724097
1278	0.9313960688724097
1279	2.759838603214452
1280	2.759838603214452
1281	2.759838603214452
1282	2.759838603214452
1283	2.439044618245338
1284	2.439044618245338
1285	2.439044618245338
1286	2.439044618245338
1287	2.077126566476328
1288	2.077126566476328
1289	2.077126566476328
1290	2.077126566476328
1291	4.139341869229432
1292	4.139341869229432
1293	4.139341869229432
1294	4.139341869229432
1295	3.298931911770044
1296	3.298931911770044
1297	3.298931911770044
1298	3.298931911770044
1299	0.9016317054534366
1300	0.9016317054534366
1301	0.9016317054534366
1302	0.9016317054534366
1303	4.005568097451317
1304	4.005568097451317
1305	4.005568097451317
1306	4.005568097451317
1307	1.0011110409851678
1308	1.0011110409851678
1309	1.0011110409851678
1310	1.0011110409851678
1311	2.403473785448347
1312	2.403473785448347
1313	0.10792837671118934
1314	0.10792837671118934
1315	0.10792837671118934
1316	0.10792837671118934
1317	0.2899643961326288
1318	0.2899643961326288
1319	0.2899643961326288
1320	0.2899643961326288
1321	0.11756311905019037
1322	0.11756311905019037
1323	0.11756311905019037
1324	0.11756311905019037
1325	0.265791149883078
1326	0.265791149883078
1327	0.265791149883078
1328	0.265791149883078
1329	0.1
1330	0.1
1331	0.1
1332	0.1
1333	0.22539507997333608
1334	0.22539507997333608
1335	0.22539507997333608
1336	0.22539507997333608
1337	0.13232375364464843
1338	0.13232375364464843
1339	0.13232375364464843
1340	0.13232375364464843
1341	0.11016697264711042
1342	0.11016697264711042
1343	0.11016697264711042
1344	0.11016697264711042
1345	0.1572370314671075
1346	0.1572370314671075
1347	0.1572370314671075
1348	0.1572370314671075
1349	0.3657152706070786
1350	0.3657152706070786
1351	0.3657152706070786
1352	0.3657152706070786
1353	0.281625572969188
1354	0.281625572969188
1355	0.281625572969188
1356	0.281625572969188
1357	0.2887744137679303
1358	0.2887744137679303
1359	0.2887744137679303
1360	0.2887744137679303
1361	0.32827948714479493
1362	0.32827948714479493
1363	0.32827948714479493
1364	0.32827948714479493
1365	0.20325938731493018
1366	0.20325938731493018
1367	0.20325938731493018
1368	0.20325938731493018
1369	0.42421075262134045
1370	0.42421075262134045
1371	0.42421075262134045
1372	0.42421075262134045
1373	0.2144253356612519
1374	0.2144253356612519
1375	0.2144253356612519
1376	0.2144253356612519
1377	0.1
1378	0.1
1379	0.1
1380	0.1
1381	0.19753248985092228
1382	0.19753248985092228
1383	0.19753248985092228
1384	0.19753248985092228
1385	3.679344976201811
1386	3.679344976201811
1387	3.679344976201811
1388	3.679344976201811
1389	1.894384903342501
1390	1.894384903342501
1391	1.894384903342501
1392	1.894384903342501
1393	1.9643098217018573
1394	1.9643098217018573
1395	1.9643098217018573
1396	1.9643098217018573
1397	3.654942005908567
1398	3.654942005908567
1399	3.654942005908567
1400	3.654942005908567
1401	4.020386647195408
1402	4.020386647195408
1403	4.020386647195408
1404	4.020386647195408
1405	2.3353179669021262
1406	2.3353179669021262
1407	2.3353179669021262
1408	2.3353179669021262
1409	3.351588154841568
1410	3.351588154841568
1411	3.351588154841568
1412	3.351588154841568
1413	3.7898447166168587
1414	3.7898447166168587
1415	3.7898447166168587
1416	3.7898447166168587
1417	2.52762175175835
1418	2.52762175175835
1419	2.52762175175835
1420	2.52762175175835
1421	4.225593538963592
1422	4.225593538963592
1423	4.225593538963592
1424	4.225593538963592
1425	1.2898125525663047
1426	1.2898125525663047
1427	1.2898125525663047
1428	1.2898125525663047
1429	3.874277476683766
1430	3.874277476683766
1431	3.874277476683766
1432	3.874277476683766
1433	5.164017750370649
1434	5.164017750370649
1435	5.164017750370649
1436	5.164017750370649
1437	3.9080453637223282
1438	3.9080453637223282
1439	3.9080453637223282
1440	3.9080453637223282
1441	2.0594449402709816
1442	2.0594449402709816
1443	2.0594449402709816
1444	2.0594449402709816
1445	2.4680881625235083
1446	2.4680881625235083
1447	2.4680881625235083
1448	2.4680881625235083
1449	1.6559469158887645
1450	1.6559469158887645
1451	1.6559469158887645
1452	1.6559469158887645
1453	2.6845746904439136
1454	2.6845746904439136
1455	2.6845746904439136
1456	2.6845746904439136
1457	3.66697692006207
1458	3.66697692006207
1459	3.66697692006207
1460	3.66697692006207
1461	2.9707426623253324
1462	2.9707426623253324
1463	2.9707426623253324
1464	2.9707426623253324
1465	8.717478314893363
1466	8.717478314893363
1467	8.717478314893363
1468	8.717478314893363
1469	5.455275184345488
1470	5.455275184345488
1471	5.455275184345488
1472	5.455275184345488
1473	2.718489303897485
1474	2.718489303897485
1475	2.718489303897485
1476	2.718489303897485
1477	2.752876624315647
1478	2.752876624315647
1479	2.752876624315647
1480	2.752876624315647
1481	5.419945235627029
1482	5.419945235627029
1483	5.419945235627029
1484	5.419945235627029
1485	2.034536305221938
1486	2.034536305221938
1487	2.034536305221938
1488	2.034536305221938
1489	4.399514739638217
1490	4.399514739638217
1491	4.399514739638217
1492	4.399514739638217
1493	5.320145401214268
1494	5.320145401214268
1495	5.320145401214268
1496	5.320145401214268
1497	4.411010385748898
1498	4.411010385748898
1499	4.411010385748898
1500	4.411010385748898
1501	5.474740346043337
1502	5.474740346043337
1503	5.474740346043337
1504	5.474740346043337
1505	2.722190823133986
1506	2.722190823133986
1507	2.722190823133986
1508	2.722190823133986
1509	3.124478916178526
1510	3.124478916178526
1511	3.124478916178526
1512	3.124478916178526
1513	3.9844297999335248
1514	3.9844297999335248
1515	3.9844297999335248
1516	3.9844297999335248
1517	5.421511805259843
1518	5.421511805259843
1519	5.421511805259843
1520	5.421511805259843
1521	1.6545836269634997
1522	1.6545836269634997
1523	1.6545836269634997
1524	1.6545836269634997
1525	4.254698058663494
1526	4.254698058663494
1527	4.254698058663494
1528	4.254698058663494
1529	2.380193369820257
1530	2.380193369820257
1531	2.380193369820257
1532	2.380193369820257
1533	5.555318136986482
1534	5.555318136986482
1535	5.555318136986482
1536	5.555318136986482
1537	1.5383301439740773
1538	1.5383301439740773
1539	1.5383301439740773
1540	1.5383301439740773
1541	3.613286496634501
1542	3.613286496634501
1543	3.613286496634501
1544	3.613286496634501
1545	1.720113879415444
1546	1.720113879415444
1547	1.720113879415444
1548	1.720113879415444
1549	3.0740190625149433
1550	3.0740190625149433
1551	3.0740190625149433
1552	3.0740190625149433
1553	1.4624612151731404
1554	1.4624612151731404
1555	1.4624612151731404
1556	1.4624612151731404
1557	1.8103937179928864
1558	1.8103937179928864
1559	1.8103937179928864
1560	1.8103937179928864
1561	2.4336735101703777
1562	2.4336735101703777
1563	2.4336735101703777
1564	2.4336735101703777
1565	1.1332564753871845
1566	1.1332564753871845
1567	1.1332564753871845
1568	1.1332564753871845
1569	3.283023933490443
1570	3.283023933490443
1571	3.283023933490443
1572	3.283023933490443
1573	4.452589852612681
1574	4.452589852612681
1575	4.452589852612681
1576	4.452589852612681
1577	4.709015185080894
1578	4.709015185080894
1579	1.5282093994575383
1580	1.5282093994575383
1581	1.5282093994575383
1582	1.5282093994575383
1583	1.4833226458335667
1584	1.4833226458335667
1585	1.4833226458335667
1586	1.4833226458335667
1587	1.0896528938267571
1588	1.0896528938267571
1589	1.0896528938267571
1590	1.0896528938267571
1591	0.3651338141077316
1592	0.3651338141077316
1593	0.3651338141077316
1594	0.3651338141077316
1595	1.447602031525166
1596	1.447602031525166
1597	1.447602031525166
1598	1.447602031525166
1599	1.0840804984963088
1600	1.0840804984963088
1601	1.0840804984963088
1602	1.0840804984963088
1603	1.1994811584810137
1604	1.1994811584810137
1605	1.1994811584810137
1606	1.1994811584810137
1607	1.5935082891294792
1608	1.5935082891294792
1609	1.5935082891294792
1610	1.5935082891294792
1611	0.9399850121503405
1612	0.9399850121503405
1613	2.034524494101226
1614	2.034524494101226
1615	2.034524494101226
1616	2.034524494101226
1617	5.406260378648402
1618	5.406260378648402
1619	5.406260378648402
1620	5.406260378648402
1621	4.172964482076211
1622	4.172964482076211
1623	4.172964482076211
1624	4.172964482076211
1625	3.2539507782591066
1626	3.2539507782591066
1627	3.2539507782591066
1628	3.2539507782591066
1629	5.564738303586898
1630	5.564738303586898
1631	5.564738303586898
1632	5.564738303586898
1633	5.585650809232609
1634	5.585650809232609
1635	5.585650809232609
1636	5.585650809232609
1637	3.6256357712373877
1638	3.6256357712373877
1639	3.6256357712373877
1640	3.6256357712373877
1641	2.597368388924603
1642	2.597368388924603
1643	2.597368388924603
1644	2.597368388924603
1645	1.8841932794917584
1646	1.8841932794917584
1647	1.8841932794917584
1648	1.8841932794917584
1649	1.9618294241628935
1650	1.9618294241628935
1651	1.9618294241628935
1652	1.9618294241628935
1653	0.9192078271687079
1654	0.9192078271687079
1655	0.9192078271687079
1656	0.9192078271687079
1657	2.2945942551364995
1658	2.2945942551364995
1659	0.42587039438274094
1660	0.42587039438274094
1661	0.42587039438274094
1662	0.42587039438274094
1663	0.4366308741737833
1664	0.4366308741737833
1665	0.4366308741737833
1666	0.4366308741737833
1667	0.6741202486365746
1668	0.6741202486365746
1669	0.6741202486365746
1670	0.6741202486365746
1671	0.5793389554068514
1672	0.5793389554068514
1673	0.5793389554068514
1674	0.5793389554068514
1675	1.0295315099090412
1676	1.0295315099090412
1677	1.0295315099090412
1678	1.0295315099090412
1679	0.9254560521455909
1680	0.9254560521455909
1681	0.9254560521455909
1682	0.9254560521455909
1683	0.4062291888163519
1684	0.4062291888163519
1685	0.4062291888163519
1686	0.4062291888163519
1687	0.6783929596323506
1688	0.6783929596323506
1689	0.6783929596323506
1690	0.6783929596323506
1691	0.7148360470085292
1692	0.7148360470085292
1693	0.7148360470085292
1694	0.7148360470085292
1695	0.5062166894619787
1696	0.5062166894619787
1697	0.5062166894619787
1698	0.5062166894619787
1699	0.560201831309696
1700	0.560201831309696
1701	0.560201831309696
1702	0.560201831309696
1703	0.5150065651692811
1704	0.5150065651692811
1705	0.5150065651692811
1706	0.5150065651692811
1707	1.2042009132468956
1708	1.2042009132468956
1709	1.2042009132468956
1710	1.2042009132468956
1711	0.7608228331359461
1712	0.7608228331359461
1713	0.7608228331359461
1714	0.7608228331359461
1715	1.1748601469804694
1716	1.1748601469804694
1717	1.1748601469804694
1718	1.1748601469804694
1719	0.7259653456596883
1720	0.7259653456596883
1721	0.7259653456596883
1722	0.7259653456596883
1723	0.7359948266562568
1724	0.7359948266562568
1725	0.7359948266562568
1726	0.7359948266562568
1727	0.4641581150075851
1728	0.4641581150075851
1729	0.4641581150075851
1730	0.4641581150075851
1731	0.3446015214463651
1732	0.3446015214463651
1733	0.3446015214463651
1734	0.3446015214463651
1735	0.4797233414533706
1736	0.4797233414533706
1737	0.4797233414533706
1738	0.4797233414533706
1739	0.8837524865034962
1740	0.8837524865034962
1741	0.8837524865034962
1742	0.8837524865034962
1743	0.7754043961211874
1744	0.7754043961211874
1745	0.7754043961211874
1746	0.7754043961211874
1747	1.220681260766224
1748	1.220681260766224
1749	1.220681260766224
1750	1.220681260766224
1751	0.829265125376101
1752	0.829265125376101
1753	0.829265125376101
1754	0.829265125376101
1755	0.42643236866932643
1756	0.42643236866932643
1757	0.42643236866932643
1758	0.42643236866932643
1759	0.16107239035063065
1760	0.16107239035063065
1761	0.16107239035063065
1762	0.16107239035063065
1763	1.0925897829656694
1764	1.0925897829656694
1765	1.0925897829656694
1766	1.0925897829656694
1767	0.5587805091749107
1768	0.5587805091749107
1769	0.5587805091749107
1770	0.5587805091749107
1771	0.7189478919644111
1772	0.7189478919644111
1773	0.7189478919644111
1774	0.7189478919644111
1775	0.32195267500020797
1776	0.32195267500020797
1777	0.32195267500020797
1778	0.32195267500020797
1779	0.3469859315571827
1780	0.3469859315571827
1781	0.3469859315571827
1782	0.3469859315571827
1783	0.3422454058432679
1784	0.3422454058432679
1785	0.3422454058432679
1786	0.3422454058432679
1787	0.71249814931068
1788	0.71249814931068
1789	0.71249814931068
1790	0.71249814931068
1791	0.6938075636173965
1792	0.6938075636173965
1793	0.6938075636173965
1794	0.6938075636173965
1795	0.5580779054206353
1796	0.5580779054206353
1797	0.5580779054206353
1798	0.5580779054206353
1799	0.22453485644739746
1800	0.22453485644739746
1801	0.22453485644739746
1802	0.22453485644739746
1803	0.6896555078874822
1804	0.6896555078874822
1805	0.6896555078874822
1806	0.6896555078874822
1807	0.7090534941799516
1808	0.7090534941799516
1809	0.7090534941799516
1810	0.7090534941799516
1811	1.2005937318602689
1812	1.2005937318602689
1813	1.2005937318602689
1814	1.2005937318602689
1815	0.6400556667215552
1816	0.6400556667215552
1817	0.6400556667215552
1818	0.6400556667215552
1819	0.6183239804974843
1820	0.6183239804974843
1821	0.6183239804974843
1822	0.6183239804974843
1823	0.8605740583767753
1824	0.8605740583767753
1825	0.8605740583767753
1826	0.8605740583767753
1827	0.9234355261379388
1828	0.9234355261379388
1829	0.9234355261379388
1830	0.9234355261379388
1831	0.29007235956455385
1832	0.29007235956455385
1833	0.29007235956455385
1834	0.29007235956455385
1835	0.2316159983012943
1836	0.2316159983012943
1837	0.2316159983012943
1838	0.2316159983012943
1839	1.2419002018566672
1840	1.2419002018566672
1841	1.2419002018566672
1842	1.2419002018566672
1843	0.6556919155824974
1844	0.6556919155824974
1845	0.6556919155824974
1846	0.6556919155824974
1847	0.6455406227723972
1848	0.6455406227723972
1849	0.6455406227723972
1850	0.6455406227723972
1851	0.28568654476678035
1852	0.28568654476678035
1853	0.28568654476678035
1854	0.28568654476678035
1855	0.32539304443339456
1856	0.32539304443339456
1857	0.32539304443339456
1858	0.32539304443339456
1859	0.8366570080980449
1860	0.8366570080980449
1861	0.8366570080980449
1862	0.8366570080980449
1863	0.731889621897176
1864	0.731889621897176
1865	0.731889621897176
1866	0.731889621897176
1867	0.7079621580579568
1868	0.7079621580579568
1869	0.7079621580579568
1870	0.7079621580579568
1871	1.236914999717953
1872	1.236914999717953
1873	1.236914999717953
1874	1.236914999717953
1875	0.2748235291979943
1876	0.2748235291979943
1877	0.2748235291979943
1878	0.2748235291979943
1879	0.7186312708423477
1880	0.7186312708423477
1881	0.7186312708423477
1882	0.7186312708423477
1883	0.4383513195466099
1884	0.4383513195466099
1885	0.4383513195466099
1886	0.4383513195466099
1887	0.7534263583493758
1888	0.7534263583493758
1889	0.7534263583493758
1890	0.7534263583493758
1891	0.41398181774078063
1892	0.41398181774078063
1893	0.41398181774078063
1894	0.41398181774078063
1895	0.35857864465009015
1896	0.35857864465009015
1897	0.35857864465009015
1898	0.35857864465009015
1899	0.43471321318815337
1900	0.43471321318815337
1901	0.43471321318815337
1902	0.43471321318815337
1903	0.7712923692796587
1904	0.7712923692796587
1905	0.7712923692796587
1906	0.7712923692796587
1907	0.574957893777115
1908	0.574957893777115
1909	0.574957893777115
1910	0.574957893777115
1911	0.6846866179997665
1912	0.6846866179997665
1913	0.6846866179997665
1914	0.6846866179997665
1915	0.5602383267492028
1916	0.5602383267492028
1917	0.5602383267492028
1918	0.5602383267492028
1919	0.8630887690349106
1920	0.8630887690349106
1921	0.8630887690349106
1922	0.8630887690349106
1923	0.8258367073753318
1924	0.8258367073753318
1925	0.8258367073753318
1926	0.8258367073753318
1927	0.2869707105296705
1928	0.2869707105296705
1929	0.2869707105296705
1930	0.2869707105296705
1931	1.0112960309831183
1932	1.0112960309831183
1933	1.0112960309831183
1934	1.0112960309831183
1935	0.11618945240226397
1936	0.11618945240226397
1937	0.11618945240226397
1938	0.11618945240226397
1939	0.4804882856594178
1940	0.4804882856594178
1941	0.4804882856594178
1942	0.4804882856594178
1943	0.1
1944	0.1
1945	0.1
1946	0.1
1947	0.5038077190944176
1948	0.5038077190944176
1949	0.5038077190944176
1950	0.5038077190944176
1951	0.8366022401691944
1952	0.8366022401691944
1953	0.8366022401691944
1954	0.8366022401691944
1955	0.8652819072946487
1956	0.8652819072946487
1957	0.8652819072946487
1958	0.8652819072946487
1959	0.7979000587330777
1960	0.7979000587330777
1961	0.7979000587330777
1962	0.7979000587330777
1963	0.7388199385276037
1964	0.7388199385276037
1965	0.7388199385276037
1966	0.7388199385276037
1967	0.7027963920731273
1968	0.7027963920731273
1969	0.7027963920731273
1970	0.7027963920731273
1971	0.9302419072394063
1972	0.9302419072394063
1973	0.9302419072394063
1974	0.9302419072394063
1975	0.528863677685985
1976	0.528863677685985
1977	0.528863677685985
1978	0.528863677685985
1979	0.7145472861582444
1980	0.7145472861582444
1981	0.7145472861582444
1982	0.7145472861582444
1983	0.2433929228939115
1984	0.2433929228939115
1985	0.2433929228939115
1986	0.2433929228939115
1987	0.49005091624485275
1988	0.49005091624485275
1989	0.49005091624485275
1990	0.49005091624485275
1991	0.875961814607889
1992	0.875961814607889
1993	0.875961814607889
1994	0.875961814607889
1995	0.6844939695578365
1996	0.6844939695578365
1997	0.6844939695578365
1998	0.6844939695578365
1999	0.8825176991494647
