0	2.4824097847047937
1	2.4824097847047937
2	2.4824097847047937
3	2.4824097847047937
4	2.4824097847047937
5	2.447632726684512
6	2.447632726684512
7	2.447632726684512
8	4.157097839534027
9	4.157097839534027
10	4.157097839534027
11	4.157097839534027
12	4.157097839534027
13	1.6133370731293395
14	1.6133370731293395
15	1.6133370731293395
16	1.6133370731293395
17	1.6133370731293395
18	1.62358680133416
19	1.62358680133416
20	1.62358680133416
21	1.62358680133416
22	1.62358680133416
23	1.620298071785848
24	1.620298071785848
25	1.620298071785848
26	1.620298071785848
27	1.620298071785848
28	1.7540987390269973
29	1.7540987390269973
30	1.7540987390269973
31	1.7540987390269973
32	1.7540987390269973
33	1.5768493265431702
34	1.5768493265431702
35	1.5768493265431702
36	1.5768493265431702
37	1.5768493265431702
38	1.3359209355203883
39	1.3359209355203883
40	1.3359209355203883
41	1.3359209355203883
42	1.3359209355203883
43	1.5217423358182227
44	1.5217423358182227
45	1.5217423358182227
46	1.5217423358182227
47	1.5217423358182227
48	1.5089365499784506
49	1.5089365499784506
50	1.5089365499784506
51	1.5089365499784506
52	1.5089365499784506
53	1.7127340300348042
54	1.7127340300348042
55	1.7127340300348042
56	1.7127340300348042
57	1.7127340300348042
58	1.464743334790791
59	1.464743334790791
60	1.464743334790791
61	1.464743334790791
62	1.464743334790791
63	1.0986618487220532
64	1.0986618487220532
65	1.0986618487220532
66	1.0986618487220532
67	1.0986618487220532
68	1.07402482676055
69	1.07402482676055
70	1.07402482676055
71	1.07402482676055
72	1.07402482676055
73	1.0662329802242172
74	1.0662329802242172
75	1.0662329802242172
76	2.3858936808179
77	2.3858936808179
78	2.3858936808179
79	2.3858936808179
80	2.3858936808179
81	2.5737161408093527
82	2.5737161408093527
83	2.5737161408093527
84	2.5737161408093527
85	2.5737161408093527
86	2.592368304715019
87	2.592368304715019
88	2.592368304715019
89	4.436303092056285
90	4.436303092056285
91	4.436303092056285
92	4.436303092056285
93	4.436303092056285
94	4.106306041062266
95	4.106306041062266
96	4.106306041062266
97	4.106306041062266
98	4.106306041062266
99	4.88539825321458
100	4.88539825321458
101	4.88539825321458
102	4.88539825321458
103	4.88539825321458
104	4.313789199179982
105	4.313789199179982
106	4.313789199179982
107	4.313789199179982
108	4.313789199179982
109	4.510118017431493
110	4.510118017431493
111	4.510118017431493
112	4.510118017431493
113	4.510118017431493
114	4.647280097372731
115	4.647280097372731
116	4.647280097372731
117	4.647280097372731
118	4.647280097372731
119	2.611200175981328
120	2.611200175981328
121	2.611200175981328
122	2.611200175981328
123	2.611200175981328
124	2.797172049671589
125	2.797172049671589
126	2.797172049671589
127	2.797172049671589
128	2.797172049671589
129	2.9165647916063215
130	2.9165647916063215
131	2.9165647916063215
132	2.9165647916063215
133	2.9165647916063215
134	3.3478998600440404
135	3.3478998600440404
136	3.3478998600440404
137	3.3478998600440404
138	3.3478998600440404
139	3.154252569078256
140	3.154252569078256
141	3.154252569078256
142	3.154252569078256
143	3.154252569078256
144	2.831866137510482
145	2.831866137510482
146	2.831866137510482
147	2.831866137510482
148	2.831866137510482
149	3.0742461440390882
150	3.0742461440390882
151	3.0742461440390882
152	3.0742461440390882
153	3.0742461440390882
154	3.1301565241681946
155	3.1301565241681946
156	3.1301565241681946
157	3.1301565241681946
158	3.1301565241681946
159	2.7615931206854483
160	2.7615931206854483
161	2.7615931206854483
162	2.7615931206854483
163	2.7615931206854483
164	2.7748466959343565
165	2.7748466959343565
166	2.273646667554335
167	2.273646667554335
168	2.273646667554335
169	2.273646667554335
170	2.273646667554335
171	2.5264187566751573
172	2.5264187566751573
173	2.5264187566751573
174	2.5264187566751573
175	2.5264187566751573
176	2.508952570981416
177	2.508952570981416
178	2.508952570981416
179	2.508952570981416
180	2.508952570981416
181	2.6382014201279103
182	2.6382014201279103
183	2.6382014201279103
184	2.6382014201279103
185	2.6382014201279103
186	2.3352616914184403
187	2.3352616914184403
188	2.3352616914184403
189	2.3352616914184403
190	2.3352616914184403
191	2.5531537107295117
192	2.5531537107295117
193	2.5531537107295117
194	2.5531537107295117
195	2.5531537107295117
196	2.7074909205214914
197	2.7074909205214914
198	2.7074909205214914
199	2.7074909205214914
200	2.7074909205214914
201	2.5576559441137565
202	2.5576559441137565
203	2.5576559441137565
204	2.5576559441137565
205	2.5576559441137565
206	2.7775183607464853
207	2.7775183607464853
208	2.7775183607464853
209	2.7775183607464853
210	2.7775183607464853
211	2.4025530289774286
212	2.4025530289774286
213	1.1761965828350864
214	1.1761965828350864
215	1.1761965828350864
216	1.1761965828350864
217	1.1761965828350864
218	1.0165364294872583
219	1.0165364294872583
220	1.0165364294872583
221	1.0165364294872583
222	1.0165364294872583
223	1.267225472033937
224	1.267225472033937
225	1.267225472033937
226	1.267225472033937
227	1.267225472033937
228	1.1644388681659308
229	1.1644388681659308
230	1.1644388681659308
231	1.1644388681659308
232	1.1644388681659308
233	1.072389175485903
234	1.072389175485903
235	2.2025709940255553
236	2.2025709940255553
237	2.2025709940255553
238	2.2025709940255553
239	2.2025709940255553
240	2.031024658050979
241	0.7287223359961332
242	0.7287223359961332
243	0.7287223359961332
244	0.7287223359961332
245	0.7287223359961332
246	0.5891546728298487
247	0.5891546728298487
248	0.5891546728298487
249	0.5891546728298487
250	0.5891546728298487
251	0.6883599925676773
252	0.6883599925676773
253	0.6883599925676773
254	0.6883599925676773
255	0.6883599925676773
256	0.6133451572102123
257	0.6133451572102123
258	0.6133451572102123
259	0.6133451572102123
260	0.6133451572102123
261	0.6391356596158174
262	0.6391356596158174
263	0.6391356596158174
264	0.6391356596158174
265	0.6391356596158174
266	2.288503744246749
267	2.288503744246749
268	2.288503744246749
269	2.288503744246749
270	2.288503744246749
271	2.4326011333058095
272	2.4326011333058095
273	2.4326011333058095
274	2.4326011333058095
275	2.4326011333058095
276	2.3636586181378894
277	2.3636586181378894
278	2.3636586181378894
279	2.3636586181378894
280	2.3636586181378894
281	2.5849232178448105
282	2.5849232178448105
283	2.5849232178448105
284	2.5849232178448105
285	2.5849232178448105
286	2.430678818741742
287	2.430678818741742
288	2.430678818741742
289	2.430678818741742
290	2.430678818741742
291	2.42833032143863
292	2.42833032143863
293	2.42833032143863
294	2.42833032143863
295	2.42833032143863
296	2.323888059992423
297	2.323888059992423
298	2.323888059992423
299	2.323888059992423
300	2.323888059992423
301	2.711965489446108
302	2.711965489446108
303	2.711965489446108
304	2.711965489446108
305	2.711965489446108
306	2.4395382903999545
307	2.4395382903999545
308	2.4395382903999545
309	2.4395382903999545
310	2.4395382903999545
311	2.459533946031407
312	2.459533946031407
313	2.459533946031407
314	2.459533946031407
315	2.459533946031407
316	2.6915219057354127
317	2.6915219057354127
318	2.6915219057354127
319	2.6915219057354127
320	2.6915219057354127
321	2.2354529273133203
322	2.2354529273133203
323	2.2354529273133203
324	2.2354529273133203
325	2.2354529273133203
326	2.551165124511316
327	2.551165124511316
328	2.551165124511316
329	2.551165124511316
330	2.551165124511316
331	2.4111384757865824
332	2.4111384757865824
333	2.4111384757865824
334	2.4111384757865824
335	2.4111384757865824
336	2.6600331085358597
337	2.6600331085358597
338	2.6600331085358597
339	2.6600331085358597
340	2.6600331085358597
341	2.6685336637092907
342	2.6685336637092907
343	2.6685336637092907
344	2.6685336637092907
345	2.6685336637092907
346	2.5397354198361834
347	2.5397354198361834
348	2.5397354198361834
349	2.5397354198361834
350	2.5397354198361834
351	2.0602837901709106
352	2.0602837901709106
353	2.0602837901709106
354	2.0602837901709106
355	2.0602837901709106
356	2.312945062333543
357	2.312945062333543
358	2.312945062333543
359	2.312945062333543
360	2.312945062333543
361	2.403677598651988
362	2.403677598651988
363	2.403677598651988
364	2.403677598651988
365	2.403677598651988
366	2.3246797190726824
367	2.3246797190726824
368	2.3246797190726824
369	2.3246797190726824
370	2.3246797190726824
371	3.1167626935569146
372	3.1167626935569146
373	3.1167626935569146
374	3.1167626935569146
375	3.1167626935569146
376	3.2431255327552893
377	3.2431255327552893
378	3.2431255327552893
379	3.2431255327552893
380	3.2431255327552893
381	2.6808442247447783
382	2.6808442247447783
383	1.14422102127595
384	1.14422102127595
385	1.14422102127595
386	1.14422102127595
387	1.14422102127595
388	1.122173192629128
389	1.122173192629128
390	1.122173192629128
391	1.122173192629128
392	1.122173192629128
393	1.1733304204259594
394	1.1733304204259594
395	1.1733304204259594
396	1.1733304204259594
397	1.1733304204259594
398	1.0514214651406701
399	1.0514214651406701
400	1.0514214651406701
401	1.0514214651406701
402	1.0514214651406701
403	1.1732581110200888
404	1.1732581110200888
405	1.1732581110200888
406	1.1732581110200888
407	1.1732581110200888
408	1.0541928577247242
409	1.0541928577247242
410	1.0541928577247242
411	1.0541928577247242
412	1.0541928577247242
413	1.1315536227193805
414	1.1315536227193805
415	1.1315536227193805
416	1.1315536227193805
417	1.1315536227193805
418	1.2325995461213328
419	1.2325995461213328
420	1.2325995461213328
421	1.2325995461213328
422	2.690517176504381
423	2.690517176504381
424	2.690517176504381
425	2.690517176504381
426	2.690517176504381
427	2.753949239419427
428	3.2190177065344736
429	3.2190177065344736
430	3.2190177065344736
431	3.2190177065344736
432	3.2190177065344736
433	3.6339233146008287
434	3.6339233146008287
435	3.6339233146008287
436	3.6339233146008287
437	3.6339233146008287
438	3.2227238865050154
439	3.2227238865050154
440	3.2227238865050154
441	3.2227238865050154
442	3.2227238865050154
443	3.2993074765191865
444	3.2993074765191865
445	3.2993074765191865
446	3.2993074765191865
447	3.2993074765191865
448	3.5198505539220015
449	3.5198505539220015
450	3.5198505539220015
451	3.5198505539220015
452	3.5198505539220015
453	3.367256922826661
454	3.367256922826661
455	3.367256922826661
456	3.367256922826661
457	3.367256922826661
458	3.540646700429192
459	3.540646700429192
460	3.540646700429192
461	3.540646700429192
462	3.540646700429192
463	3.8787137506848737
464	3.8787137506848737
465	3.8787137506848737
466	1.530229256447208
467	1.530229256447208
468	1.530229256447208
469	1.530229256447208
470	1.530229256447208
471	1.3849729607495145
472	1.3849729607495145
473	1.3849729607495145
474	1.3849729607495145
475	1.3849729607495145
476	1.5387226099135292
477	1.5387226099135292
478	1.5387226099135292
479	1.5387226099135292
480	1.5387226099135292
481	1.5917450038765626
482	1.5917450038765626
483	1.5917450038765626
484	1.5917450038765626
485	1.5917450038765626
486	1.6248292488530587
487	1.6248292488530587
488	1.6248292488530587
489	1.6248292488530587
490	1.6248292488530587
491	1.4921968069733866
492	1.4921968069733866
493	1.4921968069733866
494	1.4921968069733866
495	1.4921968069733866
496	1.5369523912574012
497	1.5369523912574012
498	1.5369523912574012
499	1.5369523912574012
500	1.5369523912574012
501	1.5319211072715255
502	1.5319211072715255
503	1.5319211072715255
504	3.7162309519738805
505	3.7162309519738805
506	3.7162309519738805
507	3.7162309519738805
508	3.7162309519738805
509	3.8132004175042784
510	3.8132004175042784
511	3.8132004175042784
512	3.8132004175042784
513	3.8132004175042784
514	4.000585437193807
515	4.000585437193807
516	4.000585437193807
517	4.000585437193807
518	4.000585437193807
519	3.810998632988338
520	3.810998632988338
521	3.810998632988338
522	3.810998632988338
523	3.810998632988338
524	3.823978124510339
525	3.823978124510339
526	3.823978124510339
527	3.823978124510339
528	3.823978124510339
529	3.9004319461089065
530	3.9004319461089065
531	3.9004319461089065
532	3.9004319461089065
533	3.9004319461089065
534	3.881893567918725
535	3.881893567918725
536	3.881893567918725
537	3.881893567918725
538	3.881893567918725
539	4.074178299463443
540	4.074178299463443
541	4.074178299463443
542	4.074178299463443
543	4.074178299463443
544	3.775632512741083
545	3.775632512741083
546	3.775632512741083
547	3.775632512741083
548	3.775632512741083
549	4.189393646795825
550	4.189393646795825
551	4.189393646795825
552	4.189393646795825
553	4.189393646795825
554	4.023378867168129
555	4.023378867168129
556	4.023378867168129
557	4.023378867168129
558	4.023378867168129
559	3.9909654051026275
560	3.9909654051026275
561	3.9909654051026275
562	3.9909654051026275
563	3.9909654051026275
564	4.0847965165782965
565	4.0847965165782965
566	4.0847965165782965
567	3.1735839458131965
568	3.1735839458131965
569	3.1735839458131965
570	3.1735839458131965
571	3.1735839458131965
572	2.6405204023628914
573	1.5642294878276082
574	1.5642294878276082
575	1.5642294878276082
576	1.5642294878276082
577	1.5642294878276082
578	1.5432761242004198
579	1.5432761242004198
580	1.5432761242004198
581	1.5432761242004198
582	1.5432761242004198
583	1.4130811974538848
584	1.4130811974538848
585	1.4130811974538848
586	1.4130811974538848
587	1.4130811974538848
588	1.57260556090146
589	1.57260556090146
590	1.57260556090146
591	1.57260556090146
592	1.57260556090146
593	1.4157741549457072
594	1.4157741549457072
595	1.4157741549457072
596	1.4157741549457072
597	1.4157741549457072
598	1.5061046331372185
599	1.5061046331372185
600	1.5061046331372185
601	1.5061046331372185
602	1.5061046331372185
603	1.5744474775631034
604	3.704178344346226
605	3.704178344346226
606	3.704178344346226
607	3.704178344346226
608	3.704178344346226
609	3.300669506770577
610	3.300669506770577
611	3.300669506770577
612	3.300669506770577
613	3.300669506770577
614	3.5241885850403385
615	3.5241885850403385
616	3.5241885850403385
617	3.5241885850403385
618	3.5241885850403385
619	3.5815222724780766
620	3.5815222724780766
621	3.5815222724780766
622	3.5815222724780766
623	3.5815222724780766
624	0.6291594293938136
625	0.6291594293938136
626	0.6291594293938136
627	0.6291594293938136
628	0.6291594293938136
629	0.7128871537920417
630	0.7128871537920417
631	0.7128871537920417
632	0.7128871537920417
633	0.7128871537920417
634	0.6623675934721462
635	0.6623675934721462
636	0.6623675934721462
637	0.6623675934721462
638	0.6623675934721462
639	0.6650208118195372
640	0.6650208118195372
641	0.6650208118195372
642	0.6650208118195372
643	0.6650208118195372
644	0.785204905169995
645	0.785204905169995
646	0.785204905169995
647	0.785204905169995
648	0.785204905169995
649	0.6370416088412469
650	0.6370416088412469
651	0.6370416088412469
652	0.6370416088412469
653	0.6370416088412469
654	0.596898084259708
655	0.596898084259708
656	0.596898084259708
657	0.596898084259708
658	0.596898084259708
659	0.6910385465955119
660	0.6910385465955119
661	0.6910385465955119
662	0.6910385465955119
663	0.6910385465955119
664	0.754905495363763
665	0.754905495363763
666	0.754905495363763
667	0.754905495363763
668	0.754905495363763
669	0.613097164529413
670	0.613097164529413
671	0.613097164529413
672	0.613097164529413
673	0.613097164529413
674	0.6424402504194064
675	0.6424402504194064
676	0.6424402504194064
677	0.6424402504194064
678	0.6424402504194064
679	0.633387987426255
680	0.633387987426255
681	0.633387987426255
682	0.633387987426255
683	0.633387987426255
684	0.622147441698365
685	0.622147441698365
686	0.622147441698365
687	0.622147441698365
688	0.622147441698365
689	0.5782402526142658
690	0.5782402526142658
691	0.5782402526142658
692	0.5782402526142658
693	0.5782402526142658
694	0.5979384328835782
695	0.5979384328835782
696	0.5979384328835782
697	0.5979384328835782
698	0.5979384328835782
699	0.7194492715527278
700	0.7194492715527278
701	0.7194492715527278
702	0.7194492715527278
703	0.7194492715527278
704	0.6371806878310053
705	0.6371806878310053
706	0.6371806878310053
707	0.6371806878310053
708	0.6371806878310053
709	0.7028592826556083
710	0.7028592826556083
711	0.7028592826556083
712	0.7028592826556083
713	0.7028592826556083
714	0.6336635639382053
715	0.6336635639382053
716	0.6336635639382053
717	0.6336635639382053
718	0.6336635639382053
719	0.6483087370873221
720	0.6483087370873221
721	0.6483087370873221
722	0.6483087370873221
723	0.6483087370873221
724	3.136120587532079
725	3.136120587532079
726	3.136120587532079
727	3.136120587532079
728	3.136120587532079
729	3.339344075945162
730	3.339344075945162
731	3.339344075945162
732	3.339344075945162
733	3.339344075945162
734	3.6475451521325297
735	3.6475451521325297
736	3.6475451521325297
737	3.6475451521325297
738	3.6475451521325297
739	4.1191744999757125
740	4.1191744999757125
741	4.1191744999757125
742	4.1191744999757125
743	4.1191744999757125
744	4.171944742879093
745	4.171944742879093
746	4.171944742879093
747	4.171944742879093
748	4.171944742879093
749	3.8676573668945884
750	3.8676573668945884
751	3.8676573668945884
752	3.8676573668945884
753	3.8676573668945884
754	3.5665629233071616
755	3.5665629233071616
756	3.5665629233071616
757	3.5665629233071616
758	0.5952079499121826
759	0.5952079499121826
760	0.5952079499121826
761	0.5952079499121826
762	0.5952079499121826
763	0.6655751138401667
764	0.6655751138401667
765	0.6655751138401667
766	0.6655751138401667
767	0.6655751138401667
768	0.5932459705550761
769	0.5932459705550761
770	0.5932459705550761
771	0.5932459705550761
772	0.5932459705550761
773	0.6496248778446355
774	0.6496248778446355
775	0.6496248778446355
776	0.6496248778446355
777	0.6496248778446355
778	0.5972666137029901
779	0.5972666137029901
780	0.5972666137029901
781	0.5972666137029901
782	0.5972666137029901
783	0.6370898389845747
784	0.6370898389845747
785	0.6370898389845747
786	0.6370898389845747
787	0.6370898389845747
788	0.7107181495230724
789	0.7107181495230724
790	0.7107181495230724
791	2.730208868348596
792	2.730208868348596
793	2.730208868348596
794	2.730208868348596
795	2.730208868348596
796	2.542772521613283
797	2.542772521613283
798	2.542772521613283
799	2.542772521613283
800	2.542772521613283
801	2.5968860682660986
802	2.5968860682660986
803	2.5968860682660986
804	2.5968860682660986
805	2.5968860682660986
806	2.4517772256009427
807	2.4517772256009427
808	2.4517772256009427
809	2.4517772256009427
810	2.4517772256009427
811	2.418011901853539
812	0.627704479186333
813	0.627704479186333
814	0.627704479186333
815	0.627704479186333
816	0.627704479186333
817	1.875193993759057
818	1.875193993759057
819	1.875193993759057
820	1.875193993759057
821	1.875193993759057
822	1.9747895298109819
823	1.9747895298109819
824	1.9747895298109819
825	1.9747895298109819
826	1.9747895298109819
827	2.0419440220571685
828	2.0419440220571685
829	4.207718513791314
830	4.207718513791314
831	4.207718513791314
832	4.207718513791314
833	4.207718513791314
834	3.8683901848272324
835	3.8683901848272324
836	3.8683901848272324
837	3.8683901848272324
838	3.8683901848272324
839	3.9182342180246437
840	3.9182342180246437
841	3.9182342180246437
842	3.9182342180246437
843	3.9182342180246437
844	3.986158030798563
845	2.4174107507254754
846	2.4174107507254754
847	2.4174107507254754
848	2.4174107507254754
849	2.4174107507254754
850	2.591525801795489
851	2.591525801795489
852	2.591525801795489
853	2.591525801795489
854	2.591525801795489
855	2.4099076459574835
856	2.4099076459574835
857	2.4099076459574835
858	2.4099076459574835
859	2.4099076459574835
860	3.7807901062491287
861	3.7807901062491287
862	3.7807901062491287
863	3.7807901062491287
864	3.7807901062491287
865	3.7589760521168722
866	3.7589760521168722
867	3.7589760521168722
868	3.7589760521168722
869	3.7589760521168722
870	3.844858033040213
871	4.3702021649094975
872	4.3702021649094975
873	4.3702021649094975
874	4.3702021649094975
875	4.3702021649094975
876	3.725472846916211
877	3.725472846916211
878	3.725472846916211
879	3.725472846916211
880	3.725472846916211
881	4.7177820944275
882	4.7177820944275
883	4.7177820944275
884	4.7177820944275
885	4.7177820944275
886	2.80519696923645
887	2.80519696923645
888	2.80519696923645
889	2.80519696923645
890	2.80519696923645
891	2.712849956255572
892	2.712849956255572
893	2.712849956255572
894	2.712849956255572
895	2.712849956255572
896	2.9937955106472693
897	2.9937955106472693
898	2.9937955106472693
899	2.9937955106472693
900	2.9937955106472693
901	2.8931770183181693
902	2.8931770183181693
903	2.8931770183181693
904	2.8931770183181693
905	2.8931770183181693
906	3.081465905345899
907	3.081465905345899
908	3.081465905345899
909	3.081465905345899
910	3.081465905345899
911	2.7072360510415274
912	2.7072360510415274
913	2.7072360510415274
914	2.7072360510415274
915	2.7072360510415274
916	2.92543735750455
917	2.92543735750455
918	2.92543735750455
919	2.92543735750455
920	2.92543735750455
921	2.7818512468790897
922	2.7818512468790897
923	2.7818512468790897
924	2.7818512468790897
925	2.7818512468790897
926	2.868295525727447
927	2.868295525727447
928	2.868295525727447
929	2.868295525727447
930	2.868295525727447
931	2.982381056431169
932	2.982381056431169
933	2.982381056431169
934	2.982381056431169
935	2.982381056431169
936	3.1935030987059907
937	3.1935030987059907
938	3.1935030987059907
939	3.1935030987059907
940	3.1935030987059907
941	2.833551003945752
942	2.833551003945752
943	2.833551003945752
944	2.833551003945752
945	2.833551003945752
946	2.8722841415212175
947	2.8722841415212175
948	2.8722841415212175
949	2.8722841415212175
950	2.8722841415212175
951	2.6728527286907506
952	1.1189025066951366
953	1.1189025066951366
954	1.1189025066951366
955	1.1189025066951366
956	1.1189025066951366
957	1.2816009533257917
958	1.2816009533257917
959	1.2816009533257917
960	1.2816009533257917
961	1.2816009533257917
962	1.1829338109625318
963	1.1829338109625318
964	1.1829338109625318
965	1.1829338109625318
966	1.1829338109625318
967	1.2429228802936105
968	1.2429228802936105
969	1.2429228802936105
970	1.2429228802936105
971	1.2429228802936105
972	1.0917152390370402
973	1.0917152390370402
974	1.0917152390370402
975	1.0917152390370402
976	1.0917152390370402
977	1.1153835917494248
978	1.1153835917494248
979	1.1153835917494248
980	1.1153835917494248
981	1.1153835917494248
982	1.002831710177193
983	1.002831710177193
984	1.002831710177193
985	1.002831710177193
986	1.002831710177193
987	1.2488480430947595
988	1.2488480430947595
989	1.2488480430947595
990	1.2488480430947595
991	1.2488480430947595
992	1.1759535625414967
993	1.1759535625414967
994	1.1759535625414967
995	1.1759535625414967
996	1.1759535625414967
997	1.1545679470792582
998	1.1545679470792582
999	1.1545679470792582
1000	1.1545679470792582
1001	1.1545679470792582
1002	1.0417439584760486
1003	1.0417439584760486
1004	1.0417439584760486
1005	1.0417439584760486
1006	1.0417439584760486
1007	1.1125862737969197
1008	1.1125862737969197
1009	1.1125862737969197
1010	1.1125862737969197
1011	1.1125862737969197
1012	1.1238513208933312
1013	2.8574606268166414
1014	2.8574606268166414
1015	2.8574606268166414
1016	2.8574606268166414
1017	2.8574606268166414
1018	3.2566709814543566
1019	3.2566709814543566
1020	3.2566709814543566
1021	3.2566709814543566
1022	3.2566709814543566
1023	3.1139778861230916
1024	3.1139778861230916
1025	3.1139778861230916
1026	3.1139778861230916
1027	3.1139778861230916
1028	3.7701200843829117
1029	3.7701200843829117
1030	3.7701200843829117
1031	3.7701200843829117
1032	3.7701200843829117
1033	3.474989494426163
1034	3.474989494426163
1035	3.474989494426163
1036	3.474989494426163
1037	3.474989494426163
1038	3.5125095853659043
1039	3.5125095853659043
1040	3.5125095853659043
1041	3.5125095853659043
1042	3.5125095853659043
1043	3.1145481532296766
1044	3.1145481532296766
1045	3.1145481532296766
1046	3.1145481532296766
1047	3.1145481532296766
1048	3.3092572187532587
1049	3.3092572187532587
1050	3.3092572187532587
1051	3.3092572187532587
1052	2.037796367517065
1053	2.037796367517065
1054	2.3889541186970464
1055	2.3889541186970464
1056	2.3889541186970464
1057	2.3889541186970464
1058	2.3889541186970464
1059	2.5071688208504925
1060	2.5071688208504925
1061	2.5071688208504925
1062	2.5071688208504925
1063	2.5071688208504925
1064	2.567458225470932
1065	2.567458225470932
1066	2.567458225470932
1067	2.567458225470932
1068	2.567458225470932
1069	2.438158286274861
1070	2.438158286274861
1071	2.438158286274861
1072	2.438158286274861
1073	2.438158286274861
1074	2.456752531716039
1075	2.456752531716039
1076	2.456752531716039
1077	2.456752531716039
1078	2.456752531716039
1079	2.6333884482456726
1080	2.6333884482456726
1081	2.6333884482456726
1082	2.6333884482456726
1083	2.6333884482456726
1084	2.599733028196731
1085	2.599733028196731
1086	2.599733028196731
1087	2.599733028196731
1088	2.599733028196731
1089	2.6174441817124565
1090	2.6174441817124565
1091	2.6174441817124565
1092	2.6174441817124565
1093	2.6174441817124565
1094	2.807849480578568
1095	2.807849480578568
1096	2.807849480578568
1097	2.807849480578568
1098	2.807849480578568
1099	2.526235194772375
1100	2.526235194772375
1101	2.526235194772375
1102	2.526235194772375
1103	2.526235194772375
1104	2.6600958257901857
1105	2.6600958257901857
1106	2.6600958257901857
1107	2.6600958257901857
1108	2.6600958257901857
1109	2.5236755496269674
1110	2.5236755496269674
1111	2.5236755496269674
1112	0.9166280215943755
1113	0.9166280215943755
1114	0.9166280215943755
1115	0.9166280215943755
1116	0.9166280215943755
1117	1.0203893829330262
1118	1.0203893829330262
1119	1.0203893829330262
1120	1.0203893829330262
1121	1.0203893829330262
1122	1.0398397138065645
1123	1.0398397138065645
1124	1.0398397138065645
1125	1.0398397138065645
1126	1.0398397138065645
1127	0.9925860089441927
1128	0.9925860089441927
1129	0.9925860089441927
1130	0.9925860089441927
1131	0.9925860089441927
1132	1.1236284942679557
1133	1.1236284942679557
1134	1.1236284942679557
1135	1.1236284942679557
1136	1.1236284942679557
1137	1.033418935401104
1138	1.033418935401104
1139	1.033418935401104
1140	1.033418935401104
1141	1.033418935401104
1142	1.1547123641829533
1143	1.1547123641829533
1144	1.1547123641829533
1145	1.1547123641829533
1146	1.1547123641829533
1147	1.0305476961556397
1148	1.0305476961556397
1149	1.0305476961556397
1150	1.0305476961556397
1151	1.0305476961556397
1152	1.0195405911133013
1153	1.0195405911133013
1154	1.0195405911133013
1155	1.0195405911133013
1156	1.0195405911133013
1157	1.0404770965548866
1158	1.0404770965548866
1159	1.0404770965548866
1160	1.0404770965548866
1161	1.0404770965548866
1162	1.082992282771173
1163	1.082992282771173
1164	1.082992282771173
1165	1.082992282771173
1166	1.082992282771173
1167	1.0586711963598523
1168	1.0586711963598523
1169	1.0586711963598523
1170	1.0586711963598523
1171	1.0586711963598523
1172	1.0922712225392803
1173	1.0922712225392803
1174	1.0922712225392803
1175	1.0922712225392803
1176	1.0922712225392803
1177	1.099767967865044
1178	1.099767967865044
1179	1.099767967865044
1180	2.94713619241738
1181	2.94713619241738
1182	2.94713619241738
1183	2.94713619241738
1184	2.94713619241738
1185	2.7972837756996896
1186	2.7972837756996896
1187	2.7972837756996896
1188	2.7972837756996896
1189	2.7972837756996896
1190	2.9263948734095755
1191	2.9263948734095755
1192	2.9263948734095755
1193	2.9263948734095755
1194	2.9263948734095755
1195	3.1649520954097086
1196	3.1649520954097086
1197	3.1649520954097086
1198	3.1649520954097086
1199	3.1649520954097086
1200	2.7428870616497814
1201	2.7428870616497814
1202	2.7428870616497814
1203	2.7428870616497814
1204	2.7428870616497814
1205	2.9763462926768804
1206	2.089784729914604
1207	2.089784729914604
1208	2.089784729914604
1209	2.089784729914604
1210	2.089784729914604
1211	1.8653767513495414
1212	1.8653767513495414
1213	1.8653767513495414
1214	1.8653767513495414
1215	1.8653767513495414
1216	2.090542827433543
1217	2.090542827433543
1218	2.090542827433543
1219	2.090542827433543
1220	2.090542827433543
1221	2.0920275244764284
1222	2.0920275244764284
1223	2.9606583657863492
1224	2.9606583657863492
1225	2.9606583657863492
1226	2.9606583657863492
1227	2.9606583657863492
1228	3.095730667782901
1229	3.095730667782901
1230	3.095730667782901
1231	3.095730667782901
1232	3.095730667782901
1233	2.9047438353786896
1234	2.9047438353786896
1235	2.9047438353786896
1236	2.9047438353786896
1237	2.9047438353786896
1238	2.728373901138782
1239	2.728373901138782
1240	2.728373901138782
1241	2.728373901138782
1242	2.728373901138782
1243	2.966759105430598
1244	2.966759105430598
1245	2.966759105430598
1246	2.966759105430598
1247	2.966759105430598
1248	2.72514993152989
1249	2.72514993152989
1250	2.72514993152989
1251	2.72514993152989
1252	2.72514993152989
1253	3.075730632633079
1254	3.075730632633079
1255	3.075730632633079
1256	3.075730632633079
1257	3.075730632633079
1258	2.6023942096218717
1259	2.6023942096218717
1260	2.6023942096218717
1261	2.6023942096218717
1262	2.6023942096218717
1263	2.9644109024872525
1264	2.9644109024872525
1265	2.9644109024872525
1266	2.9644109024872525
1267	2.9644109024872525
1268	2.7967942229633493
1269	2.7967942229633493
1270	2.7967942229633493
1271	2.7967942229633493
1272	2.7967942229633493
1273	3.1647571326928636
1274	3.1647571326928636
1275	3.1647571326928636
1276	3.1647571326928636
1277	3.8071798525380376
1278	3.8071798525380376
1279	3.8071798525380376
1280	3.8071798525380376
1281	3.8071798525380376
1282	4.0653366420492
1283	4.0653366420492
1284	4.0653366420492
1285	4.0653366420492
1286	4.0653366420492
1287	3.849873919393344
1288	3.849873919393344
1289	3.849873919393344
1290	3.849873919393344
1291	3.849873919393344
1292	4.012873616224774
1293	4.012873616224774
1294	4.012873616224774
1295	4.012873616224774
1296	4.012873616224774
1297	3.7438562869623437
1298	3.7438562869623437
1299	3.7438562869623437
1300	3.7438562869623437
1301	3.7438562869623437
1302	3.7444348026129375
1303	3.7444348026129375
1304	3.7444348026129375
1305	3.7444348026129375
1306	3.7444348026129375
1307	3.9917395197764405
1308	3.9917395197764405
1309	3.9917395197764405
1310	3.9917395197764405
1311	3.9917395197764405
1312	3.7612086843147976
1313	3.7612086843147976
1314	2.310415257108259
1315	2.310415257108259
1316	2.310415257108259
1317	2.310415257108259
1318	2.310415257108259
1319	2.3317866862029306
1320	2.3317866862029306
1321	2.3317866862029306
1322	2.3317866862029306
1323	2.3317866862029306
1324	2.37175832168687
1325	2.37175832168687
1326	2.37175832168687
1327	2.37175832168687
1328	2.37175832168687
1329	2.576667667130659
1330	2.576667667130659
1331	2.576667667130659
1332	2.576667667130659
1333	2.576667667130659
1334	2.294721623995591
1335	2.294721623995591
1336	2.294721623995591
1337	2.294721623995591
1338	2.294721623995591
1339	2.3960673551343814
1340	2.3960673551343814
1341	2.3960673551343814
1342	2.3960673551343814
1343	2.3960673551343814
1344	2.1153221261334734
1345	2.1153221261334734
1346	2.1153221261334734
1347	2.1153221261334734
1348	2.1153221261334734
1349	2.9143013059585665
1350	2.9143013059585665
1351	2.9143013059585665
1352	2.9143013059585665
1353	2.9143013059585665
1354	2.511345271560412
1355	2.511345271560412
1356	2.511345271560412
1357	2.511345271560412
1358	2.511345271560412
1359	2.607308598430629
1360	2.607308598430629
1361	2.607308598430629
1362	0.6316017794745158
1363	1.8947379889732026
1364	1.8947379889732026
1365	1.8947379889732026
1366	1.8947379889732026
1367	1.8947379889732026
1368	2.0596749987938607
1369	2.0596749987938607
1370	2.0596749987938607
1371	2.0596749987938607
1372	2.0596749987938607
1373	2.073140808213726
1374	2.073140808213726
1375	2.073140808213726
1376	2.073140808213726
1377	2.073140808213726
1378	2.0112166357744043
1379	2.0112166357744043
1380	2.0112166357744043
1381	2.0112166357744043
1382	2.0112166357744043
1383	2.193787986771655
1384	2.193787986771655
1385	2.193787986771655
1386	2.193787986771655
1387	2.193787986771655
1388	2.203173615515955
1389	2.203173615515955
1390	2.203173615515955
1391	2.203173615515955
1392	2.203173615515955
1393	2.049983030262894
1394	2.049983030262894
1395	2.049983030262894
1396	2.049983030262894
1397	2.049983030262894
1398	2.0625971889432253
1399	2.0625971889432253
1400	2.0625971889432253
1401	2.0625971889432253
1402	2.0625971889432253
1403	2.62160977996372
1404	2.62160977996372
1405	2.62160977996372
1406	2.62160977996372
1407	2.62160977996372
1408	2.687526711688731
1409	2.687526711688731
1410	2.687526711688731
1411	2.687526711688731
1412	2.687526711688731
1413	2.18610985011394
1414	2.18610985011394
1415	2.18610985011394
1416	2.18610985011394
1417	2.18610985011394
1418	2.5214555514846944
1419	2.5214555514846944
1420	2.5214555514846944
1421	2.5214555514846944
1422	2.5214555514846944
1423	2.612408355032198
1424	2.612408355032198
1425	2.612408355032198
1426	2.612408355032198
1427	2.612408355032198
1428	2.1935778452936705
1429	2.1935778452936705
1430	2.1935778452936705
1431	2.1935778452936705
1432	2.1935778452936705
1433	2.5659278257297222
1434	2.5659278257297222
1435	2.5659278257297222
1436	2.5659278257297222
1437	2.5659278257297222
1438	2.926905534104624
1439	2.926905534104624
1440	2.926905534104624
1441	2.926905534104624
1442	2.926905534104624
1443	2.922353469413281
1444	2.922353469413281
1445	2.922353469413281
1446	2.922353469413281
1447	2.922353469413281
1448	2.626021778473601
1449	2.626021778473601
1450	2.626021778473601
1451	2.626021778473601
1452	2.626021778473601
1453	2.4236416930127227
1454	2.4236416930127227
1455	2.4236416930127227
1456	2.4236416930127227
1457	2.4236416930127227
1458	2.640673487256794
1459	2.640673487256794
1460	2.640673487256794
1461	2.640673487256794
1462	2.640673487256794
1463	2.4827985617145
1464	3.753634889262546
1465	3.753634889262546
1466	3.753634889262546
1467	3.753634889262546
1468	3.753634889262546
1469	4.167524272089819
1470	4.167524272089819
1471	4.167524272089819
1472	4.167524272089819
1473	4.167524272089819
1474	3.923468758153528
1475	3.923468758153528
1476	3.923468758153528
1477	3.923468758153528
1478	3.923468758153528
1479	3.1493481538272334
1480	3.1493481538272334
1481	3.1493481538272334
1482	3.1493481538272334
1483	3.1493481538272334
1484	3.28584741773275
1485	3.28584741773275
1486	3.28584741773275
1487	3.28584741773275
1488	3.28584741773275
1489	3.5255579113471422
1490	3.5255579113471422
1491	3.5255579113471422
1492	3.5255579113471422
1493	3.5255579113471422
1494	3.128554482020921
1495	3.128554482020921
1496	3.128554482020921
1497	3.128554482020921
1498	3.128554482020921
1499	3.197200934911253
1500	3.197200934911253
1501	2.9479223632038187
1502	2.9479223632038187
1503	2.9479223632038187
1504	2.9479223632038187
1505	2.9479223632038187
1506	3.016333682820506
1507	3.016333682820506
1508	3.016333682820506
1509	3.016333682820506
1510	3.016333682820506
1511	3.1269690361887124
1512	3.1269690361887124
1513	3.1269690361887124
1514	3.1269690361887124
1515	3.1269690361887124
1516	2.953698618966763
1517	2.953698618966763
1518	2.953698618966763
1519	2.953698618966763
1520	2.953698618966763
1521	3.087993220907509
1522	3.087993220907509
1523	3.087993220907509
1524	3.087993220907509
1525	3.087993220907509
1526	3.187689538623775
1527	3.187689538623775
1528	3.187689538623775
1529	3.187689538623775
1530	3.187689538623775
1531	3.2499800904939864
1532	3.2499800904939864
1533	3.2499800904939864
1534	3.2499800904939864
1535	3.2499800904939864
1536	2.6726539580431723
1537	2.6726539580431723
1538	2.6726539580431723
1539	2.6726539580431723
1540	2.6726539580431723
1541	2.8097759058622525
1542	2.8097759058622525
1543	2.8097759058622525
1544	2.8097759058622525
1545	2.8097759058622525
1546	3.016029778930679
1547	3.016029778930679
1548	3.016029778930679
1549	3.016029778930679
1550	3.016029778930679
1551	2.683555607631991
1552	2.683555607631991
1553	2.683555607631991
1554	2.683555607631991
1555	2.683555607631991
1556	2.763442828935752
1557	2.763442828935752
1558	2.763442828935752
1559	2.763442828935752
1560	2.763442828935752
1561	2.8840201748708987
1562	2.8840201748708987
1563	2.8840201748708987
1564	2.8840201748708987
1565	2.8840201748708987
1566	2.860017564929668
1567	2.860017564929668
1568	2.860017564929668
1569	2.860017564929668
1570	2.860017564929668
1571	3.007951653465092
1572	3.007951653465092
1573	3.007951653465092
1574	3.007951653465092
1575	1.7454542783310376
1576	1.7454542783310376
1577	1.7454542783310376
1578	1.7454542783310376
1579	1.7454542783310376
1580	2.1350947240973417
1581	2.1350947240973417
1582	2.1350947240973417
1583	2.1350947240973417
1584	2.1350947240973417
1585	2.029508739700203
1586	2.029508739700203
1587	2.029508739700203
1588	2.029508739700203
1589	2.029508739700203
1590	1.7228032620672253
1591	1.7228032620672253
1592	1.7228032620672253
1593	1.7228032620672253
1594	1.7228032620672253
1595	1.9995855753136063
1596	3.859375930803353
1597	3.859375930803353
1598	3.859375930803353
1599	3.859375930803353
1600	3.859375930803353
1601	4.028644970190155
1602	4.028644970190155
1603	4.028644970190155
1604	4.028644970190155
1605	4.028644970190155
1606	3.737813191124065
1607	3.737813191124065
1608	3.737813191124065
1609	3.737813191124065
1610	3.737813191124065
1611	4.1559898549816205
1612	4.1559898549816205
1613	4.1559898549816205
1614	4.1559898549816205
1615	4.1559898549816205
1616	4.447791606800084
1617	4.447791606800084
1618	4.447791606800084
1619	4.447791606800084
1620	4.447791606800084
1621	3.7553099463891564
1622	3.7553099463891564
1623	3.7553099463891564
1624	3.7553099463891564
1625	3.7553099463891564
1626	3.572546084875664
1627	3.572546084875664
1628	3.572546084875664
1629	3.572546084875664
1630	3.572546084875664
1631	4.167192389175739
1632	4.167192389175739
1633	4.167192389175739
1634	4.167192389175739
1635	4.167192389175739
1636	3.833649555587128
1637	3.833649555587128
1638	3.833649555587128
1639	3.833649555587128
1640	3.833649555587128
1641	4.168362908193778
1642	4.168362908193778
1643	4.168362908193778
1644	4.168362908193778
1645	4.168362908193778
1646	3.6123257248200247
1647	3.6123257248200247
1648	3.6123257248200247
1649	3.6123257248200247
1650	3.6123257248200247
1651	3.655069119663602
1652	3.655069119663602
1653	3.655069119663602
1654	3.655069119663602
1655	3.655069119663602
1656	4.022802893068378
1657	4.022802893068378
1658	4.022802893068378
1659	4.022802893068378
1660	4.022802893068378
1661	3.820083865356256
1662	3.820083865356256
1663	3.820083865356256
1664	3.820083865356256
1665	3.820083865356256
1666	3.730665295115657
1667	3.730665295115657
1668	3.730665295115657
1669	3.730665295115657
1670	3.730665295115657
1671	3.677066291280522
1672	3.677066291280522
1673	3.677066291280522
1674	3.677066291280522
1675	3.677066291280522
1676	3.549629527269908
1677	3.549629527269908
1678	3.549629527269908
1679	3.549629527269908
1680	3.549629527269908
1681	4.074131071347754
1682	4.074131071347754
1683	4.074131071347754
1684	1.069923926037676
1685	1.069923926037676
1686	1.069923926037676
1687	1.069923926037676
1688	1.069923926037676
1689	1.1187969011697627
1690	1.1187969011697627
1691	1.1187969011697627
1692	1.1187969011697627
1693	1.1187969011697627
1694	1.1040278698500765
1695	1.1040278698500765
1696	1.1040278698500765
1697	2.6165010947242155
1698	2.6165010947242155
1699	2.6165010947242155
1700	2.6165010947242155
1701	2.6165010947242155
1702	2.938546570091301
1703	2.938546570091301
1704	2.938546570091301
1705	2.938546570091301
1706	2.938546570091301
1707	3.0180102985968147
1708	3.0180102985968147
1709	3.0180102985968147
1710	2.0231109665661138
1711	2.0231109665661138
1712	3.136467086078127
1713	3.136467086078127
1714	3.136467086078127
1715	3.136467086078127
1716	3.136467086078127
1717	3.553660589117032
1718	3.553660589117032
1719	3.553660589117032
1720	3.553660589117032
1721	3.553660589117032
1722	3.2169021413791508
1723	3.2169021413791508
1724	3.2169021413791508
1725	3.2169021413791508
1726	3.2169021413791508
1727	3.319466073456454
1728	3.319466073456454
1729	3.5979642117767927
1730	3.151279189876541
1731	3.151279189876541
1732	3.151279189876541
1733	3.151279189876541
1734	3.151279189876541
1735	2.6507010738142625
1736	2.6507010738142625
1737	2.6507010738142625
1738	2.6507010738142625
1739	2.6507010738142625
1740	2.978093344288992
1741	2.978093344288992
1742	2.978093344288992
1743	2.978093344288992
1744	2.978093344288992
1745	2.6355364653114943
1746	2.6355364653114943
1747	2.6355364653114943
1748	2.6355364653114943
1749	2.6355364653114943
1750	3.057530289686231
1751	3.057530289686231
1752	3.057530289686231
1753	3.057530289686231
1754	3.057530289686231
1755	3.0309491634338976
1756	3.0309491634338976
1757	3.0309491634338976
1758	3.0309491634338976
1759	3.0309491634338976
1760	3.1478731771180284
1761	3.1478731771180284
1762	3.1478731771180284
1763	3.1478731771180284
1764	3.1478731771180284
1765	2.862391385174004
1766	1.6235108091966561
1767	1.6235108091966561
1768	0.6448684045765036
1769	0.6448684045765036
1770	0.6448684045765036
1771	0.6448684045765036
1772	0.6448684045765036
1773	0.6443637391182119
1774	0.6443637391182119
1775	0.6443637391182119
1776	0.6443637391182119
1777	0.6443637391182119
1778	0.5940273657806273
1779	0.5940273657806273
1780	0.5940273657806273
1781	0.5940273657806273
1782	0.5940273657806273
1783	0.6766509044981112
1784	0.6766509044981112
1785	0.6766509044981112
1786	0.6766509044981112
1787	0.6766509044981112
1788	0.5799057031640282
1789	0.5799057031640282
1790	0.5799057031640282
1791	0.5799057031640282
1792	0.5799057031640282
1793	0.6929152236294724
1794	0.6929152236294724
1795	0.6929152236294724
1796	0.6929152236294724
1797	0.6929152236294724
1798	0.7358237546392095
1799	0.7358237546392095
1800	0.7358237546392095
1801	0.7358237546392095
1802	0.7358237546392095
1803	0.6179419869674361
1804	0.6179419869674361
1805	0.6179419869674361
1806	0.6179419869674361
1807	0.6179419869674361
1808	0.6097917742632162
1809	0.6097917742632162
1810	1.4416399875518298
1811	1.4416399875518298
1812	1.4416399875518298
1813	1.4416399875518298
1814	1.4416399875518298
1815	1.4417458497044182
1816	1.4417458497044182
1817	1.4417458497044182
1818	1.4417458497044182
1819	1.4417458497044182
1820	1.5739562063122015
1821	1.5739562063122015
1822	0.6879727288468075
1823	0.6879727288468075
1824	0.6879727288468075
1825	0.6879727288468075
1826	3.1747982549083846
1827	3.1747982549083846
1828	3.1747982549083846
1829	3.1747982549083846
1830	3.1747982549083846
1831	2.7761585143507097
1832	2.7761585143507097
1833	2.7761585143507097
1834	2.7761585143507097
1835	2.7761585143507097
1836	3.000262842948825
1837	3.000262842948825
1838	3.000262842948825
1839	4.30751450967227
1840	4.30751450967227
1841	4.30751450967227
1842	4.30751450967227
1843	4.30751450967227
1844	4.852997325854988
1845	4.852997325854988
1846	4.852997325854988
1847	4.852997325854988
1848	4.852997325854988
1849	4.4789890715227525
1850	4.4789890715227525
1851	4.4789890715227525
1852	4.4789890715227525
1853	4.4789890715227525
1854	4.301792849787356
1855	4.301792849787356
1856	4.301792849787356
1857	4.301792849787356
1858	4.301792849787356
1859	4.1468755864167814
1860	4.1468755864167814
1861	4.1468755864167814
1862	4.1468755864167814
1863	4.1468755864167814
1864	4.062169892346709
1865	4.062169892346709
1866	4.062169892346709
1867	3.493781332895654
1868	3.493781332895654
1869	3.493781332895654
1870	3.493781332895654
1871	3.493781332895654
1872	3.8553438123664634
1873	3.8553438123664634
1874	3.8553438123664634
1875	3.8553438123664634
1876	2.337324524661663
1877	2.337324524661663
1878	2.337324524661663
1879	2.337324524661663
1880	2.337324524661663
1881	2.487137328380312
1882	2.487137328380312
1883	2.487137328380312
1884	2.487137328380312
1885	2.487137328380312
1886	2.0636984804562477
1887	2.0636984804562477
1888	2.0636984804562477
1889	2.0636984804562477
1890	2.0636984804562477
1891	2.6873494238811046
1892	2.6873494238811046
1893	2.6873494238811046
1894	2.6873494238811046
1895	2.6873494238811046
1896	2.0851318261186274
1897	2.0851318261186274
1898	2.0851318261186274
1899	2.0851318261186274
1900	2.0851318261186274
1901	2.3673931715954573
1902	0.9776248923197369
1903	0.9776248923197369
1904	0.9776248923197369
1905	0.9776248923197369
1906	1.6292701140438661
1907	1.6292701140438661
1908	1.6292701140438661
1909	1.6292701140438661
1910	1.665162172484263
1911	1.665162172484263
1912	1.665162172484263
1913	1.665162172484263
1914	1.665162172484263
1915	2.01242815334533
1916	2.01242815334533
1917	2.01242815334533
1918	2.01242815334533
1919	2.01242815334533
1920	2.087677902968051
1921	2.087677902968051
1922	2.087677902968051
1923	2.087677902968051
1924	2.087677902968051
1925	1.8941452508895538
1926	1.8941452508895538
1927	1.8941452508895538
1928	0.20629457949625682
1929	0.20629457949625682
1930	0.20629457949625682
1931	0.20629457949625682
1932	0.20629457949625682
1933	0.204096325270713
1934	0.204096325270713
1935	0.204096325270713
1936	0.204096325270713
1937	0.204096325270713
1938	0.18153339769674345
1939	0.18153339769674345
1940	0.18153339769674345
1941	0.18153339769674345
1942	0.18153339769674345
1943	0.1983580791570873
1944	0.1983580791570873
1945	0.1983580791570873
1946	0.1983580791570873
1947	0.1983580791570873
1948	0.19813753323116026
1949	0.19813753323116026
1950	0.19813753323116026
1951	1.4146192667007933
1952	1.4146192667007933
1953	1.4146192667007933
1954	1.4146192667007933
1955	1.4146192667007933
1956	1.5537695774867728
1957	1.5537695774867728
1958	1.5537695774867728
1959	1.5537695774867728
1960	1.5537695774867728
1961	1.5876388696735764
1962	1.5876388696735764
1963	1.5876388696735764
1964	1.5876388696735764
1965	1.5876388696735764
1966	1.6128575294719858
1967	1.6128575294719858
1968	1.6128575294719858
1969	1.6128575294719858
1970	1.6128575294719858
1971	1.4883649635635468
1972	1.4883649635635468
1973	1.4883649635635468
1974	1.4883649635635468
1975	1.4883649635635468
1976	1.4354398970575775
1977	1.4354398970575775
1978	1.4354398970575775
1979	1.4354398970575775
1980	1.4354398970575775
1981	1.7171312412673967
1982	1.7171312412673967
1983	1.7171312412673967
1984	1.7171312412673967
1985	1.7171312412673967
1986	1.5283342163615017
1987	1.5283342163615017
1988	1.5283342163615017
1989	1.5283342163615017
1990	1.5283342163615017
1991	1.5051027441984641
1992	1.5051027441984641
1993	1.5051027441984641
1994	1.5051027441984641
1995	1.5051027441984641
1996	1.5815308504170102
1997	1.5815308504170102
1998	1.5815308504170102
1999	1.5815308504170102
