0	1.926103087631263
1	1.926103087631263
2	1.926103087631263
3	2.408782444585466
4	2.408782444585466
5	2.408782444585466
6	1.2640582056614624
7	1.2640582056614624
8	1.2640582056614624
9	1.9211922817741098
10	1.9211922817741098
11	1.9211922817741098
12	1.6050642467348444
13	1.6050642467348444
14	1.6050642467348444
15	2.4973433536766665
16	2.4973433536766665
17	2.4973433536766665
18	1.2360899868690591
19	1.2360899868690591
20	2.579199825873435
21	2.579199825873435
22	2.579199825873435
23	2.5934729548793403
24	2.5934729548793403
25	2.5934729548793403
26	1.9827747302554866
27	1.9827747302554866
28	1.9827747302554866
29	2.6224406479548827
30	2.6224406479548827
31	2.6224406479548827
32	1.2397525535431295
33	1.2397525535431295
34	1.2397525535431295
35	1.8910468684987096
36	1.8910468684987096
37	0.7972838319284308
38	0.7972838319284308
39	0.7972838319284308
40	1.040972237485579
41	1.040972237485579
42	1.040972237485579
43	1.3395660746309603
44	1.3395660746309603
45	1.3395660746309603
46	1.1011877659459446
47	1.1011877659459446
48	1.1011877659459446
49	0.9041963079273707
50	0.9041963079273707
51	0.9041963079273707
52	0.8366045574025591
53	0.8366045574025591
54	0.8366045574025591
55	0.6727365145193709
56	0.6727365145193709
57	0.6727365145193709
58	0.9434138687420384
59	0.9434138687420384
60	0.9434138687420384
61	0.8756281853074717
62	0.8756281853074717
63	0.8756281853074717
64	1.1016745247782727
65	1.1016745247782727
66	1.1016745247782727
67	0.9480382328169542
68	0.9480382328169542
69	0.9480382328169542
70	1.0003554756750597
71	1.0003554756750597
72	1.0003554756750597
73	1.9789031120465341
74	1.9789031120465341
75	1.9789031120465341
76	1.6259267621999713
77	1.6259267621999713
78	1.6259267621999713
79	1.0131130609883863
80	1.0131130609883863
81	1.0131130609883863
82	1.4193007005842608
83	1.4193007005842608
84	1.4193007005842608
85	1.55985555133709
86	1.55985555133709
87	1.55985555133709
88	0.8281549317994541
89	0.8281549317994541
90	0.8281549317994541
91	1.4971197641440226
92	1.4971197641440226
93	1.4971197641440226
94	0.9703553399963587
95	0.9703553399963587
96	0.9703553399963587
97	0.6777066915640424
98	0.6777066915640424
99	0.6777066915640424
100	0.7690577296402576
101	0.7690577296402576
102	0.7690577296402576
103	1.1174258526661052
104	1.1174258526661052
105	1.1174258526661052
106	0.9738476373164136
107	0.9738476373164136
108	0.9738476373164136
109	1.2724839585009489
110	1.2724839585009489
111	1.2724839585009489
112	0.36486153235404106
113	0.36486153235404106
114	0.36486153235404106
115	0.7756363972562825
116	0.7756363972562825
117	0.7756363972562825
118	1.5158475211284848
119	1.5158475211284848
120	1.5158475211284848
121	1.4461634750573278
122	1.4461634750573278
123	1.4461634750573278
124	1.6701049223724689
125	1.6701049223724689
126	1.6701049223724689
127	0.4638137664609576
128	0.4638137664609576
129	0.4638137664609576
130	1.2679128788049117
131	1.2679128788049117
132	1.2679128788049117
133	1.3555389533535755
134	1.3555389533535755
135	1.3555389533535755
136	1.1765366301967761
137	1.1765366301967761
138	1.1765366301967761
139	0.7837638712957802
140	0.7837638712957802
141	0.7837638712957802
142	1.4305883737343195
143	1.4305883737343195
144	1.4305883737343195
145	1.3772190568375615
146	1.3772190568375615
147	1.3772190568375615
148	0.7727646095825154
149	0.7727646095825154
150	0.7727646095825154
151	1.078112766323986
152	1.078112766323986
153	1.078112766323986
154	0.8785317358402422
155	0.8785317358402422
156	0.8785317358402422
157	0.9671536579954461
158	0.9671536579954461
159	0.9671536579954461
160	0.8921981682078013
161	0.8921981682078013
162	0.8921981682078013
163	1.019516628249873
164	1.019516628249873
165	1.019516628249873
166	1.3439050296349
167	1.3439050296349
168	1.3439050296349
169	0.7016611780496518
170	0.7016611780496518
171	0.7016611780496518
172	1.1397525528868664
173	1.1397525528868664
174	1.1397525528868664
175	0.9758526797119846
176	0.9758526797119846
177	0.9758526797119846
178	1.1878839244279709
179	1.1878839244279709
180	1.1878839244279709
181	1.081121549483693
182	1.081121549483693
183	1.081121549483693
184	0.8550598688794193
185	0.8550598688794193
186	0.8550598688794193
187	1.0101486544302933
188	1.0101486544302933
189	1.0101486544302933
190	0.7915132741482689
191	0.7915132741482689
192	0.7915132741482689
193	1.794235020304311
194	1.794235020304311
195	1.794235020304311
196	1.136129544493131
197	1.136129544493131
198	1.136129544493131
199	1.2228317217361393
200	1.2228317217361393
201	1.2228317217361393
202	1.324240308051298
203	1.324240308051298
204	1.324240308051298
205	0.863777336650947
206	0.863777336650947
207	0.863777336650947
208	1.5130553751626752
209	1.5130553751626752
210	1.5130553751626752
211	1.725441775841638
212	1.725441775841638
213	1.725441775841638
214	0.8144771936809733
215	0.8144771936809733
216	0.8144771936809733
217	1.223810824485442
218	1.223810824485442
219	1.223810824485442
220	1.556362051533113
221	1.556362051533113
222	1.556362051533113
223	1.086301523641284
224	1.086301523641284
225	1.086301523641284
226	0.7653337768323201
227	0.7653337768323201
228	0.7653337768323201
229	1.0040685090331685
230	1.0040685090331685
231	1.0040685090331685
232	1.3030360019602598
233	1.3030360019602598
234	1.3030360019602598
235	1.2893718424907412
236	1.2893718424907412
237	1.2893718424907412
238	0.7460068838474505
239	0.7460068838474505
240	0.7460068838474505
241	1.3894211753523593
242	1.3894211753523593
243	1.3894211753523593
244	1.4376431170006194
245	1.4376431170006194
246	1.4376431170006194
247	0.9411107435399761
248	0.9411107435399761
249	0.9411107435399761
250	0.758004418447233
251	0.758004418447233
252	0.758004418447233
253	1.1454062388294646
254	1.1454062388294646
255	1.1454062388294646
256	0.9676665987106221
257	0.9676665987106221
258	0.9676665987106221
259	0.8129208867682196
260	0.8129208867682196
261	0.8129208867682196
262	0.9414157121679383
263	0.9414157121679383
264	0.9414157121679383
265	0.8139168360487394
266	0.8139168360487394
267	0.8139168360487394
268	1.3282519550944039
269	1.3282519550944039
270	1.3282519550944039
271	0.9169583516553402
272	0.9169583516553402
273	0.9169583516553402
274	1.1465089652400733
275	1.1465089652400733
276	1.1465089652400733
277	1.662049943255457
278	1.662049943255457
279	1.662049943255457
280	1.492653250948715
281	1.492653250948715
282	1.492653250948715
283	0.9552363174352567
284	0.9552363174352567
285	0.9552363174352567
286	0.6710041206804467
287	0.6710041206804467
288	0.6710041206804467
289	1.0406995019770182
290	1.0406995019770182
291	1.0406995019770182
292	0.8978388524330523
293	0.8978388524330523
294	0.8978388524330523
295	0.275536389337915
296	0.275536389337915
297	0.275536389337915
298	0.1840224093200074
299	0.1840224093200074
300	0.1840224093200074
301	0.14266523183135127
302	0.14266523183135127
303	0.14266523183135127
304	0.1774184856631566
305	0.1774184856631566
306	0.1774184856631566
307	0.2673657658821824
308	0.2673657658821824
309	0.2673657658821824
310	0.1913309494259954
311	0.1913309494259954
312	0.1913309494259954
313	0.26287766427731596
314	0.26287766427731596
315	0.26287766427731596
316	0.2069741644805452
317	0.2069741644805452
318	0.2069741644805452
319	0.23700107206495524
320	0.23700107206495524
321	0.23700107206495524
322	0.13218019469268708
323	0.13218019469268708
324	0.13218019469268708
325	0.1
326	0.1
327	0.1
328	0.10357820236920218
329	0.10357820236920218
330	0.10357820236920218
331	0.23141143740359005
332	0.23141143740359005
333	0.23141143740359005
334	0.18822806164939843
335	0.18822806164939843
336	0.18822806164939843
337	0.3218704640369334
338	0.3218704640369334
339	0.3218704640369334
340	0.19945797611651547
341	0.19945797611651547
342	0.19945797611651547
343	0.22368363669952795
344	0.22368363669952795
345	0.22368363669952795
346	0.26225426048657835
347	0.26225426048657835
348	0.26225426048657835
349	0.27486760571413876
350	0.27486760571413876
351	0.27486760571413876
352	0.2656659557515669
353	0.2656659557515669
354	0.2656659557515669
355	0.26222025027180734
356	0.26222025027180734
357	0.26222025027180734
358	0.23820805945799248
359	0.23820805945799248
360	0.23820805945799248
361	0.15187897116332058
362	0.15187897116332058
363	0.15187897116332058
364	0.14715282337083163
365	0.14715282337083163
366	0.14715282337083163
367	0.18842989058401058
368	0.18842989058401058
369	0.18842989058401058
370	0.24468409814827574
371	0.24468409814827574
372	0.24468409814827574
373	0.2378223201134013
374	0.2378223201134013
375	0.2378223201134013
376	0.21600270649535708
377	0.21600270649535708
378	0.21600270649535708
379	0.27891417905816945
380	0.27891417905816945
381	0.27891417905816945
382	0.31269129222807385
383	0.31269129222807385
384	0.31269129222807385
385	0.2978818685811682
386	0.2978818685811682
387	0.2978818685811682
388	0.18707319566464178
389	0.18707319566464178
390	0.18707319566464178
391	0.1171160326821086
392	0.1171160326821086
393	0.1171160326821086
394	0.14053984181551446
395	0.14053984181551446
396	0.14053984181551446
397	0.1929801511927211
398	0.1929801511927211
399	1.1966825795428708
400	1.1966825795428708
401	1.1966825795428708
402	3.010305411179541
403	3.010305411179541
404	3.010305411179541
405	2.7985445832983307
406	2.7985445832983307
407	2.7985445832983307
408	2.0932160752697935
409	2.0932160752697935
410	2.0932160752697935
411	2.1644064655246424
412	2.1644064655246424
413	2.1644064655246424
414	2.2159211156120096
415	2.2159211156120096
416	2.2159211156120096
417	1.9117460858569852
418	1.9117460858569852
419	1.9117460858569852
420	1.7293208532804516
421	1.7293208532804516
422	1.7293208532804516
423	1.7454745750686325
424	1.7454745750686325
425	1.7454745750686325
426	0.793801388815945
427	0.793801388815945
428	0.793801388815945
429	1.0144389537262688
430	1.0144389537262688
431	3.92000619266146
432	3.92000619266146
433	3.92000619266146
434	2.4808798110035597
435	2.4808798110035597
436	2.4808798110035597
437	3.287872204970902
438	3.287872204970902
439	3.287872204970902
440	1.8464077254187248
441	1.8464077254187248
442	1.8464077254187248
443	4.524965832896388
444	4.524965832896388
445	4.524965832896388
446	3.0513795779731248
447	3.0513795779731248
448	3.0513795779731248
449	3.2446817570522413
450	3.2446817570522413
451	3.2446817570522413
452	4.067492242985315
453	4.067492242985315
454	4.067492242985315
455	2.0913636816550807
456	2.0913636816550807
457	2.0913636816550807
458	2.409857173737303
459	2.409857173737303
460	2.409857173737303
461	3.7595601802383904
462	3.7595601802383904
463	3.7595601802383904
464	2.083453275757493
465	2.083453275757493
466	2.083453275757493
467	2.837644041210546
468	2.837644041210546
469	2.837644041210546
470	2.4592797881392037
471	2.4592797881392037
472	2.4592797881392037
473	2.498188841629557
474	2.498188841629557
475	2.498188841629557
476	3.5308193061203066
477	3.5308193061203066
478	3.5308193061203066
479	2.9032742407250556
480	2.9032742407250556
481	2.9032742407250556
482	2.3142549770998073
483	0.9272266607698519
484	0.9272266607698519
485	0.9272266607698519
486	1.139586597356474
487	1.139586597356474
488	1.139586597356474
489	1.089650850280725
490	1.089650850280725
491	1.089650850280725
492	1.1111273979009262
493	1.1111273979009262
494	1.1111273979009262
495	1.335167197412039
496	1.335167197412039
497	1.335167197412039
498	0.9881651682057546
499	0.9881651682057546
500	0.9881651682057546
501	0.6370313830806917
502	0.6370313830806917
503	1.2022784351825762
504	1.2022784351825762
505	1.2022784351825762
506	1.0285245242684609
507	1.0285245242684609
508	1.0285245242684609
509	2.2346600593366572
510	2.2346600593366572
511	2.2346600593366572
512	1.0587138927827608
513	1.0587138927827608
514	1.0587138927827608
515	1.6377122763549492
516	1.6377122763549492
517	1.6377122763549492
518	1.5532428574506696
519	1.5532428574506696
520	1.5532428574506696
521	1.9971294783561315
522	1.9971294783561315
523	1.9971294783561315
524	1.9199773153834265
525	1.9199773153834265
526	1.9199773153834265
527	1.9238192086388848
528	1.9238192086388848
529	1.9238192086388848
530	1.661184482250313
531	1.661184482250313
532	1.661184482250313
533	1.894617589654108
534	1.894617589654108
535	1.894617589654108
536	2.533550857882605
537	2.533550857882605
538	2.533550857882605
539	1.647682493276586
540	1.647682493276586
541	1.647682493276586
542	1.7518973933997333
543	1.7518973933997333
544	1.7518973933997333
545	2.2949658873683285
546	2.2949658873683285
547	2.2949658873683285
548	1.4551449441097304
549	1.4551449441097304
550	1.4551449441097304
551	2.260395364928032
552	2.260395364928032
553	2.260395364928032
554	2.1209013667102528
555	2.1209013667102528
556	2.1209013667102528
557	2.348724019571447
558	2.348724019571447
559	2.348724019571447
560	1.2998134960143026
561	1.2998134960143026
562	1.2998134960143026
563	1.781773161486463
564	1.781773161486463
565	1.781773161486463
566	1.227534453078944
567	1.227534453078944
568	1.227534453078944
569	1.8497011140307174
570	1.8497011140307174
571	1.8497011140307174
572	1.1729308645449208
573	1.1729308645449208
574	1.1729308645449208
575	1.3022518553295632
576	1.3022518553295632
577	1.3022518553295632
578	2.617824979590862
579	2.617824979590862
580	2.617824979590862
581	2.696260751838302
582	2.696260751838302
583	2.696260751838302
584	2.9238552880670037
585	2.9238552880670037
586	2.9238552880670037
587	1.9338678487502952
588	1.9338678487502952
589	1.9338678487502952
590	3.1065649854224935
591	3.1065649854224935
592	3.1065649854224935
593	3.305493260434906
594	3.305493260434906
595	3.305493260434906
596	2.867063228979448
597	2.867063228979448
598	2.867063228979448
599	2.5119567702923447
600	2.5119567702923447
601	2.5119567702923447
602	2.4564742385066785
603	2.4564742385066785
604	2.4564742385066785
605	1.043928457164261
606	1.043928457164261
607	1.043928457164261
608	0.9250180319598266
609	0.9250180319598266
610	0.9250180319598266
611	1.633270580484195
612	1.633270580484195
613	1.633270580484195
614	1.1352956884349754
615	1.1352956884349754
616	1.1352956884349754
617	0.9806116681505919
618	0.9806116681505919
619	0.9806116681505919
620	0.8550883053848481
621	0.8550883053848481
622	0.8550883053848481
623	0.9505560073556096
624	0.9505560073556096
625	0.9505560073556096
626	0.7983558465812045
627	0.7983558465812045
628	0.7983558465812045
629	1.0098462914234698
630	1.0098462914234698
631	1.0098462914234698
632	0.9015590930441222
633	0.9015590930441222
634	0.9015590930441222
635	1.0806787687319783
636	1.0806787687319783
637	1.0806787687319783
638	0.7729628727713969
639	0.7729628727713969
640	0.7729628727713969
641	1.2434478500095405
642	1.2434478500095405
643	1.2434478500095405
644	0.6747969267657307
645	0.6747969267657307
646	0.6747969267657307
647	1.4836152238245388
648	1.4836152238245388
649	1.4836152238245388
650	0.9829738435470374
651	0.9829738435470374
652	0.9829738435470374
653	0.9700425971662605
654	0.9700425971662605
655	0.9700425971662605
656	1.4087498008512318
657	1.4087498008512318
658	1.4087498008512318
659	1.3275914097057235
660	1.3275914097057235
661	1.3275914097057235
662	1.0160471177941308
663	1.0160471177941308
664	1.0160471177941308
665	1.076762538200498
666	1.076762538200498
667	1.076762538200498
668	0.13727583562994872
669	0.13727583562994872
670	0.13727583562994872
671	0.19889530394536187
672	0.19889530394536187
673	0.19889530394536187
674	0.12265535162330075
675	0.12265535162330075
676	0.12265535162330075
677	0.16673177493658425
678	0.16673177493658425
679	0.16673177493658425
680	0.2036384065607906
681	0.2036384065607906
682	0.2036384065607906
683	0.18483676146320133
684	0.18483676146320133
685	0.18483676146320133
686	0.11516106352432262
687	0.11516106352432262
688	0.11516106352432262
689	0.21433717364763974
690	0.21433717364763974
691	0.21433717364763974
692	0.21965945139418167
693	0.21965945139418167
694	0.21965945139418167
695	0.1741846117832979
696	0.1741846117832979
697	0.1741846117832979
698	0.1567113361059293
699	0.1567113361059293
700	0.1567113361059293
701	1.9325092408378894
702	1.9325092408378894
703	1.9325092408378894
704	1.5579644470267504
705	1.5579644470267504
706	1.5579644470267504
707	1.9208745241979495
708	1.9208745241979495
709	1.9208745241979495
710	3.314116077623879
711	3.314116077623879
712	3.314116077623879
713	2.7566160283413352
714	2.7566160283413352
715	2.7566160283413352
716	1.758408954237391
717	1.758408954237391
718	1.758408954237391
719	2.7128647028421953
720	2.7128647028421953
721	2.7128647028421953
722	2.529711165036995
723	2.529711165036995
724	2.529711165036995
725	1.824291125253561
726	1.824291125253561
727	1.824291125253561
728	1.717206007028425
729	1.717206007028425
730	1.717206007028425
731	1.7672424201919252
732	1.7672424201919252
733	1.7672424201919252
734	1.942653021445774
735	1.942653021445774
736	1.942653021445774
737	1.8108962958869188
738	1.8108962958869188
739	1.8108962958869188
740	2.113601455428969
741	2.113601455428969
742	2.113601455428969
743	2.0620511339917016
744	2.0620511339917016
745	2.0620511339917016
746	2.409332332734133
747	2.409332332734133
748	2.409332332734133
749	1.698322116751528
750	1.698322116751528
751	1.698322116751528
752	2.4741893037082137
753	2.4741893037082137
754	2.4741893037082137
755	2.02902887113691
756	2.02902887113691
757	2.02902887113691
758	3.1725391570456765
759	3.1725391570456765
760	3.1725391570456765
761	2.0041570100400823
762	2.0041570100400823
763	2.0041570100400823
764	1.7764246036548093
765	1.7764246036548093
766	1.7764246036548093
767	1.844877945000937
768	1.844877945000937
769	1.844877945000937
770	1.8303195202525306
771	1.8303195202525306
772	1.8303195202525306
773	1.8719012764147487
774	1.8719012764147487
775	1.8719012764147487
776	2.8010106567165582
777	2.8010106567165582
778	2.8010106567165582
779	2.4131151105310105
780	2.4131151105310105
781	2.4131151105310105
782	2.0059142372059897
783	2.0059142372059897
784	2.0059142372059897
785	1.9210410579006907
786	1.9210410579006907
787	1.9210410579006907
788	2.9032921399224065
789	2.9032921399224065
790	2.9032921399224065
791	2.173718562449379
792	2.173718562449379
793	2.173718562449379
794	1.1899575579415482
795	1.1899575579415482
796	1.1899575579415482
797	2.373904681940121
798	2.373904681940121
799	2.373904681940121
800	2.10254189812276
801	2.10254189812276
802	2.10254189812276
803	2.6493941470976696
804	2.6493941470976696
805	2.6493941470976696
806	1.5109117998083708
807	1.5109117998083708
808	1.5109117998083708
809	2.5179558734902754
810	2.5179558734902754
811	2.5179558734902754
812	1.9183908182824525
813	1.9183908182824525
814	1.9183908182824525
815	2.3570622650681754
816	2.3570622650681754
817	2.3570622650681754
818	1.1814140199798344
819	1.1814140199798344
820	1.1814140199798344
821	1.4018076523451466
822	1.4018076523451466
823	1.4018076523451466
824	2.0869119143813752
825	2.0869119143813752
826	2.0869119143813752
827	2.174165143608123
828	2.174165143608123
829	2.174165143608123
830	1.9890868553616798
831	1.9890868553616798
832	1.9890868553616798
833	1.5171305151591776
834	1.5171305151591776
835	1.5171305151591776
836	2.7970130083986264
837	2.7970130083986264
838	2.7970130083986264
839	1.7043589532272112
840	1.7043589532272112
841	1.7043589532272112
842	1.5859523636925263
843	1.5859523636925263
844	1.5859523636925263
845	2.4005640135403863
846	2.4005640135403863
847	2.4005640135403863
848	2.0099804825257572
849	2.0099804825257572
850	2.0099804825257572
851	1.5899189273895984
852	1.5899189273895984
853	1.5899189273895984
854	1.1048480387098911
855	1.1048480387098911
856	1.1048480387098911
857	2.2538046930847235
858	2.2538046930847235
859	2.2538046930847235
860	2.3801457758251603
861	2.3801457758251603
862	2.3801457758251603
863	1.9644555260803163
864	1.9644555260803163
865	1.9644555260803163
866	2.0017505556088695
867	2.0017505556088695
868	2.0017505556088695
869	1.8414130701448328
870	1.8414130701448328
871	1.8414130701448328
872	1.8439846280106176
873	1.8439846280106176
874	1.8439846280106176
875	2.114416211520803
876	2.114416211520803
877	2.114416211520803
878	2.53060520056533
879	2.53060520056533
880	2.53060520056533
881	0.9153527378615804
882	0.9153527378615804
883	0.9153527378615804
884	2.277426577555767
885	2.277426577555767
886	2.277426577555767
887	2.959505459154184
888	2.959505459154184
889	2.959505459154184
890	1.5247540928741508
891	1.5247540928741508
892	1.5247540928741508
893	2.121421739727217
894	2.121421739727217
895	2.121421739727217
896	2.656570622093196
897	2.656570622093196
898	2.656570622093196
899	2.6428116135289152
900	2.6428116135289152
901	2.6428116135289152
902	2.190928773508514
903	2.190928773508514
904	2.190928773508514
905	3.3156643572099975
906	3.3156643572099975
907	3.3156643572099975
908	1.9908255576874248
909	1.9908255576874248
910	1.9908255576874248
911	2.631499028762715
912	2.631499028762715
913	2.631499028762715
914	1.9819893789303507
915	1.9819893789303507
916	1.9819893789303507
917	1.802815102524749
918	1.802815102524749
919	1.802815102524749
920	1.6523916531176392
921	1.6523916531176392
922	1.6523916531176392
923	1.8740231000848848
924	1.8740231000848848
925	1.8740231000848848
926	1.8080908923878332
927	1.8080908923878332
928	1.8080908923878332
929	2.058915176744157
930	2.058915176744157
931	2.058915176744157
932	1.4520184665364044
933	1.4520184665364044
934	1.4520184665364044
935	1.1360865624701024
936	1.1360865624701024
937	1.1360865624701024
938	2.039218612296475
939	2.039218612296475
940	2.039218612296475
941	1.8391606317076756
942	1.8391606317076756
943	1.8391606317076756
944	2.2933671577625336
945	2.2933671577625336
946	2.2933671577625336
947	2.4412035478142227
948	2.4412035478142227
949	2.4412035478142227
950	2.699057126678677
951	2.699057126678677
952	2.699057126678677
953	2.9359684160505033
954	2.9359684160505033
955	2.9359684160505033
956	2.2604697029150977
957	2.2604697029150977
958	2.2604697029150977
959	2.5056335527202194
960	2.5056335527202194
961	2.5056335527202194
962	1.8270551585159633
963	1.8270551585159633
964	1.8270551585159633
965	2.480978249725653
966	2.480978249725653
967	2.480978249725653
968	2.135257106878329
969	2.135257106878329
970	2.135257106878329
971	1.7912382864752716
972	1.7912382864752716
973	1.7912382864752716
974	1.9510571786587183
975	1.9510571786587183
976	1.9510571786587183
977	1.7256614648366893
978	1.7256614648366893
979	1.7256614648366893
980	2.023827275772846
981	2.023827275772846
982	2.023827275772846
983	2.442601524625718
984	2.442601524625718
985	2.442601524625718
986	1.7602433736966425
987	1.7602433736966425
988	1.7602433736966425
989	2.21470995792995
990	2.21470995792995
991	2.21470995792995
992	0.825478799077257
993	0.825478799077257
994	0.825478799077257
995	2.2040996817866825
996	2.2040996817866825
997	2.2040996817866825
998	2.8004727493757784
999	2.8004727493757784
1000	2.8004727493757784
1001	2.065343171455709
1002	2.065343171455709
1003	2.065343171455709
1004	1.7355806991204665
1005	1.7355806991204665
1006	1.7355806991204665
1007	1.3740903022484692
1008	1.3740903022484692
1009	1.3740903022484692
1010	2.0718558395036086
1011	2.0718558395036086
1012	2.0718558395036086
1013	1.6086652116522286
1014	1.6086652116522286
1015	1.6086652116522286
1016	1.2691090250680106
1017	1.2691090250680106
1018	1.2691090250680106
1019	0.7481724718677654
1020	0.7481724718677654
1021	0.7481724718677654
1022	1.7173726703555867
1023	1.7173726703555867
1024	1.7173726703555867
1025	0.9389412958899221
1026	0.9389412958899221
1027	0.9389412958899221
1028	0.1
1029	0.1
1030	0.1
1031	1.9703953171986484
1032	1.9703953171986484
1033	1.9703953171986484
1034	2.4277514299127225
1035	2.4277514299127225
1036	2.4277514299127225
1037	2.019487704306113
1038	2.019487704306113
1039	2.019487704306113
1040	2.305197546531145
1041	2.305197546531145
1042	2.305197546531145
1043	1.895957816235619
1044	1.895957816235619
1045	1.895957816235619
1046	2.526968973157291
1047	2.526968973157291
1048	2.526968973157291
1049	1.6776655654489283
1050	1.6776655654489283
1051	1.6776655654489283
1052	1.6116750275476772
1053	1.6116750275476772
1054	3.722391784749865
1055	3.722391784749865
1056	3.722391784749865
1057	2.5137282722822123
1058	2.5137282722822123
1059	2.5137282722822123
1060	1.8085570644928495
1061	1.8085570644928495
1062	1.8085570644928495
1063	2.396563221364528
1064	2.396563221364528
1065	2.396563221364528
1066	2.985359270668849
1067	2.985359270668849
1068	2.985359270668849
1069	3.0298669681040775
1070	3.0298669681040775
1071	3.0298669681040775
1072	2.2635305016446208
1073	2.2635305016446208
1074	2.2635305016446208
1075	3.959084033425049
1076	3.959084033425049
1077	3.959084033425049
1078	5.116109172505043
1079	5.116109172505043
1080	5.116109172505043
1081	2.84781207118429
1082	2.84781207118429
1083	2.84781207118429
1084	1.3378258319812193
1085	1.3378258319812193
1086	1.3378258319812193
1087	1.6987268061887677
1088	1.6987268061887677
1089	1.6987268061887677
1090	2.377119257416987
1091	2.377119257416987
1092	2.377119257416987
1093	2.595254814809922
1094	2.595254814809922
1095	2.595254814809922
1096	2.740480323239983
1097	2.740480323239983
1098	2.740480323239983
1099	2.4230392121370317
1100	2.4230392121370317
1101	2.4230392121370317
1102	2.666033694856974
1103	2.666033694856974
1104	2.666033694856974
1105	3.264735674535337
1106	3.264735674535337
1107	3.264735674535337
1108	3.344030076526091
1109	3.344030076526091
1110	3.344030076526091
1111	3.002225296664398
1112	3.002225296664398
1113	3.002225296664398
1114	3.4727580462544596
1115	3.4727580462544596
1116	3.4727580462544596
1117	2.8249136017207714
1118	2.8249136017207714
1119	2.8249136017207714
1120	3.6757298366619793
1121	3.6757298366619793
1122	3.6757298366619793
1123	3.407490330959993
1124	3.407490330959993
1125	3.407490330959993
1126	1.9952943929305893
1127	1.9952943929305893
1128	1.9952943929305893
1129	3.3172311452828507
1130	3.3172311452828507
1131	3.3172311452828507
1132	3.7783777706939454
1133	3.7783777706939454
1134	3.7783777706939454
1135	3.273574405209361
1136	3.273574405209361
1137	3.273574405209361
1138	3.1274158746149783
1139	3.1274158746149783
1140	3.1274158746149783
1141	2.2020419963578375
1142	2.2020419963578375
1143	2.2020419963578375
1144	2.345897508899392
1145	2.345897508899392
1146	2.345897508899392
1147	2.988660965072072
1148	2.988660965072072
1149	2.988660965072072
1150	3.6966836729552397
1151	3.6966836729552397
1152	3.6966836729552397
1153	2.2488411309772904
1154	2.2488411309772904
1155	2.2488411309772904
1156	2.382049089833691
1157	2.382049089833691
1158	2.382049089833691
1159	2.7008049439166992
1160	2.7008049439166992
1161	2.7008049439166992
1162	3.241217404279299
1163	3.241217404279299
1164	3.241217404279299
1165	2.792035560415888
1166	2.792035560415888
1167	2.792035560415888
1168	2.365193188556273
1169	2.365193188556273
1170	2.365193188556273
1171	2.166571280570154
1172	2.166571280570154
1173	2.166571280570154
1174	3.219700413450894
1175	3.219700413450894
1176	3.219700413450894
1177	2.1595554097327487
1178	2.1595554097327487
1179	2.1595554097327487
1180	3.5368071718843663
1181	3.5368071718843663
1182	3.5368071718843663
1183	1.94116845548354
1184	1.94116845548354
1185	1.94116845548354
1186	3.0391881749225043
1187	3.0391881749225043
1188	3.0391881749225043
1189	2.5340418364551995
1190	2.5340418364551995
1191	2.5340418364551995
1192	2.4054429891572404
1193	2.4054429891572404
1194	2.4054429891572404
1195	3.3864986046711727
1196	3.3864986046711727
1197	3.3864986046711727
1198	2.7007539013108053
1199	2.7007539013108053
1200	2.7007539013108053
1201	2.681070622367966
1202	2.681070622367966
1203	2.681070622367966
1204	2.1196136156635963
1205	2.1196136156635963
1206	2.1196136156635963
1207	3.1629224842290684
1208	3.1629224842290684
1209	1.1729807668527545
1210	1.1729807668527545
1211	1.1729807668527545
1212	1.282898380060609
1213	1.282898380060609
1214	1.282898380060609
1215	0.7654212146988958
1216	0.7654212146988958
1217	0.7654212146988958
1218	3.858510969253842
1219	3.858510969253842
1220	3.858510969253842
1221	5.289162869322761
1222	5.289162869322761
1223	5.289162869322761
1224	2.7888841760446534
1225	2.7888841760446534
1226	2.7888841760446534
1227	2.857949265495731
1228	2.857949265495731
1229	2.857949265495731
1230	3.8199724009979175
1231	3.8199724009979175
1232	3.8199724009979175
1233	6.197692478588317
1234	3.394183623654934
1235	3.394183623654934
1236	3.394183623654934
1237	3.2691426090003555
1238	3.2691426090003555
1239	3.2691426090003555
1240	3.239740783070005
1241	2.1965501218641488
1242	2.1965501218641488
1243	2.1965501218641488
1244	1.4796199025741665
1245	1.4796199025741665
1246	1.4796199025741665
1247	1.9745429723265508
1248	1.9745429723265508
1249	1.9745429723265508
1250	2.3673026051505044
1251	2.3673026051505044
1252	2.3673026051505044
1253	2.4834083516601164
1254	2.4834083516601164
1255	2.4834083516601164
1256	2.094466041903544
1257	2.094466041903544
1258	2.094466041903544
1259	2.2755245237027193
1260	2.2755245237027193
1261	2.2755245237027193
1262	1.3045271399284282
1263	1.3045271399284282
1264	1.3045271399284282
1265	1.9164435782241385
1266	1.9164435782241385
1267	1.9164435782241385
1268	3.0706560569011456
1269	3.0706560569011456
1270	3.0706560569011456
1271	1.0532242860702934
1272	1.0532242860702934
1273	1.0532242860702934
1274	3.049539339232621
1275	3.049539339232621
1276	3.049539339232621
1277	2.075679632784101
1278	2.075679632784101
1279	2.075679632784101
1280	2.061104197536698
1281	2.061104197536698
1282	2.061104197536698
1283	1.4560405027117689
1284	1.4560405027117689
1285	1.4560405027117689
1286	1.9116005892116317
1287	1.9116005892116317
1288	1.9116005892116317
1289	2.068509205709009
1290	2.068509205709009
1291	2.068509205709009
1292	2.551420782559287
1293	2.551420782559287
1294	2.551420782559287
1295	0.6777368886027186
1296	0.6777368886027186
1297	0.6777368886027186
1298	1.9841489544981177
1299	1.9841489544981177
1300	1.9841489544981177
1301	1.3942366577890757
1302	1.3942366577890757
1303	1.3942366577890757
1304	2.523550240791434
1305	2.523550240791434
1306	2.523550240791434
1307	2.7428363333793904
1308	2.7428363333793904
1309	2.7428363333793904
1310	1.5807140454301054
1311	1.5807140454301054
1312	1.5807140454301054
1313	2.1551785177774945
1314	2.1551785177774945
1315	2.1551785177774945
1316	2.271941443643256
1317	2.271941443643256
1318	2.271941443643256
1319	1.7556225546815023
1320	1.7556225546815023
1321	1.7556225546815023
1322	2.9145029158906475
1323	2.9145029158906475
1324	2.9145029158906475
1325	1.9957751098330672
1326	1.9957751098330672
1327	1.9957751098330672
1328	1.3309568143634558
1329	1.3309568143634558
1330	1.3309568143634558
1331	2.9971373944370927
1332	2.9971373944370927
1333	2.9971373944370927
1334	2.065857427239742
1335	2.065857427239742
1336	2.065857427239742
1337	1.8037835140314902
1338	1.8037835140314902
1339	1.8037835140314902
1340	2.4517964200129687
1341	2.4517964200129687
1342	2.4517964200129687
1343	2.650276887631769
1344	2.650276887631769
1345	2.650276887631769
1346	1.1461599045252668
1347	1.1461599045252668
1348	1.1461599045252668
1349	2.4483152640308163
1350	2.4483152640308163
1351	2.4483152640308163
1352	2.311078190575893
1353	2.311078190575893
1354	2.311078190575893
1355	1.9097368696684112
1356	1.9097368696684112
1357	1.9097368696684112
1358	2.1103345710512764
1359	2.1103345710512764
1360	2.1103345710512764
1361	1.214502637897476
1362	1.214502637897476
1363	1.214502637897476
1364	1.5435167919783388
1365	1.5435167919783388
1366	1.5435167919783388
1367	1.8959085282127748
1368	1.8959085282127748
1369	1.8959085282127748
1370	2.276624465377831
1371	2.276624465377831
1372	2.276624465377831
1373	2.1341660652110472
1374	2.1341660652110472
1375	2.1341660652110472
1376	1.8377454449434927
1377	1.8377454449434927
1378	1.8377454449434927
1379	2.3013452915738055
1380	2.3013452915738055
1381	2.3013452915738055
1382	2.9786715114180833
1383	2.9786715114180833
1384	2.9786715114180833
1385	1.7383524345725239
1386	1.7383524345725239
1387	0.5333093253460779
1388	0.5333093253460779
1389	0.5333093253460779
1390	0.9741180802439824
1391	0.9741180802439824
1392	0.9741180802439824
1393	0.7730880538935135
1394	0.7730880538935135
1395	0.7730880538935135
1396	0.36818386995605923
1397	0.36818386995605923
1398	0.36818386995605923
1399	0.5891757127830841
1400	0.5891757127830841
1401	0.5891757127830841
1402	0.7913002167614669
1403	0.7913002167614669
1404	0.7913002167614669
1405	0.8317924125435834
1406	0.8317924125435834
1407	0.8317924125435834
1408	0.484976452557043
1409	0.484976452557043
1410	0.484976452557043
1411	0.7366810154684845
1412	0.7366810154684845
1413	0.7366810154684845
1414	0.5255089709137312
1415	0.5255089709137312
1416	0.5255089709137312
1417	0.9804732569982373
1418	0.9804732569982373
1419	0.9804732569982373
1420	0.4700499937938352
1421	0.4700499937938352
1422	0.4700499937938352
1423	0.3198557665152134
1424	0.3198557665152134
1425	0.3198557665152134
1426	0.7067202021995289
1427	0.7067202021995289
1428	0.7067202021995289
1429	0.6105213337718041
1430	0.6105213337718041
1431	0.6105213337718041
1432	0.6298202770895334
1433	0.6298202770895334
1434	0.6298202770895334
1435	0.6476603755253694
1436	0.6476603755253694
1437	0.6476603755253694
1438	0.7050627683364891
1439	0.7050627683364891
1440	0.7050627683364891
1441	0.6894359282247523
1442	0.6894359282247523
1443	0.6894359282247523
1444	0.6469261842083511
1445	0.6469261842083511
1446	0.6469261842083511
1447	0.6200464426606339
1448	0.6200464426606339
1449	0.6200464426606339
1450	0.43006739774245706
1451	0.43006739774245706
1452	0.43006739774245706
1453	0.6405080075968399
1454	0.6405080075968399
1455	0.6405080075968399
1456	0.469303005132491
1457	0.469303005132491
1458	0.469303005132491
1459	0.6616703282868278
1460	0.6616703282868278
1461	0.6616703282868278
1462	0.7211186341084487
1463	0.7211186341084487
1464	0.7211186341084487
1465	0.4539481371533907
1466	0.4539481371533907
1467	0.4539481371533907
1468	0.5276784790022795
1469	0.5276784790022795
1470	0.5276784790022795
1471	0.6277943004093403
1472	0.6277943004093403
1473	0.6277943004093403
1474	0.570964499225175
1475	0.570964499225175
1476	0.570964499225175
1477	0.5226271316647759
1478	0.5226271316647759
1479	0.5226271316647759
1480	0.6788959592233058
1481	0.6788959592233058
1482	0.6788959592233058
1483	0.6601527601271683
1484	0.6601527601271683
1485	0.6601527601271683
1486	0.6374553774016077
1487	0.6374553774016077
1488	0.6374553774016077
1489	0.7927670752903567
1490	0.7927670752903567
1491	0.7927670752903567
1492	0.6663518031260295
1493	0.6663518031260295
1494	0.6663518031260295
1495	0.6404153538343875
1496	0.6404153538343875
1497	0.6404153538343875
1498	0.5148824872994324
1499	0.5148824872994324
1500	0.5148824872994324
1501	0.6940586487552267
1502	0.6940586487552267
1503	0.6940586487552267
1504	0.5508804515771222
1505	0.5508804515771222
1506	0.5508804515771222
1507	0.6381720279354394
1508	0.6381720279354394
1509	0.6381720279354394
1510	0.4620964895182709
1511	0.4620964895182709
1512	0.4620964895182709
1513	0.6500087757132581
1514	0.6500087757132581
1515	0.6500087757132581
1516	0.6398519731350094
1517	0.6398519731350094
1518	0.6398519731350094
1519	0.5728091798754679
1520	0.5728091798754679
1521	0.5728091798754679
1522	0.7167685603918411
1523	0.7167685603918411
1524	0.7167685603918411
1525	0.7149505201452747
1526	0.7149505201452747
1527	0.7149505201452747
1528	0.613054257753822
1529	0.613054257753822
1530	0.613054257753822
1531	0.7528082326771468
1532	0.7528082326771468
1533	0.7528082326771468
1534	0.4110183977599611
1535	0.4110183977599611
1536	0.4110183977599611
1537	0.6601299738504849
1538	0.6601299738504849
1539	0.6601299738504849
1540	0.5483001377821761
1541	0.5483001377821761
1542	0.5483001377821761
1543	0.24426010848410473
1544	0.24426010848410473
1545	0.24426010848410473
1546	0.47121335436969114
1547	0.47121335436969114
1548	0.47121335436969114
1549	0.7690721710153604
1550	1.6724275383557168
1551	1.6724275383557168
1552	1.6724275383557168
1553	1.5604202791978619
1554	1.5604202791978619
1555	1.5604202791978619
1556	1.7274345642241522
1557	1.7274345642241522
1558	1.7274345642241522
1559	1.5576670570975188
1560	1.5576670570975188
1561	1.5576670570975188
1562	2.0392740529609608
1563	2.0392740529609608
1564	2.0392740529609608
1565	1.4265840315964016
1566	1.4265840315964016
1567	1.4265840315964016
1568	1.1933911052833952
1569	1.1933911052833952
1570	1.1933911052833952
1571	1.257664111827782
1572	1.257664111827782
1573	1.257664111827782
1574	2.1542248942647553
1575	2.1542248942647553
1576	2.1542248942647553
1577	1.4857918018011695
1578	1.4857918018011695
1579	1.4857918018011695
1580	1.580503061775076
1581	1.580503061775076
1582	1.580503061775076
1583	1.7079500254418623
1584	1.7079500254418623
1585	1.7079500254418623
1586	0.6537724338304407
1587	0.6537724338304407
1588	0.6537724338304407
1589	1.208937216642328
1590	1.208937216642328
1591	1.208937216642328
1592	1.4721905212195951
1593	1.4721905212195951
1594	1.4721905212195951
1595	1.9968188352017653
1596	1.9968188352017653
1597	1.9968188352017653
1598	1.4743197221624473
1599	1.4743197221624473
1600	1.4743197221624473
1601	1.065991173619855
1602	1.065991173619855
1603	1.065991173619855
1604	1.5773094656112814
1605	1.5773094656112814
1606	1.5773094656112814
1607	1.3317017114791392
1608	1.3317017114791392
1609	1.3317017114791392
1610	1.4658208448523595
1611	1.4658208448523595
1612	1.4658208448523595
1613	1.7957979482473545
1614	1.7957979482473545
1615	1.7957979482473545
1616	1.5075595613697914
1617	1.5075595613697914
1618	1.5075595613697914
1619	1.0937617876542365
1620	1.0937617876542365
1621	1.0937617876542365
1622	1.3978938905546854
1623	1.3978938905546854
1624	1.3978938905546854
1625	1.1858100560717226
1626	1.1858100560717226
1627	1.982538241328175
1628	1.982538241328175
1629	1.982538241328175
1630	2.337360771643466
1631	2.337360771643466
1632	2.337360771643466
1633	3.825959559248705
1634	3.825959559248705
1635	3.825959559248705
1636	4.229264384628584
1637	4.229264384628584
1638	4.229264384628584
1639	3.2727686610008044
1640	3.2727686610008044
1641	3.2727686610008044
1642	2.8256649405391174
1643	2.8256649405391174
1644	2.8256649405391174
1645	3.7339280979346765
1646	3.7339280979346765
1647	3.176241052384275
1648	3.176241052384275
1649	3.176241052384275
1650	0.9803746692667934
1651	0.9803746692667934
1652	0.9803746692667934
1653	1.6496282982657062
1654	1.6496282982657062
1655	1.6496282982657062
1656	3.215602568341191
1657	3.215602568341191
1658	3.215602568341191
1659	3.191792105982087
1660	3.191792105982087
1661	3.191792105982087
1662	3.079474528623866
1663	3.079474528623866
1664	3.079474528623866
1665	2.34050453018338
1666	2.34050453018338
1667	2.34050453018338
1668	2.2471171124730653
1669	2.2471171124730653
1670	2.2471171124730653
1671	1.8839143686887794
1672	1.8839143686887794
1673	1.8839143686887794
1674	2.992412352222699
1675	2.992412352222699
1676	2.992412352222699
1677	2.6359184707454584
1678	2.6359184707454584
1679	2.6359184707454584
1680	3.0438614311080707
1681	3.0438614311080707
1682	3.0438614311080707
1683	3.1697851136739965
1684	0.5420648735942537
1685	0.5420648735942537
1686	0.5420648735942537
1687	0.6729046938017236
1688	0.6729046938017236
1689	0.6729046938017236
1690	0.8847958035932797
1691	0.8847958035932797
1692	0.8847958035932797
1693	0.3947974338607403
1694	0.3947974338607403
1695	0.3947974338607403
1696	0.7888395927059981
1697	0.7888395927059981
1698	0.1617323120496475
1699	0.1617323120496475
1700	0.1617323120496475
1701	0.11767233304117176
1702	0.11767233304117176
1703	0.11767233304117176
1704	0.2355455151102296
1705	0.2355455151102296
1706	0.2355455151102296
1707	0.24442679227424463
1708	0.24442679227424463
1709	0.24442679227424463
1710	0.22627294479555954
1711	0.22627294479555954
1712	0.22627294479555954
1713	0.16209130491640028
1714	0.16209130491640028
1715	0.16209130491640028
1716	0.1
1717	0.1
1718	0.1
1719	0.28986549746419316
1720	0.28986549746419316
1721	0.28986549746419316
1722	0.1345737843817537
1723	0.1345737843817537
1724	0.1345737843817537
1725	0.20711986947327554
1726	0.20711986947327554
1727	0.20711986947327554
1728	0.1903519692023843
1729	0.1903519692023843
1730	0.1903519692023843
1731	0.12561055465998044
1732	0.12561055465998044
1733	0.12561055465998044
1734	0.14925991200459093
1735	0.14925991200459093
1736	0.14925991200459093
1737	0.16035225138205844
1738	0.16035225138205844
1739	0.16035225138205844
1740	0.27574733670240714
1741	0.27574733670240714
1742	0.27574733670240714
1743	0.11920648178051217
1744	0.11920648178051217
1745	0.11920648178051217
1746	0.18464473332310388
1747	0.18464473332310388
1748	0.18464473332310388
1749	0.2174236923790988
1750	0.2174236923790988
1751	0.2174236923790988
1752	0.12863631706045545
1753	0.12863631706045545
1754	0.12863631706045545
1755	0.21450066256211414
1756	0.21450066256211414
1757	0.21450066256211414
1758	0.2880457456499488
1759	0.2880457456499488
1760	0.2880457456499488
1761	0.2645005794712146
1762	0.2645005794712146
1763	0.2645005794712146
1764	0.22046387918426583
1765	0.22046387918426583
1766	0.22046387918426583
1767	0.17524408882134485
1768	0.17524408882134485
1769	0.17524408882134485
1770	0.2481376263242797
1771	0.2481376263242797
1772	0.2481376263242797
1773	0.21861805938502032
1774	0.21861805938502032
1775	0.21861805938502032
1776	0.23490119278474506
1777	0.23490119278474506
1778	0.23490119278474506
1779	0.17452519739485273
1780	0.17452519739485273
1781	0.17452519739485273
1782	0.12495042096861045
1783	0.12495042096861045
1784	0.12495042096861045
1785	0.34526603566726216
1786	0.34526603566726216
1787	0.34526603566726216
1788	0.24230814047478194
1789	0.24230814047478194
1790	0.24230814047478194
1791	2.0078003973771894
1792	2.0078003973771894
1793	2.0078003973771894
1794	1.993019717952558
1795	1.993019717952558
1796	1.993019717952558
1797	3.890680886640527
1798	3.890680886640527
1799	3.890680886640527
1800	2.7189857971820546
1801	2.7189857971820546
1802	2.7189857971820546
1803	2.6152125348521014
1804	2.6152125348521014
1805	2.6152125348521014
1806	5.061088375129943
1807	5.061088375129943
1808	5.061088375129943
1809	2.9216810431615103
1810	2.9216810431615103
1811	2.9216810431615103
1812	2.56845766888532
1813	2.56845766888532
1814	2.56845766888532
1815	1.5585326399168913
1816	1.5585326399168913
1817	1.5585326399168913
1818	3.1037991092786354
1819	3.1037991092786354
1820	3.1037991092786354
1821	2.4740485415492053
1822	2.4740485415492053
1823	2.4740485415492053
1824	2.9503250135461148
1825	2.9503250135461148
1826	2.9503250135461148
1827	3.315464976566013
1828	3.315464976566013
1829	3.315464976566013
1830	1.9111997792604192
1831	1.9111997792604192
1832	1.9111997792604192
1833	2.8925254658769957
1834	2.8925254658769957
1835	2.8925254658769957
1836	3.81250435110074
1837	3.81250435110074
1838	3.81250435110074
1839	2.456593676192964
1840	2.456593676192964
1841	2.456593676192964
1842	3.407224038736094
1843	3.407224038736094
1844	3.407224038736094
1845	3.299722161997626
1846	3.299722161997626
1847	3.299722161997626
1848	3.3146956730406605
1849	3.3146956730406605
1850	3.3146956730406605
1851	2.8211690617058203
1852	2.8211690617058203
1853	2.8211690617058203
1854	1.7391355306198095
1855	1.7391355306198095
1856	1.7391355306198095
1857	1.5902220854709412
1858	1.5902220854709412
1859	1.5902220854709412
1860	2.3578460857073757
1861	2.3578460857073757
1862	2.3578460857073757
1863	3.242772153686116
1864	3.242772153686116
1865	3.242772153686116
1866	2.0151801142477264
1867	2.0151801142477264
1868	2.0151801142477264
1869	3.8685686538343567
1870	3.8685686538343567
1871	3.8685686538343567
1872	2.329047479042101
1873	2.329047479042101
1874	2.329047479042101
1875	4.080448575835469
1876	4.080448575835469
1877	4.080448575835469
1878	2.9437958809703058
1879	2.9437958809703058
1880	2.9437958809703058
1881	3.3606159916536664
1882	3.3606159916536664
1883	3.3606159916536664
1884	4.138544000378085
1885	4.138544000378085
1886	4.138544000378085
1887	2.4200790752678927
1888	2.4200790752678927
1889	2.4200790752678927
1890	2.3480965305830623
1891	2.3480965305830623
1892	2.3480965305830623
1893	4.66287371242018
1894	4.66287371242018
1895	4.66287371242018
1896	3.112458899860993
1897	3.112458899860993
1898	3.112458899860993
1899	2.669127957803801
1900	2.669127957803801
1901	2.669127957803801
1902	3.4450222638525103
1903	3.4450222638525103
1904	3.4450222638525103
1905	4.382066749265884
1906	4.382066749265884
1907	4.382066749265884
1908	3.8460645713649533
1909	3.8460645713649533
1910	3.8460645713649533
1911	2.817065117335498
1912	2.817065117335498
1913	2.817065117335498
1914	2.4685984178173674
1915	2.4685984178173674
1916	2.4685984178173674
1917	2.5916467392612295
1918	2.5916467392612295
1919	2.5916467392612295
1920	1.814877460433595
1921	1.814877460433595
1922	1.814877460433595
1923	1.791894903635876
1924	1.791894903635876
1925	1.791894903635876
1926	3.3178503661919807
1927	3.3178503661919807
1928	3.3178503661919807
1929	2.1397013440574275
1930	2.1397013440574275
1931	2.1397013440574275
1932	4.031161560060131
1933	4.031161560060131
1934	4.031161560060131
1935	2.515383596752659
1936	2.515383596752659
1937	2.515383596752659
1938	2.6054080252267324
1939	2.6054080252267324
1940	2.6054080252267324
1941	1.4413118398592872
1942	1.4413118398592872
1943	1.4413118398592872
1944	3.174703008201527
1945	3.174703008201527
1946	3.174703008201527
1947	2.4808858637962934
1948	2.4808858637962934
1949	2.4808858637962934
1950	3.0610553928986857
1951	3.0610553928986857
1952	3.0610553928986857
1953	4.4369728791468255
1954	4.4369728791468255
1955	4.4369728791468255
1956	2.3851747782232278
1957	2.3851747782232278
1958	2.3851747782232278
1959	2.5017709082295303
1960	2.5017709082295303
1961	2.5017709082295303
1962	4.38875107623723
1963	4.38875107623723
1964	4.38875107623723
1965	4.294015519909803
1966	4.294015519909803
1967	4.294015519909803
1968	2.6258860215278803
1969	2.6258860215278803
1970	2.6258860215278803
1971	2.168442847139367
1972	2.168442847139367
1973	2.168442847139367
1974	4.082518947530226
1975	4.082518947530226
1976	4.082518947530226
1977	1.48337463879627
1978	1.48337463879627
1979	1.48337463879627
1980	3.3125225746597025
1981	3.3125225746597025
1982	3.3125225746597025
1983	3.1069601407457674
1984	3.1069601407457674
1985	3.1069601407457674
1986	3.063616801254837
1987	3.063616801254837
1988	3.063616801254837
1989	2.6029055053589993
1990	2.6029055053589993
1991	2.6029055053589993
1992	2.7639649931451387
1993	2.7639649931451387
1994	2.7639649931451387
1995	1.7931681097511496
1996	1.7931681097511496
1997	1.7931681097511496
1998	1.1451724442669908
1999	1.1451724442669908
