0	1.3669275364455435
1	1.3669275364455435
2	1.3669275364455435
3	1.3669275364455435
4	1.3669275364455435
5	0.997251986983304
6	0.997251986983304
7	0.997251986983304
8	0.997251986983304
9	0.997251986983304
10	1.1654823751906074
11	1.1654823751906074
12	1.1654823751906074
13	1.1654823751906074
14	1.1654823751906074
15	1.5432126422076766
16	1.5432126422076766
17	1.5432126422076766
18	1.5432126422076766
19	1.5432126422076766
20	1.2450289238446377
21	1.2450289238446377
22	1.2450289238446377
23	1.2450289238446377
24	1.2450289238446377
25	1.1520618710844863
26	1.1520618710844863
27	1.1520618710844863
28	1.1520618710844863
29	1.1520618710844863
30	0.9023563997534765
31	0.9023563997534765
32	0.9023563997534765
33	0.9023563997534765
34	0.9023563997534765
35	1.3426269221856582
36	1.3426269221856582
37	1.3426269221856582
38	1.3426269221856582
39	1.3426269221856582
40	1.0795788841165168
41	1.0795788841165168
42	1.0795788841165168
43	1.0795788841165168
44	1.0795788841165168
45	0.9119698589205444
46	0.9119698589205444
47	0.9119698589205444
48	0.9119698589205444
49	0.9119698589205444
50	0.7720643367087077
51	0.7720643367087077
52	0.7720643367087077
53	0.7720643367087077
54	0.7720643367087077
55	1.3017845628981328
56	1.3017845628981328
57	1.3017845628981328
58	1.3017845628981328
59	1.3017845628981328
60	0.7267888695958041
61	0.7267888695958041
62	0.7267888695958041
63	0.7267888695958041
64	4.936874317210097
65	4.936874317210097
66	4.936874317210097
67	4.936874317210097
68	4.936874317210097
69	3.858478501980513
70	3.858478501980513
71	3.858478501980513
72	3.858478501980513
73	3.858478501980513
74	4.237948374522546
75	4.237948374522546
76	4.237948374522546
77	4.237948374522546
78	4.237948374522546
79	4.504541848150171
80	4.504541848150171
81	4.504541848150171
82	4.504541848150171
83	4.504541848150171
84	2.6174481047843248
85	2.6174481047843248
86	2.6174481047843248
87	2.6174481047843248
88	2.6174481047843248
89	4.603217277672225
90	4.603217277672225
91	4.603217277672225
92	4.603217277672225
93	4.603217277672225
94	4.200118784544677
95	4.200118784544677
96	4.200118784544677
97	4.200118784544677
98	4.200118784544677
99	4.089638620306497
100	4.089638620306497
101	4.089638620306497
102	4.089638620306497
103	4.089638620306497
104	4.860219445840231
105	4.860219445840231
106	4.860219445840231
107	4.860219445840231
108	4.860219445840231
109	3.67806588120198
110	3.67806588120198
111	3.67806588120198
112	3.67806588120198
113	3.67806588120198
114	4.691793496048863
115	4.691793496048863
116	4.691793496048863
117	4.691793496048863
118	4.691793496048863
119	4.759390183716973
120	4.759390183716973
121	4.759390183716973
122	4.759390183716973
123	4.759390183716973
124	4.219399224633645
125	4.219399224633645
126	4.219399224633645
127	4.219399224633645
128	4.219399224633645
129	3.6625989975504027
130	3.6625989975504027
131	3.6625989975504027
132	3.6625989975504027
133	3.6625989975504027
134	2.232602563278419
135	2.232602563278419
136	2.232602563278419
137	2.232602563278419
138	2.232602563278419
139	3.806129960117842
140	3.806129960117842
141	3.806129960117842
142	3.806129960117842
143	3.806129960117842
144	4.260258216180879
145	4.260258216180879
146	4.260258216180879
147	4.260258216180879
148	4.260258216180879
149	3.6015661100476724
150	3.6015661100476724
151	3.6015661100476724
152	3.6015661100476724
153	3.6015661100476724
154	3.744193470827603
155	3.744193470827603
156	3.744193470827603
157	3.744193470827603
158	3.744193470827603
159	4.325498742874316
160	4.325498742874316
161	4.325498742874316
162	4.325498742874316
163	4.325498742874316
164	3.118241947543415
165	3.118241947543415
166	3.118241947543415
167	3.118241947543415
168	3.118241947543415
169	3.2908535641768433
170	3.2908535641768433
171	3.2908535641768433
172	3.2908535641768433
173	3.2908535641768433
174	4.037219554181034
175	4.037219554181034
176	4.037219554181034
177	4.037219554181034
178	4.037219554181034
179	4.907197698745757
180	4.907197698745757
181	4.907197698745757
182	4.907197698745757
183	4.907197698745757
184	4.800064342048018
185	4.800064342048018
186	4.800064342048018
187	4.800064342048018
188	4.800064342048018
189	3.3853316484164124
190	3.3853316484164124
191	3.3853316484164124
192	3.3853316484164124
193	3.3853316484164124
194	4.21194647763843
195	4.21194647763843
196	4.21194647763843
197	4.21194647763843
198	4.21194647763843
199	3.5571169674803405
200	3.5571169674803405
201	3.5571169674803405
202	3.5571169674803405
203	3.5571169674803405
204	2.8390385683417705
205	2.8390385683417705
206	2.8390385683417705
207	2.8390385683417705
208	2.8390385683417705
209	3.767907944217056
210	3.767907944217056
211	3.767907944217056
212	3.767907944217056
213	3.767907944217056
214	3.874434961951769
215	3.874434961951769
216	3.874434961951769
217	3.874434961951769
218	3.874434961951769
219	3.3921639071440146
220	3.3921639071440146
221	3.3921639071440146
222	3.3921639071440146
223	3.3921639071440146
224	3.620118631223309
225	3.620118631223309
226	3.620118631223309
227	3.620118631223309
228	3.620118631223309
229	2.714854687297312
230	2.714854687297312
231	2.714854687297312
232	2.714854687297312
233	2.714854687297312
234	4.7351149762749785
235	4.7351149762749785
236	4.7351149762749785
237	4.7351149762749785
238	4.7351149762749785
239	2.426132628008346
240	2.426132628008346
241	2.426132628008346
242	2.426132628008346
243	2.426132628008346
244	3.4871426348282086
245	3.4871426348282086
246	3.4871426348282086
247	3.4871426348282086
248	3.4871426348282086
249	3.2267330486765142
250	3.2267330486765142
251	3.2267330486765142
252	3.2267330486765142
253	3.2267330486765142
254	2.7945837683783745
255	2.7945837683783745
256	2.7945837683783745
257	2.7945837683783745
258	2.7945837683783745
259	2.8867641229606362
260	2.8867641229606362
261	2.8867641229606362
262	2.8867641229606362
263	2.8867641229606362
264	3.517259145287806
265	3.517259145287806
266	3.517259145287806
267	3.517259145287806
268	3.517259145287806
269	4.396305277395376
270	4.396305277395376
271	4.396305277395376
272	4.396305277395376
273	4.396305277395376
274	2.761724483714782
275	2.761724483714782
276	2.761724483714782
277	2.761724483714782
278	2.761724483714782
279	3.9499259135825846
280	3.9499259135825846
281	3.9499259135825846
282	3.9499259135825846
283	3.9499259135825846
284	4.095676496875069
285	4.095676496875069
286	4.095676496875069
287	4.095676496875069
288	4.095676496875069
289	3.9493401077851904
290	3.9493401077851904
291	3.9493401077851904
292	3.9493401077851904
293	3.9493401077851904
294	3.3136227910128855
295	3.3136227910128855
296	3.3136227910128855
297	3.3136227910128855
298	3.3136227910128855
299	3.6197269995171877
300	3.6197269995171877
301	3.6197269995171877
302	3.6197269995171877
303	3.6197269995171877
304	4.00399148050298
305	4.00399148050298
306	4.00399148050298
307	4.00399148050298
308	4.00399148050298
309	4.189335847410843
310	4.189335847410843
311	4.189335847410843
312	4.189335847410843
313	4.189335847410843
314	3.6699542485275645
315	3.6699542485275645
316	4.0516823163192175
317	4.0516823163192175
318	4.0516823163192175
319	4.0516823163192175
320	4.0516823163192175
321	3.0340099652730657
322	3.0340099652730657
323	3.0340099652730657
324	3.0340099652730657
325	3.0340099652730657
326	3.392622864368147
327	3.392622864368147
328	3.392622864368147
329	3.392622864368147
330	3.392622864368147
331	2.81418595458033
332	2.81418595458033
333	2.81418595458033
334	2.81418595458033
335	2.81418595458033
336	2.705805207982695
337	2.705805207982695
338	2.705805207982695
339	2.705805207982695
340	2.705805207982695
341	2.31070268942268
342	2.31070268942268
343	2.31070268942268
344	2.31070268942268
345	2.31070268942268
346	2.254531742346379
347	2.254531742346379
348	2.254531742346379
349	2.254531742346379
350	2.254531742346379
351	2.028466042575985
352	2.028466042575985
353	2.028466042575985
354	2.028466042575985
355	2.028466042575985
356	2.1289384334710517
357	2.1289384334710517
358	2.1289384334710517
359	2.1289384334710517
360	2.1289384334710517
361	2.0717945129881934
362	2.0717945129881934
363	2.0717945129881934
364	2.0717945129881934
365	2.0717945129881934
366	1.9730353700297234
367	1.9730353700297234
368	1.9730353700297234
369	1.9730353700297234
370	1.9730353700297234
371	1.926440758234967
372	1.926440758234967
373	1.926440758234967
374	1.926440758234967
375	1.926440758234967
376	1.8487885857121285
377	1.8487885857121285
378	1.8487885857121285
379	1.8487885857121285
380	1.8487885857121285
381	1.9960087043396468
382	1.9960087043396468
383	1.9960087043396468
384	1.9960087043396468
385	1.9960087043396468
386	1.7002356870453532
387	1.7002356870453532
388	1.7002356870453532
389	1.7002356870453532
390	1.7002356870453532
391	1.6990797146944852
392	1.6990797146944852
393	1.6990797146944852
394	1.6990797146944852
395	1.6990797146944852
396	2.5242855633308134
397	2.5242855633308134
398	2.5242855633308134
399	2.5242855633308134
400	2.5242855633308134
401	1.009540375157312
402	1.009540375157312
403	1.009540375157312
404	1.009540375157312
405	1.009540375157312
406	1.7135552110155756
407	1.7135552110155756
408	1.7135552110155756
409	1.7135552110155756
410	1.7135552110155756
411	1.9606925554680754
412	1.9606925554680754
413	1.9606925554680754
414	1.9606925554680754
415	1.9606925554680754
416	1.9222224329520872
417	1.9222224329520872
418	1.9222224329520872
419	1.9222224329520872
420	1.9222224329520872
421	2.1541400476232773
422	2.1541400476232773
423	2.1541400476232773
424	2.1541400476232773
425	2.1541400476232773
426	2.544213658359299
427	1.7586480641068187
428	1.7586480641068187
429	1.7586480641068187
430	1.7586480641068187
431	1.7586480641068187
432	1.461704934557836
433	1.461704934557836
434	1.461704934557836
435	1.461704934557836
436	1.461704934557836
437	1.9018245130324443
438	1.9018245130324443
439	1.9018245130324443
440	1.9018245130324443
441	1.9018245130324443
442	1.6256561554801954
443	1.6256561554801954
444	1.6256561554801954
445	1.6256561554801954
446	1.6256561554801954
447	1.9571656319624282
448	1.9571656319624282
449	1.9571656319624282
450	1.9571656319624282
451	1.9571656319624282
452	1.7124721879415332
453	1.7124721879415332
454	1.7124721879415332
455	1.7124721879415332
456	1.7124721879415332
457	1.8986034812896098
458	1.8986034812896098
459	1.8986034812896098
460	1.8986034812896098
461	1.8986034812896098
462	1.710860906358756
463	1.710860906358756
464	1.710860906358756
465	1.710860906358756
466	1.710860906358756
467	1.2171647450359573
468	1.2171647450359573
469	1.2171647450359573
470	1.2171647450359573
471	1.2171647450359573
472	1.6193861146485735
473	1.6193861146485735
474	1.6193861146485735
475	1.6193861146485735
476	1.6193861146485735
477	1.239651042786564
478	1.239651042786564
479	1.239651042786564
480	1.239651042786564
481	1.239651042786564
482	1.4133396366894648
483	1.4133396366894648
484	1.4133396366894648
485	1.4133396366894648
486	2.896139575067448
487	2.896139575067448
488	2.896139575067448
489	2.896139575067448
490	2.896139575067448
491	2.7894401629358994
492	2.7894401629358994
493	2.7894401629358994
494	2.7894401629358994
495	2.7894401629358994
496	3.7578697518116284
497	3.7578697518116284
498	3.7578697518116284
499	3.7578697518116284
500	3.7578697518116284
501	3.4223620583614047
502	3.4223620583614047
503	3.4223620583614047
504	3.4223620583614047
505	3.4223620583614047
506	2.9109904819901242
507	2.9109904819901242
508	2.9109904819901242
509	2.9109904819901242
510	2.9109904819901242
511	2.3141072632394373
512	2.3141072632394373
513	2.3141072632394373
514	2.3141072632394373
515	2.3141072632394373
516	2.502777945026892
517	2.502777945026892
518	2.502777945026892
519	2.502777945026892
520	2.502777945026892
521	3.3407640776924827
522	3.3407640776924827
523	3.3407640776924827
524	3.3407640776924827
525	3.3407640776924827
526	3.6195259073153054
527	3.6195259073153054
528	3.6195259073153054
529	3.6195259073153054
530	3.6195259073153054
531	4.289355274701652
532	4.289355274701652
533	4.289355274701652
534	4.289355274701652
535	4.289355274701652
536	3.2206959049925836
537	3.2206959049925836
538	3.2206959049925836
539	3.2206959049925836
540	3.2206959049925836
541	2.072814173249882
542	2.072814173249882
543	2.072814173249882
544	2.072814173249882
545	2.072814173249882
546	2.6616933174462085
547	2.6616933174462085
548	2.6616933174462085
549	2.6616933174462085
550	2.6616933174462085
551	2.829462321427404
552	2.829462321427404
553	2.829462321427404
554	2.829462321427404
555	2.829462321427404
556	3.254473526604814
557	3.254473526604814
558	3.254473526604814
559	3.254473526604814
560	3.254473526604814
561	3.3876616197930565
562	3.3876616197930565
563	3.3876616197930565
564	3.3876616197930565
565	3.3876616197930565
566	2.4032914762640822
567	2.4032914762640822
568	2.4032914762640822
569	2.4032914762640822
570	2.4032914762640822
571	2.58909799324587
572	2.58909799324587
573	2.58909799324587
574	2.58909799324587
575	2.58909799324587
576	2.83881809407306
577	2.83881809407306
578	2.83881809407306
579	2.83881809407306
580	2.83881809407306
581	3.3722012172991516
582	3.3722012172991516
583	3.3722012172991516
584	3.3722012172991516
585	3.3722012172991516
586	2.862174626725843
587	2.862174626725843
588	2.862174626725843
589	2.862174626725843
590	2.862174626725843
591	2.8858406422761007
592	2.8858406422761007
593	2.8858406422761007
594	2.8858406422761007
595	2.8858406422761007
596	2.4750774007386216
597	2.4750774007386216
598	2.4750774007386216
599	2.4750774007386216
600	2.4750774007386216
601	2.3623282281957954
602	2.3623282281957954
603	2.3623282281957954
604	2.3623282281957954
605	2.3623282281957954
606	2.9585404854986437
607	2.9585404854986437
608	2.9585404854986437
609	2.9585404854986437
610	2.9585404854986437
611	3.0935287367964057
612	3.0935287367964057
613	3.0935287367964057
614	1.1917251367818171
615	1.1917251367818171
616	1.1917251367818171
617	1.1917251367818171
618	1.1917251367818171
619	1.112295882727452
620	1.112295882727452
621	1.112295882727452
622	1.112295882727452
623	1.112295882727452
624	1.3232506984033237
625	1.3232506984033237
626	1.3232506984033237
627	1.3232506984033237
628	1.3232506984033237
629	0.9759687998359499
630	0.9759687998359499
631	0.9759687998359499
632	0.9759687998359499
633	0.9759687998359499
634	1.4502995405692964
635	1.4502995405692964
636	1.4502995405692964
637	1.4502995405692964
638	1.4502995405692964
639	2.1191801828469945
640	2.1191801828469945
641	2.1191801828469945
642	2.1191801828469945
643	2.1191801828469945
644	2.399630964497091
645	2.399630964497091
646	2.399630964497091
647	2.399630964497091
648	2.399630964497091
649	2.5488422171538403
650	2.5488422171538403
651	2.5488422171538403
652	2.5488422171538403
653	2.5488422171538403
654	2.9284449168576008
655	2.9284449168576008
656	2.9284449168576008
657	2.9284449168576008
658	2.9284449168576008
659	2.7323901914683435
660	2.7323901914683435
661	2.7323901914683435
662	2.7323901914683435
663	2.7323901914683435
664	1.9363533522826382
665	1.9363533522826382
666	1.9363533522826382
667	1.9363533522826382
668	1.9363533522826382
669	1.803397235626547
670	1.803397235626547
671	1.803397235626547
672	1.803397235626547
673	1.803397235626547
674	2.4859322729091757
675	2.4859322729091757
676	2.4859322729091757
677	2.4859322729091757
678	2.4859322729091757
679	1.4774284863181337
680	1.4774284863181337
681	1.4774284863181337
682	1.4774284863181337
683	1.4774284863181337
684	1.5949104927717825
685	1.5949104927717825
686	1.5949104927717825
687	1.5949104927717825
688	1.5949104927717825
689	2.216676065410762
690	2.216676065410762
691	2.216676065410762
692	2.216676065410762
693	2.216676065410762
694	1.5026541112086629
695	1.5026541112086629
696	1.5026541112086629
697	1.5026541112086629
698	1.5026541112086629
699	1.9952042903191958
700	1.9952042903191958
701	1.9952042903191958
702	1.9952042903191958
703	1.9952042903191958
704	2.298977534554243
705	2.298977534554243
706	2.298977534554243
707	2.298977534554243
708	2.298977534554243
709	1.710141168228949
710	1.710141168228949
711	1.710141168228949
712	1.710141168228949
713	1.710141168228949
714	2.4989887960676374
715	2.4989887960676374
716	2.4989887960676374
717	2.4989887960676374
718	2.4989887960676374
719	2.449057955353723
720	2.449057955353723
721	2.449057955353723
722	2.449057955353723
723	2.449057955353723
724	2.0207901494192884
725	2.0207901494192884
726	2.0207901494192884
727	2.0207901494192884
728	2.0207901494192884
729	1.9975245607289518
730	1.9975245607289518
731	1.9975245607289518
732	1.9975245607289518
733	1.9975245607289518
734	1.7271088572570386
735	1.7271088572570386
736	1.7271088572570386
737	1.7271088572570386
738	1.7271088572570386
739	2.1515884814202617
740	2.1515884814202617
741	2.1515884814202617
742	2.1515884814202617
743	2.1515884814202617
744	2.067305397752381
745	3.719049250719344
746	3.719049250719344
747	3.719049250719344
748	3.719049250719344
749	3.719049250719344
750	3.2246789165893293
751	3.2246789165893293
752	3.2246789165893293
753	3.2246789165893293
754	3.2246789165893293
755	2.9223512870873103
756	2.9223512870873103
757	2.9223512870873103
758	2.9223512870873103
759	2.9223512870873103
760	3.172222791150816
761	3.172222791150816
762	3.172222791150816
763	3.172222791150816
764	3.172222791150816
765	3.1797232673868723
766	3.1797232673868723
767	3.1797232673868723
768	3.1797232673868723
769	3.1797232673868723
770	2.9758101656056106
771	2.9758101656056106
772	2.9758101656056106
773	2.9758101656056106
774	2.9758101656056106
775	3.3542575190993147
776	3.3542575190993147
777	3.3542575190993147
778	0.6528440446278372
779	0.6528440446278372
780	0.6528440446278372
781	0.6528440446278372
782	0.6528440446278372
783	0.6268706989361194
784	0.6268706989361194
785	0.6268706989361194
786	0.6268706989361194
787	0.6268706989361194
788	0.9105372256285331
789	0.9105372256285331
790	0.9105372256285331
791	0.9105372256285331
792	0.9105372256285331
793	0.7507763276238972
794	0.7507763276238972
795	0.7507763276238972
796	0.7507763276238972
797	0.7507763276238972
798	0.5735603575432906
799	0.5735603575432906
800	0.5735603575432906
801	0.5735603575432906
802	0.5735603575432906
803	0.8313686968864
804	0.8313686968864
805	0.8313686968864
806	0.8313686968864
807	2.5626009938324206
808	2.5626009938324206
809	2.5626009938324206
810	2.5626009938324206
811	2.5626009938324206
812	2.344272114361454
813	2.344272114361454
814	2.344272114361454
815	2.344272114361454
816	2.344272114361454
817	1.7725736613889478
818	1.7725736613889478
819	1.7725736613889478
820	1.7725736613889478
821	1.7725736613889478
822	2.498407529842104
823	2.498407529842104
824	2.498407529842104
825	2.498407529842104
826	2.498407529842104
827	2.0063792580847997
828	2.0063792580847997
829	2.0063792580847997
830	2.0063792580847997
831	2.0063792580847997
832	2.5673604592577943
833	2.5673604592577943
834	2.5673604592577943
835	2.5673604592577943
836	2.5673604592577943
837	1.948120641520576
838	1.948120641520576
839	1.948120641520576
840	0.7202141331186902
841	0.7202141331186902
842	0.7202141331186902
843	0.7202141331186902
844	0.7202141331186902
845	0.5699041817665346
846	0.5699041817665346
847	0.5699041817665346
848	0.5699041817665346
849	0.5699041817665346
850	1.0115434916884871
851	1.0115434916884871
852	1.0115434916884871
853	1.0115434916884871
854	1.0115434916884871
855	0.6046675518012276
856	0.6046675518012276
857	0.6046675518012276
858	0.6046675518012276
859	0.6046675518012276
860	0.6528104668837267
861	0.6528104668837267
862	0.6528104668837267
863	0.6528104668837267
864	0.6528104668837267
865	0.5662456154630653
866	0.5662456154630653
867	0.5662456154630653
868	0.5662456154630653
869	0.5662456154630653
870	0.711956409467774
871	0.711956409467774
872	0.711956409467774
873	0.711956409467774
874	0.711956409467774
875	0.5993262985658984
876	0.5993262985658984
877	0.5993262985658984
878	0.5993262985658984
879	0.5993262985658984
880	0.6580768455586323
881	0.6580768455586323
882	0.6580768455586323
883	0.6580768455586323
884	0.6580768455586323
885	0.6971119470038717
886	0.6971119470038717
887	0.6971119470038717
888	0.6971119470038717
889	0.6971119470038717
890	0.5963382268393862
891	0.5963382268393862
892	0.5963382268393862
893	0.5963382268393862
894	0.5963382268393862
895	0.6054497293990093
896	0.6054497293990093
897	0.6054497293990093
898	0.6054497293990093
899	0.6054497293990093
900	0.8177389532727626
901	0.8177389532727626
902	0.8177389532727626
903	0.8177389532727626
904	0.8177389532727626
905	0.7364201254149306
906	0.7364201254149306
907	0.7364201254149306
908	0.7364201254149306
909	0.7364201254149306
910	0.5755081737440643
911	0.5755081737440643
912	0.5755081737440643
913	0.5755081737440643
914	0.5755081737440643
915	0.656573050990713
916	0.656573050990713
917	0.656573050990713
918	0.656573050990713
919	2.860940346254265
920	2.860940346254265
921	2.860940346254265
922	2.860940346254265
923	2.860940346254265
924	2.341569122958823
925	2.341569122958823
926	2.341569122958823
927	2.341569122958823
928	2.341569122958823
929	3.074260796953213
930	3.074260796953213
931	3.074260796953213
932	3.074260796953213
933	3.074260796953213
934	2.8228488242798826
935	2.8228488242798826
936	2.8228488242798826
937	2.8228488242798826
938	2.8228488242798826
939	3.313769947468711
940	3.313769947468711
941	3.313769947468711
942	3.313769947468711
943	3.313769947468711
944	2.941146661397091
945	2.941146661397091
946	2.941146661397091
947	2.941146661397091
948	2.941146661397091
949	3.110202834512002
950	3.110202834512002
951	3.110202834512002
952	3.110202834512002
953	3.110202834512002
954	2.9592321995996227
955	2.9592321995996227
956	2.9592321995996227
957	2.9592321995996227
958	2.9592321995996227
959	2.992070526488053
960	2.992070526488053
961	2.992070526488053
962	2.992070526488053
963	2.992070526488053
964	3.1458720663160276
965	3.1458720663160276
966	3.1458720663160276
967	3.1458720663160276
968	3.1458720663160276
969	2.552068551099266
970	2.552068551099266
971	2.552068551099266
972	2.552068551099266
973	2.552068551099266
974	4.076837956436664
975	4.076837956436664
976	4.076837956436664
977	4.076837956436664
978	4.076837956436664
979	2.4901344039054054
980	2.4901344039054054
981	2.4901344039054054
982	2.4901344039054054
983	2.4901344039054054
984	3.0311674762799865
985	3.0311674762799865
986	3.0311674762799865
987	3.0311674762799865
988	3.0311674762799865
989	2.563934192382585
990	2.563934192382585
991	2.563934192382585
992	2.563934192382585
993	2.563934192382585
994	2.5720687925552648
995	2.5720687925552648
996	2.5720687925552648
997	2.5720687925552648
998	2.5720687925552648
999	2.7933122409323117
1000	2.7933122409323117
1001	2.7933122409323117
1002	2.7933122409323117
1003	2.7933122409323117
1004	3.477540626850793
1005	3.477540626850793
1006	3.477540626850793
1007	3.477540626850793
1008	3.477540626850793
1009	3.403922778260778
1010	3.403922778260778
1011	3.403922778260778
1012	3.403922778260778
1013	3.403922778260778
1014	2.490586167131005
1015	2.490586167131005
1016	2.490586167131005
1017	2.490586167131005
1018	2.490586167131005
1019	2.3117396472570344
1020	2.3117396472570344
1021	2.3117396472570344
1022	2.3117396472570344
1023	2.3117396472570344
1024	3.061226261772417
1025	3.061226261772417
1026	3.061226261772417
1027	3.061226261772417
1028	3.061226261772417
1029	3.5974894983146632
1030	3.5974894983146632
1031	3.5974894983146632
1032	3.5974894983146632
1033	3.5974894983146632
1034	3.4339588489834343
1035	3.4339588489834343
1036	3.4339588489834343
1037	3.4339588489834343
1038	3.4339588489834343
1039	4.648878759255936
1040	4.648878759255936
1041	4.648878759255936
1042	4.648878759255936
1043	4.648878759255936
1044	4.608587507411248
1045	4.608587507411248
1046	4.608587507411248
1047	4.608587507411248
1048	4.608587507411248
1049	3.698916795330832
1050	3.698916795330832
1051	3.698916795330832
1052	0.77121301464054
1053	0.77121301464054
1054	0.77121301464054
1055	0.77121301464054
1056	0.77121301464054
1057	0.6212221731273884
1058	0.6212221731273884
1059	0.6212221731273884
1060	0.6212221731273884
1061	0.6212221731273884
1062	0.7503804841549273
1063	0.7503804841549273
1064	0.7503804841549273
1065	0.7503804841549273
1066	0.7503804841549273
1067	0.6013028884547729
1068	0.6013028884547729
1069	0.6013028884547729
1070	0.6013028884547729
1071	0.6013028884547729
1072	0.48081665137538654
1073	0.48081665137538654
1074	0.48081665137538654
1075	0.48081665137538654
1076	0.48081665137538654
1077	0.7299044990120085
1078	0.7299044990120085
1079	3.484651981046668
1080	3.484651981046668
1081	3.484651981046668
1082	3.484651981046668
1083	3.484651981046668
1084	3.566881161276887
1085	3.566881161276887
1086	3.566881161276887
1087	3.566881161276887
1088	3.566881161276887
1089	3.854387496764375
1090	3.854387496764375
1091	3.854387496764375
1092	3.854387496764375
1093	3.854387496764375
1094	4.147088275337933
1095	4.147088275337933
1096	4.147088275337933
1097	4.147088275337933
1098	4.147088275337933
1099	3.2511602245443125
1100	3.2511602245443125
1101	3.2511602245443125
1102	3.2511602245443125
1103	3.2511602245443125
1104	4.314924569222044
1105	4.314924569222044
1106	4.314924569222044
1107	4.314924569222044
1108	4.314924569222044
1109	4.146094973337191
1110	4.146094973337191
1111	4.146094973337191
1112	4.146094973337191
1113	4.146094973337191
1114	3.806540310468911
1115	3.806540310468911
1116	3.806540310468911
1117	3.806540310468911
1118	3.806540310468911
1119	4.023848243336151
1120	4.023848243336151
1121	4.023848243336151
1122	4.023848243336151
1123	4.023848243336151
1124	4.607986845090312
1125	4.607986845090312
1126	4.607986845090312
1127	4.607986845090312
1128	4.607986845090312
1129	4.041837280725118
1130	4.041837280725118
1131	4.041837280725118
1132	2.0286916770648094
1133	2.0286916770648094
1134	2.0286916770648094
1135	2.0286916770648094
1136	2.0286916770648094
1137	1.3497292051736818
1138	1.3497292051736818
1139	1.3497292051736818
1140	1.3497292051736818
1141	1.3497292051736818
1142	1.1620861011382857
1143	1.1620861011382857
1144	1.1620861011382857
1145	1.1620861011382857
1146	1.1620861011382857
1147	1.3379811827016197
1148	1.3379811827016197
1149	1.3379811827016197
1150	1.3379811827016197
1151	1.3379811827016197
1152	1.931141902075078
1153	1.931141902075078
1154	1.931141902075078
1155	1.931141902075078
1156	1.931141902075078
1157	1.4203350044812448
1158	1.4203350044812448
1159	1.4203350044812448
1160	1.4203350044812448
1161	1.4203350044812448
1162	1.8361504955471717
1163	1.8361504955471717
1164	1.8361504955471717
1165	1.8361504955471717
1166	1.8361504955471717
1167	1.020513392423572
1168	1.020513392423572
1169	1.020513392423572
1170	1.020513392423572
1171	1.020513392423572
1172	1.6698482337067246
1173	1.6698482337067246
1174	1.6698482337067246
1175	1.6698482337067246
1176	1.6698482337067246
1177	1.6604770771669999
1178	1.6604770771669999
1179	1.6604770771669999
1180	1.6604770771669999
1181	1.6604770771669999
1182	0.2054857946195602
1183	0.2054857946195602
1184	0.2054857946195602
1185	0.2054857946195602
1186	0.2054857946195602
1187	0.2332236865807237
1188	0.2332236865807237
1189	0.2332236865807237
1190	0.2332236865807237
1191	0.2332236865807237
1192	0.2455042393462203
1193	0.2455042393462203
1194	0.2455042393462203
1195	0.2455042393462203
1196	0.2455042393462203
1197	0.1797867338605326
1198	0.1797867338605326
1199	0.1797867338605326
1200	0.1797867338605326
1201	0.1797867338605326
1202	0.20150150853529566
1203	0.20150150853529566
1204	0.20150150853529566
1205	0.20150150853529566
1206	0.20150150853529566
1207	0.22132066784461962
1208	0.22132066784461962
1209	0.22132066784461962
1210	0.22132066784461962
1211	0.22132066784461962
1212	0.20793637180672847
1213	0.20793637180672847
1214	0.20793637180672847
1215	0.20793637180672847
1216	0.20793637180672847
1217	0.23574934671952702
1218	0.23574934671952702
1219	0.23574934671952702
1220	0.23574934671952702
1221	0.23574934671952702
1222	0.2372419977160538
1223	0.2372419977160538
1224	0.2372419977160538
1225	0.2372419977160538
1226	0.2372419977160538
1227	0.16427068492997454
1228	0.16427068492997454
1229	0.16427068492997454
1230	0.16427068492997454
1231	0.16427068492997454
1232	0.19684585149872846
1233	0.19684585149872846
1234	0.19684585149872846
1235	0.19684585149872846
1236	0.19684585149872846
1237	0.23339585919827566
1238	0.23339585919827566
1239	0.23339585919827566
1240	0.23339585919827566
1241	0.23339585919827566
1242	0.1581794763879812
1243	0.1581794763879812
1244	0.1581794763879812
1245	0.1581794763879812
1246	0.1581794763879812
1247	0.18576828268051496
1248	0.18576828268051496
1249	0.18576828268051496
1250	0.18576828268051496
1251	0.18576828268051496
1252	0.23092512915153768
1253	0.23092512915153768
1254	0.23092512915153768
1255	0.23092512915153768
1256	0.23092512915153768
1257	0.1499079692013859
1258	0.1499079692013859
1259	0.1499079692013859
1260	0.1499079692013859
1261	0.1499079692013859
1262	0.2305351958002935
1263	0.2305351958002935
1264	0.2305351958002935
1265	0.2305351958002935
1266	0.2305351958002935
1267	0.170528782967765
1268	0.170528782967765
1269	0.170528782967765
1270	0.170528782967765
1271	0.170528782967765
1272	0.2066721235045084
1273	0.2066721235045084
1274	0.2066721235045084
1275	0.2066721235045084
1276	0.2066721235045084
1277	0.20110471278897984
1278	0.20110471278897984
1279	0.20110471278897984
1280	0.20110471278897984
1281	0.20110471278897984
1282	0.2433419999653589
1283	0.2433419999653589
1284	0.2433419999653589
1285	0.2433419999653589
1286	0.2433419999653589
1287	0.24155912572465385
1288	1.3471485814447404
1289	1.3471485814447404
1290	1.3471485814447404
1291	1.3471485814447404
1292	1.3471485814447404
1293	1.0833635005192155
1294	1.0833635005192155
1295	1.0833635005192155
1296	1.0833635005192155
1297	1.0833635005192155
1298	0.8921739860732147
1299	0.8921739860732147
1300	0.8921739860732147
1301	0.8921739860732147
1302	0.8921739860732147
1303	0.8964145638321601
1304	0.8964145638321601
1305	0.8964145638321601
1306	0.8964145638321601
1307	0.8964145638321601
1308	1.0969746106729983
1309	1.0969746106729983
1310	1.0969746106729983
1311	1.0969746106729983
1312	1.0969746106729983
1313	1.0347480199603851
1314	1.0347480199603851
1315	1.0347480199603851
1316	1.0347480199603851
1317	1.0347480199603851
1318	0.9114976420617837
1319	0.9114976420617837
1320	0.9114976420617837
1321	0.9114976420617837
1322	0.9114976420617837
1323	0.8526705005023023
1324	0.8526705005023023
1325	0.8526705005023023
1326	0.8526705005023023
1327	0.8526705005023023
1328	0.8879014439645949
1329	0.8879014439645949
1330	0.8879014439645949
1331	0.8879014439645949
1332	0.8879014439645949
1333	0.8644572644550661
1334	0.8644572644550661
1335	0.8644572644550661
1336	0.8644572644550661
1337	0.8644572644550661
1338	1.3134660877663775
1339	1.3134660877663775
1340	1.3134660877663775
1341	1.3134660877663775
1342	1.3134660877663775
1343	1.1871598140795285
1344	1.1871598140795285
1345	4.67596662275962
1346	4.67596662275962
1347	4.67596662275962
1348	2.175613786574063
1349	2.175613786574063
1350	2.175613786574063
1351	2.175613786574063
1352	2.175613786574063
1353	3.1414171105565734
1354	3.1414171105565734
1355	3.1414171105565734
1356	3.1414171105565734
1357	3.1414171105565734
1358	3.924125743117315
1359	3.924125743117315
1360	3.924125743117315
1361	3.924125743117315
1362	3.924125743117315
1363	3.3064209949525756
1364	3.3064209949525756
1365	3.3064209949525756
1366	3.3064209949525756
1367	3.3064209949525756
1368	3.27927840895295
1369	3.27927840895295
1370	3.27927840895295
1371	3.27927840895295
1372	3.27927840895295
1373	3.7656919992760676
1374	3.7656919992760676
1375	3.7656919992760676
1376	3.7656919992760676
1377	3.7656919992760676
1378	4.121776203500337
1379	1.528621655953383
1380	1.528621655953383
1381	1.528621655953383
1382	1.528621655953383
1383	1.528621655953383
1384	1.137670749969396
1385	1.137670749969396
1386	1.137670749969396
1387	1.137670749969396
1388	1.137670749969396
1389	1.375775453373991
1390	1.375775453373991
1391	1.375775453373991
1392	1.375775453373991
1393	1.375775453373991
1394	1.1060968903612025
1395	1.1060968903612025
1396	1.1060968903612025
1397	1.1060968903612025
1398	1.1060968903612025
1399	1.0788724526419944
1400	1.0788724526419944
1401	1.0788724526419944
1402	1.0788724526419944
1403	1.0788724526419944
1404	1.1506361657529756
1405	1.1506361657529756
1406	1.1506361657529756
1407	1.1506361657529756
1408	1.1506361657529756
1409	1.218317330907139
1410	1.218317330907139
1411	1.218317330907139
1412	1.218317330907139
1413	1.218317330907139
1414	0.9001646701983228
1415	0.9001646701983228
1416	0.9001646701983228
1417	0.9001646701983228
1418	0.9001646701983228
1419	1.0514799956909087
1420	1.0514799956909087
1421	1.0514799956909087
1422	1.0514799956909087
1423	1.0514799956909087
1424	1.3720263508394384
1425	1.3720263508394384
1426	1.3720263508394384
1427	1.3720263508394384
1428	1.3720263508394384
1429	0.6955472279343718
1430	0.6955472279343718
1431	0.6955472279343718
1432	0.6955472279343718
1433	0.6955472279343718
1434	1.2230351560340618
1435	1.2230351560340618
1436	1.2230351560340618
1437	1.2230351560340618
1438	1.2230351560340618
1439	0.9992943615662376
1440	0.9992943615662376
1441	0.9992943615662376
1442	0.9992943615662376
1443	0.9992943615662376
1444	1.3511148610346018
1445	1.3511148610346018
1446	1.3511148610346018
1447	1.3511148610346018
1448	1.3511148610346018
1449	1.14789609781147
1450	1.14789609781147
1451	1.14789609781147
1452	1.14789609781147
1453	1.14789609781147
1454	1.014214003847099
1455	1.014214003847099
1456	1.014214003847099
1457	1.014214003847099
1458	1.014214003847099
1459	1.382731506231394
1460	1.382731506231394
1461	1.382731506231394
1462	1.382731506231394
1463	1.382731506231394
1464	1.372350840402516
1465	1.372350840402516
1466	1.372350840402516
1467	1.372350840402516
1468	1.372350840402516
1469	1.2991884419594881
1470	1.2991884419594881
1471	1.2991884419594881
1472	1.2991884419594881
1473	1.2991884419594881
1474	1.0969018354594948
1475	1.0969018354594948
1476	1.0969018354594948
1477	1.0969018354594948
1478	1.0969018354594948
1479	0.9421987714352159
1480	0.9421987714352159
1481	0.9421987714352159
1482	0.9421987714352159
1483	0.9421987714352159
1484	0.8337563961561163
1485	0.8337563961561163
1486	0.8337563961561163
1487	0.8337563961561163
1488	0.8337563961561163
1489	1.3864218137302255
1490	1.3864218137302255
1491	1.3864218137302255
1492	1.3864218137302255
1493	1.3864218137302255
1494	1.173104072606357
1495	1.173104072606357
1496	1.173104072606357
1497	1.173104072606357
1498	1.173104072606357
1499	0.9765825989327941
1500	0.9765825989327941
1501	0.9765825989327941
1502	0.9765825989327941
1503	0.9765825989327941
1504	1.094559389189548
1505	1.094559389189548
1506	1.094559389189548
1507	1.094559389189548
1508	1.094559389189548
1509	1.10539684265304
1510	1.10539684265304
1511	1.10539684265304
1512	1.10539684265304
1513	1.10539684265304
1514	1.2013372053155131
1515	1.2013372053155131
1516	1.2013372053155131
1517	1.2013372053155131
1518	1.2013372053155131
1519	1.190825585740498
1520	1.190825585740498
1521	1.190825585740498
1522	1.190825585740498
1523	1.190825585740498
1524	1.2910971180678033
1525	1.2910971180678033
1526	1.2910971180678033
1527	1.2910971180678033
1528	1.2910971180678033
1529	1.2513766719044677
1530	1.2513766719044677
1531	1.2513766719044677
1532	1.2513766719044677
1533	1.2513766719044677
1534	1.232340156092313
1535	1.232340156092313
1536	1.232340156092313
1537	1.232340156092313
1538	1.232340156092313
1539	1.045515325069491
1540	1.045515325069491
1541	1.045515325069491
1542	1.045515325069491
1543	1.045515325069491
1544	1.1488672084819185
1545	1.1488672084819185
1546	1.1488672084819185
1547	1.1488672084819185
1548	1.1488672084819185
1549	1.1325001104704122
1550	1.1325001104704122
1551	1.1325001104704122
1552	1.1325001104704122
1553	2.2485530055614995
1554	2.2485530055614995
1555	2.2485530055614995
1556	2.2485530055614995
1557	2.2485530055614995
1558	2.114796754290465
1559	2.114796754290465
1560	2.6816492643935996
1561	2.6816492643935996
1562	2.6816492643935996
1563	2.6816492643935996
1564	2.6816492643935996
1565	2.612784904298691
1566	2.612784904298691
1567	2.612784904298691
1568	2.612784904298691
1569	2.612784904298691
1570	2.025483645330692
1571	2.025483645330692
1572	2.025483645330692
1573	2.025483645330692
1574	2.025483645330692
1575	2.3811541340554148
1576	2.3811541340554148
1577	2.3811541340554148
1578	2.3811541340554148
1579	2.3811541340554148
1580	2.326759727957835
1581	2.326759727957835
1582	2.326759727957835
1583	2.326759727957835
1584	2.326759727957835
1585	2.0906993170206882
1586	2.0906993170206882
1587	2.0906993170206882
1588	2.0906993170206882
1589	2.0906993170206882
1590	2.9222525235746533
1591	2.9222525235746533
1592	2.9222525235746533
1593	2.9222525235746533
1594	2.9222525235746533
1595	2.311539842517015
1596	2.311539842517015
1597	2.311539842517015
1598	2.311539842517015
1599	2.311539842517015
1600	2.032873962660197
1601	2.032873962660197
1602	2.032873962660197
1603	2.032873962660197
1604	2.032873962660197
1605	2.2073504828198147
1606	2.2073504828198147
1607	2.2073504828198147
1608	2.2073504828198147
1609	2.2073504828198147
1610	1.2706487056622144
1611	1.2706487056622144
1612	1.2706487056622144
1613	1.2706487056622144
1614	1.2706487056622144
1615	2.4095747233342526
1616	2.4095747233342526
1617	2.4095747233342526
1618	2.4095747233342526
1619	2.4095747233342526
1620	2.414696139779621
1621	2.414696139779621
1622	2.414696139779621
1623	2.414696139779621
1624	2.414696139779621
1625	2.332980551013797
1626	2.332980551013797
1627	2.332980551013797
1628	2.332980551013797
1629	2.332980551013797
1630	2.2556270831557566
1631	2.2556270831557566
1632	2.2556270831557566
1633	2.2556270831557566
1634	2.2556270831557566
1635	1.9581064986708987
1636	1.9581064986708987
1637	1.9581064986708987
1638	1.9581064986708987
1639	1.9581064986708987
1640	2.747693710066423
1641	2.747693710066423
1642	2.747693710066423
1643	2.747693710066423
1644	2.747693710066423
1645	2.214504292392423
1646	2.214504292392423
1647	3.895556976739996
1648	3.895556976739996
1649	3.895556976739996
1650	3.895556976739996
1651	3.895556976739996
1652	3.939400428375396
1653	3.939400428375396
1654	3.939400428375396
1655	3.939400428375396
1656	3.939400428375396
1657	4.627217575726171
1658	4.627217575726171
1659	4.627217575726171
1660	4.627217575726171
1661	4.627217575726171
1662	4.781336246871344
1663	4.781336246871344
1664	4.781336246871344
1665	4.781336246871344
1666	4.781336246871344
1667	4.006131134375475
1668	4.006131134375475
1669	4.006131134375475
1670	4.006131134375475
1671	4.006131134375475
1672	4.124142070431026
1673	4.124142070431026
1674	4.124142070431026
1675	4.124142070431026
1676	4.124142070431026
1677	4.441886535439268
1678	4.441886535439268
1679	4.441886535439268
1680	4.441886535439268
1681	4.441886535439268
1682	3.5136874831508917
1683	3.5136874831508917
1684	3.5136874831508917
1685	3.5136874831508917
1686	3.5136874831508917
1687	3.6596183456806983
1688	3.6596183456806983
1689	3.6596183456806983
1690	3.6596183456806983
1691	3.6596183456806983
1692	3.6355883086344014
1693	3.6355883086344014
1694	3.6355883086344014
1695	3.6355883086344014
1696	3.6355883086344014
1697	2.938448648538571
1698	2.938448648538571
1699	2.938448648538571
1700	2.938448648538571
1701	2.938448648538571
1702	2.7432245944722293
1703	2.7432245944722293
1704	2.7432245944722293
1705	2.7432245944722293
1706	2.7432245944722293
1707	3.0500599286120713
1708	3.0500599286120713
1709	3.0500599286120713
1710	3.0500599286120713
1711	3.0500599286120713
1712	3.8910944238026657
1713	3.8910944238026657
1714	3.8910944238026657
1715	3.8910944238026657
1716	3.8910944238026657
1717	4.593538248781288
1718	4.593538248781288
1719	4.593538248781288
1720	4.593538248781288
1721	4.593538248781288
1722	3.2251907501388986
1723	3.2251907501388986
1724	3.2251907501388986
1725	3.2251907501388986
1726	3.2251907501388986
1727	3.960297109051079
1728	3.960297109051079
1729	3.960297109051079
1730	3.960297109051079
1731	3.960297109051079
1732	2.8561335776953496
1733	2.8561335776953496
1734	2.8561335776953496
1735	2.8561335776953496
1736	2.8561335776953496
1737	4.031566535085108
1738	4.031566535085108
1739	4.031566535085108
1740	4.031566535085108
1741	4.031566535085108
1742	3.3474702027384238
1743	3.3474702027384238
1744	3.3474702027384238
1745	3.3474702027384238
1746	3.3474702027384238
1747	2.765820757430806
1748	2.765820757430806
1749	2.765820757430806
1750	2.765820757430806
1751	2.765820757430806
1752	4.088339631566411
1753	4.088339631566411
1754	4.088339631566411
1755	4.088339631566411
1756	4.088339631566411
1757	3.52901786397043
1758	3.52901786397043
1759	3.52901786397043
1760	3.52901786397043
1761	3.52901786397043
1762	4.01453131476425
1763	4.01453131476425
1764	4.01453131476425
1765	4.01453131476425
1766	4.01453131476425
1767	4.223604980076842
1768	4.223604980076842
1769	4.223604980076842
1770	4.223604980076842
1771	4.223604980076842
1772	2.447311841530203
1773	2.447311841530203
1774	2.447311841530203
1775	2.447311841530203
1776	2.447311841530203
1777	4.30811856137697
1778	4.30811856137697
1779	4.30811856137697
1780	4.30811856137697
1781	4.30811856137697
1782	3.7644434423134494
1783	3.7644434423134494
1784	3.7644434423134494
1785	3.7644434423134494
1786	3.7644434423134494
1787	3.7705409260759177
1788	3.7705409260759177
1789	3.7705409260759177
1790	3.7705409260759177
1791	3.7705409260759177
1792	4.174143597611478
1793	4.174143597611478
1794	4.174143597611478
1795	4.174143597611478
1796	4.174143597611478
1797	4.0391667151194115
1798	4.0391667151194115
1799	4.0391667151194115
1800	4.0391667151194115
1801	4.0391667151194115
1802	4.091456391181438
1803	4.091456391181438
1804	4.091456391181438
1805	4.091456391181438
1806	4.091456391181438
1807	3.6002205026148517
1808	3.6002205026148517
1809	3.6002205026148517
1810	3.696700622842068
1811	3.696700622842068
1812	3.696700622842068
1813	3.696700622842068
1814	3.696700622842068
1815	3.7633023211214898
1816	3.7633023211214898
1817	3.7633023211214898
1818	3.7633023211214898
1819	3.7633023211214898
1820	3.6677939480183817
1821	3.6677939480183817
1822	3.6677939480183817
1823	3.6677939480183817
1824	3.6677939480183817
1825	4.220868991456495
1826	4.220868991456495
1827	4.220868991456495
1828	4.220868991456495
1829	4.220868991456495
1830	4.136804515751339
1831	4.136804515751339
1832	4.136804515751339
1833	4.136804515751339
1834	4.136804515751339
1835	3.6116252285632364
1836	3.6116252285632364
1837	3.6116252285632364
1838	3.6116252285632364
1839	3.6116252285632364
1840	3.309142214507375
1841	3.309142214507375
1842	1.5643873221757927
1843	1.5643873221757927
1844	1.5643873221757927
1845	1.5643873221757927
1846	1.5643873221757927
1847	0.8403323748051739
1848	0.8403323748051739
1849	0.8403323748051739
1850	0.8403323748051739
1851	0.8403323748051739
1852	1.0473447148872208
1853	1.0473447148872208
1854	1.0473447148872208
1855	1.0473447148872208
1856	1.0473447148872208
1857	1.1712829503598596
1858	1.1712829503598596
1859	1.1712829503598596
1860	1.1712829503598596
1861	1.1712829503598596
1862	0.9409228498808768
1863	0.9409228498808768
1864	0.9409228498808768
1865	0.9409228498808768
1866	0.9409228498808768
1867	1.134776478773431
1868	1.134776478773431
1869	1.134776478773431
1870	1.134776478773431
1871	1.134776478773431
1872	1.2239614555113574
1873	1.2239614555113574
1874	1.2239614555113574
1875	1.2239614555113574
1876	1.2239614555113574
1877	0.7931075012675504
1878	0.7931075012675504
1879	0.7931075012675504
1880	0.7931075012675504
1881	0.7931075012675504
1882	1.0768867938291133
1883	1.0768867938291133
1884	1.0768867938291133
1885	1.0768867938291133
1886	1.0768867938291133
1887	0.8493608296875619
1888	0.8493608296875619
1889	0.8493608296875619
1890	0.8493608296875619
1891	0.8493608296875619
1892	1.1131452107225637
1893	1.1131452107225637
1894	1.1131452107225637
1895	1.1131452107225637
1896	1.1131452107225637
1897	0.9632584154548607
1898	0.9632584154548607
1899	0.9632584154548607
1900	0.9632584154548607
1901	0.9632584154548607
1902	1.0692629158625153
1903	1.0692629158625153
1904	1.0692629158625153
1905	1.0692629158625153
1906	1.0692629158625153
1907	1.0578468404822297
1908	1.0578468404822297
1909	1.0578468404822297
1910	1.0578468404822297
1911	1.0578468404822297
1912	0.9729817681360399
1913	0.9729817681360399
1914	0.9729817681360399
1915	0.9729817681360399
1916	0.9729817681360399
1917	1.5610418961930763
1918	1.5610418961930763
1919	1.5610418961930763
1920	1.5610418961930763
1921	1.5610418961930763
1922	1.0955328084073734
1923	1.0955328084073734
1924	1.0955328084073734
1925	1.0955328084073734
1926	1.0955328084073734
1927	1.095904136937821
1928	1.095904136937821
1929	1.095904136937821
1930	1.095904136937821
1931	1.095904136937821
1932	1.1253040997388253
1933	1.1253040997388253
1934	1.1253040997388253
1935	1.1253040997388253
1936	1.1253040997388253
1937	1.3388683319909616
1938	1.3388683319909616
1939	1.3388683319909616
1940	1.3388683319909616
1941	1.3388683319909616
1942	1.0370678082013634
1943	1.0370678082013634
1944	1.0370678082013634
1945	1.0370678082013634
1946	1.0370678082013634
1947	1.2341491077262303
1948	1.2341491077262303
1949	1.2341491077262303
1950	1.2341491077262303
1951	1.2341491077262303
1952	1.1078762962939053
1953	1.1078762962939053
1954	1.1078762962939053
1955	1.1078762962939053
1956	1.1078762962939053
1957	1.0462351262110474
1958	1.0462351262110474
1959	1.0462351262110474
1960	1.0462351262110474
1961	1.0462351262110474
1962	1.3651475128342143
1963	1.3651475128342143
1964	1.3651475128342143
1965	1.3651475128342143
1966	0.6454473559779266
1967	0.6454473559779266
1968	0.6454473559779266
1969	0.6454473559779266
1970	0.6454473559779266
1971	0.5555213558629423
1972	0.5555213558629423
1973	0.5555213558629423
1974	0.5555213558629423
1975	0.5555213558629423
1976	0.6914254859331463
1977	0.6914254859331463
1978	0.6914254859331463
1979	0.6914254859331463
1980	0.6914254859331463
1981	0.4356566998986642
1982	0.4356566998986642
1983	0.4356566998986642
1984	0.4356566998986642
1985	0.4356566998986642
1986	0.7406197124920677
1987	0.7406197124920677
1988	0.7406197124920677
1989	0.7406197124920677
1990	0.7406197124920677
1991	0.6843007479169895
1992	0.6843007479169895
1993	0.6843007479169895
1994	0.6843007479169895
1995	0.6843007479169895
1996	0.6274282832025561
1997	0.6274282832025561
1998	0.6274282832025561
1999	0.6274282832025561
