0	1.7983982498687714
1	1.7983982498687714
2	1.7983982498687714
3	1.7983982498687714
4	1.7983982498687714
5	3.3542602893908597
6	3.3542602893908597
7	3.3542602893908597
8	6.149820095422088
9	6.149820095422088
10	6.149820095422088
11	6.149820095422088
12	6.149820095422088
13	4.1970655640130685
14	4.1970655640130685
15	4.1970655640130685
16	4.1970655640130685
17	4.1970655640130685
18	3.34757303091451
19	3.34757303091451
20	3.34757303091451
21	3.34757303091451
22	3.34757303091451
23	2.447669003456307
24	2.447669003456307
25	2.447669003456307
26	2.447669003456307
27	2.447669003456307
28	2.9500779900141563
29	2.9500779900141563
30	2.9500779900141563
31	2.9500779900141563
32	2.9500779900141563
33	3.2734647888501667
34	3.2734647888501667
35	3.2734647888501667
36	3.2734647888501667
37	3.2734647888501667
38	1.3085081795324074
39	1.3085081795324074
40	1.3085081795324074
41	1.3085081795324074
42	1.3085081795324074
43	0.3903436662731603
44	0.3903436662731603
45	0.3903436662731603
46	0.3903436662731603
47	0.3903436662731603
48	2.2446366192411
49	2.2446366192411
50	2.2446366192411
51	2.2446366192411
52	2.2446366192411
53	1.8979112104281424
54	1.8979112104281424
55	1.8979112104281424
56	1.8979112104281424
57	1.8979112104281424
58	4.16065130945654
59	4.16065130945654
60	4.16065130945654
61	4.16065130945654
62	4.16065130945654
63	4.1751413329274
64	4.1751413329274
65	4.1751413329274
66	4.1751413329274
67	4.1751413329274
68	2.9721399640569652
69	2.9721399640569652
70	2.9721399640569652
71	2.9721399640569652
72	2.9721399640569652
73	3.5045812092041237
74	3.5045812092041237
75	3.5045812092041237
76	3.5045812092041237
77	3.5045812092041237
78	2.005164030337271
79	2.005164030337271
80	2.005164030337271
81	2.005164030337271
82	2.005164030337271
83	3.5197644479730497
84	3.5197644479730497
85	3.5197644479730497
86	3.5197644479730497
87	3.5197644479730497
88	4.86874103883544
89	4.86874103883544
90	4.86874103883544
91	4.86874103883544
92	4.86874103883544
93	0.42824863760171805
94	0.42824863760171805
95	0.42824863760171805
96	0.42824863760171805
97	0.42824863760171805
98	3.7282872944098466
99	3.7282872944098466
100	3.7282872944098466
101	3.7282872944098466
102	3.7282872944098466
103	3.822402209596608
104	3.822402209596608
105	3.822402209596608
106	3.822402209596608
107	3.822402209596608
108	6.681113585701953
109	6.681113585701953
110	6.681113585701953
111	6.681113585701953
112	6.681113585701953
113	2.1654039563996057
114	2.1654039563996057
115	2.1654039563996057
116	2.1654039563996057
117	2.1654039563996057
118	0.1
119	0.1
120	0.1
121	0.1
122	0.1
123	3.517528104931974
124	3.517528104931974
125	3.517528104931974
126	3.517528104931974
127	3.517528104931974
128	1.080193636404502
129	1.080193636404502
130	1.080193636404502
131	1.080193636404502
132	1.080193636404502
133	4.097079440777176
134	4.097079440777176
135	4.097079440777176
136	4.097079440777176
137	4.097079440777176
138	6.707013043564087
139	6.707013043564087
140	6.707013043564087
141	6.707013043564087
142	6.707013043564087
143	4.296844415549552
144	4.296844415549552
145	4.296844415549552
146	4.296844415549552
147	4.296844415549552
148	0.70075565244082
149	0.70075565244082
150	0.70075565244082
151	0.70075565244082
152	0.70075565244082
153	1.1126193074879196
154	1.1126193074879196
155	1.1126193074879196
156	1.1126193074879196
157	1.1126193074879196
158	2.5848991453539885
159	2.5848991453539885
160	2.5848991453539885
161	2.5848991453539885
162	2.5848991453539885
163	1.2702105712493008
164	1.2702105712493008
165	1.2702105712493008
166	1.2702105712493008
167	1.2702105712493008
168	2.752300764653609
169	2.752300764653609
170	2.752300764653609
171	2.752300764653609
172	2.752300764653609
173	3.096755399612934
174	3.096755399612934
175	3.096755399612934
176	3.096755399612934
177	3.096755399612934
178	0.1
179	0.1
180	0.1
181	0.1
182	0.1
183	2.6140914973930323
184	2.6140914973930323
185	2.6140914973930323
186	2.6140914973930323
187	2.6140914973930323
188	1.7243247937077388
189	1.7243247937077388
190	1.7243247937077388
191	1.7243247937077388
192	1.7243247937077388
193	2.045647902071018
194	2.045647902071018
195	2.045647902071018
196	2.045647902071018
197	2.045647902071018
198	1.0119680883977586
199	1.0119680883977586
200	1.0119680883977586
201	1.0119680883977586
202	1.0119680883977586
203	2.9918326337146803
204	2.9918326337146803
205	2.9918326337146803
206	2.9918326337146803
207	2.9918326337146803
208	2.2168723238253505
209	2.2168723238253505
210	2.2168723238253505
211	4.737754707294139
212	4.737754707294139
213	4.737754707294139
214	4.737754707294139
215	4.737754707294139
216	2.407542248318851
217	2.407542248318851
218	2.407542248318851
219	2.407542248318851
220	2.407542248318851
221	2.2042043673168195
222	2.2042043673168195
223	2.2042043673168195
224	2.2042043673168195
225	2.2042043673168195
226	0.5966088590922247
227	0.5966088590922247
228	0.5966088590922247
229	0.5966088590922247
230	0.5966088590922247
231	1.236610790895666
232	1.236610790895666
233	1.236610790895666
234	1.236610790895666
235	1.236610790895666
236	2.803464923392772
237	2.803464923392772
238	2.803464923392772
239	2.803464923392772
240	2.803464923392772
241	0.6205413803308737
242	0.6205413803308737
243	0.6205413803308737
244	0.6205413803308737
245	0.6205413803308737
246	2.0818178728524237
247	2.0818178728524237
248	1.246394292942225
249	1.246394292942225
250	1.246394292942225
251	1.246394292942225
252	1.246394292942225
253	0.888963300578227
254	0.888963300578227
255	0.888963300578227
256	0.888963300578227
257	0.888963300578227
258	0.4026550411959324
259	0.4026550411959324
260	0.4026550411959324
261	0.4026550411959324
262	0.4026550411959324
263	0.1
264	0.1
265	0.1
266	0.1
267	0.1
268	0.702932470270114
269	0.702932470270114
270	0.702932470270114
271	0.702932470270114
272	0.702932470270114
273	0.1231033334232513
274	0.1231033334232513
275	0.1231033334232513
276	0.1231033334232513
277	0.1231033334232513
278	0.34978938660775727
279	0.34978938660775727
280	0.34978938660775727
281	0.34978938660775727
282	0.34978938660775727
283	0.3153670714595558
284	0.3153670714595558
285	0.3153670714595558
286	0.3153670714595558
287	0.3153670714595558
288	0.619938361286884
289	0.619938361286884
290	0.619938361286884
291	0.619938361286884
292	0.619938361286884
293	0.8571953900930896
294	0.8571953900930896
295	0.8571953900930896
296	0.8571953900930896
297	0.8571953900930896
298	1.1170843845650569
299	1.1170843845650569
300	1.1170843845650569
301	1.1170843845650569
302	1.1170843845650569
303	0.6255939875214637
304	0.6255939875214637
305	0.6255939875214637
306	0.6255939875214637
307	0.6255939875214637
308	0.5642024234484199
309	0.5642024234484199
310	0.5642024234484199
311	0.5642024234484199
312	0.5642024234484199
313	0.6698150095924461
314	0.6698150095924461
315	0.6698150095924461
316	0.6698150095924461
317	0.6698150095924461
318	0.8109351376720674
319	0.8109351376720674
320	0.8109351376720674
321	0.8109351376720674
322	0.8109351376720674
323	0.1
324	0.1
325	0.1
326	0.1
327	0.1
328	0.5650574011976444
329	0.5650574011976444
330	0.5650574011976444
331	0.5650574011976444
332	0.5650574011976444
333	0.6821703106363932
334	0.6821703106363932
335	0.6821703106363932
336	0.6821703106363932
337	0.6821703106363932
338	0.5514553171842433
339	0.5514553171842433
340	0.5514553171842433
341	0.5514553171842433
342	0.5514553171842433
343	0.9555609683676501
344	0.9555609683676501
345	0.9555609683676501
346	0.9555609683676501
347	0.9555609683676501
348	0.43910997001604657
349	0.43910997001604657
350	0.43910997001604657
351	0.43910997001604657
352	0.43910997001604657
353	0.1221663056070309
354	0.1221663056070309
355	0.1221663056070309
356	0.1221663056070309
357	0.1221663056070309
358	0.14505061409920705
359	0.14505061409920705
360	0.14505061409920705
361	0.14505061409920705
362	0.14505061409920705
363	0.41650617324343586
364	0.41650617324343586
365	0.41650617324343586
366	0.41650617324343586
367	0.41650617324343586
368	0.48316256209807373
369	0.48316256209807373
370	0.48316256209807373
371	0.48316256209807373
372	0.48316256209807373
373	0.5491874359556399
374	0.5491874359556399
375	0.5491874359556399
376	0.5491874359556399
377	0.5491874359556399
378	0.7258383679361041
379	0.7258383679361041
380	0.7258383679361041
381	0.7258383679361041
382	0.7258383679361041
383	0.6820657120468645
384	0.6820657120468645
385	0.6820657120468645
386	0.6820657120468645
387	0.6820657120468645
388	0.6812482409404389
389	0.6812482409404389
390	0.6812482409404389
391	4.294083386719422
392	4.294083386719422
393	4.294083386719422
394	2.9882907002131143
395	2.9882907002131143
396	2.9882907002131143
397	2.9882907002131143
398	2.9882907002131143
399	1.464236283509751
400	1.464236283509751
401	1.464236283509751
402	1.464236283509751
403	1.464236283509751
404	1.7551933568021734
405	1.7551933568021734
406	1.7551933568021734
407	1.7551933568021734
408	1.7551933568021734
409	1.8667457421201403
410	1.8667457421201403
411	1.8667457421201403
412	1.8667457421201403
413	1.8667457421201403
414	1.9134106620423292
415	1.9134106620423292
416	1.9134106620423292
417	1.9134106620423292
418	1.9134106620423292
419	1.6407359306193743
420	1.6407359306193743
421	1.6407359306193743
422	1.6407359306193743
423	1.6407359306193743
424	2.676565182450322
425	2.676565182450322
426	2.676565182450322
427	2.676565182450322
428	2.676565182450322
429	2.737261985756852
430	2.737261985756852
431	2.737261985756852
432	2.737261985756852
433	2.737261985756852
434	1.532543433341952
435	1.532543433341952
436	1.532543433341952
437	1.532543433341952
438	1.532543433341952
439	1.6981813344547738
440	1.6981813344547738
441	1.6981813344547738
442	1.6981813344547738
443	1.6981813344547738
444	2.0797453575677087
445	2.0797453575677087
446	2.0797453575677087
447	2.0797453575677087
448	2.0797453575677087
449	2.2181633585743463
450	5.551173841236103
451	5.551173841236103
452	5.551173841236103
453	5.551173841236103
454	5.551173841236103
455	1.8138604261841131
456	1.8138604261841131
457	1.8138604261841131
458	1.8138604261841131
459	1.8138604261841131
460	1.1440182998150097
461	1.1440182998150097
462	1.1440182998150097
463	1.1440182998150097
464	1.1440182998150097
465	1.8574607584007183
466	1.8574607584007183
467	1.8574607584007183
468	1.8574607584007183
469	1.8574607584007183
470	0.9406364407190855
471	0.9406364407190855
472	0.9406364407190855
473	0.9406364407190855
474	0.9406364407190855
475	1.1627702065790007
476	1.1627702065790007
477	1.1627702065790007
478	1.1627702065790007
479	1.1627702065790007
480	0.9634613322205191
481	0.9634613322205191
482	0.9634613322205191
483	0.9634613322205191
484	0.9634613322205191
485	0.788968462499832
486	0.788968462499832
487	0.788968462499832
488	0.788968462499832
489	0.788968462499832
490	1.3809431392925993
491	0.39915785295892914
492	0.39915785295892914
493	0.39915785295892914
494	0.39915785295892914
495	0.39915785295892914
496	0.9910496222237848
497	4.112953322699855
498	4.112953322699855
499	4.112953322699855
500	4.112953322699855
501	4.112953322699855
502	2.684838622275329
503	2.684838622275329
504	2.684838622275329
505	2.684838622275329
506	2.684838622275329
507	2.4327343590949857
508	2.4327343590949857
509	2.4327343590949857
510	2.4327343590949857
511	2.4327343590949857
512	3.180879669654923
513	3.180879669654923
514	3.180879669654923
515	3.180879669654923
516	3.180879669654923
517	1.3916516118735172
518	1.3916516118735172
519	1.3916516118735172
520	1.3916516118735172
521	1.3916516118735172
522	1.8229823911420981
523	1.8229823911420981
524	1.8229823911420981
525	1.8229823911420981
526	1.8229823911420981
527	2.2903584981972958
528	2.2903584981972958
529	4.83168603723198
530	4.83168603723198
531	4.83168603723198
532	4.83168603723198
533	4.83168603723198
534	8.962135051286939
535	8.962135051286939
536	8.962135051286939
537	8.962135051286939
538	8.962135051286939
539	4.956482807704379
540	4.956482807704379
541	4.956482807704379
542	4.956482807704379
543	4.956482807704379
544	5.5598498454820735
545	5.5598498454820735
546	5.5598498454820735
547	5.5598498454820735
548	5.5598498454820735
549	2.2004529572898597
550	2.2004529572898597
551	2.2004529572898597
552	2.2004529572898597
553	2.2004529572898597
554	5.1529270872097745
555	5.1529270872097745
556	5.1529270872097745
557	5.1529270872097745
558	5.1529270872097745
559	7.432453425452821
560	7.432453425452821
561	7.432453425452821
562	7.432453425452821
563	7.432453425452821
564	5.267659890962393
565	5.267659890962393
566	5.267659890962393
567	5.267659890962393
568	5.267659890962393
569	4.19784862974908
570	4.19784862974908
571	4.19784862974908
572	4.19784862974908
573	4.19784862974908
574	6.342585833523901
575	6.342585833523901
576	6.342585833523901
577	6.342585833523901
578	6.342585833523901
579	3.938473803974531
580	3.938473803974531
581	3.938473803974531
582	3.938473803974531
583	3.938473803974531
584	4.8338140519217445
585	4.8338140519217445
586	4.8338140519217445
587	4.8338140519217445
588	4.8338140519217445
589	6.442805346483106
590	6.442805346483106
591	6.442805346483106
592	6.442805346483106
593	6.442805346483106
594	4.967664165499046
595	4.967664165499046
596	4.967664165499046
597	4.967664165499046
598	4.967664165499046
599	2.575947292746303
600	2.575947292746303
601	2.575947292746303
602	2.575947292746303
603	2.575947292746303
604	2.5491728771323174
605	2.067314675579552
606	2.067314675579552
607	2.067314675579552
608	2.067314675579552
609	2.067314675579552
610	1.845822005092268
611	1.845822005092268
612	1.845822005092268
613	1.845822005092268
614	1.845822005092268
615	1.9284805824247457
616	1.9284805824247457
617	1.9284805824247457
618	1.9284805824247457
619	1.3611423784372105
620	1.3611423784372105
621	1.3611423784372105
622	1.3611423784372105
623	1.3611423784372105
624	1.0926411262669093
625	1.0926411262669093
626	1.0926411262669093
627	1.0926411262669093
628	1.0926411262669093
629	2.449334243569254
630	2.449334243569254
631	2.449334243569254
632	2.449334243569254
633	2.449334243569254
634	1.2262827022127
635	1.2262827022127
636	1.2262827022127
637	1.2262827022127
638	1.2262827022127
639	2.3376879379829787
640	2.3376879379829787
641	2.3376879379829787
642	2.3376879379829787
643	2.3376879379829787
644	1.9427511150124022
645	1.9427511150124022
646	1.9427511150124022
647	1.9427511150124022
648	1.9427511150124022
649	1.2946016686802704
650	1.2946016686802704
651	1.2946016686802704
652	1.2946016686802704
653	1.2946016686802704
654	2.4909256989572794
655	2.4909256989572794
656	2.4909256989572794
657	2.4909256989572794
658	2.4909256989572794
659	0.6016055821052084
660	0.6016055821052084
661	0.6016055821052084
662	0.6016055821052084
663	0.6016055821052084
664	1.1765838593967803
665	1.1765838593967803
666	1.1765838593967803
667	1.1765838593967803
668	1.1765838593967803
669	1.4333615618174878
670	1.4333615618174878
671	1.4333615618174878
672	1.4333615618174878
673	1.4333615618174878
674	0.9828540669801779
675	0.9828540669801779
676	0.9828540669801779
677	0.9828540669801779
678	0.7988389718146816
679	0.7988389718146816
680	0.7988389718146816
681	0.7988389718146816
682	0.7988389718146816
683	3.436479946090312
684	3.436479946090312
685	0.5712306795396632
686	0.5712306795396632
687	0.5712306795396632
688	0.5712306795396632
689	0.5712306795396632
690	1.5126076708115364
691	1.5126076708115364
692	1.5126076708115364
693	1.5126076708115364
694	1.5126076708115364
695	1.942441413917209
696	1.942441413917209
697	1.942441413917209
698	1.942441413917209
699	1.942441413917209
700	0.16183266724618967
701	0.16183266724618967
702	0.16183266724618967
703	0.16183266724618967
704	0.16183266724618967
705	0.22052026382025983
706	0.22052026382025983
707	0.22052026382025983
708	0.22052026382025983
709	0.22052026382025983
710	0.2635404772012877
711	0.2635404772012877
712	0.2635404772012877
713	0.2635404772012877
714	0.2635404772012877
715	0.27770999514829164
716	0.27770999514829164
717	0.27770999514829164
718	0.27770999514829164
719	0.27770999514829164
720	0.1
721	0.1
722	0.1
723	0.1
724	0.1
725	0.3347521394258802
726	0.3347521394258802
727	0.3347521394258802
728	0.3347521394258802
729	0.3347521394258802
730	0.2255158425217139
731	0.2255158425217139
732	0.2255158425217139
733	0.2255158425217139
734	0.2255158425217139
735	0.10621435905397279
736	1.2935262201293245
737	1.2935262201293245
738	1.2935262201293245
739	1.2935262201293245
740	1.2935262201293245
741	1.0365225998792906
742	1.0365225998792906
743	1.0365225998792906
744	1.0365225998792906
745	1.0365225998792906
746	2.8284384388069905
747	2.8284384388069905
748	2.8284384388069905
749	2.8284384388069905
750	2.8284384388069905
751	1.0075939054333871
752	1.0075939054333871
753	1.0075939054333871
754	1.0075939054333871
755	1.0075939054333871
756	2.882123365259755
757	2.882123365259755
758	2.882123365259755
759	2.882123365259755
760	2.882123365259755
761	2.0633479371435155
762	2.0633479371435155
763	2.0633479371435155
764	2.0633479371435155
765	2.0633479371435155
766	2.3162791160076917
767	2.3162791160076917
768	2.3162791160076917
769	2.3162791160076917
770	2.3162791160076917
771	2.4009853182134804
772	2.4009853182134804
773	2.4009853182134804
774	2.4009853182134804
775	2.4009853182134804
776	2.8814225983598187
777	2.8814225983598187
778	2.8814225983598187
779	2.8814225983598187
780	2.8814225983598187
781	4.71113511928127
782	4.71113511928127
783	4.71113511928127
784	4.71113511928127
785	4.71113511928127
786	2.442593035257763
787	2.442593035257763
788	2.442593035257763
789	2.442593035257763
790	2.442593035257763
791	2.6382009653107863
792	2.6382009653107863
793	2.6382009653107863
794	2.6382009653107863
795	2.6382009653107863
796	3.4287637576392687
797	3.4287637576392687
798	3.4287637576392687
799	3.4287637576392687
800	3.4287637576392687
801	1.1640356771325862
802	1.1640356771325862
803	1.1640356771325862
804	1.1640356771325862
805	1.1640356771325862
806	1.3867946854126316
807	1.3867946854126316
808	1.3867946854126316
809	1.3867946854126316
810	1.3867946854126316
811	0.8871334590082356
812	0.8871334590082356
813	0.8871334590082356
814	0.8871334590082356
815	0.8871334590082356
816	3.1250179699824585
817	3.1250179699824585
818	3.1250179699824585
819	3.1250179699824585
820	3.1250179699824585
821	2.7815657976741766
822	2.7815657976741766
823	2.7815657976741766
824	2.7815657976741766
825	2.7815657976741766
826	2.797007398004811
827	2.797007398004811
828	2.797007398004811
829	2.797007398004811
830	2.797007398004811
831	2.283080904981044
832	2.283080904981044
833	2.283080904981044
834	2.283080904981044
835	2.283080904981044
836	4.1282960979153644
837	4.1282960979153644
838	4.1282960979153644
839	4.1282960979153644
840	4.1282960979153644
841	3.6706608014749182
842	3.6706608014749182
843	3.6706608014749182
844	3.6706608014749182
845	3.6706608014749182
846	2.2978631002554692
847	2.2978631002554692
848	2.2978631002554692
849	2.2978631002554692
850	2.2978631002554692
851	0.6124567377991197
852	0.6124567377991197
853	0.6124567377991197
854	0.6124567377991197
855	0.6124567377991197
856	3.300565252969621
857	3.300565252969621
858	3.300565252969621
859	3.300565252969621
860	3.300565252969621
861	0.981504021641461
862	0.981504021641461
863	0.981504021641461
864	0.981504021641461
865	0.981504021641461
866	0.6153259643450518
867	0.6153259643450518
868	0.6153259643450518
869	0.6153259643450518
870	0.6153259643450518
871	0.9548543995671193
872	0.9548543995671193
873	0.1
874	0.1
875	0.1
876	0.1
877	0.1
878	0.2831407373046415
879	0.2831407373046415
880	0.2831407373046415
881	0.2831407373046415
882	0.2831407373046415
883	0.3581721028026652
884	0.3581721028026652
885	0.3581721028026652
886	0.3581721028026652
887	0.3581721028026652
888	0.26396579565807177
889	0.26396579565807177
890	0.26396579565807177
891	0.26396579565807177
892	0.26396579565807177
893	0.19129750505068585
894	0.19129750505068585
895	5.1635037217341395
896	5.1635037217341395
897	5.1635037217341395
898	5.1635037217341395
899	5.1635037217341395
900	5.447042188083634
901	5.447042188083634
902	5.447042188083634
903	5.447042188083634
904	5.447042188083634
905	2.9496985653734686
906	2.9496985653734686
907	2.9496985653734686
908	2.9496985653734686
909	2.9496985653734686
910	1.1175042416363064
911	1.1175042416363064
912	1.1175042416363064
913	1.1175042416363064
914	1.1175042416363064
915	3.2927884604842474
916	3.2927884604842474
917	3.2927884604842474
918	3.2927884604842474
919	3.2927884604842474
920	5.388495039046561
921	5.388495039046561
922	5.388495039046561
923	5.388495039046561
924	5.388495039046561
925	4.030576934987108
926	4.030576934987108
927	4.030576934987108
928	4.030576934987108
929	4.030576934987108
930	3.1102705193221363
931	3.1102705193221363
932	3.1102705193221363
933	3.1102705193221363
934	3.1102705193221363
935	3.1112203128939027
936	3.1112203128939027
937	3.1112203128939027
938	3.1112203128939027
939	3.1112203128939027
940	1.2517402968970286
941	1.2517402968970286
942	0.7371819855291252
943	0.7371819855291252
944	0.7371819855291252
945	0.7371819855291252
946	0.7371819855291252
947	0.8831720423977575
948	0.8831720423977575
949	0.8831720423977575
950	0.8831720423977575
951	0.8831720423977575
952	0.6677550430055961
953	0.6677550430055961
954	0.6677550430055961
955	0.6677550430055961
956	0.6677550430055961
957	0.30653449482785317
958	0.30653449482785317
959	0.30653449482785317
960	0.30653449482785317
961	0.30653449482785317
962	0.49025133516955166
963	0.49025133516955166
964	0.49025133516955166
965	0.49025133516955166
966	0.49025133516955166
967	0.9082023800000751
968	0.9082023800000751
969	0.9082023800000751
970	0.9082023800000751
971	0.9082023800000751
972	0.46127516479462843
973	0.46127516479462843
974	0.46127516479462843
975	0.46127516479462843
976	0.46127516479462843
977	0.7175358706900854
978	0.7175358706900854
979	0.7175358706900854
980	0.7175358706900854
981	0.7175358706900854
982	0.7231450347929331
983	0.7231450347929331
984	0.7231450347929331
985	0.7231450347929331
986	0.7231450347929331
987	0.4791393967038865
988	0.4791393967038865
989	0.4791393967038865
990	0.4791393967038865
991	0.4791393967038865
992	0.7892183625620197
993	0.7892183625620197
994	0.7892183625620197
995	0.7892183625620197
996	0.7892183625620197
997	0.41453259180857693
998	0.41453259180857693
999	2.7893358251179037
1000	2.7893358251179037
1001	2.7893358251179037
1002	2.7893358251179037
1003	2.7893358251179037
1004	2.0683303993795747
1005	2.0683303993795747
1006	2.894780059237335
1007	2.894780059237335
1008	2.894780059237335
1009	2.894780059237335
1010	2.894780059237335
1011	2.4293659001224013
1012	2.4293659001224013
1013	2.4293659001224013
1014	2.4293659001224013
1015	2.4293659001224013
1016	2.7133832631696757
1017	2.7133832631696757
1018	2.7133832631696757
1019	2.7133832631696757
1020	2.7133832631696757
1021	1.2459505164296847
1022	1.2459505164296847
1023	1.2459505164296847
1024	1.2459505164296847
1025	1.2459505164296847
1026	3.3189673319348754
1027	3.3189673319348754
1028	3.3189673319348754
1029	3.3189673319348754
1030	3.3189673319348754
1031	0.9379386901432154
1032	0.9379386901432154
1033	0.9379386901432154
1034	0.9379386901432154
1035	0.9379386901432154
1036	3.0387973242225432
1037	3.0387973242225432
1038	3.0387973242225432
1039	3.0387973242225432
1040	3.0387973242225432
1041	2.88602204689517
1042	2.88602204689517
1043	2.88602204689517
1044	2.88602204689517
1045	2.88602204689517
1046	3.8124959827113827
1047	3.8124959827113827
1048	3.8124959827113827
1049	3.8124959827113827
1050	3.8124959827113827
1051	1.6371224256954569
1052	1.6371224256954569
1053	1.6371224256954569
1054	1.6371224256954569
1055	1.6371224256954569
1056	4.429902380607788
1057	4.429902380607788
1058	4.429902380607788
1059	4.429902380607788
1060	4.429902380607788
1061	0.1
1062	2.099170197038796
1063	2.099170197038796
1064	2.099170197038796
1065	2.099170197038796
1066	2.099170197038796
1067	3.295108465594513
1068	3.295108465594513
1069	3.295108465594513
1070	3.295108465594513
1071	3.295108465594513
1072	2.372242236217193
1073	2.372242236217193
1074	4.970565955653122
1075	4.970565955653122
1076	4.970565955653122
1077	4.970565955653122
1078	4.970565955653122
1079	2.987323927805587
1080	2.987323927805587
1081	2.987323927805587
1082	2.987323927805587
1083	2.987323927805587
1084	5.249327611682353
1085	5.249327611682353
1086	5.249327611682353
1087	5.249327611682353
1088	5.249327611682353
1089	0.7757079410701517
1090	0.7757079410701517
1091	0.7757079410701517
1092	0.7757079410701517
1093	0.7757079410701517
1094	1.495434634842355
1095	1.495434634842355
1096	1.495434634842355
1097	1.495434634842355
1098	1.495434634842355
1099	3.4068546174582885
1100	3.4068546174582885
1101	3.4068546174582885
1102	3.4068546174582885
1103	3.4068546174582885
1104	4.41004532539583
1105	4.41004532539583
1106	4.41004532539583
1107	4.41004532539583
1108	4.41004532539583
1109	2.5069230787300154
1110	2.5069230787300154
1111	2.5069230787300154
1112	2.5069230787300154
1113	2.5069230787300154
1114	1.982215125685764
1115	1.982215125685764
1116	1.982215125685764
1117	1.982215125685764
1118	1.982215125685764
1119	2.7513012003449644
1120	2.7513012003449644
1121	2.7513012003449644
1122	2.7513012003449644
1123	2.7513012003449644
1124	2.5885547067423746
1125	2.5885547067423746
1126	2.5885547067423746
1127	2.5885547067423746
1128	2.5885547067423746
1129	3.108021017480331
1130	3.108021017480331
1131	3.108021017480331
1132	3.108021017480331
1133	3.108021017480331
1134	5.021042032423505
1135	5.021042032423505
1136	5.021042032423505
1137	5.021042032423505
1138	5.021042032423505
1139	2.9604290777111233
1140	2.9604290777111233
1141	2.9604290777111233
1142	2.9604290777111233
1143	2.9604290777111233
1144	2.8759973671464065
1145	2.8759973671464065
1146	2.8759973671464065
1147	2.8759973671464065
1148	2.8759973671464065
1149	1.1658513356470785
1150	1.1658513356470785
1151	1.1658513356470785
1152	1.1658513356470785
1153	1.1658513356470785
1154	3.1336487602478256
1155	3.1336487602478256
1156	3.1336487602478256
1157	3.1336487602478256
1158	3.1336487602478256
1159	2.4155500547504203
1160	2.4155500547504203
1161	2.4155500547504203
1162	2.4155500547504203
1163	2.4155500547504203
1164	2.476812152907733
1165	2.476812152907733
1166	2.476812152907733
1167	2.476812152907733
1168	2.476812152907733
1169	3.4017732270437935
1170	3.4017732270437935
1171	3.4017732270437935
1172	3.4017732270437935
1173	3.4017732270437935
1174	2.691039219403154
1175	2.691039219403154
1176	2.691039219403154
1177	2.691039219403154
1178	2.691039219403154
1179	2.3108301824494766
1180	2.3108301824494766
1181	2.3108301824494766
1182	2.3108301824494766
1183	2.3108301824494766
1184	3.599807143994905
1185	3.599807143994905
1186	3.599807143994905
1187	3.599807143994905
1188	3.599807143994905
1189	2.994662002924999
1190	2.994662002924999
1191	2.994662002924999
1192	2.994662002924999
1193	2.994662002924999
1194	0.8572849182458429
1195	0.8572849182458429
1196	0.8572849182458429
1197	0.8572849182458429
1198	0.8572849182458429
1199	1.5321007630241912
1200	1.5321007630241912
1201	1.5321007630241912
1202	1.509469394699012
1203	1.509469394699012
1204	1.509469394699012
1205	1.509469394699012
1206	1.509469394699012
1207	0.8282982193215697
1208	0.8282982193215697
1209	0.8282982193215697
1210	0.8282982193215697
1211	0.8282982193215697
1212	1.2592056543079415
1213	1.2592056543079415
1214	1.2592056543079415
1215	1.2592056543079415
1216	0.44587416534611446
1217	0.44587416534611446
1218	0.44587416534611446
1219	0.44587416534611446
1220	0.44587416534611446
1221	2.1598660516273327
1222	2.1598660516273327
1223	2.1598660516273327
1224	2.1598660516273327
1225	2.1598660516273327
1226	1.882767398328418
1227	1.882767398328418
1228	1.882767398328418
1229	1.882767398328418
1230	1.882767398328418
1231	0.20244989090179333
1232	0.20244989090179333
1233	0.20244989090179333
1234	0.20244989090179333
1235	0.20244989090179333
1236	1.293503739291738
1237	0.1372559199057983
1238	0.1372559199057983
1239	0.1372559199057983
1240	0.1372559199057983
1241	0.1372559199057983
1242	0.22828069713464605
1243	0.22828069713464605
1244	0.22828069713464605
1245	0.22828069713464605
1246	0.22828069713464605
1247	0.46017690581382953
1248	0.46017690581382953
1249	0.46017690581382953
1250	0.46017690581382953
1251	0.46017690581382953
1252	0.19677282303780907
1253	0.19677282303780907
1254	0.19677282303780907
1255	0.19677282303780907
1256	0.19677282303780907
1257	0.11773780921840868
1258	0.11773780921840868
1259	0.11773780921840868
1260	0.11773780921840868
1261	0.11773780921840868
1262	0.2503971456118119
1263	0.2503971456118119
1264	0.2503971456118119
1265	0.2503971456118119
1266	0.2503971456118119
1267	0.22426164862296777
1268	0.22426164862296777
1269	0.22426164862296777
1270	1.5429398203868019
1271	1.5429398203868019
1272	1.5429398203868019
1273	1.5429398203868019
1274	1.5429398203868019
1275	4.001525067389382
1276	4.001525067389382
1277	4.001525067389382
1278	4.001525067389382
1279	4.001525067389382
1280	2.4290765691043985
1281	2.4290765691043985
1282	2.4290765691043985
1283	2.4290765691043985
1284	2.4290765691043985
1285	3.109348056474783
1286	0.8462891114716053
1287	0.8462891114716053
1288	0.8462891114716053
1289	0.8462891114716053
1290	0.8462891114716053
1291	0.9454299824629118
1292	0.9454299824629118
1293	0.9454299824629118
1294	0.9454299824629118
1295	0.9454299824629118
1296	1.096550838304901
1297	1.096550838304901
1298	1.096550838304901
1299	1.096550838304901
1300	1.096550838304901
1301	0.5592558963964803
1302	0.5592558963964803
1303	0.5592558963964803
1304	0.5592558963964803
1305	0.5592558963964803
1306	0.5673743883349862
1307	0.5673743883349862
1308	0.5673743883349862
1309	0.5673743883349862
1310	0.5673743883349862
1311	0.15824278420882115
1312	0.15824278420882115
1313	0.15824278420882115
1314	0.15824278420882115
1315	0.15824278420882115
1316	0.11944757353587576
1317	0.11944757353587576
1318	0.11944757353587576
1319	0.11944757353587576
1320	0.11944757353587576
1321	0.21708396851856376
1322	0.21708396851856376
1323	0.21708396851856376
1324	0.21708396851856376
1325	0.21708396851856376
1326	0.5887447404680318
1327	0.5887447404680318
1328	0.5887447404680318
1329	0.5887447404680318
1330	0.5887447404680318
1331	1.0278132628392933
1332	1.0278132628392933
1333	1.0278132628392933
1334	1.0278132628392933
1335	1.0278132628392933
1336	0.39915295578313076
1337	0.39915295578313076
1338	0.39915295578313076
1339	0.39915295578313076
1340	0.39915295578313076
1341	0.5361072191541393
1342	0.5361072191541393
1343	0.5361072191541393
1344	2.0429525297788116
1345	2.0429525297788116
1346	2.0429525297788116
1347	2.0429525297788116
1348	2.0429525297788116
1349	1.8337164429088695
1350	1.8337164429088695
1351	1.8337164429088695
1352	1.8337164429088695
1353	1.8337164429088695
1354	1.2177139037536748
1355	1.2177139037536748
1356	1.2177139037536748
1357	1.2177139037536748
1358	1.2177139037536748
1359	2.0304768401006736
1360	2.0304768401006736
1361	2.0304768401006736
1362	2.0304768401006736
1363	2.0304768401006736
1364	0.44830639532909067
1365	0.44830639532909067
1366	0.44830639532909067
1367	0.44830639532909067
1368	0.44830639532909067
1369	3.007010535836305
1370	2.974100160809799
1371	2.974100160809799
1372	2.974100160809799
1373	2.974100160809799
1374	2.974100160809799
1375	2.8113673024825467
1376	2.8113673024825467
1377	2.8113673024825467
1378	2.8113673024825467
1379	2.8113673024825467
1380	5.616349891793785
1381	5.616349891793785
1382	5.616349891793785
1383	5.616349891793785
1384	5.616349891793785
1385	2.6711680324541938
1386	2.6711680324541938
1387	2.6711680324541938
1388	2.6711680324541938
1389	2.6711680324541938
1390	3.59527442498373
1391	3.59527442498373
1392	3.59527442498373
1393	3.59527442498373
1394	3.59527442498373
1395	4.4132859265537245
1396	4.4132859265537245
1397	4.4132859265537245
1398	4.4132859265537245
1399	4.4132859265537245
1400	3.8987262824770115
1401	3.8987262824770115
1402	3.8987262824770115
1403	3.8987262824770115
1404	3.8987262824770115
1405	4.526359212130956
1406	4.526359212130956
1407	4.526359212130956
1408	4.526359212130956
1409	4.526359212130956
1410	1.0276372781198453
1411	1.0276372781198453
1412	1.0276372781198453
1413	1.0276372781198453
1414	1.0276372781198453
1415	3.507973995196269
1416	3.507973995196269
1417	3.507973995196269
1418	3.507973995196269
1419	3.507973995196269
1420	3.889270644680092
1421	3.889270644680092
1422	3.889270644680092
1423	0.6408787820182642
1424	0.22199063179457437
1425	0.22199063179457437
1426	0.22199063179457437
1427	0.22199063179457437
1428	0.22199063179457437
1429	0.37707773643102815
1430	0.37707773643102815
1431	0.37707773643102815
1432	0.37707773643102815
1433	0.37707773643102815
1434	0.12771220485186782
1435	0.12771220485186782
1436	0.12771220485186782
1437	3.4086063971538203
1438	3.4086063971538203
1439	3.4086063971538203
1440	3.4086063971538203
1441	3.4086063971538203
1442	1.1782072102016388
1443	1.1782072102016388
1444	1.1782072102016388
1445	1.1782072102016388
1446	1.1782072102016388
1447	6.578804450310534
1448	6.578804450310534
1449	6.578804450310534
1450	6.578804450310534
1451	6.578804450310534
1452	2.2467885055249814
1453	2.2467885055249814
1454	2.2467885055249814
1455	2.2467885055249814
1456	2.2467885055249814
1457	2.6590272864551965
1458	2.6590272864551965
1459	2.6590272864551965
1460	2.6590272864551965
1461	2.6590272864551965
1462	4.1420968399099385
1463	4.1420968399099385
1464	4.1420968399099385
1465	4.1420968399099385
1466	4.1420968399099385
1467	3.881443292241728
1468	3.881443292241728
1469	3.881443292241728
1470	3.881443292241728
1471	3.881443292241728
1472	5.4067304349304255
1473	5.4067304349304255
1474	5.4067304349304255
1475	5.4067304349304255
1476	5.4067304349304255
1477	1.3286119761556154
1478	1.3286119761556154
1479	1.3286119761556154
1480	1.3286119761556154
1481	1.3286119761556154
1482	0.903139961393677
1483	0.903139961393677
1484	0.903139961393677
1485	0.903139961393677
1486	0.903139961393677
1487	4.567766619951699
1488	4.567766619951699
1489	4.567766619951699
1490	4.567766619951699
1491	4.567766619951699
1492	5.163624658147025
1493	5.163624658147025
1494	5.163624658147025
1495	5.163624658147025
1496	5.163624658147025
1497	3.2996785638250987
1498	3.2996785638250987
1499	3.2996785638250987
1500	3.2996785638250987
1501	3.2996785638250987
1502	2.35535134915251
1503	2.35535134915251
1504	2.35535134915251
1505	2.35535134915251
1506	2.35535134915251
1507	0.9452461766783489
1508	0.9452461766783489
1509	0.9452461766783489
1510	0.9452461766783489
1511	0.9452461766783489
1512	2.295395799057807
1513	2.295395799057807
1514	2.295395799057807
1515	2.295395799057807
1516	2.295395799057807
1517	2.9763388882722888
1518	2.9763388882722888
1519	2.9763388882722888
1520	2.9763388882722888
1521	2.9763388882722888
1522	5.573898599634488
1523	5.573898599634488
1524	5.573898599634488
1525	5.573898599634488
1526	5.573898599634488
1527	5.307117052786357
1528	5.307117052786357
1529	5.307117052786357
1530	5.307117052786357
1531	5.307117052786357
1532	3.345650348501554
1533	3.345650348501554
1534	3.345650348501554
1535	3.345650348501554
1536	3.345650348501554
1537	5.847630217290481
1538	5.847630217290481
1539	5.847630217290481
1540	5.847630217290481
1541	5.847630217290481
1542	1.2406718775800352
1543	1.2406718775800352
1544	1.2406718775800352
1545	1.2406718775800352
1546	1.2406718775800352
1547	3.6558102585009995
1548	2.088924024116004
1549	2.088924024116004
1550	2.088924024116004
1551	2.088924024116004
1552	2.088924024116004
1553	2.7997234017857746
1554	2.7997234017857746
1555	2.7997234017857746
1556	2.7997234017857746
1557	2.7997234017857746
1558	2.640328361932837
1559	2.640328361932837
1560	2.640328361932837
1561	4.323787922062947
1562	4.323787922062947
1563	4.323787922062947
1564	4.323787922062947
1565	4.323787922062947
1566	4.116044599503502
1567	4.116044599503502
1568	4.116044599503502
1569	4.116044599503502
1570	4.116044599503502
1571	3.3173207173669397
1572	3.3173207173669397
1573	3.3173207173669397
1574	3.3173207173669397
1575	3.3173207173669397
1576	3.21002024949307
1577	3.21002024949307
1578	3.21002024949307
1579	3.21002024949307
1580	3.21002024949307
1581	3.2955248808062323
1582	3.2955248808062323
1583	3.2955248808062323
1584	3.2955248808062323
1585	3.2955248808062323
1586	3.25747279633296
1587	3.25747279633296
1588	3.25747279633296
1589	3.25747279633296
1590	3.25747279633296
1591	3.12396335096437
1592	3.12396335096437
1593	3.12396335096437
1594	3.12396335096437
1595	3.12396335096437
1596	3.047894848413108
1597	3.047894848413108
1598	3.047894848413108
1599	3.047894848413108
1600	3.047894848413108
1601	2.347023072016603
1602	2.347023072016603
1603	2.347023072016603
1604	2.347023072016603
1605	2.347023072016603
1606	1.4760639191594869
1607	1.4760639191594869
1608	1.4760639191594869
1609	1.4760639191594869
1610	1.4760639191594869
1611	5.179940539172563
1612	5.179940539172563
1613	5.179940539172563
1614	5.179940539172563
1615	5.179940539172563
1616	4.075106344266166
1617	4.075106344266166
1618	4.075106344266166
1619	4.075106344266166
1620	4.075106344266166
1621	0.7522955990875213
1622	0.7522955990875213
1623	0.7522955990875213
1624	0.7522955990875213
1625	0.7522955990875213
1626	1.9914357400901854
1627	1.9914357400901854
1628	1.9914357400901854
1629	1.9914357400901854
1630	1.9914357400901854
1631	1.7444273420060632
1632	1.7444273420060632
1633	1.7444273420060632
1634	0.5073058746247456
1635	0.5073058746247456
1636	0.5073058746247456
1637	1.9198033577691151
1638	1.9198033577691151
1639	1.9198033577691151
1640	1.9198033577691151
1641	1.9198033577691151
1642	2.6043460690212443
1643	2.6043460690212443
1644	2.6043460690212443
1645	2.6043460690212443
1646	2.6043460690212443
1647	6.022347107678366
1648	6.022347107678366
1649	6.022347107678366
1650	6.022347107678366
1651	6.022347107678366
1652	2.2210236099102314
1653	2.2210236099102314
1654	2.2210236099102314
1655	2.2210236099102314
1656	2.2210236099102314
1657	1.3160178466597214
1658	1.3160178466597214
1659	1.3160178466597214
1660	1.3160178466597214
1661	1.3160178466597214
1662	2.8913466913042427
1663	2.8913466913042427
1664	2.8913466913042427
1665	2.8913466913042427
1666	2.8913466913042427
1667	1.427494905960865
1668	1.427494905960865
1669	1.427494905960865
1670	1.427494905960865
1671	1.427494905960865
1672	0.1
1673	0.1
1674	0.1
1675	0.1
1676	0.1
1677	1.3564525094598878
1678	1.3564525094598878
1679	1.3564525094598878
1680	1.3564525094598878
1681	1.3564525094598878
1682	1.8411544481185522
1683	1.8411544481185522
1684	1.8411544481185522
1685	1.8411544481185522
1686	1.8411544481185522
1687	2.4930263989102457
1688	2.4930263989102457
1689	2.4930263989102457
1690	2.4930263989102457
1691	2.4930263989102457
1692	2.1776542193114317
1693	2.1776542193114317
1694	2.1776542193114317
1695	2.1776542193114317
1696	5.014781630927833
1697	5.014781630927833
1698	5.014781630927833
1699	5.014781630927833
1700	5.014781630927833
1701	1.6527875040776516
1702	1.6527875040776516
1703	1.6527875040776516
1704	1.6527875040776516
1705	1.6527875040776516
1706	3.672847011182993
1707	3.672847011182993
1708	3.672847011182993
1709	3.672847011182993
1710	3.672847011182993
1711	2.9124207042623365
1712	2.9124207042623365
1713	2.9124207042623365
1714	2.9124207042623365
1715	2.9124207042623365
1716	5.692948510828972
1717	5.692948510828972
1718	5.692948510828972
1719	5.692948510828972
1720	5.692948510828972
1721	3.6415906885323923
1722	3.6415906885323923
1723	3.6415906885323923
1724	3.6415906885323923
1725	3.6415906885323923
1726	1.1875989984455528
1727	1.1875989984455528
1728	1.1875989984455528
1729	1.1875989984455528
1730	1.1875989984455528
1731	4.537752040128916
1732	4.537752040128916
1733	4.537752040128916
1734	4.537752040128916
1735	4.537752040128916
1736	3.2215829916636842
1737	3.2215829916636842
1738	3.2215829916636842
1739	3.2215829916636842
1740	3.2215829916636842
1741	3.7511111696773725
1742	3.7511111696773725
1743	3.7511111696773725
1744	3.7511111696773725
1745	3.7511111696773725
1746	2.748537498746052
1747	2.748537498746052
1748	2.748537498746052
1749	2.748537498746052
1750	2.748537498746052
1751	5.253320413497275
1752	5.253320413497275
1753	5.253320413497275
1754	5.253320413497275
1755	5.253320413497275
1756	2.9519957617941417
1757	2.9519957617941417
1758	2.9519957617941417
1759	2.9519957617941417
1760	2.9519957617941417
1761	2.649119778837661
1762	2.649119778837661
1763	2.649119778837661
1764	2.649119778837661
1765	2.649119778837661
1766	6.4270753282466835
1767	6.4270753282466835
1768	6.4270753282466835
1769	6.4270753282466835
1770	6.4270753282466835
1771	3.9922928294842195
1772	3.9922928294842195
1773	3.9922928294842195
1774	3.9922928294842195
1775	3.9922928294842195
1776	3.405065818365629
1777	3.405065818365629
1778	3.405065818365629
1779	3.405065818365629
1780	3.405065818365629
1781	5.82090582634658
1782	5.82090582634658
1783	5.82090582634658
1784	5.82090582634658
1785	5.82090582634658
1786	3.2358453817893094
1787	3.2358453817893094
1788	3.2358453817893094
1789	3.2358453817893094
1790	3.2358453817893094
1791	4.555277151113098
1792	4.555277151113098
1793	4.555277151113098
1794	4.555277151113098
1795	4.555277151113098
1796	6.566722946681039
1797	6.566722946681039
1798	6.566722946681039
1799	6.566722946681039
1800	6.566722946681039
1801	5.6893288244708735
1802	5.6893288244708735
1803	5.6893288244708735
1804	5.6893288244708735
1805	5.6893288244708735
1806	4.950385249071116
1807	4.950385249071116
1808	4.950385249071116
1809	4.950385249071116
1810	4.950385249071116
1811	4.145051977313897
1812	4.145051977313897
1813	1.88446898244144
1814	1.88446898244144
1815	1.88446898244144
1816	1.88446898244144
1817	1.88446898244144
1818	1.1921396022699255
1819	1.1921396022699255
1820	1.1921396022699255
1821	1.1921396022699255
1822	1.1921396022699255
1823	0.599155349129629
1824	0.599155349129629
1825	0.599155349129629
1826	0.599155349129629
1827	0.599155349129629
1828	0.9930612428002598
1829	0.9930612428002598
1830	0.9930612428002598
1831	0.9930612428002598
1832	0.9930612428002598
1833	2.0662807842027417
1834	2.0662807842027417
1835	2.0662807842027417
1836	2.0662807842027417
1837	2.0662807842027417
1838	1.2173737729840608
1839	1.2173737729840608
1840	1.2173737729840608
1841	1.2173737729840608
1842	1.2173737729840608
1843	1.4258479655159828
1844	1.4258479655159828
1845	1.4258479655159828
1846	1.4258479655159828
1847	1.4258479655159828
1848	1.713637754538601
1849	1.713637754538601
1850	1.713637754538601
1851	1.713637754538601
1852	1.713637754538601
1853	1.8922091204603801
1854	1.8922091204603801
1855	2.6911039450252288
1856	2.6911039450252288
1857	2.6911039450252288
1858	2.6911039450252288
1859	5.718710643232601
1860	5.718710643232601
1861	5.718710643232601
1862	5.718710643232601
1863	5.718710643232601
1864	4.680815478314157
1865	4.680815478314157
1866	4.680815478314157
1867	4.680815478314157
1868	4.680815478314157
1869	3.234749783363279
1870	3.234749783363279
1871	3.234749783363279
1872	3.234749783363279
1873	3.234749783363279
1874	3.0318865770269974
1875	3.0318865770269974
1876	3.0318865770269974
1877	3.0318865770269974
1878	3.0318865770269974
1879	4.475841626253015
1880	4.475841626253015
1881	4.475841626253015
1882	4.475841626253015
1883	4.475841626253015
1884	4.404869770144919
1885	4.404869770144919
1886	4.404869770144919
1887	4.404869770144919
1888	4.404869770144919
1889	4.289560904012679
1890	4.289560904012679
1891	4.289560904012679
1892	4.289560904012679
1893	4.289560904012679
1894	0.20002235747939023
1895	0.20002235747939023
1896	0.20002235747939023
1897	0.20002235747939023
1898	0.20002235747939023
1899	0.1
1900	0.1
1901	0.1
1902	0.1
1903	0.1
1904	2.2050900474746893
1905	2.2050900474746893
1906	2.2050900474746893
1907	2.2050900474746893
1908	2.2050900474746893
1909	2.438550199901793
1910	2.438550199901793
1911	2.438550199901793
1912	2.438550199901793
1913	3.5629425830903227
1914	3.5629425830903227
1915	3.5629425830903227
1916	3.5629425830903227
1917	3.5629425830903227
1918	3.273529617950957
1919	3.273529617950957
1920	3.273529617950957
1921	3.273529617950957
1922	3.273529617950957
1923	3.112395391361777
1924	3.112395391361777
1925	3.112395391361777
1926	3.112395391361777
1927	3.112395391361777
1928	5.230099908694446
1929	5.230099908694446
1930	5.230099908694446
1931	5.230099908694446
1932	5.230099908694446
1933	3.947356284964055
1934	3.947356284964055
1935	3.947356284964055
1936	3.947356284964055
1937	3.947356284964055
1938	3.676973690600104
1939	3.676973690600104
1940	3.676973690600104
1941	3.676973690600104
1942	3.676973690600104
1943	1.8905752387360966
1944	1.8905752387360966
1945	1.8905752387360966
1946	1.8905752387360966
1947	1.8905752387360966
1948	2.968304383373089
1949	2.968304383373089
1950	2.968304383373089
1951	2.968304383373089
1952	2.968304383373089
1953	4.008879771684947
1954	4.008879771684947
1955	4.008879771684947
1956	4.008879771684947
1957	4.008879771684947
1958	6.680812765896237
1959	1.2446975016275044
1960	1.409344000679679
1961	1.409344000679679
1962	1.409344000679679
1963	1.409344000679679
1964	1.409344000679679
1965	0.3657810912153663
1966	0.3657810912153663
1967	0.3657810912153663
1968	0.3657810912153663
1969	0.3657810912153663
1970	1.6418632401987927
1971	1.6418632401987927
1972	1.6418632401987927
1973	1.6418632401987927
1974	1.6418632401987927
1975	1.039792627261982
1976	1.039792627261982
1977	1.039792627261982
1978	1.039792627261982
1979	1.039792627261982
1980	0.9441833248766582
1981	0.9441833248766582
1982	0.9441833248766582
1983	0.9441833248766582
1984	0.9441833248766582
1985	0.46215501747082954
1986	0.46215501747082954
1987	0.46215501747082954
1988	0.46215501747082954
1989	0.46215501747082954
1990	1.0436875144761866
1991	2.2753412172357876
1992	2.2753412172357876
1993	2.2753412172357876
1994	2.2753412172357876
1995	2.2753412172357876
1996	3.458746788328218
1997	3.458746788328218
1998	3.458746788328218
1999	3.458746788328218
