0	1.0371287039183368
1	1.0371287039183368
2	1.0371287039183368
3	1.0371287039183368
4	1.0371287039183368
5	2.9039192397350266
6	2.9039192397350266
7	2.9039192397350266
8	2.9039192397350266
9	2.9039192397350266
10	1.3526344311402845
11	1.3526344311402845
12	1.3526344311402845
13	1.3526344311402845
14	1.3526344311402845
15	1.6751046862277748
16	1.6751046862277748
17	1.6751046862277748
18	1.6751046862277748
19	1.6751046862277748
20	1.5559209587370961
21	1.5559209587370961
22	1.5559209587370961
23	1.5559209587370961
24	1.5559209587370961
25	1.5896742235260695
26	1.5896742235260695
27	1.5896742235260695
28	1.5896742235260695
29	1.5896742235260695
30	1.8255976933378613
31	1.8255976933378613
32	1.8255976933378613
33	1.8255976933378613
34	1.8255976933378613
35	1.9599183635273791
36	1.9599183635273791
37	1.9599183635273791
38	1.9599183635273791
39	1.9599183635273791
40	2.152871256946109
41	2.152871256946109
42	2.152871256946109
43	2.152871256946109
44	2.152871256946109
45	1.3750152368356972
46	1.3750152368356972
47	1.3750152368356972
48	1.3750152368356972
49	1.3750152368356972
50	1.238622342438814
51	1.238622342438814
52	1.238622342438814
53	1.238622342438814
54	1.238622342438814
55	2.026884311177982
56	2.026884311177982
57	2.026884311177982
58	2.026884311177982
59	2.026884311177982
60	2.2711365726899846
61	2.2711365726899846
62	2.2711365726899846
63	2.2711365726899846
64	2.2711365726899846
65	1.5818016769502643
66	1.5818016769502643
67	1.5818016769502643
68	1.5818016769502643
69	1.5818016769502643
70	0.3814763056585493
71	0.3814763056585493
72	0.3814763056585493
73	0.3814763056585493
74	0.3814763056585493
75	1.0283984483998103
76	1.0283984483998103
77	1.0283984483998103
78	1.0283984483998103
79	1.0283984483998103
80	0.6248722365873525
81	0.6248722365873525
82	0.6248722365873525
83	0.6248722365873525
84	0.6248722365873525
85	0.3772715297443363
86	0.3772715297443363
87	0.3772715297443363
88	0.3772715297443363
89	0.3772715297443363
90	1.2890417844831163
91	1.2890417844831163
92	2.3438453394421015
93	2.3438453394421015
94	2.3438453394421015
95	2.3438453394421015
96	2.3438453394421015
97	2.6666127314546273
98	2.6666127314546273
99	2.6666127314546273
100	2.6666127314546273
101	2.6666127314546273
102	2.817946584871905
103	2.817946584871905
104	2.817946584871905
105	2.817946584871905
106	2.817946584871905
107	2.5632054538504967
108	2.5632054538504967
109	2.5632054538504967
110	2.5632054538504967
111	2.5632054538504967
112	2.6829988755353935
113	2.6829988755353935
114	2.6829988755353935
115	2.6829988755353935
116	2.6829988755353935
117	2.247663803368111
118	2.247663803368111
119	2.247663803368111
120	2.247663803368111
121	2.247663803368111
122	2.701298695577218
123	2.701298695577218
124	2.701298695577218
125	2.701298695577218
126	2.701298695577218
127	3.2225568145439065
128	3.2225568145439065
129	3.2225568145439065
130	3.2225568145439065
131	3.2225568145439065
132	0.6807715867621902
133	0.6807715867621902
134	0.6807715867621902
135	0.6807715867621902
136	0.6807715867621902
137	2.3185238607087992
138	2.3185238607087992
139	2.3185238607087992
140	2.3185238607087992
141	2.3185238607087992
142	2.4573649614690574
143	2.4573649614690574
144	2.4573649614690574
145	2.4573649614690574
146	2.4573649614690574
147	4.8283889788124625
148	4.8283889788124625
149	4.8283889788124625
150	4.8283889788124625
151	4.8283889788124625
152	3.2108738619297834
153	3.2108738619297834
154	3.2108738619297834
155	3.2108738619297834
156	3.2108738619297834
157	2.6703741321009433
158	2.6703741321009433
159	2.6703741321009433
160	2.6703741321009433
161	2.6703741321009433
162	2.0874731474843333
163	2.0874731474843333
164	2.0874731474843333
165	2.0874731474843333
166	2.0874731474843333
167	2.2156589332771293
168	2.2156589332771293
169	2.2156589332771293
170	2.2156589332771293
171	2.2156589332771293
172	1.839546111722783
173	1.839546111722783
174	1.839546111722783
175	1.839546111722783
176	1.839546111722783
177	2.154712376298517
178	2.154712376298517
179	2.154712376298517
180	2.154712376298517
181	2.154712376298517
182	2.495437928637584
183	2.495437928637584
184	2.495437928637584
185	2.495437928637584
186	2.495437928637584
187	3.2267188924618897
188	3.2267188924618897
189	3.2267188924618897
190	3.2267188924618897
191	3.2267188924618897
192	4.8725726151966615
193	4.8725726151966615
194	4.8725726151966615
195	4.8725726151966615
196	4.8725726151966615
197	3.0575370699836006
198	3.0575370699836006
199	3.0575370699836006
200	3.0575370699836006
201	3.0575370699836006
202	1.3511675783771542
203	1.3511675783771542
204	1.3511675783771542
205	1.3511675783771542
206	1.3511675783771542
207	2.5275811285333174
208	2.5275811285333174
209	2.5275811285333174
210	2.5275811285333174
211	2.5275811285333174
212	2.739569608546284
213	2.739569608546284
214	2.739569608546284
215	2.739569608546284
216	2.739569608546284
217	3.8067787252465486
218	3.8067787252465486
219	3.8067787252465486
220	3.8067787252465486
221	3.8067787252465486
222	1.6389137717128635
223	1.6389137717128635
224	1.6389137717128635
225	1.6389137717128635
226	1.6389137717128635
227	3.7384361014482086
228	3.7384361014482086
229	3.7384361014482086
230	3.7384361014482086
231	3.7384361014482086
232	3.8003879933865545
233	3.8003879933865545
234	3.8003879933865545
235	3.8003879933865545
236	3.8003879933865545
237	2.384831920808693
238	2.384831920808693
239	2.384831920808693
240	2.384831920808693
241	2.384831920808693
242	2.268893495470757
243	2.268893495470757
244	2.268893495470757
245	2.268893495470757
246	2.268893495470757
247	0.11626158945362919
248	0.11626158945362919
249	0.11626158945362919
250	0.11626158945362919
251	0.11626158945362919
252	3.437805843565153
253	3.437805843565153
254	3.437805843565153
255	3.437805843565153
256	3.437805843565153
257	1.0815789020673814
258	1.0815789020673814
259	1.0815789020673814
260	1.0815789020673814
261	1.0815789020673814
262	2.6107271926260687
263	2.6107271926260687
264	4.714680688452231
265	4.714680688452231
266	4.714680688452231
267	4.714680688452231
268	4.714680688452231
269	0.19701688638390502
270	0.19701688638390502
271	0.19701688638390502
272	0.19701688638390502
273	0.19701688638390502
274	6.545867849698083
275	6.545867849698083
276	6.545867849698083
277	6.545867849698083
278	0.7756580781412312
279	0.7756580781412312
280	0.7756580781412312
281	0.7756580781412312
282	0.7756580781412312
283	1.4160313293617015
284	1.4160313293617015
285	1.4160313293617015
286	1.4160313293617015
287	1.4160313293617015
288	1.2081335949684378
289	1.2081335949684378
290	1.2081335949684378
291	1.2081335949684378
292	1.2081335949684378
293	0.9485101613523955
294	0.9485101613523955
295	0.9485101613523955
296	0.9485101613523955
297	0.9485101613523955
298	1.159199933717257
299	1.159199933717257
300	1.159199933717257
301	1.159199933717257
302	1.159199933717257
303	1.318894609375955
304	1.318894609375955
305	1.318894609375955
306	1.318894609375955
307	1.318894609375955
308	0.6930641167848117
309	0.6930641167848117
310	0.6930641167848117
311	0.6930641167848117
312	0.6930641167848117
313	1.6592572994663959
314	1.6592572994663959
315	1.6592572994663959
316	1.6592572994663959
317	1.6592572994663959
318	1.478089506488772
319	1.478089506488772
320	1.478089506488772
321	1.478089506488772
322	1.478089506488772
323	2.0536266087569786
324	2.0536266087569786
325	2.0536266087569786
326	2.0536266087569786
327	2.0536266087569786
328	1.1871181774315902
329	1.1871181774315902
330	1.1871181774315902
331	1.1871181774315902
332	1.1871181774315902
333	2.2561683957947447
334	2.2561683957947447
335	2.2561683957947447
336	2.2561683957947447
337	2.2561683957947447
338	0.6813755710370509
339	0.6813755710370509
340	0.6813755710370509
341	0.6813755710370509
342	0.6813755710370509
343	1.126745650567258
344	1.126745650567258
345	1.126745650567258
346	1.126745650567258
347	1.126745650567258
348	0.8697685010301647
349	0.8697685010301647
350	0.8697685010301647
351	0.8697685010301647
352	0.8697685010301647
353	1.0938007943535788
354	1.0938007943535788
355	1.0938007943535788
356	1.0938007943535788
357	1.0938007943535788
358	1.110484385706459
359	1.110484385706459
360	1.110484385706459
361	1.110484385706459
362	1.110484385706459
363	1.6602535619878154
364	1.6602535619878154
365	1.6602535619878154
366	1.6602535619878154
367	1.6602535619878154
368	2.563640034875818
369	2.563640034875818
370	2.563640034875818
371	2.563640034875818
372	2.563640034875818
373	1.98733495244517
374	1.98733495244517
375	1.98733495244517
376	1.98733495244517
377	1.98733495244517
378	3.667376996692289
379	3.667376996692289
380	3.667376996692289
381	3.667376996692289
382	3.667376996692289
383	4.986939220338394
384	4.986939220338394
385	4.986939220338394
386	4.986939220338394
387	4.986939220338394
388	2.715770098207637
389	2.715770098207637
390	2.715770098207637
391	2.715770098207637
392	2.715770098207637
393	1.7976847348077742
394	1.7976847348077742
395	1.7976847348077742
396	1.7976847348077742
397	1.7976847348077742
398	1.6817830693844282
399	1.6817830693844282
400	1.6817830693844282
401	1.6817830693844282
402	1.6817830693844282
403	4.5374327202774385
404	4.5374327202774385
405	4.5374327202774385
406	4.5374327202774385
407	4.5374327202774385
408	0.1
409	0.1
410	0.1
411	0.1
412	0.1
413	2.3324248098755866
414	2.3324248098755866
415	2.3324248098755866
416	2.3324248098755866
417	2.3324248098755866
418	4.781098145842249
419	4.781098145842249
420	4.781098145842249
421	4.781098145842249
422	4.781098145842249
423	3.1714365067054135
424	3.1714365067054135
425	3.1714365067054135
426	3.1714365067054135
427	3.1714365067054135
428	3.9562659357554053
429	3.9562659357554053
430	3.9562659357554053
431	3.9562659357554053
432	3.9562659357554053
433	2.751177895505251
434	2.751177895505251
435	2.751177895505251
436	2.751177895505251
437	2.751177895505251
438	6.199800976645113
439	6.199800976645113
440	6.199800976645113
441	6.199800976645113
442	6.199800976645113
443	3.5845291041582867
444	3.5845291041582867
445	3.5845291041582867
446	3.5845291041582867
447	3.5845291041582867
448	1.8069887341630275
449	1.8069887341630275
450	1.8069887341630275
451	1.8069887341630275
452	1.8069887341630275
453	1.3226302206975902
454	1.3226302206975902
455	1.3226302206975902
456	1.3226302206975902
457	1.3226302206975902
458	2.519682429975346
459	2.519682429975346
460	2.519682429975346
461	2.519682429975346
462	2.519682429975346
463	2.650926084319068
464	2.650926084319068
465	2.650926084319068
466	2.650926084319068
467	1.836263243353624
468	1.836263243353624
469	1.836263243353624
470	4.721790949641303
471	4.721790949641303
472	4.721790949641303
473	4.721790949641303
474	4.721790949641303
475	2.8580837064861186
476	2.8580837064861186
477	2.8580837064861186
478	2.8580837064861186
479	2.8580837064861186
480	5.4930590397186325
481	5.4930590397186325
482	5.4930590397186325
483	5.4930590397186325
484	5.4930590397186325
485	5.260684020282975
486	5.260684020282975
487	5.260684020282975
488	5.260684020282975
489	5.260684020282975
490	5.379987895994324
491	5.379987895994324
492	5.379987895994324
493	5.379987895994324
494	5.379987895994324
495	1.2090910640797183
496	1.2090910640797183
497	1.2090910640797183
498	1.2090910640797183
499	1.2090910640797183
500	2.537847030613296
501	2.537847030613296
502	2.537847030613296
503	2.537847030613296
504	2.537847030613296
505	5.130377925717961
506	5.130377925717961
507	5.130377925717961
508	5.130377925717961
509	5.130377925717961
510	2.907890668091176
511	2.907890668091176
512	2.907890668091176
513	2.907890668091176
514	2.907890668091176
515	3.642562345659366
516	3.642562345659366
517	3.642562345659366
518	3.642562345659366
519	3.642562345659366
520	2.9653324064690127
521	2.9653324064690127
522	2.9653324064690127
523	2.9653324064690127
524	2.9653324064690127
525	4.90592209998651
526	4.90592209998651
527	4.90592209998651
528	4.90592209998651
529	4.90592209998651
530	3.6567652009473535
531	3.6567652009473535
532	3.6567652009473535
533	3.6567652009473535
534	3.6567652009473535
535	1.5482287851507497
536	1.5482287851507497
537	1.5482287851507497
538	1.5482287851507497
539	1.5482287851507497
540	3.184307178783652
541	3.184307178783652
542	3.184307178783652
543	3.184307178783652
544	3.184307178783652
545	4.1331059342800165
546	4.1331059342800165
547	4.1331059342800165
548	4.1331059342800165
549	4.1331059342800165
550	4.13188432901088
551	4.13188432901088
552	4.13188432901088
553	4.13188432901088
554	4.13188432901088
555	1.2654403052549785
556	1.2654403052549785
557	1.2654403052549785
558	1.2654403052549785
559	1.2654403052549785
560	3.8019866593822025
561	3.8019866593822025
562	3.8019866593822025
563	3.8019866593822025
564	3.8019866593822025
565	2.8002481681414113
566	2.8002481681414113
567	2.8002481681414113
568	2.8002481681414113
569	2.8002481681414113
570	2.706511493612699
571	2.706511493612699
572	2.706511493612699
573	2.706511493612699
574	2.706511493612699
575	2.5308367893328576
576	2.5308367893328576
577	2.5308367893328576
578	2.5308367893328576
579	2.5308367893328576
580	2.205449739535475
581	2.205449739535475
582	2.205449739535475
583	2.205449739535475
584	2.205449739535475
585	2.6101087389466286
586	2.6101087389466286
587	2.6101087389466286
588	2.6101087389466286
589	2.6101087389466286
590	4.798042521423102
591	4.798042521423102
592	4.798042521423102
593	4.798042521423102
594	4.798042521423102
595	2.380229869007924
596	2.380229869007924
597	2.380229869007924
598	2.380229869007924
599	2.380229869007924
600	4.261094226495153
601	4.261094226495153
602	4.261094226495153
603	4.261094226495153
604	4.261094226495153
605	3.5934007736704805
606	3.5934007736704805
607	3.5934007736704805
608	3.5934007736704805
609	3.5934007736704805
610	4.033934455950602
611	4.033934455950602
612	4.033934455950602
613	4.033934455950602
614	4.033934455950602
615	3.623098653801221
616	3.623098653801221
617	3.623098653801221
618	3.623098653801221
619	3.623098653801221
620	5.393837868788735
621	5.393837868788735
622	5.393837868788735
623	5.393837868788735
624	5.393837868788735
625	4.794516387536609
626	4.794516387536609
627	4.794516387536609
628	4.794516387536609
629	4.794516387536609
630	1.5681753727708172
631	1.5681753727708172
632	1.5681753727708172
633	1.5681753727708172
634	1.5681753727708172
635	2.984680471577916
636	2.984680471577916
637	2.984680471577916
638	2.984680471577916
639	2.984680471577916
640	6.287765902110876
641	6.287765902110876
642	6.287765902110876
643	6.287765902110876
644	6.287765902110876
645	2.094145647920138
646	2.094145647920138
647	2.094145647920138
648	2.094145647920138
649	2.094145647920138
650	4.523851931621186
651	4.523851931621186
652	4.523851931621186
653	4.523851931621186
654	4.523851931621186
655	3.5696738857007495
656	3.5696738857007495
657	3.5696738857007495
658	3.5696738857007495
659	3.5696738857007495
660	3.7356807296337777
661	3.7356807296337777
662	3.7356807296337777
663	3.7356807296337777
664	3.7356807296337777
665	3.417829931802107
666	3.417829931802107
667	3.417829931802107
668	3.417829931802107
669	3.417829931802107
670	1.5737947273011785
671	1.5737947273011785
672	1.5737947273011785
673	1.5737947273011785
674	1.5737947273011785
675	2.4806659454823246
676	2.4806659454823246
677	2.4806659454823246
678	2.4806659454823246
679	2.4806659454823246
680	4.169597321106517
681	4.169597321106517
682	4.169597321106517
683	4.169597321106517
684	4.169597321106517
685	4.599667581973893
686	4.599667581973893
687	4.599667581973893
688	4.599667581973893
689	4.599667581973893
690	2.3453511728106164
691	2.3453511728106164
692	2.3453511728106164
693	2.3453511728106164
694	2.3453511728106164
695	8.083219624497092
696	8.083219624497092
697	8.083219624497092
698	8.083219624497092
699	8.083219624497092
700	0.1
701	0.1
702	0.1
703	0.1
704	0.1
705	3.647038351394593
706	3.647038351394593
707	3.647038351394593
708	3.647038351394593
709	3.647038351394593
710	4.266110064483554
711	4.266110064483554
712	4.266110064483554
713	4.266110064483554
714	4.266110064483554
715	2.667787261711084
716	2.667787261711084
717	2.667787261711084
718	2.667787261711084
719	2.667787261711084
720	3.125184564809909
721	3.125184564809909
722	3.125184564809909
723	3.125184564809909
724	3.125184564809909
725	4.529909247472032
726	4.529909247472032
727	4.529909247472032
728	4.529909247472032
729	4.529909247472032
730	4.768736756680281
731	4.768736756680281
732	4.768736756680281
733	4.768736756680281
734	4.768736756680281
735	4.504370517818996
736	4.504370517818996
737	4.504370517818996
738	4.504370517818996
739	4.504370517818996
740	6.303476190479838
741	6.303476190479838
742	6.303476190479838
743	6.303476190479838
744	6.303476190479838
745	2.8295729350139123
746	2.8295729350139123
747	2.8295729350139123
748	2.8295729350139123
749	2.8295729350139123
750	4.3865861538962445
751	4.3865861538962445
752	4.3865861538962445
753	4.3865861538962445
754	4.3865861538962445
755	4.609667484842286
756	4.609667484842286
757	4.609667484842286
758	4.609667484842286
759	4.609667484842286
760	3.1699281475504426
761	3.1699281475504426
762	3.1699281475504426
763	3.1699281475504426
764	3.1699281475504426
765	0.8007457995773564
766	0.8007457995773564
767	0.8007457995773564
768	0.8007457995773564
769	0.8007457995773564
770	3.1814174247602174
771	3.1814174247602174
772	3.1814174247602174
773	3.1814174247602174
774	3.1814174247602174
775	2.4346177775956925
776	2.4346177775956925
777	2.4346177775956925
778	2.4346177775956925
779	2.4346177775956925
780	3.4229321936673247
781	3.4229321936673247
782	3.4229321936673247
783	3.4229321936673247
784	3.4229321936673247
785	3.7887673760808696
786	3.7887673760808696
787	3.7887673760808696
788	3.7887673760808696
789	3.7887673760808696
790	2.4001074527593094
791	2.4001074527593094
792	2.4001074527593094
793	2.4001074527593094
794	2.4001074527593094
795	1.7799484076241465
796	1.7799484076241465
797	1.7799484076241465
798	1.7799484076241465
799	1.7799484076241465
800	2.72895034362514
801	2.72895034362514
802	2.72895034362514
803	2.72895034362514
804	2.72895034362514
805	3.461552261538692
806	3.461552261538692
807	3.461552261538692
808	3.461552261538692
809	3.461552261538692
810	0.585492569176624
811	0.585492569176624
812	0.585492569176624
813	0.585492569176624
814	0.585492569176624
815	4.547187397798027
816	4.547187397798027
817	4.547187397798027
818	4.547187397798027
819	4.547187397798027
820	3.809555551171445
821	3.809555551171445
822	3.809555551171445
823	3.809555551171445
824	3.809555551171445
825	3.1396584456079433
826	3.1396584456079433
827	3.1396584456079433
828	3.1396584456079433
829	3.1396584456079433
830	1.6068580215599328
831	1.6068580215599328
832	1.6068580215599328
833	1.6068580215599328
834	1.6068580215599328
835	3.2787360543854223
836	3.2787360543854223
837	3.2787360543854223
838	3.2787360543854223
839	3.2787360543854223
840	4.359422528423006
841	4.359422528423006
842	4.359422528423006
843	4.359422528423006
844	4.359422528423006
845	6.18437287838565
846	6.18437287838565
847	6.18437287838565
848	6.18437287838565
849	6.18437287838565
850	5.20821461361052
851	5.20821461361052
852	5.20821461361052
853	5.20821461361052
854	5.20821461361052
855	3.9234402191507174
856	3.9234402191507174
857	3.9234402191507174
858	3.9234402191507174
859	3.9234402191507174
860	0.38090448036099556
861	0.38090448036099556
862	0.38090448036099556
863	0.38090448036099556
864	0.38090448036099556
865	4.2337894077940375
866	4.2337894077940375
867	4.2337894077940375
868	4.2337894077940375
869	1.6856943195238574
870	1.6856943195238574
871	1.6856943195238574
872	1.6856943195238574
873	1.6856943195238574
874	2.700165834981124
875	0.8868023341359088
876	0.8868023341359088
877	0.8868023341359088
878	0.8868023341359088
879	0.8868023341359088
880	1.1893102680814662
881	1.1893102680814662
882	1.1893102680814662
883	1.1893102680814662
884	1.1893102680814662
885	0.48599458547477703
886	0.48599458547477703
887	0.48599458547477703
888	0.48599458547477703
889	0.48599458547477703
890	1.5084165718304776
891	1.5084165718304776
892	1.5084165718304776
893	1.5084165718304776
894	1.5084165718304776
895	1.9293868100096265
896	1.9293868100096265
897	1.9293868100096265
898	1.9293868100096265
899	1.9293868100096265
900	1.1781512578602868
901	1.1781512578602868
902	1.1781512578602868
903	1.1781512578602868
904	1.1781512578602868
905	0.9492424349044987
906	0.9492424349044987
907	0.9492424349044987
908	0.9492424349044987
909	0.9492424349044987
910	0.8947766267064545
911	0.8947766267064545
912	0.8947766267064545
913	0.8947766267064545
914	0.8947766267064545
915	1.2169571775654997
916	1.2169571775654997
917	1.2169571775654997
918	1.2169571775654997
919	1.2169571775654997
920	0.9401622088069779
921	0.9401622088069779
922	3.828722709707268
923	3.828722709707268
924	3.828722709707268
925	3.828722709707268
926	3.828722709707268
927	3.369831362532499
928	3.369831362532499
929	3.369831362532499
930	3.369831362532499
931	3.369831362532499
932	4.425798055804549
933	4.425798055804549
934	4.425798055804549
935	4.425798055804549
936	4.425798055804549
937	3.5396797479101703
938	3.5396797479101703
939	3.5396797479101703
940	3.5396797479101703
941	3.5396797479101703
942	4.479351156308999
943	4.479351156308999
944	4.479351156308999
945	4.479351156308999
946	4.479351156308999
947	1.700224860279041
948	1.700224860279041
949	1.700224860279041
950	1.700224860279041
951	1.700224860279041
952	2.3724992091327
953	2.3724992091327
954	2.3724992091327
955	2.3724992091327
956	2.3724992091327
957	3.6304306114388507
958	3.6304306114388507
959	3.6304306114388507
960	3.6304306114388507
961	3.6304306114388507
962	2.1499935071147496
963	2.1499935071147496
964	2.1499935071147496
965	2.1499935071147496
966	2.1499935071147496
967	4.65325197242216
968	4.65325197242216
969	4.65325197242216
970	4.65325197242216
971	4.65325197242216
972	5.720874067135623
973	5.720874067135623
974	5.720874067135623
975	5.720874067135623
976	5.720874067135623
977	3.8038953493750816
978	3.8038953493750816
979	3.8038953493750816
980	3.8038953493750816
981	3.8038953493750816
982	1.5337511388908536
983	1.5337511388908536
984	1.5337511388908536
985	1.5337511388908536
986	1.5337511388908536
987	6.237316569425275
988	6.237316569425275
989	6.237316569425275
990	6.237316569425275
991	6.237316569425275
992	3.0062594422054922
993	3.0062594422054922
994	3.0062594422054922
995	3.0062594422054922
996	3.0062594422054922
997	3.943443013471267
998	3.943443013471267
999	3.943443013471267
1000	3.943443013471267
1001	3.943443013471267
1002	2.930457077793432
1003	2.930457077793432
1004	2.930457077793432
1005	2.930457077793432
1006	2.930457077793432
1007	2.862774515213823
1008	2.862774515213823
1009	2.862774515213823
1010	2.862774515213823
1011	2.862774515213823
1012	2.8225095792175656
1013	2.8225095792175656
1014	2.8225095792175656
1015	2.8225095792175656
1016	2.8225095792175656
1017	2.391582463601547
1018	2.391582463601547
1019	2.391582463601547
1020	2.391582463601547
1021	2.391582463601547
1022	2.065095733546762
1023	2.065095733546762
1024	2.065095733546762
1025	2.065095733546762
1026	2.065095733546762
1027	3.8558988508175576
1028	3.8558988508175576
1029	3.8558988508175576
1030	3.8558988508175576
1031	3.8558988508175576
1032	2.270734986902159
1033	2.270734986902159
1034	2.270734986902159
1035	2.270734986902159
1036	2.270734986902159
1037	1.3879796989199624
1038	1.3879796989199624
1039	1.3879796989199624
1040	1.3879796989199624
1041	1.3879796989199624
1042	3.0323078409176594
1043	3.0323078409176594
1044	3.0323078409176594
1045	3.0323078409176594
1046	3.0323078409176594
1047	1.9830548690585366
1048	1.9830548690585366
1049	1.9830548690585366
1050	1.9830548690585366
1051	1.9830548690585366
1052	0.3524286099292975
1053	0.3524286099292975
1054	0.3524286099292975
1055	0.3524286099292975
1056	0.3524286099292975
1057	5.577122175566381
1058	5.577122175566381
1059	5.577122175566381
1060	5.577122175566381
1061	5.577122175566381
1062	3.741727125813708
1063	3.741727125813708
1064	3.741727125813708
1065	3.741727125813708
1066	3.741727125813708
1067	3.2547236642442723
1068	3.2547236642442723
1069	3.2547236642442723
1070	3.2547236642442723
1071	3.2547236642442723
1072	3.8398633693603563
1073	0.8394941263864054
1074	0.8394941263864054
1075	0.8394941263864054
1076	0.8394941263864054
1077	0.8394941263864054
1078	0.4188579899959348
1079	0.4188579899959348
1080	0.4188579899959348
1081	0.4188579899959348
1082	0.4188579899959348
1083	0.626304209864391
1084	0.626304209864391
1085	0.626304209864391
1086	0.626304209864391
1087	0.626304209864391
1088	1.1088098694308601
1089	1.1088098694308601
1090	1.1088098694308601
1091	1.1088098694308601
1092	1.1088098694308601
1093	0.14858515426753682
1094	0.14858515426753682
1095	0.14858515426753682
1096	0.14858515426753682
1097	0.14858515426753682
1098	0.657990594002415
1099	0.657990594002415
1100	0.657990594002415
1101	0.657990594002415
1102	0.657990594002415
1103	0.718557273179366
1104	0.718557273179366
1105	0.718557273179366
1106	0.718557273179366
1107	0.718557273179366
1108	1.0017491921138837
1109	1.0017491921138837
1110	1.0017491921138837
1111	1.0017491921138837
1112	1.0017491921138837
1113	0.6641325390561241
1114	0.6641325390561241
1115	0.6641325390561241
1116	0.6641325390561241
1117	0.6641325390561241
1118	0.6643503982413712
1119	0.6643503982413712
1120	0.6266287077114616
1121	0.6266287077114616
1122	0.6266287077114616
1123	0.6266287077114616
1124	0.6266287077114616
1125	0.5813020580032846
1126	0.5813020580032846
1127	0.5813020580032846
1128	0.5813020580032846
1129	0.5813020580032846
1130	0.8526208539184088
1131	0.8526208539184088
1132	0.8526208539184088
1133	0.8526208539184088
1134	0.8526208539184088
1135	1.896136473046517
1136	1.896136473046517
1137	1.896136473046517
1138	1.896136473046517
1139	1.896136473046517
1140	0.7548903037827803
1141	0.7548903037827803
1142	0.7548903037827803
1143	0.7548903037827803
1144	0.7548903037827803
1145	1.9281971550069645
1146	1.9281971550069645
1147	1.9281971550069645
1148	0.1784540506132037
1149	0.1784540506132037
1150	0.1784540506132037
1151	0.1784540506132037
1152	0.1784540506132037
1153	0.27923224573916733
1154	0.27923224573916733
1155	0.27923224573916733
1156	0.27923224573916733
1157	0.27923224573916733
1158	0.14248476856855755
1159	0.14248476856855755
1160	0.14248476856855755
1161	0.14248476856855755
1162	0.14248476856855755
1163	0.23022492232922132
1164	0.23022492232922132
1165	0.23022492232922132
1166	0.23022492232922132
1167	0.23022492232922132
1168	0.1
1169	0.1
1170	0.1
1171	0.1
1172	0.1
1173	0.12892725101547217
1174	0.12892725101547217
1175	0.12892725101547217
1176	0.12892725101547217
1177	0.12892725101547217
1178	0.33498987151231785
1179	0.33498987151231785
1180	0.33498987151231785
1181	0.33498987151231785
1182	0.33498987151231785
1183	0.20980168326212795
1184	0.20980168326212795
1185	0.20980168326212795
1186	0.20980168326212795
1187	0.20980168326212795
1188	0.15543036531924914
1189	0.15543036531924914
1190	0.15543036531924914
1191	0.15543036531924914
1192	0.15543036531924914
1193	0.1
1194	0.1
1195	0.1
1196	0.1
1197	0.1
1198	0.23186887102150702
1199	0.23186887102150702
1200	0.23186887102150702
1201	0.23186887102150702
1202	0.23186887102150702
1203	0.3068184819522478
1204	0.3068184819522478
1205	0.3068184819522478
1206	0.3068184819522478
1207	0.3068184819522478
1208	0.21534285791854837
1209	0.21534285791854837
1210	0.21534285791854837
1211	0.21534285791854837
1212	0.21534285791854837
1213	0.11252068236487879
1214	0.11252068236487879
1215	0.11252068236487879
1216	0.11252068236487879
1217	0.11252068236487879
1218	0.1119708471180255
1219	0.1119708471180255
1220	0.1119708471180255
1221	0.1119708471180255
1222	0.1119708471180255
1223	0.23864550731751102
1224	0.23864550731751102
1225	0.23864550731751102
1226	0.23864550731751102
1227	0.23864550731751102
1228	0.16984499527176525
1229	0.16984499527176525
1230	0.16984499527176525
1231	0.16984499527176525
1232	0.16984499527176525
1233	0.11273121116274981
1234	0.11273121116274981
1235	0.11273121116274981
1236	0.11273121116274981
1237	0.11273121116274981
1238	0.13471088747690602
1239	0.13471088747690602
1240	0.13471088747690602
1241	0.13471088747690602
1242	0.13471088747690602
1243	0.25270112268492545
1244	0.25270112268492545
1245	0.25270112268492545
1246	0.25270112268492545
1247	2.856583230678682
1248	2.856583230678682
1249	2.856583230678682
1250	2.856583230678682
1251	2.856583230678682
1252	3.0513511659783052
1253	3.0513511659783052
1254	3.0513511659783052
1255	3.0513511659783052
1256	3.0513511659783052
1257	2.7627628538041678
1258	2.7627628538041678
1259	2.7627628538041678
1260	2.7627628538041678
1261	2.7627628538041678
1262	2.386732830576019
1263	2.386732830576019
1264	2.386732830576019
1265	2.386732830576019
1266	2.386732830576019
1267	2.8127410930008803
1268	2.8127410930008803
1269	2.8127410930008803
1270	2.8127410930008803
1271	2.8127410930008803
1272	3.3333328915795875
1273	3.3333328915795875
1274	3.3333328915795875
1275	3.3333328915795875
1276	3.3333328915795875
1277	2.7187258327014288
1278	2.7187258327014288
1279	2.7187258327014288
1280	2.7187258327014288
1281	2.7187258327014288
1282	1.2992838312726023
1283	1.2992838312726023
1284	1.2992838312726023
1285	1.2992838312726023
1286	1.2992838312726023
1287	2.9191189696578315
1288	2.9191189696578315
1289	2.9191189696578315
1290	2.9191189696578315
1291	2.9191189696578315
1292	1.1306230604218255
1293	1.1306230604218255
1294	1.1306230604218255
1295	1.1306230604218255
1296	1.1306230604218255
1297	1.460124761657076
1298	1.460124761657076
1299	1.460124761657076
1300	1.460124761657076
1301	1.460124761657076
1302	1.0133621108833502
1303	1.0133621108833502
1304	1.0133621108833502
1305	1.0133621108833502
1306	1.0133621108833502
1307	0.2548940113943934
1308	0.2548940113943934
1309	0.2548940113943934
1310	0.2548940113943934
1311	0.2548940113943934
1312	1.9873809972256564
1313	1.9873809972256564
1314	1.9873809972256564
1315	1.9873809972256564
1316	1.9873809972256564
1317	1.6470720706779587
1318	1.6470720706779587
1319	1.6470720706779587
1320	1.6470720706779587
1321	1.6470720706779587
1322	1.7481708613111961
1323	1.7481708613111961
1324	1.7481708613111961
1325	1.7481708613111961
1326	1.7481708613111961
1327	2.466356828563635
1328	2.466356828563635
1329	2.466356828563635
1330	2.466356828563635
1331	2.466356828563635
1332	3.315295938616043
1333	3.315295938616043
1334	3.315295938616043
1335	3.315295938616043
1336	3.315295938616043
1337	1.5892751499838162
1338	1.5892751499838162
1339	1.5892751499838162
1340	1.5892751499838162
1341	1.5892751499838162
1342	1.3329348314643776
1343	1.3329348314643776
1344	1.3329348314643776
1345	1.3329348314643776
1346	1.3329348314643776
1347	3.3348505206838857
1348	3.3348505206838857
1349	3.3348505206838857
1350	3.3348505206838857
1351	3.3348505206838857
1352	1.1312877214076793
1353	1.1312877214076793
1354	1.1312877214076793
1355	1.1312877214076793
1356	1.1312877214076793
1357	2.5716902551576792
1358	2.5716902551576792
1359	2.5716902551576792
1360	2.5716902551576792
1361	2.5716902551576792
1362	2.1335084020159463
1363	2.1335084020159463
1364	2.1335084020159463
1365	2.1335084020159463
1366	2.1335084020159463
1367	2.996972587359406
1368	2.996972587359406
1369	2.996972587359406
1370	2.996972587359406
1371	2.996972587359406
1372	0.8860062559872928
1373	0.8860062559872928
1374	0.8860062559872928
1375	0.8860062559872928
1376	0.8860062559872928
1377	3.0687046374605442
1378	3.0687046374605442
1379	3.0687046374605442
1380	3.0687046374605442
1381	3.0687046374605442
1382	2.0509545053382428
1383	2.0509545053382428
1384	2.0509545053382428
1385	2.0509545053382428
1386	2.0509545053382428
1387	1.875374341162734
1388	1.875374341162734
1389	1.875374341162734
1390	1.875374341162734
1391	1.875374341162734
1392	3.8728672770359207
1393	3.8728672770359207
1394	3.8728672770359207
1395	3.8728672770359207
1396	3.8728672770359207
1397	1.3074565616045355
1398	1.3074565616045355
1399	1.3074565616045355
1400	1.3074565616045355
1401	1.3074565616045355
1402	2.0498679769249413
1403	2.0498679769249413
1404	2.0498679769249413
1405	2.0498679769249413
1406	2.0498679769249413
1407	1.9419348096331035
1408	1.9419348096331035
1409	1.9419348096331035
1410	1.9419348096331035
1411	1.9419348096331035
1412	2.2189990308582606
1413	2.2189990308582606
1414	2.2189990308582606
1415	2.2189990308582606
1416	2.2189990308582606
1417	2.428526058958306
1418	2.428526058958306
1419	2.428526058958306
1420	2.428526058958306
1421	2.428526058958306
1422	1.0204186593139875
1423	1.0204186593139875
1424	1.0204186593139875
1425	1.0204186593139875
1426	1.0204186593139875
1427	1.6017055518664454
1428	1.6017055518664454
1429	1.6017055518664454
1430	3.393105173193761
1431	3.393105173193761
1432	3.393105173193761
1433	3.393105173193761
1434	3.393105173193761
1435	2.984520648241127
1436	2.984520648241127
1437	2.984520648241127
1438	2.984520648241127
1439	2.984520648241127
1440	3.7861154330138653
1441	3.7861154330138653
1442	3.7861154330138653
1443	3.7861154330138653
1444	3.7861154330138653
1445	5.3355728927167245
1446	5.3355728927167245
1447	5.3355728927167245
1448	5.3355728927167245
1449	5.3355728927167245
1450	3.8546144049115263
1451	3.8546144049115263
1452	3.8546144049115263
1453	3.8546144049115263
1454	3.8546144049115263
1455	6.18691077987563
1456	6.18691077987563
1457	6.18691077987563
1458	6.18691077987563
1459	6.18691077987563
1460	5.195615019074126
1461	5.195615019074126
1462	5.195615019074126
1463	5.195615019074126
1464	5.195615019074126
1465	1.7269573643884113
1466	1.7269573643884113
1467	1.7269573643884113
1468	1.7269573643884113
1469	1.7269573643884113
1470	1.7215924731025458
1471	1.7215924731025458
1472	1.7215924731025458
1473	1.7215924731025458
1474	1.7215924731025458
1475	1.2419910186691252
1476	1.2419910186691252
1477	1.2419910186691252
1478	1.2419910186691252
1479	1.2419910186691252
1480	2.509713586565181
1481	2.509713586565181
1482	2.509713586565181
1483	2.509713586565181
1484	2.509713586565181
1485	3.5144254555930345
1486	3.5144254555930345
1487	3.5144254555930345
1488	3.5144254555930345
1489	3.5144254555930345
1490	2.573514283285243
1491	2.573514283285243
1492	2.573514283285243
1493	2.573514283285243
1494	2.573514283285243
1495	3.0189427912120945
1496	3.0189427912120945
1497	3.0189427912120945
1498	3.0189427912120945
1499	3.0189427912120945
1500	1.671219333215307
1501	1.671219333215307
1502	1.671219333215307
1503	1.671219333215307
1504	1.671219333215307
1505	2.7936435895718295
1506	2.7936435895718295
1507	2.7936435895718295
1508	2.7936435895718295
1509	2.7936435895718295
1510	3.0456543984886055
1511	3.0456543984886055
1512	3.0456543984886055
1513	3.0456543984886055
1514	3.0456543984886055
1515	6.035600949135565
1516	6.035600949135565
1517	6.035600949135565
1518	6.035600949135565
1519	6.035600949135565
1520	2.6055120080238403
1521	2.6055120080238403
1522	1.7965062069129574
1523	1.7965062069129574
1524	1.7965062069129574
1525	1.7965062069129574
1526	1.7965062069129574
1527	0.4144224859697556
1528	0.4144224859697556
1529	0.4144224859697556
1530	0.4144224859697556
1531	0.4144224859697556
1532	1.4386452065174993
1533	1.4386452065174993
1534	1.4386452065174993
1535	1.4386452065174993
1536	1.4386452065174993
1537	2.049011959650137
1538	2.049011959650137
1539	2.049011959650137
1540	2.049011959650137
1541	2.049011959650137
1542	1.438505445907814
1543	1.438505445907814
1544	1.438505445907814
1545	1.438505445907814
1546	1.438505445907814
1547	1.1666184511403423
1548	1.1666184511403423
1549	1.1666184511403423
1550	1.1666184511403423
1551	1.1666184511403423
1552	1.253174747411825
1553	1.253174747411825
1554	1.253174747411825
1555	1.253174747411825
1556	1.253174747411825
1557	0.8049285447916825
1558	0.8049285447916825
1559	0.8049285447916825
1560	0.8049285447916825
1561	0.8049285447916825
1562	1.528159912504083
1563	1.528159912504083
1564	1.528159912504083
1565	1.528159912504083
1566	1.528159912504083
1567	1.336778528738714
1568	1.336778528738714
1569	1.336778528738714
1570	1.336778528738714
1571	1.336778528738714
1572	0.6653909419977442
1573	0.6653909419977442
1574	0.6653909419977442
1575	0.6653909419977442
1576	0.6653909419977442
1577	1.3980661674127486
1578	1.3980661674127486
1579	1.3980661674127486
1580	1.3980661674127486
1581	1.3980661674127486
1582	0.8825239822653987
1583	0.8825239822653987
1584	0.8825239822653987
1585	1.8105754459916337
1586	1.8105754459916337
1587	1.8105754459916337
1588	1.8105754459916337
1589	1.8105754459916337
1590	0.6571144405470611
1591	0.6571144405470611
1592	0.6571144405470611
1593	0.6571144405470611
1594	0.6571144405470611
1595	0.7821191436443606
1596	0.7821191436443606
1597	0.7821191436443606
1598	0.7821191436443606
1599	0.7821191436443606
1600	1.3174162987616373
1601	1.3174162987616373
1602	1.3174162987616373
1603	1.3174162987616373
1604	1.3174162987616373
1605	2.531373113178933
1606	2.531373113178933
1607	2.531373113178933
1608	2.531373113178933
1609	2.531373113178933
1610	1.2348815461887919
1611	1.2348815461887919
1612	1.2348815461887919
1613	1.2348815461887919
1614	1.2348815461887919
1615	1.610671286054321
1616	1.610671286054321
1617	1.610671286054321
1618	1.610671286054321
1619	1.610671286054321
1620	1.3004036065139974
1621	1.3004036065139974
1622	1.3004036065139974
1623	1.3004036065139974
1624	1.3004036065139974
1625	1.296876053771827
1626	1.296876053771827
1627	1.296876053771827
1628	1.296876053771827
1629	1.296876053771827
1630	1.614072223313883
1631	1.614072223313883
1632	1.614072223313883
1633	1.614072223313883
1634	1.614072223313883
1635	1.3098691952137589
1636	1.3098691952137589
1637	1.3098691952137589
1638	1.3098691952137589
1639	1.3098691952137589
1640	2.4751791509029877
1641	2.4751791509029877
1642	2.4751791509029877
1643	2.4751791509029877
1644	2.4751791509029877
1645	1.609160018625873
1646	1.609160018625873
1647	1.609160018625873
1648	1.609160018625873
1649	1.609160018625873
1650	1.4745871190909918
1651	1.4745871190909918
1652	1.4745871190909918
1653	1.4745871190909918
1654	1.4745871190909918
1655	1.9611672318170572
1656	1.9611672318170572
1657	1.9611672318170572
1658	1.9611672318170572
1659	1.9611672318170572
1660	2.80532692201737
1661	2.80532692201737
1662	2.80532692201737
1663	2.80532692201737
1664	2.80532692201737
1665	1.8728039192053194
1666	1.8728039192053194
1667	1.8728039192053194
1668	1.8728039192053194
1669	1.8728039192053194
1670	1.3557307751469092
1671	1.3557307751469092
1672	1.3557307751469092
1673	1.3557307751469092
1674	1.3557307751469092
1675	0.9446357652121822
1676	0.9446357652121822
1677	0.9446357652121822
1678	0.9446357652121822
1679	0.9446357652121822
1680	1.361290796375226
1681	1.361290796375226
1682	1.361290796375226
1683	1.361290796375226
1684	1.361290796375226
1685	2.1427719057128987
1686	2.1427719057128987
1687	2.1427719057128987
1688	2.1427719057128987
1689	2.1427719057128987
1690	1.5190086995726169
1691	1.5190086995726169
1692	1.5190086995726169
1693	1.5190086995726169
1694	1.5190086995726169
1695	1.4099519189829661
1696	1.4099519189829661
1697	1.4099519189829661
1698	1.4099519189829661
1699	1.4099519189829661
1700	1.9123596393385822
1701	1.9123596393385822
1702	1.9123596393385822
1703	1.9123596393385822
1704	1.7631156772549064
1705	1.7631156772549064
1706	1.7631156772549064
1707	1.7631156772549064
1708	1.7631156772549064
1709	1.9366743592382414
1710	1.9366743592382414
1711	1.9366743592382414
1712	1.9366743592382414
1713	1.9366743592382414
1714	0.6469918056193007
1715	0.6469918056193007
1716	0.6469918056193007
1717	0.6469918056193007
1718	0.6469918056193007
1719	1.491005944389108
1720	1.491005944389108
1721	1.491005944389108
1722	1.491005944389108
1723	1.491005944389108
1724	4.179293335473248
1725	4.179293335473248
1726	4.179293335473248
1727	4.179293335473248
1728	4.179293335473248
1729	1.8312011872277318
1730	1.8312011872277318
1731	1.8312011872277318
1732	1.8312011872277318
1733	1.8312011872277318
1734	1.5645607256383258
1735	1.5645607256383258
1736	1.5645607256383258
1737	1.5645607256383258
1738	1.5645607256383258
1739	4.096386112145385
1740	4.096386112145385
1741	4.096386112145385
1742	4.096386112145385
1743	4.096386112145385
1744	3.3500507482512445
1745	3.3500507482512445
1746	3.3500507482512445
1747	3.3500507482512445
1748	3.3500507482512445
1749	6.309635352706174
1750	6.309635352706174
1751	6.309635352706174
1752	6.309635352706174
1753	6.309635352706174
1754	6.334986708186397
1755	6.334986708186397
1756	6.334986708186397
1757	6.334986708186397
1758	6.334986708186397
1759	4.371585191906901
1760	4.371585191906901
1761	4.371585191906901
1762	4.371585191906901
1763	4.371585191906901
1764	4.196792575367955
1765	4.196792575367955
1766	4.196792575367955
1767	4.196792575367955
1768	4.196792575367955
1769	3.3927180283774687
1770	3.3927180283774687
1771	3.3927180283774687
1772	3.3927180283774687
1773	3.3927180283774687
1774	3.3895525423958226
1775	3.3895525423958226
1776	3.3895525423958226
1777	3.3895525423958226
1778	3.3895525423958226
1779	7.079179426191149
1780	7.079179426191149
1781	7.079179426191149
1782	7.079179426191149
1783	7.079179426191149
1784	5.630378577077773
1785	5.630378577077773
1786	5.630378577077773
1787	5.630378577077773
1788	5.630378577077773
1789	2.5805624015904756
1790	2.5805624015904756
1791	2.5805624015904756
1792	2.5805624015904756
1793	2.5805624015904756
1794	1.176756926353376
1795	1.176756926353376
1796	1.176756926353376
1797	1.176756926353376
1798	1.176756926353376
1799	6.113679461097114
1800	6.113679461097114
1801	6.113679461097114
1802	6.113679461097114
1803	6.113679461097114
1804	1.2260948548020454
1805	1.2260948548020454
1806	1.2260948548020454
1807	1.2260948548020454
1808	1.1982212492981823
1809	1.1982212492981823
1810	1.1982212492981823
1811	1.1982212492981823
1812	1.1982212492981823
1813	4.798175454521111
1814	4.798175454521111
1815	4.798175454521111
1816	4.798175454521111
1817	0.8716454153326845
1818	0.8716454153326845
1819	0.8716454153326845
1820	0.8716454153326845
1821	0.8716454153326845
1822	1.6402282012284644
1823	1.6402282012284644
1824	1.6402282012284644
1825	1.6402282012284644
1826	1.6402282012284644
1827	1.4972996710747988
1828	1.4972996710747988
1829	1.4972996710747988
1830	1.4972996710747988
1831	1.4972996710747988
1832	1.4433549955828147
1833	1.4433549955828147
1834	1.4433549955828147
1835	1.4433549955828147
1836	1.4433549955828147
1837	0.7608931705111581
1838	0.7608931705111581
1839	0.7608931705111581
1840	0.7608931705111581
1841	0.7608931705111581
1842	0.429767291710898
1843	0.429767291710898
1844	0.429767291710898
1845	0.429767291710898
1846	0.429767291710898
1847	0.9057989812188219
1848	0.9057989812188219
1849	0.9057989812188219
1850	0.9057989812188219
1851	0.9057989812188219
1852	0.9598011814483098
1853	2.3630710553786067
1854	2.3630710553786067
1855	2.3630710553786067
1856	2.3630710553786067
1857	2.3630710553786067
1858	2.974055175199576
1859	2.974055175199576
1860	2.974055175199576
1861	2.974055175199576
1862	2.974055175199576
1863	1.3889002107250044
1864	1.3889002107250044
1865	1.3889002107250044
1866	1.3889002107250044
1867	1.3889002107250044
1868	1.1086782220678963
1869	1.1086782220678963
1870	1.1086782220678963
1871	1.1086782220678963
1872	1.1086782220678963
1873	0.8773391130534537
1874	0.8773391130534537
1875	1.9337208102750316
1876	1.9337208102750316
1877	1.9337208102750316
1878	1.9337208102750316
1879	1.9337208102750316
1880	1.6031360944587165
1881	1.6031360944587165
1882	1.6031360944587165
1883	1.6031360944587165
1884	1.6031360944587165
1885	2.6538197435158035
1886	2.6538197435158035
1887	2.6538197435158035
1888	2.6538197435158035
1889	2.6538197435158035
1890	2.000477009783032
1891	2.000477009783032
1892	2.000477009783032
1893	2.000477009783032
1894	2.000477009783032
1895	3.8105316101639053
1896	3.8105316101639053
1897	3.8105316101639053
1898	3.8105316101639053
1899	3.8105316101639053
1900	1.7423231477549805
1901	1.7423231477549805
1902	1.7423231477549805
1903	1.7423231477549805
1904	2.7728362351953724
1905	2.7728362351953724
1906	2.7728362351953724
1907	2.7728362351953724
1908	2.7728362351953724
1909	1.838130928931088
1910	1.838130928931088
1911	1.838130928931088
1912	1.838130928931088
1913	1.838130928931088
1914	1.6638696227281076
1915	1.6638696227281076
1916	1.6638696227281076
1917	1.6638696227281076
1918	1.6638696227281076
1919	0.9262692307084336
1920	0.9262692307084336
1921	0.9262692307084336
1922	0.9262692307084336
1923	0.9262692307084336
1924	1.5330290486835325
1925	1.5330290486835325
1926	1.5330290486835325
1927	1.5330290486835325
1928	1.5330290486835325
1929	1.9544084787802674
1930	1.9544084787802674
1931	1.9544084787802674
1932	1.9544084787802674
1933	1.9544084787802674
1934	1.9711796515808455
1935	1.9711796515808455
1936	1.9711796515808455
1937	1.9711796515808455
1938	1.9711796515808455
1939	1.9591041852328352
1940	1.9591041852328352
1941	1.9591041852328352
1942	1.9591041852328352
1943	1.9591041852328352
1944	1.5776604968758268
1945	1.5776604968758268
1946	1.5776604968758268
1947	1.5776604968758268
1948	1.5776604968758268
1949	0.6311725391229078
1950	0.6311725391229078
1951	0.6311725391229078
1952	0.6311725391229078
1953	0.6311725391229078
1954	1.9949929727192008
1955	1.9949929727192008
1956	1.9949929727192008
1957	6.960433140755319
1958	6.960433140755319
1959	6.960433140755319
1960	6.960433140755319
1961	6.960433140755319
1962	3.3256962079919914
1963	3.3256962079919914
1964	3.3256962079919914
1965	3.3256962079919914
1966	3.3256962079919914
1967	3.4482260515979877
1968	3.4482260515979877
1969	3.4482260515979877
1970	3.4482260515979877
1971	3.4482260515979877
1972	2.9573246630798744
1973	2.9573246630798744
1974	2.9573246630798744
1975	2.9573246630798744
1976	2.9573246630798744
1977	2.837543265155553
1978	2.837543265155553
1979	2.837543265155553
1980	2.837543265155553
1981	2.837543265155553
1982	4.601743092586957
1983	4.601743092586957
1984	4.601743092586957
1985	4.601743092586957
1986	4.601743092586957
1987	3.3391712691739435
1988	3.3391712691739435
1989	3.3391712691739435
1990	3.3391712691739435
1991	3.3391712691739435
1992	2.2677687229215673
1993	2.2677687229215673
1994	2.2677687229215673
1995	2.2677687229215673
1996	2.2677687229215673
1997	3.805129699173748
1998	3.805129699173748
1999	3.805129699173748
