0	2.28634681833302
1	2.28634681833302
2	1.9027195788371871
3	1.9027195788371871
4	2.0919062778935
5	2.0919062778935
6	1.5189132967374737
7	1.5189132967374737
8	2.0089234457417096
9	2.0089234457417096
10	2.033791777595505
11	2.033791777595505
12	1.9302396741727925
13	1.9302396741727925
14	1.9774051666072816
15	1.9774051666072816
16	1.7143650543345106
17	1.7143650543345106
18	2.062352258717071
19	2.062352258717071
20	2.6705634365151543
21	2.6705634365151543
22	1.3333507480763687
23	1.3333507480763687
24	2.274370382060517
25	2.274370382060517
26	2.4281207996622287
27	2.4281207996622287
28	2.382548792269494
29	2.382548792269494
30	1.6128108949627717
31	1.6128108949627717
32	2.9499548051848654
33	2.9499548051848654
34	2.677864492447213
35	2.677864492447213
36	2.0865418426275038
37	2.0865418426275038
38	1.9274737758890477
39	1.9274737758890477
40	2.2603304243517717
41	2.2603304243517717
42	1.3916390519171151
43	1.3916390519171151
44	2.349314990066487
45	2.349314990066487
46	1.3220324140234245
47	1.3220324140234245
48	1.793238192482296
49	1.793238192482296
50	1.1874321400993144
51	1.1874321400993144
52	2.5990641654688904
53	2.5990641654688904
54	1.978647322096438
55	1.978647322096438
56	1.2092551781315524
57	1.2092551781315524
58	2.6751245836297404
59	2.6751245836297404
60	2.0537293623552095
61	2.0537293623552095
62	1.838114947394567
63	1.838114947394567
64	1.287664437728703
65	1.287664437728703
66	3.0442170494170466
67	3.0442170494170466
68	1.7192862446221353
69	1.7192862446221353
70	2.1703848791214906
71	2.1703848791214906
72	2.2188219592624345
73	2.2188219592624345
74	2.2419603922864932
75	2.2419603922864932
76	2.0049867218769863
77	2.0049867218769863
78	2.341412357649741
79	2.341412357649741
80	1.4528468208933296
81	1.4528468208933296
82	1.5453514111541846
83	1.5453514111541846
84	1.0918676305827444
85	1.0918676305827444
86	2.117755698731144
87	2.117755698731144
88	2.497433042106328
89	2.497433042106328
90	2.28511251529226
91	2.28511251529226
92	1.3226743825746308
93	1.3226743825746308
94	1.7042913618578752
95	1.7042913618578752
96	2.158980359225186
97	2.158980359225186
98	1.474560413443224
99	1.474560413443224
100	2.466295551424819
101	2.466295551424819
102	2.4048971569919315
103	2.4048971569919315
104	1.8636548693520079
105	1.8636548693520079
106	1.6903376611386551
107	1.6903376611386551
108	1.6722500298646739
109	1.6722500298646739
110	1.0170095901972023
111	1.0170095901972023
112	1.923055997278574
113	1.923055997278574
114	1.7510609806554864
115	1.7510609806554864
116	2.4517296961824657
117	2.4517296961824657
118	2.3032013468970858
119	2.3032013468970858
120	2.2592771514902794
121	2.2592771514902794
122	2.508838242298257
123	2.508838242298257
124	2.0046063154536378
125	2.0046063154536378
126	2.4776975531171668
127	2.4776975531171668
128	1.4150818838034107
129	1.4150818838034107
130	1.9724903059256944
131	1.9724903059256944
132	2.547008110892411
133	2.547008110892411
134	2.0022717835555808
135	2.0022717835555808
136	2.3647193755184936
137	2.3647193755184936
138	2.491892468537303
139	2.491892468537303
140	1.711843996152834
141	1.711843996152834
142	2.363577503813138
143	2.363577503813138
144	2.075579488528569
145	2.075579488528569
146	2.029700604636863
147	2.029700604636863
148	1.7968203842082997
149	1.7968203842082997
150	1.9738434328360406
151	1.9738434328360406
152	2.665329272523827
153	2.665329272523827
154	1.9204261720959823
155	1.9204261720959823
156	2.607686329923897
157	2.607686329923897
158	2.343590422106403
159	2.343590422106403
160	1.4778545234835143
161	1.4778545234835143
162	1.593857546796703
163	1.593857546796703
164	2.17208963936713
165	2.17208963936713
166	1.7612044583656945
167	1.7612044583656945
168	2.8235100348245483
169	2.8235100348245483
170	1.7941341111695053
171	1.7941341111695053
172	2.15194681122805
173	2.15194681122805
174	2.1674892121194373
175	2.1674892121194373
176	2.2482484601892496
177	2.2482484601892496
178	2.762385019570401
179	2.762385019570401
180	1.8523799522060331
181	1.8523799522060331
182	2.3928635360119674
183	2.3928635360119674
184	2.4674473463448656
185	2.4674473463448656
186	2.1111995959523857
187	2.1111995959523857
188	2.7737608732808696
189	2.7737608732808696
190	2.4538955254035035
191	2.4538955254035035
192	2.0741770459538422
193	2.0741770459538422
194	2.2591879389655003
195	2.2591879389655003
196	2.099039305108702
197	2.099039305108702
198	1.8942713130593418
199	1.8942713130593418
200	1.9719620598652863
201	1.9719620598652863
202	1.952975219192685
203	1.952975219192685
204	1.813868255777096
205	1.813868255777096
206	2.345118784914061
207	2.345118784914061
208	2.3714266514702187
209	2.3714266514702187
210	1.7643144515408553
211	1.7643144515408553
212	2.2914156161969075
213	2.2914156161969075
214	3.778300893516939
215	3.778300893516939
216	1.8422182020964684
217	1.8422182020964684
218	2.0046231228700235
219	2.0046231228700235
220	1.538743140000883
221	1.538743140000883
222	1.8300688355344035
223	1.8300688355344035
224	2.2147300764062057
225	2.2147300764062057
226	1.7463314966851597
227	1.7463314966851597
228	1.7853243443739746
229	1.7853243443739746
230	1.50645026450953
231	1.50645026450953
232	2.095845529787756
233	2.095845529787756
234	1.824459604716166
235	1.824459604716166
236	2.5173555485701584
237	2.5173555485701584
238	1.6331699839575726
239	1.6331699839575726
240	1.338986391413811
241	1.338986391413811
242	2.091483925067747
243	2.091483925067747
244	2.683505724940085
245	2.683505724940085
246	1.877163061080493
247	1.877163061080493
248	2.178351390561164
249	2.178351390561164
250	2.162566807196764
251	2.162566807196764
252	2.2491843399359617
253	2.2491843399359617
254	2.5775796227372743
255	2.5775796227372743
256	1.7809056356146056
257	1.7809056356146056
258	2.351364460709616
259	2.351364460709616
260	2.3410470804862333
261	2.3410470804862333
262	1.1333720911858576
263	1.1333720911858576
264	1.7185655497683214
265	1.7185655497683214
266	2.475751493140238
267	2.475751493140238
268	1.921594345432377
269	1.921594345432377
270	1.865746893428772
271	1.865746893428772
272	1.4488148037249349
273	1.4488148037249349
274	1.2640408309241433
275	1.2640408309241433
276	1.7734279970981532
277	1.7734279970981532
278	1.2245354214444832
279	1.2245354214444832
280	0.7427949814836353
281	0.7427949814836353
282	2.085185115418609
283	2.085185115418609
284	1.0740380981905946
285	1.0740380981905946
286	1.7552706331753347
287	1.7552706331753347
288	1.6385298854084192
289	1.6385298854084192
290	1.7213204754243472
291	1.7213204754243472
292	1.4243790497921118
293	1.4243790497921118
294	1.7757129534133018
295	1.7757129534133018
296	1.7130737372420368
297	1.7130737372420368
298	1.6380749688849194
299	1.6380749688849194
300	1.375265100911848
301	1.375265100911848
302	1.7554219262021742
303	1.7554219262021742
304	1.5256257597319847
305	1.5256257597319847
306	1.632833500114633
307	1.632833500114633
308	1.9008338116157213
309	1.9008338116157213
310	1.879844679965973
311	1.879844679965973
312	1.8543001111663475
313	1.8543001111663475
314	1.198371274607709
315	1.198371274607709
316	0.9354982809800838
317	0.9354982809800838
318	1.4560511714352886
319	1.4560511714352886
320	1.1563732739563615
321	1.1563732739563615
322	1.9431039358397588
323	1.9431039358397588
324	2.164506380976418
325	2.164506380976418
326	0.7272157135484426
327	0.7272157135484426
328	1.3398169868305347
329	1.3398169868305347
330	1.4475932948521302
331	1.4475932948521302
332	1.0239270614455438
333	1.0239270614455438
334	1.7497091688467394
335	1.7497091688467394
336	1.9976693816051734
337	1.9976693816051734
338	1.8759298964970914
339	1.8759298964970914
340	1.3736916491600013
341	1.3736916491600013
342	1.7622391500974817
343	1.7622391500974817
344	1.4493516721670339
345	1.4493516721670339
346	1.8124119895371886
347	1.8124119895371886
348	1.8252820056892818
349	1.8252820056892818
350	1.40738648409887
351	1.40738648409887
352	1.515782390904719
353	1.515782390904719
354	1.8882081430678637
355	1.8882081430678637
356	0.9919058192753998
357	0.9919058192753998
358	1.5115937551994445
359	1.5115937551994445
360	1.4214335777449956
361	1.4214335777449956
362	1.5096644762342333
363	1.5096644762342333
364	1.9619006506815047
365	1.9619006506815047
366	1.6064084507930672
367	1.6064084507930672
368	1.225676803034275
369	1.225676803034275
370	3.5590535107989587
371	3.5590535107989587
372	2.196100423560207
373	2.196100423560207
374	2.935952210079436
375	3.4844208681049817
376	3.4844208681049817
377	2.3626762735790257
378	2.3626762735790257
379	2.4929959809482054
380	2.4929959809482054
381	3.3690483725609317
382	3.3690483725609317
383	3.37770676189822
384	3.37770676189822
385	3.863944975659126
386	3.863944975659126
387	3.0780454269879916
388	3.0780454269879916
389	2.7706654505426798
390	2.7706654505426798
391	2.7349930171063526
392	2.7349930171063526
393	2.9243616808565758
394	2.9243616808565758
395	3.0806129479993136
396	3.0806129479993136
397	4.419918311613027
398	4.419918311613027
399	2.58479047904021
400	1.4454480817534725
401	1.4454480817534725
402	1.456042587427611
403	1.456042587427611
404	1.2260714680089404
405	1.2260714680089404
406	0.7593175338789839
407	0.7593175338789839
408	1.3815669521198457
409	1.3815669521198457
410	0.7917743438329219
411	0.7917743438329219
412	0.8406637515044897
413	0.8406637515044897
414	1.0176681601311521
415	1.0176681601311521
416	0.9579889662439017
417	0.9579889662439017
418	0.7551713302763501
419	0.7551713302763501
420	1.1960146460112182
421	1.1960146460112182
422	0.9039200164861337
423	0.9039200164861337
424	0.836641681853715
425	0.836641681853715
426	1.2149996799102691
427	2.602548867377885
428	2.602548867377885
429	2.028583626237895
430	2.028583626237895
431	1.9661145795862436
432	1.9661145795862436
433	2.5777418955543827
434	2.5777418955543827
435	2.124873717993659
436	2.124873717993659
437	0.3624792779066004
438	0.3624792779066004
439	2.957101080831054
440	2.957101080831054
441	2.26115570603514
442	2.26115570603514
443	3.1221555959914755
444	3.1221555959914755
445	2.266668400160699
446	2.266668400160699
447	2.3381974021995973
448	2.3381974021995973
449	2.19033975959905
450	2.19033975959905
451	2.1142760906565505
452	2.1142760906565505
453	1.8209071372975703
454	1.8209071372975703
455	2.2927390971096058
456	2.2927390971096058
457	2.479244773162609
458	2.479244773162609
459	0.8999236461444078
460	0.8999236461444078
461	2.271973206508939
462	2.271973206508939
463	2.1352893701042652
464	2.1352893701042652
465	2.136901137401701
466	2.136901137401701
467	3.1834209007017105
468	3.1834209007017105
469	2.3126476752749103
470	2.3126476752749103
471	2.506467660796556
472	2.506467660796556
473	2.3084741105277464
474	2.3084741105277464
475	3.262973889746764
476	3.262973889746764
477	3.4793573170340166
478	3.4793573170340166
479	2.7251802340275373
480	2.7251802340275373
481	2.7041075193950923
482	2.7041075193950923
483	1.882707229584032
484	1.882707229584032
485	3.060915478639567
486	3.060915478639567
487	2.2223312944336246
488	2.2223312944336246
489	2.345452654181641
490	2.345452654181641
491	3.261814418524965
492	3.261814418524965
493	3.9695978163995593
494	3.9695978163995593
495	1.4307733652260302
496	1.4307733652260302
497	2.1641870801430714
498	2.1641870801430714
499	1.7574872478268373
500	1.7574872478268373
501	2.390470001397118
502	2.390470001397118
503	2.1623585060047037
504	2.1623585060047037
505	2.9338584581147362
506	2.9338584581147362
507	2.9271429372300783
508	2.9271429372300783
509	4.139302611313782
510	4.139302611313782
511	2.1849757361588895
512	2.1849757361588895
513	2.4248272847261725
514	2.4248272847261725
515	2.4114947602907857
516	2.4114947602907857
517	3.069141660932808
518	3.069141660932808
519	2.9278698098226155
520	2.9278698098226155
521	2.865149561502572
522	2.865149561502572
523	2.4760171483855395
524	2.4760171483855395
525	2.3829513361225314
526	2.3829513361225314
527	2.1695322805951727
528	2.1695322805951727
529	2.944462581588669
530	2.944462581588669
531	3.2462379037100453
532	3.2462379037100453
533	1.4614380709584842
534	1.4614380709584842
535	2.314697974553669
536	2.314697974553669
537	1.2947251414359802
538	1.2947251414359802
539	3.6058563344716528
540	3.6058563344716528
541	1.9119878267621027
542	1.9119878267621027
543	3.180642232515403
544	3.180642232515403
545	2.968976441053097
546	2.968976441053097
547	2.3576998075558713
548	2.3576998075558713
549	3.092906157599671
550	3.092906157599671
551	1.3079975972080726
552	1.3079975972080726
553	3.1387060073293287
554	3.1387060073293287
555	2.6469879293377
556	2.6469879293377
557	1.6284990234292895
558	1.6284990234292895
559	2.2055757678898122
560	2.2055757678898122
561	3.087552134967113
562	3.087552134967113
563	2.4570948738360694
564	2.4570948738360694
565	3.4147587319242003
566	3.4147587319242003
567	2.416739265177483
568	2.416739265177483
569	1.9809695996847925
570	1.9809695996847925
571	1.53529917019929
572	1.53529917019929
573	1.665088643813718
574	1.665088643813718
575	2.0852620243195097
576	2.0852620243195097
577	2.1799714499349587
578	2.1799714499349587
579	2.4241848575893097
580	2.4241848575893097
581	1.7719783244587943
582	1.7719783244587943
583	2.695865182180518
584	2.695865182180518
585	2.1037886348641868
586	2.1037886348641868
587	1.5606760782222209
588	1.5606760782222209
589	2.9782360535699564
590	2.9782360535699564
591	2.714000604934372
592	2.714000604934372
593	2.370780734815123
594	2.370780734815123
595	2.898847419026374
596	2.898847419026374
597	2.399981441570669
598	2.399981441570669
599	3.0865024155298135
600	3.0865024155298135
601	1.3800758097491708
602	1.3800758097491708
603	1.5249472897197411
604	1.5249472897197411
605	2.4754048172243412
606	2.4754048172243412
607	2.164734454542621
608	2.164734454542621
609	2.3298967117027876
610	2.3298967117027876
611	3.7403396999630596
612	3.7403396999630596
613	2.305425866339405
614	2.305425866339405
615	2.54620034843949
616	2.54620034843949
617	2.9342531749131484
618	2.9342531749131484
619	1.2020782724585386
620	1.2020782724585386
621	1.694745368251589
622	1.694745368251589
623	2.4051008439207586
624	2.4051008439207586
625	2.59631712042621
626	2.59631712042621
627	2.0341473723882486
628	2.0341473723882486
629	2.5327085657099278
630	2.5327085657099278
631	2.443354053022256
632	2.443354053022256
633	3.6878717228888203
634	3.6878717228888203
635	2.120151994167304
636	2.120151994167304
637	2.8344164443909823
638	2.8344164443909823
639	3.115976534900146
640	3.115976534900146
641	2.80199416314505
642	2.80199416314505
643	2.502104171660555
644	2.502104171660555
645	2.421242320921707
646	2.421242320921707
647	3.144743656744373
648	3.144743656744373
649	2.091828265079393
650	2.091828265079393
651	2.763993469801375
652	2.763993469801375
653	2.605718860301738
654	2.605718860301738
655	2.7639226344760948
656	2.7639226344760948
657	2.493936334010998
658	2.493936334010998
659	2.2694625865727422
660	2.2694625865727422
661	2.500163611296667
662	2.500163611296667
663	2.6238584872543487
664	2.6238584872543487
665	1.8370172734819619
666	1.8370172734819619
667	1.8694614709087567
668	1.8694614709087567
669	2.3746682700125006
670	2.3746682700125006
671	1.9429924563475773
672	1.9429924563475773
673	2.5588002346678733
674	2.5588002346678733
675	1.952695502624484
676	1.952695502624484
677	3.2474105991093456
678	3.2474105991093456
679	3.188615143310387
680	3.188615143310387
681	0.9772091459571131
682	0.9772091459571131
683	3.1663800946709957
684	3.1663800946709957
685	2.157027918086355
686	2.157027918086355
687	1.517428302453352
688	1.517428302453352
689	1.4769351719289898
690	1.4769351719289898
691	1.8763292301018113
692	1.8763292301018113
693	1.185727462018395
694	1.185727462018395
695	1.6707549021227186
696	1.6707549021227186
697	1.6956659943888588
698	1.6956659943888588
699	1.3552965066166907
700	1.3552965066166907
701	1.6749758776654151
702	1.6749758776654151
703	1.2127514943328925
704	1.2127514943328925
705	1.3815659311391584
706	1.3815659311391584
707	1.6242412590108222
708	1.6242412590108222
709	1.1628384064340094
710	1.1628384064340094
711	2.0908989377889315
712	2.0908989377889315
713	1.0627099416892412
714	1.0627099416892412
715	1.7062384259029801
716	1.7062384259029801
717	2.15286685078824
718	2.15286685078824
719	2.096503843570252
720	2.096503843570252
721	1.122170711976433
722	1.122170711976433
723	2.2742888228077227
724	2.2742888228077227
725	1.079018389451662
726	1.079018389451662
727	1.8554145720034243
728	1.8554145720034243
729	1.475723270503984
730	1.475723270503984
731	0.8954775817721707
732	0.8954775817721707
733	1.2694578015251607
734	1.2694578015251607
735	1.8424084010826505
736	1.8424084010826505
737	1.005974402876923
738	1.005974402876923
739	0.8371874275629291
740	0.8371874275629291
741	1.9081204634169306
742	1.9081204634169306
743	1.413486194183068
744	1.413486194183068
745	1.428267530495129
746	1.428267530495129
747	1.1015849615106408
748	1.1015849615106408
749	1.3929875887217378
750	1.3929875887217378
751	1.8544654268234186
752	1.8544654268234186
753	0.8795976296666912
754	0.8795976296666912
755	1.8291325701112877
756	1.8291325701112877
757	2.0913325987510007
758	2.0913325987510007
759	2.0320286998122414
760	2.0320286998122414
761	1.4613185520759249
762	1.4613185520759249
763	0.6655359170128654
764	0.6655359170128654
765	1.4208618702710067
766	1.4208618702710067
767	2.2867799089467753
768	2.2867799089467753
769	1.8643752977086032
770	1.8643752977086032
771	1.601814002371122
772	1.601814002371122
773	0.5995393911841449
774	0.5995393911841449
775	1.022511091689724
776	1.022511091689724
777	0.8183383789702795
778	0.8183383789702795
779	1.6350643589750335
780	1.6350643589750335
781	2.1097843872168323
782	2.1097843872168323
783	1.5599959887814725
784	1.5599959887814725
785	1.4858018027567665
786	1.4858018027567665
787	1.0394953957653905
788	1.0394953957653905
789	2.1932260870011624
790	2.1932260870011624
791	1.4105213535930898
792	1.4105213535930898
793	1.5378709023588082
794	1.5378709023588082
795	1.218605563873761
796	1.218605563873761
797	1.8104169366895166
798	1.8104169366895166
799	1.203058976856287
800	1.203058976856287
801	2.01695101641441
802	2.01695101641441
803	1.3041210705714419
804	1.3041210705714419
805	1.557867473503593
806	1.557867473503593
807	1.6447864350747918
808	1.6447864350747918
809	1.7692207572320513
810	1.7692207572320513
811	1.2202649494693896
812	1.2202649494693896
813	0.39551109436643506
814	0.39551109436643506
815	1.8905656595272986
816	1.8905656595272986
817	1.884987240562654
818	1.884987240562654
819	0.9980727019852529
820	0.9980727019852529
821	1.5398020205557876
822	1.5398020205557876
823	2.710060798895033
824	2.710060798895033
825	1.85235507330408
826	1.85235507330408
827	1.3447567870327195
828	1.3447567870327195
829	1.6849773081142163
830	1.6849773081142163
831	1.3139335090606958
832	1.3139335090606958
833	1.4731232927802995
834	1.4731232927802995
835	1.7554530806620348
836	1.7554530806620348
837	2.4666607383400114
838	2.4666607383400114
839	1.6892377036345765
840	1.6892377036345765
841	1.6866678050966042
842	1.6866678050966042
843	1.477583529676634
844	1.477583529676634
845	1.4043191408583504
846	1.4043191408583504
847	1.8862096003996973
848	1.8862096003996973
849	1.8285306074632106
850	1.8285306074632106
851	1.2709327245816893
852	1.2709327245816893
853	1.5903037936571176
854	1.5903037936571176
855	1.8208336467895863
856	1.8208336467895863
857	0.9944334411605846
858	0.9944334411605846
859	1.724560205385892
860	1.724560205385892
861	2.7968190365237673
862	2.7968190365237673
863	2.1252716510805847
864	3.7314383381904355
865	3.7314383381904355
866	3.9719354062565193
867	3.9719354062565193
868	4.85496625753433
869	4.85496625753433
870	3.936741265525494
871	3.936741265525494
872	3.2236442862051082
873	3.2236442862051082
874	3.766868413107285
875	3.766868413107285
876	3.624977866013735
877	3.624977866013735
878	2.7837731437216044
879	2.7837731437216044
880	3.8810175510977847
881	3.8810175510977847
882	4.0651350964844415
883	4.0651350964844415
884	4.30413077351146
885	4.30413077351146
886	5.05168720328044
887	5.05168720328044
888	3.369717914278277
889	3.369717914278277
890	5.445531870239181
891	5.445531870239181
892	4.692378838783327
893	4.692378838783327
894	3.3653346922794465
895	3.3653346922794465
896	3.7185061669279085
897	3.7185061669279085
898	5.643443248646486
899	5.643443248646486
900	2.4143346232308245
901	2.4143346232308245
902	3.5763369457391936
903	1.5329509562214443
904	1.5329509562214443
905	1.1742351917368357
906	1.1742351917368357
907	1.126611344813075
908	1.126611344813075
909	1.4593635972073773
910	1.4593635972073773
911	1.343635913308834
912	1.343635913308834
913	1.2875297815027464
914	1.2875297815027464
915	1.4340128934542804
916	1.4340128934542804
917	1.2018062529921727
918	1.2018062529921727
919	1.502123325332033
920	1.502123325332033
921	1.4907221619640678
922	1.4907221619640678
923	1.6360972453275133
924	1.6360972453275133
925	0.8927471819378008
926	0.8927471819378008
927	0.9858660904218502
928	0.9858660904218502
929	1.0898075210624776
930	1.0898075210624776
931	1.023383222771948
932	1.023383222771948
933	1.5012718360450208
934	1.5012718360450208
935	1.3857954444294098
936	1.3857954444294098
937	0.927639810787141
938	0.927639810787141
939	0.8936258013887988
940	0.8936258013887988
941	1.0591931857566554
942	1.0591931857566554
943	1.1171241121310103
944	1.1171241121310103
945	0.9235556688123263
946	0.9235556688123263
947	1.141072072139703
948	1.141072072139703
949	1.0351694623811118
950	1.0351694623811118
951	1.4872114368422868
952	1.4872114368422868
953	1.0352381942592719
954	1.0352381942592719
955	0.7673371828905526
956	0.7673371828905526
957	1.0324257754962567
958	1.0324257754962567
959	1.0697572370425446
960	1.0697572370425446
961	1.1779376794208327
962	1.1779376794208327
963	1.0001599117817221
964	1.0001599117817221
965	0.8312755423140411
966	0.8312755423140411
967	1.2288562275819432
968	1.2288562275819432
969	0.981970774731149
970	0.981970774731149
971	0.8754840419080481
972	0.8754840419080481
973	0.9876264183819927
974	0.9876264183819927
975	0.985540105736691
976	0.985540105736691
977	1.0691655008204186
978	1.0691655008204186
979	0.8085828503358101
980	0.8085828503358101
981	1.2451421685754553
982	1.2451421685754553
983	1.5223633884759973
984	1.5223633884759973
985	1.5338220162464953
986	1.5338220162464953
987	1.340652363115356
988	1.340652363115356
989	1.203314961716487
990	1.203314961716487
991	1.0310034462745659
992	1.0310034462745659
993	1.4263227874376556
994	1.4263227874376556
995	1.2771209209021128
996	1.2771209209021128
997	1.1080612603114615
998	1.1080612603114615
999	1.105109911730723
1000	1.105109911730723
1001	0.661855909939647
1002	0.661855909939647
1003	0.974758077122272
1004	0.974758077122272
1005	1.3652556472577846
1006	1.3652556472577846
1007	1.2356403931386706
1008	1.2356403931386706
1009	1.021469387198534
1010	1.021469387198534
1011	0.7749130396907822
1012	0.7749130396907822
1013	0.6667813239417564
1014	0.6667813239417564
1015	1.5079163459192277
1016	1.5079163459192277
1017	1.200839584455766
1018	1.200839584455766
1019	1.0474986340727297
1020	1.0474986340727297
1021	0.7037658182274452
1022	0.7037658182274452
1023	1.2174298195137188
1024	1.2174298195137188
1025	0.6352157263547171
1026	0.6352157263547171
1027	0.9557933097401685
1028	0.9557933097401685
1029	1.8143509560099242
1030	1.8143509560099242
1031	1.0368914655222519
1032	1.0368914655222519
1033	0.9533409440128586
1034	0.9533409440128586
1035	1.1243123575848113
1036	1.1243123575848113
1037	1.2200519494465565
1038	1.2200519494465565
1039	1.4597143229017753
1040	1.4597143229017753
1041	0.8385784883593033
1042	0.8385784883593033
1043	1.611723407209292
1044	5.048987536354249
1045	5.048987536354249
1046	4.410856533470197
1047	4.410856533470197
1048	2.6477221266268915
1049	2.6477221266268915
1050	2.7095572062624704
1051	2.7095572062624704
1052	3.813277685641351
1053	3.813277685641351
1054	5.57822813865839
1055	5.57822813865839
1056	5.223817611680978
1057	5.223817611680978
1058	2.9433164759919466
1059	2.9433164759919466
1060	5.462933600935542
1061	5.462933600935542
1062	2.970159759512622
1063	2.970159759512622
1064	3.673448053568297
1065	3.673448053568297
1066	5.356471380157579
1067	5.356471380157579
1068	5.501084557347405
1069	5.501084557347405
1070	2.855105856849667
1071	2.855105856849667
1072	5.912830984461161
1073	5.912830984461161
1074	3.9532465888826294
1075	3.9532465888826294
1076	4.571314233840919
1077	4.571314233840919
1078	5.575315010962873
1079	5.575315010962873
1080	2.33196235283693
1081	2.33196235283693
1082	4.192281738909835
1083	4.192281738909835
1084	4.598430524838599
1085	4.598430524838599
1086	5.322158582370395
1087	5.322158582370395
1088	2.278068234682597
1089	2.278068234682597
1090	4.852814085240136
1091	4.852814085240136
1092	4.788659055786698
1093	4.788659055786698
1094	3.629646850963198
1095	3.629646850963198
1096	4.544005924431653
1097	4.544005924431653
1098	4.133331759041648
1099	4.133331759041648
1100	5.3297464153361
1101	5.3297464153361
1102	5.299610761643801
1103	5.299610761643801
1104	4.863394031813792
1105	4.863394031813792
1106	5.0732582919754154
1107	5.0732582919754154
1108	3.4464800120238674
1109	3.4464800120238674
1110	4.900809321159294
1111	4.900809321159294
1112	4.933753180058706
1113	4.933753180058706
1114	5.909399197768384
1115	5.909399197768384
1116	5.5996405650733205
1117	5.5996405650733205
1118	3.0638734300375168
1119	3.0638734300375168
1120	3.6318113997143366
1121	3.6318113997143366
1122	4.580336985105111
1123	4.580336985105111
1124	3.4475233759585118
1125	3.4475233759585118
1126	4.460053170853655
1127	4.460053170853655
1128	2.3594148099070953
1129	2.3594148099070953
1130	5.054184485846228
1131	5.054184485846228
1132	4.027638890966769
1133	4.027638890966769
1134	4.358809403877743
1135	4.358809403877743
1136	4.331640684017652
1137	4.331640684017652
1138	3.811481044836474
1139	2.168687305746765
1140	2.168687305746765
1141	1.7735951292468388
1142	1.7735951292468388
1143	1.3240966279053554
1144	1.3240966279053554
1145	1.205534410870206
1146	1.205534410870206
1147	2.3800098726758394
1148	2.3800098726758394
1149	1.9804904127785443
1150	1.9804904127785443
1151	1.8277292868647845
1152	1.8277292868647845
1153	1.865382408130199
1154	1.865382408130199
1155	1.5615099139281319
1156	1.5615099139281319
1157	5.096807175590319
1158	5.096807175590319
1159	3.418697037444893
1160	3.418697037444893
1161	3.6272969927737133
1162	3.6272969927737133
1163	3.023961676534711
1164	3.023961676534711
1165	3.462923158147024
1166	3.462923158147024
1167	3.5336843677774485
1168	3.5336843677774485
1169	5.08162304809042
1170	5.08162304809042
1171	4.900114676156621
1172	4.900114676156621
1173	4.497249670862533
1174	3.3624172307608897
1175	3.3624172307608897
1176	0.8845990297992876
1177	0.8845990297992876
1178	2.9855101091151504
1179	2.9855101091151504
1180	2.933002614755764
1181	2.933002614755764
1182	2.7242512510492136
1183	2.7242512510492136
1184	3.2326599974860337
1185	3.2326599974860337
1186	2.219457230159946
1187	2.219457230159946
1188	2.126270935358416
1189	2.126270935358416
1190	2.181619391282437
1191	2.181619391282437
1192	2.4595240253403885
1193	2.4595240253403885
1194	1.2823871641541436
1195	1.2823871641541436
1196	2.4462521587016224
1197	2.4462521587016224
1198	1.9816820910309674
1199	1.9816820910309674
1200	2.310138810199369
1201	2.310138810199369
1202	1.918380826704248
1203	1.918380826704248
1204	2.0190314083295133
1205	2.0190314083295133
1206	2.0466824913358854
1207	2.0466824913358854
1208	1.4326860986004732
1209	1.4326860986004732
1210	2.560150803023195
1211	2.560150803023195
1212	2.1391178769716857
1213	2.1391178769716857
1214	2.242299468857343
1215	2.242299468857343
1216	1.7389461408826092
1217	1.7389461408826092
1218	2.3297183144241194
1219	2.3297183144241194
1220	2.1713195983519165
1221	2.1713195983519165
1222	1.2150538720921205
1223	1.2150538720921205
1224	1.9552946174886865
1225	1.9552946174886865
1226	2.1197591349667664
1227	2.1197591349667664
1228	2.279566849343894
1229	2.279566849343894
1230	2.229606157739919
1231	2.229606157739919
1232	1.7729308811301232
1233	1.7729308811301232
1234	1.697699683370995
1235	1.697699683370995
1236	2.335571227904433
1237	2.335571227904433
1238	2.2441310316898506
1239	2.2441310316898506
1240	1.4766782965729424
1241	1.4766782965729424
1242	1.4067386342522854
1243	1.4067386342522854
1244	1.0322002307209708
1245	1.0322002307209708
1246	1.5537328795244818
1247	1.5537328795244818
1248	1.3885698465721417
1249	1.3885698465721417
1250	1.4533396699607766
1251	1.4533396699607766
1252	1.726827482167253
1253	1.726827482167253
1254	3.7200994796243267
1255	3.7200994796243267
1256	4.884783325921977
1257	4.884783325921977
1258	4.418334492906884
1259	4.418334492906884
1260	3.598121488693658
1261	3.598121488693658
1262	4.2825709394788225
1263	4.2825709394788225
1264	4.260949669133322
1265	4.260949669133322
1266	5.136967238421063
1267	5.136967238421063
1268	5.059977646570288
1269	5.059977646570288
1270	5.634628863422437
1271	5.634628863422437
1272	4.455035481071495
1273	4.455035481071495
1274	5.003656772546623
1275	5.003656772546623
1276	3.3508767486017668
1277	3.3508767486017668
1278	3.237812107400134
1279	3.237812107400134
1280	3.062491329876817
1281	3.062491329876817
1282	2.689191677783649
1283	2.689191677783649
1284	3.4743227772209915
1285	3.4743227772209915
1286	3.4450241214592663
1287	3.4450241214592663
1288	3.743568358207499
1289	3.743568358207499
1290	4.503508987088057
1291	4.503508987088057
1292	3.7571377062050373
1293	3.7571377062050373
1294	4.6656576932707186
1295	4.6656576932707186
1296	3.1769817462102035
1297	3.1769817462102035
1298	4.140481356585534
1299	4.140481356585534
1300	3.625174025495157
1301	3.625174025495157
1302	6.3392667875784525
1303	6.3392667875784525
1304	4.98815945112227
1305	4.98815945112227
1306	3.65845573697956
1307	3.65845573697956
1308	4.09384761675553
1309	4.09384761675553
1310	3.0663576483860657
1311	3.0663576483860657
1312	4.983717883164725
1313	4.983717883164725
1314	3.2680294402885597
1315	3.2680294402885597
1316	4.270222714215523
1317	4.270222714215523
1318	4.63117445059696
1319	4.63117445059696
1320	2.9389740526960932
1321	2.9389740526960932
1322	3.8871205405626243
1323	3.8871205405626243
1324	4.759598451107326
1325	4.759598451107326
1326	4.376198399440173
1327	4.376198399440173
1328	5.8035684957743525
1329	5.8035684957743525
1330	3.3739838393475723
1331	3.3739838393475723
1332	2.999539525110439
1333	2.999539525110439
1334	3.718095610491275
1335	3.718095610491275
1336	5.028060965989028
1337	5.028060965989028
1338	4.996782639841529
1339	4.996782639841529
1340	3.370394666532554
1341	3.370394666532554
1342	3.8104762687180544
1343	3.8104762687180544
1344	3.37869998278703
1345	3.37869998278703
1346	4.008542490120067
1347	4.008542490120067
1348	4.338837493160529
1349	4.338837493160529
1350	4.027028433290462
1351	4.027028433290462
1352	4.333732188183622
1353	4.333732188183622
1354	4.702681687240146
1355	4.702681687240146
1356	3.620063553360235
1357	3.620063553360235
1358	2.9014317102970866
1359	2.9014317102970866
1360	3.1618937022950204
1361	3.1618937022950204
1362	2.788493522159965
1363	2.788493522159965
1364	5.4841600291410675
1365	5.4841600291410675
1366	4.244086922986676
1367	4.244086922986676
1368	4.428090172248432
1369	4.428090172248432
1370	3.8762611860678087
1371	3.8762611860678087
1372	3.014223493938577
1373	3.014223493938577
1374	5.09593131420201
1375	5.09593131420201
1376	3.024275928879692
1377	3.024275928879692
1378	4.808391794896517
1379	4.808391794896517
1380	3.3144087868254046
1381	3.3144087868254046
1382	4.022748661422666
1383	4.022748661422666
1384	4.752316348388157
1385	4.752316348388157
1386	4.607575629430605
1387	4.607575629430605
1388	2.6521534504251174
1389	2.6521534504251174
1390	3.2677631968906433
1391	3.2677631968906433
1392	4.198898709784993
1393	4.198898709784993
1394	3.1126956097789042
1395	1.2671664266876765
1396	1.2671664266876765
1397	1.2043112878227862
1398	1.2043112878227862
1399	1.458617039168924
1400	1.458617039168924
1401	1.8373304125510175
1402	1.8373304125510175
1403	1.7455919202074548
1404	1.7455919202074548
1405	1.442510578689197
1406	1.442510578689197
1407	3.21104189524464
1408	3.21104189524464
1409	3.4811589868304793
1410	3.4811589868304793
1411	3.1686172304106406
1412	3.1686172304106406
1413	3.900997930591969
1414	3.900997930591969
1415	2.6712709402262655
1416	2.6712709402262655
1417	2.5293247753764514
1418	2.5293247753764514
1419	3.3976123876751765
1420	3.3976123876751765
1421	2.8892238258381617
1422	2.8892238258381617
1423	2.3188492147596116
1424	2.3188492147596116
1425	3.239949198190785
1426	3.239949198190785
1427	3.3480473190277213
1428	3.3480473190277213
1429	3.5327828049432872
1430	3.5327828049432872
1431	2.429262616777684
1432	2.429262616777684
1433	2.859004161009468
1434	2.859004161009468
1435	3.3887474369240276
1436	3.3887474369240276
1437	4.3034612856516565
1438	4.3034612856516565
1439	2.7728882542334654
1440	2.7728882542334654
1441	3.3964836866044306
1442	3.3964836866044306
1443	3.8589742289155518
1444	3.8589742289155518
1445	3.0241340748013155
1446	3.0241340748013155
1447	2.565404731972363
1448	2.565404731972363
1449	2.7455564571318942
1450	2.7455564571318942
1451	2.3139585357191597
1452	2.3139585357191597
1453	2.2435528194809997
1454	2.2435528194809997
1455	2.2427881683232584
1456	2.2427881683232584
1457	3.1509550960609527
1458	3.1509550960609527
1459	3.457760728518426
1460	3.457760728518426
1461	3.514472760990001
1462	3.514472760990001
1463	2.0598826736771505
1464	2.0598826736771505
1465	3.441693160752956
1466	3.441693160752956
1467	3.6884853745271764
1468	3.6884853745271764
1469	1.7496462730127293
1470	1.7496462730127293
1471	3.6223569489161562
1472	3.6223569489161562
1473	2.519638339409094
1474	2.519638339409094
1475	2.2087196663967057
1476	2.2087196663967057
1477	2.9926801613554743
1478	2.9926801613554743
1479	2.4882094588741315
1480	2.4882094588741315
1481	3.5093667721629753
1482	3.5093667721629753
1483	2.2304477138618357
1484	2.2304477138618357
1485	3.382917470751133
1486	3.382917470751133
1487	3.5328609084781766
1488	3.5328609084781766
1489	1.5590306214919212
1490	1.5590306214919212
1491	3.426391870225212
1492	3.426391870225212
1493	2.016911760669803
1494	2.016911760669803
1495	2.6088871984364133
1496	2.6088871984364133
1497	3.017378418533817
1498	3.017378418533817
1499	2.875293648518102
1500	2.875293648518102
1501	2.97766938342748
1502	2.97766938342748
1503	2.8511594407558873
1504	2.8511594407558873
1505	1.7790953996232752
1506	1.7790953996232752
1507	3.3580710281995203
1508	3.3580710281995203
1509	4.107629080917651
1510	4.107629080917651
1511	2.6616213086648832
1512	2.6616213086648832
1513	3.3433592349975214
1514	3.3433592349975214
1515	2.80416679349005
1516	2.80416679349005
1517	3.530770539508893
1518	3.530770539508893
1519	3.119941623075785
1520	3.119941623075785
1521	1.8990430264473468
1522	1.8990430264473468
1523	3.7305586353030176
1524	3.7305586353030176
1525	3.9064844478000085
1526	3.9064844478000085
1527	3.006273555835263
1528	3.006273555835263
1529	2.700950953488139
1530	2.700950953488139
1531	2.651038928995291
1532	2.651038928995291
1533	3.6728952577375615
1534	3.6728952577375615
1535	2.6770872179979914
1536	2.6770872179979914
1537	1.9626945242859843
1538	1.9626945242859843
1539	2.70584146854053
1540	2.70584146854053
1541	2.266851743770743
1542	2.266851743770743
1543	2.968023299228464
1544	2.968023299228464
1545	2.7740527740025374
1546	2.7740527740025374
1547	3.085240301401341
1548	3.085240301401341
1549	5.104576200581905
1550	5.104576200581905
1551	3.228651018343736
1552	3.228651018343736
1553	3.423708940626212
1554	3.423708940626212
1555	3.4586523917105456
1556	3.4586523917105456
1557	2.859951758898698
1558	2.859951758898698
1559	4.500179200262567
1560	4.500179200262567
1561	3.574845521527037
1562	3.574845521527037
1563	2.8890481617534696
1564	2.8890481617534696
1565	2.21620910592342
1566	2.21620910592342
1567	2.5728686602705126
1568	2.5728686602705126
1569	2.0456352694307247
1570	2.0456352694307247
1571	2.9829542833951623
1572	2.9829542833951623
1573	2.273950174252058
1574	2.273950174252058
1575	2.4192054421238782
1576	2.4192054421238782
1577	2.8142588209377246
1578	2.8142588209377246
1579	1.9462755647646208
1580	1.9462755647646208
1581	3.7126243678066064
1582	3.7126243678066064
1583	3.2390756146158624
1584	3.2390756146158624
1585	3.0076463170839305
1586	3.0076463170839305
1587	3.026296388471644
1588	3.026296388471644
1589	3.4666197463872255
1590	3.4666197463872255
1591	3.600707052078924
1592	3.600707052078924
1593	2.3216274614957806
1594	2.3216274614957806
1595	2.3286686144333015
1596	3.299150970217062
1597	3.299150970217062
1598	2.764155090112665
1599	2.764155090112665
1600	3.967598244876256
1601	3.967598244876256
1602	3.283487565755321
1603	3.7175952479549097
1604	3.7175952479549097
1605	3.5557566513322136
1606	3.5557566513322136
1607	4.051974486866621
1608	4.051974486866621
1609	5.342783398198602
1610	5.342783398198602
1611	3.9891292176243214
1612	3.9891292176243214
1613	3.792447424642665
1614	3.792447424642665
1615	4.1991041068737225
1616	4.1991041068737225
1617	4.024856879743911
1618	4.024856879743911
1619	3.3252108967234477
1620	3.3252108967234477
1621	2.2004743145871397
1622	2.2004743145871397
1623	3.736681304827771
1624	3.736681304827771
1625	4.365915651570882
1626	4.365915651570882
1627	3.2354703261774644
1628	3.2354703261774644
1629	2.897263618508869
1630	2.897263618508869
1631	2.6901811769210484
1632	2.6901811769210484
1633	3.857445786124677
1634	3.857445786124677
1635	4.308855635004745
1636	4.308855635004745
1637	3.7027156591688875
1638	3.7027156591688875
1639	3.7351584918190484
1640	3.7351584918190484
1641	3.8009609671421005
1642	3.8009609671421005
1643	3.9613316073767777
1644	3.9613316073767777
1645	5.15741558900407
1646	5.15741558900407
1647	4.136067695736564
1648	4.136067695736564
1649	2.959515735915361
1650	2.959515735915361
1651	3.3520480600402895
1652	3.3520480600402895
1653	3.862623665044366
1654	3.862623665044366
1655	4.1169134811947385
1656	4.1169134811947385
1657	2.520767999254498
1658	2.520767999254498
1659	3.145051053244045
1660	3.145051053244045
1661	4.8174206884403485
1662	4.8174206884403485
1663	3.655012248811694
1664	3.655012248811694
1665	4.855653789612033
1666	4.855653789612033
1667	3.4062758593249693
1668	3.4062758593249693
1669	2.9562353486379145
1670	2.9562353486379145
1671	3.7507085818999304
1672	3.7507085818999304
1673	3.6477012862184752
1674	3.6477012862184752
1675	3.3086520085951894
1676	3.3086520085951894
1677	4.13190082423504
1678	4.13190082423504
1679	0.7744647211155966
1680	0.7744647211155966
1681	5.4236365582671455
1682	5.4236365582671455
1683	4.70936699961974
1684	4.70936699961974
1685	4.592427766203673
1686	4.592427766203673
1687	4.9609695396825835
1688	4.9609695396825835
1689	3.0960503634390037
1690	3.0960503634390037
1691	3.500439165085174
1692	3.500439165085174
1693	4.71907150736492
1694	4.71907150736492
1695	6.701736230739584
1696	6.701736230739584
1697	3.2309737568057173
1698	3.2309737568057173
1699	4.187890531894663
1700	4.187890531894663
1701	3.879560676309669
1702	3.879560676309669
1703	5.123437700151628
1704	5.123437700151628
1705	3.808271798440601
1706	3.808271798440601
1707	4.800248319208369
1708	4.800248319208369
1709	4.885002334677962
1710	4.885002334677962
1711	4.141839249210715
1712	4.141839249210715
1713	3.9471583543105657
1714	3.9471583543105657
1715	4.697405259147057
1716	4.697405259147057
1717	3.1036697357916543
1718	3.1036697357916543
1719	3.9558435262182803
1720	3.9558435262182803
1721	4.796061424986939
1722	4.796061424986939
1723	5.327206634415123
1724	5.327206634415123
1725	3.5548378627189976
1726	3.5548378627189976
1727	3.150461485418919
1728	3.150461485418919
1729	4.119359523256036
1730	4.119359523256036
1731	3.931802655435832
1732	3.931802655435832
1733	5.909842455706642
1734	5.909842455706642
1735	7.303249948051091
1736	7.303249948051091
1737	3.495477903890506
1738	3.495477903890506
1739	4.733572523031167
1740	4.733572523031167
1741	3.9850071627388144
1742	3.9850071627388144
1743	4.251731635741349
1744	4.251731635741349
1745	4.357165485483669
1746	4.357165485483669
1747	3.6189638449975092
1748	3.6189638449975092
1749	4.74211795934556
1750	4.74211795934556
1751	3.7900151549502117
1752	3.7900151549502117
1753	5.107227449044919
1754	5.107227449044919
1755	3.261007326842103
1756	3.261007326842103
1757	5.49577103573532
1758	5.49577103573532
1759	5.418226219604691
1760	5.418226219604691
1761	3.611761324909108
1762	3.611761324909108
1763	5.69994144761782
1764	5.69994144761782
1765	4.752433970681716
1766	4.752433970681716
1767	4.208773156590608
1768	4.208773156590608
1769	4.6343887849617795
1770	4.6343887849617795
1771	3.8669755127195446
1772	3.8669755127195446
1773	3.550558160044758
1774	3.550558160044758
1775	5.142749448713435
1776	5.142749448713435
1777	4.506235357085931
1778	4.506235357085931
1779	2.8251298305483545
1780	2.8251298305483545
1781	3.561898179473768
1782	3.561898179473768
1783	3.8518909358730573
1784	3.8518909358730573
1785	2.7408272325978174
1786	2.7408272325978174
1787	5.283129841970837
1788	5.283129841970837
1789	4.912837226620454
1790	4.912837226620454
1791	4.33133071107489
1792	4.33133071107489
1793	4.310766865197226
1794	4.310766865197226
1795	4.745530185918797
1796	4.745530185918797
1797	4.000919558785209
1798	4.000919558785209
1799	3.8682681015598934
1800	3.8682681015598934
1801	5.333134373436986
1802	5.333134373436986
1803	3.7931924959612084
1804	3.7931924959612084
1805	4.24105862154497
1806	4.24105862154497
1807	4.670978490628812
1808	4.670978490628812
1809	3.4018476996881235
1810	3.4018476996881235
1811	3.511556818154682
1812	3.511556818154682
1813	5.219846467164134
1814	5.219846467164134
1815	4.830141573181743
1816	4.830141573181743
1817	3.7638795803852205
1818	3.7638795803852205
1819	4.009699619918485
1820	4.009699619918485
1821	4.211229246195138
1822	4.211229246195138
1823	4.943406173024141
1824	4.943406173024141
1825	4.844102988532262
1826	0.916624384980697
1827	0.916624384980697
1828	1.7400461244504268
1829	1.7400461244504268
1830	1.7567039139452507
1831	1.7567039139452507
1832	1.2840780277716426
1833	1.2840780277716426
1834	1.283810190456214
1835	1.283810190456214
1836	1.1654639374844158
1837	1.1654639374844158
1838	1.496436545005416
1839	1.496436545005416
1840	1.1384306738603076
1841	1.1384306738603076
1842	1.0573453442027834
1843	1.0573453442027834
1844	1.7422912397056993
1845	1.7422912397056993
1846	1.4891379726503535
1847	1.4891379726503535
1848	1.9237121506393888
1849	1.9237121506393888
1850	1.9418210974679966
1851	1.9418210974679966
1852	1.5252548472757952
1853	1.5252548472757952
1854	1.757037850588276
1855	1.757037850588276
1856	2.247060175152569
1857	2.247060175152569
1858	1.9965855323633273
1859	1.9965855323633273
1860	1.6860580213615068
1861	1.6860580213615068
1862	1.594759046093795
1863	1.594759046093795
1864	1.7089488281824203
1865	1.7089488281824203
1866	1.6839142274108039
1867	1.6839142274108039
1868	1.9777927028410285
1869	1.9777927028410285
1870	1.6442245349138735
1871	1.6442245349138735
1872	1.8034751728791307
1873	1.8034751728791307
1874	1.5065585243197144
1875	1.5065585243197144
1876	1.3531094405221877
1877	1.3531094405221877
1878	2.0007398776612684
1879	2.0007398776612684
1880	1.3086863070983197
1881	1.3086863070983197
1882	2.2567305133003197
1883	2.2567305133003197
1884	1.4821206350233351
1885	1.4821206350233351
1886	1.9003092873882115
1887	1.9003092873882115
1888	2.0309792065889285
1889	2.0309792065889285
1890	1.8226261093934308
1891	1.8226261093934308
1892	1.6495469026569842
1893	1.6495469026569842
1894	1.4154135754650075
1895	1.4154135754650075
1896	1.2242153991529645
1897	1.2242153991529645
1898	1.0177754091880995
1899	0.21117547305271525
1900	0.21117547305271525
1901	0.2148141549132057
1902	0.2148141549132057
1903	0.12436674699923717
1904	0.12436674699923717
1905	0.2571396429884183
1906	0.2571396429884183
1907	0.25048625655265266
1908	0.25048625655265266
1909	0.17128076664297
1910	0.17128076664297
1911	0.15384951816834339
1912	0.15384951816834339
1913	0.240973136342095
1914	0.240973136342095
1915	0.1958498364233439
1916	0.1958498364233439
1917	0.20110075680902248
1918	0.20110075680902248
1919	0.12750189294697192
1920	0.12750189294697192
1921	0.18769381620038203
1922	0.18769381620038203
1923	0.2008205461728324
1924	0.2008205461728324
1925	0.2508911460920919
1926	0.2508911460920919
1927	0.17738999477110234
1928	0.17738999477110234
1929	0.2415034315720988
1930	0.2415034315720988
1931	0.15925950505504022
1932	0.15925950505504022
1933	0.16557322596443527
1934	0.16557322596443527
1935	0.2801061214752234
1936	0.2801061214752234
1937	0.2471129534602026
1938	0.2471129534602026
1939	0.20263620253332376
1940	0.20263620253332376
1941	0.20933982761366096
1942	0.20933982761366096
1943	0.24707504800334149
1944	0.24707504800334149
1945	0.2481185702733636
1946	0.2481185702733636
1947	0.15714895069275575
1948	0.15714895069275575
1949	0.2123839732955709
1950	0.2123839732955709
1951	0.203360148718763
1952	0.203360148718763
1953	0.21358387166828546
1954	0.21358387166828546
1955	0.24318670625413547
1956	0.24318670625413547
1957	0.2179277407011249
1958	0.2179277407011249
1959	0.1
1960	0.1
1961	0.23614623999452733
1962	0.23614623999452733
1963	0.18450673276507845
1964	0.18450673276507845
1965	0.19819179976681034
1966	0.19819179976681034
1967	0.13100409979229
1968	0.13100409979229
1969	0.1387583070264459
1970	0.1387583070264459
1971	0.2445779821698865
1972	0.2445779821698865
1973	0.1865052384764678
1974	0.1865052384764678
1975	0.2108930876356705
1976	0.2108930876356705
1977	0.1573064298402255
1978	0.1573064298402255
1979	0.1450251514532513
1980	0.1450251514532513
1981	0.1596463164065996
1982	0.1596463164065996
1983	0.1807556973385433
1984	0.1807556973385433
1985	0.23032583459179107
1986	0.23032583459179107
1987	0.17607649043703458
1988	0.17607649043703458
1989	0.24380772469455353
1990	0.24380772469455353
1991	0.18282562063393865
1992	0.18282562063393865
1993	0.1859440762602056
1994	0.1859440762602056
1995	0.2095056773782224
1996	0.2095056773782224
1997	0.18715342579702207
1998	0.18715342579702207
1999	0.22154021051480163
