0	1.8589434308018602
1	1.8589434308018602
2	1.8589434308018602
3	1.6397531563185388
4	1.6397531563185388
5	1.6397531563185388
6	0.44575376573618364
7	0.44575376573618364
8	0.44575376573618364
9	1.4595255084063194
10	1.4595255084063194
11	1.4595255084063194
12	1.3669401792637743
13	1.3669401792637743
14	1.3669401792637743
15	1.299254017761042
16	1.299254017761042
17	1.299254017761042
18	0.9694596248294798
19	1.914059084494216
20	1.914059084494216
21	1.914059084494216
22	3.8463339859151855
23	3.8463339859151855
24	3.8463339859151855
25	3.290361400767396
26	3.290361400767396
27	3.290361400767396
28	1.6613832231917909
29	1.6613832231917909
30	1.6613832231917909
31	2.8251997033167737
32	2.8251997033167737
33	2.8251997033167737
34	2.563152767011644
35	2.563152767011644
36	2.563152767011644
37	4.417597717275777
38	4.417597717275777
39	4.417597717275777
40	3.1048024005627135
41	3.1048024005627135
42	3.1048024005627135
43	0.35639643337026317
44	0.35639643337026317
45	0.35639643337026317
46	0.6837077450250401
47	0.6837077450250401
48	0.6837077450250401
49	0.5064564576775773
50	0.5064564576775773
51	0.5064564576775773
52	0.7847200309322108
53	0.7847200309322108
54	1.5056532488671295
55	1.5056532488671295
56	1.5056532488671295
57	1.4922311420405616
58	1.4922311420405616
59	1.4922311420405616
60	0.9146325278433419
61	0.9146325278433419
62	0.9146325278433419
63	1.1691670144663333
64	1.1691670144663333
65	1.1691670144663333
66	2.0067640777801428
67	2.0067640777801428
68	2.0067640777801428
69	0.8556611036617057
70	0.8556611036617057
71	0.8556611036617057
72	1.6317983839779164
73	1.6317983839779164
74	1.6317983839779164
75	0.7429465431897243
76	0.7429465431897243
77	0.7429465431897243
78	1.6689167331264183
79	1.6689167331264183
80	1.6689167331264183
81	0.7508043413343102
82	0.7508043413343102
83	0.7508043413343102
84	1.7579465389034845
85	1.7579465389034845
86	1.7579465389034845
87	0.9544830396204645
88	0.9544830396204645
89	0.9544830396204645
90	1.3041409406730489
91	2.893521345073662
92	2.893521345073662
93	2.893521345073662
94	1.1712138340859706
95	1.1712138340859706
96	1.1712138340859706
97	1.653572896294069
98	1.653572896294069
99	1.653572896294069
100	0.6277858266895987
101	0.6277858266895987
102	0.6277858266895987
103	1.030639413978457
104	1.030639413978457
105	1.030639413978457
106	0.8790099344360157
107	0.8790099344360157
108	0.8790099344360157
109	1.1884999403481484
110	1.1884999403481484
111	1.1884999403481484
112	1.1409929014870674
113	1.1409929014870674
114	1.1409929014870674
115	0.7281441849943662
116	0.7281441849943662
117	0.7281441849943662
118	1.0229587058131888
119	1.0229587058131888
120	1.0229587058131888
121	0.9595173085149638
122	0.9595173085149638
123	0.9595173085149638
124	1.1214417272499628
125	1.1214417272499628
126	1.1214417272499628
127	1.4579489671412889
128	1.4579489671412889
129	1.4579489671412889
130	0.7896265847294328
131	0.7896265847294328
132	0.7896265847294328
133	0.9171778188247426
134	0.9171778188247426
135	0.9171778188247426
136	0.5879917836286118
137	0.5879917836286118
138	0.5879917836286118
139	1.4149913873618543
140	1.4149913873618543
141	1.4149913873618543
142	1.887208205502549
143	1.887208205502549
144	1.887208205502549
145	0.29489804303715406
146	0.29489804303715406
147	0.29489804303715406
148	1.0699252672945823
149	1.0699252672945823
150	1.0699252672945823
151	0.8501997606618419
152	0.8501997606618419
153	0.8501997606618419
154	1.0460164739138056
155	1.0460164739138056
156	1.0460164739138056
157	1.0778167038805022
158	1.0778167038805022
159	1.0778167038805022
160	0.9222237352473901
161	0.9222237352473901
162	0.9222237352473901
163	1.0319940178482363
164	1.0319940178482363
165	1.0319940178482363
166	0.6968448679509447
167	0.6968448679509447
168	0.6968448679509447
169	0.8398009294263955
170	0.8398009294263955
171	0.8398009294263955
172	0.5262421269786131
173	2.6988068942525403
174	2.6988068942525403
175	2.6988068942525403
176	2.5361795401140017
177	2.5361795401140017
178	2.5361795401140017
179	2.0358362797746805
180	2.0358362797746805
181	2.0358362797746805
182	2.8109091206731707
183	2.8109091206731707
184	2.8109091206731707
185	3.5504145865907524
186	3.5504145865907524
187	3.5504145865907524
188	3.345647869655842
189	3.345647869655842
190	3.345647869655842
191	3.5110394968834555
192	3.5110394968834555
193	3.5110394968834555
194	3.229375495218061
195	3.229375495218061
196	3.229375495218061
197	2.8113168496159777
198	2.8113168496159777
199	2.8113168496159777
200	2.9519681636209723
201	2.9519681636209723
202	2.9519681636209723
203	1.7264387203270009
204	1.7264387203270009
205	1.7264387203270009
206	3.613686845977481
207	3.613686845977481
208	3.613686845977481
209	3.609995780060601
210	3.609995780060601
211	3.609995780060601
212	3.4025033464443633
213	3.4025033464443633
214	3.4025033464443633
215	2.070897597997769
216	2.070897597997769
217	2.070897597997769
218	3.4282350568364657
219	3.4282350568364657
220	3.4282350568364657
221	1.8276990724758
222	1.8276990724758
223	1.8276990724758
224	3.243481777028234
225	3.243481777028234
226	3.243481777028234
227	3.577815620846615
228	3.577815620846615
229	3.577815620846615
230	2.7959323444436794
231	2.7959323444436794
232	2.7959323444436794
233	3.3683529836629336
234	3.3683529836629336
235	3.3683529836629336
236	3.2815806026162098
237	3.2815806026162098
238	3.2815806026162098
239	3.6161701841154903
240	3.6161701841154903
241	3.6161701841154903
242	1.7893414184570569
243	1.7893414184570569
244	1.7893414184570569
245	2.7484850560102614
246	2.7484850560102614
247	2.7484850560102614
248	3.148262644986467
249	3.148262644986467
250	3.148262644986467
251	3.8404617942297383
252	3.8404617942297383
253	3.8404617942297383
254	2.2008406715665965
255	2.2008406715665965
256	2.2008406715665965
257	1.4907039879440545
258	1.4907039879440545
259	1.4907039879440545
260	2.8402121512159377
261	2.8402121512159377
262	2.8402121512159377
263	1.6249128144035299
264	1.6249128144035299
265	1.6249128144035299
266	2.2202420282400195
267	2.2202420282400195
268	2.2202420282400195
269	2.6571671297012394
270	2.6571671297012394
271	2.6571671297012394
272	1.3064903893804285
273	1.3064903893804285
274	1.3064903893804285
275	1.752534183365585
276	1.752534183365585
277	4.3710100018226425
278	4.3710100018226425
279	4.3710100018226425
280	2.218019766510921
281	2.218019766510921
282	2.218019766510921
283	4.561507595481105
284	4.561507595481105
285	4.561507595481105
286	2.19926047328469
287	2.4035780397992283
288	2.4035780397992283
289	2.4035780397992283
290	2.4096382438679
291	2.4096382438679
292	2.4096382438679
293	2.2294893545595063
294	2.2294893545595063
295	2.2294893545595063
296	1.603091416363301
297	1.603091416363301
298	1.603091416363301
299	1.2749212211761771
300	1.2749212211761771
301	1.2749212211761771
302	1.662560533899664
303	1.662560533899664
304	1.662560533899664
305	1.3335146338899744
306	1.3335146338899744
307	1.3335146338899744
308	3.019833627184436
309	3.019833627184436
310	3.019833627184436
311	2.3195310769981665
312	2.3195310769981665
313	2.3195310769981665
314	1.1582913298174518
315	1.1582913298174518
316	1.1582913298174518
317	1.8280721836764373
318	1.8280721836764373
319	1.8280721836764373
320	1.9020472785651128
321	1.9020472785651128
322	1.9020472785651128
323	2.049997502214232
324	2.049997502214232
325	2.049997502214232
326	2.382177846350163
327	2.382177846350163
328	2.382177846350163
329	2.2269221626901854
330	2.2269221626901854
331	2.2269221626901854
332	1.1414348404795254
333	1.1414348404795254
334	1.1414348404795254
335	1.6387648673276876
336	1.6387648673276876
337	1.6387648673276876
338	2.4925095392434673
339	2.4925095392434673
340	2.4925095392434673
341	1.4197088243453684
342	1.4197088243453684
343	1.4197088243453684
344	1.7114875549101831
345	1.7114875549101831
346	1.7114875549101831
347	2.264077133987467
348	2.264077133987467
349	2.264077133987467
350	2.956865747844847
351	2.956865747844847
352	2.956865747844847
353	2.3439402226148762
354	2.3439402226148762
355	2.3439402226148762
356	1.2441674807864538
357	1.2441674807864538
358	1.2441674807864538
359	2.132224869428124
360	2.132224869428124
361	2.132224869428124
362	2.672909028201368
363	2.672909028201368
364	2.672909028201368
365	1.1762307214817274
366	1.1762307214817274
367	1.1762307214817274
368	1.9147209241730152
369	1.9147209241730152
370	1.9147209241730152
371	2.3205109766745062
372	2.3205109766745062
373	2.3205109766745062
374	1.8235671483258595
375	1.8235671483258595
376	1.8235671483258595
377	2.2450509658432263
378	2.2450509658432263
379	2.2450509658432263
380	2.9440813533241736
381	2.9440813533241736
382	2.9440813533241736
383	1.4573781569105053
384	1.4573781569105053
385	1.4573781569105053
386	0.9647972472206428
387	0.9647972472206428
388	0.9647972472206428
389	1.9349998280309262
390	1.9349998280309262
391	1.9349998280309262
392	1.8286832040933556
393	1.8286832040933556
394	1.8286832040933556
395	1.6203916118487538
396	2.926687557768866
397	2.926687557768866
398	2.926687557768866
399	1.839540247868061
400	1.839540247868061
401	1.839540247868061
402	2.52847047218937
403	2.52847047218937
404	2.52847047218937
405	2.4430334431091674
406	2.4430334431091674
407	2.4430334431091674
408	1.7978170008353582
409	1.7978170008353582
410	2.2664050743708763
411	2.2664050743708763
412	2.2664050743708763
413	2.931346426827886
414	2.931346426827886
415	2.931346426827886
416	4.1284777796064684
417	4.1284777796064684
418	4.1284777796064684
419	2.730365018432818
420	2.730365018432818
421	2.730365018432818
422	3.6784168522354928
423	3.6784168522354928
424	3.6784168522354928
425	3.796891094020146
426	3.796891094020146
427	3.796891094020146
428	2.3868567374380865
429	2.3868567374380865
430	2.2836810562581706
431	2.2836810562581706
432	2.2836810562581706
433	2.785212113229632
434	2.785212113229632
435	2.785212113229632
436	2.4346658509432944
437	3.79607516026045
438	3.79607516026045
439	3.79607516026045
440	7.383813666428613
441	7.383813666428613
442	7.383813666428613
443	5.56708778781204
444	5.56708778781204
445	5.56708778781204
446	4.114132845824738
447	4.114132845824738
448	4.114132845824738
449	7.43314485934135
450	1.9856044575433611
451	1.9856044575433611
452	1.9856044575433611
453	2.3354407529380645
454	2.3354407529380645
455	2.3354407529380645
456	2.056805321201851
457	2.056805321201851
458	5.18725988304593
459	5.18725988304593
460	5.18725988304593
461	4.254598362498723
462	4.254598362498723
463	4.254598362498723
464	3.1748089961959467
465	3.1748089961959467
466	3.1748089961959467
467	3.609728663574122
468	3.609728663574122
469	3.609728663574122
470	3.6341876316843416
471	3.6341876316843416
472	3.6341876316843416
473	3.821804437726525
474	3.821804437726525
475	3.821804437726525
476	3.3355564534003173
477	3.3355564534003173
478	3.3355564534003173
479	3.5109218729975855
480	3.5109218729975855
481	3.5109218729975855
482	3.4347096313090093
483	3.4347096313090093
484	3.4347096313090093
485	3.677617301709678
486	3.677617301709678
487	3.677617301709678
488	2.585715176913187
489	2.585715176913187
490	2.585715176913187
491	5.503600707410596
492	5.503600707410596
493	5.503600707410596
494	3.649691046037859
495	3.649691046037859
496	2.495798975124748
497	2.495798975124748
498	2.495798975124748
499	1.7057968354456496
500	1.7057968354456496
501	1.7057968354456496
502	2.9878092036558725
503	2.9878092036558725
504	2.9878092036558725
505	1.5991020115715133
506	1.5991020115715133
507	1.5991020115715133
508	2.591809659069627
509	2.591809659069627
510	0.7036625371883566
511	0.7036625371883566
512	0.7036625371883566
513	0.33665553559908196
514	0.33665553559908196
515	0.33665553559908196
516	0.7246023187167959
517	0.7246023187167959
518	0.7246023187167959
519	0.7399716311433229
520	0.7399716311433229
521	0.7399716311433229
522	0.8081079277971284
523	0.8081079277971284
524	0.8081079277971284
525	0.5294375882237582
526	0.5294375882237582
527	0.5294375882237582
528	0.37025314107459506
529	0.37025314107459506
530	0.37025314107459506
531	0.8660165886545987
532	0.8660165886545987
533	0.8660165886545987
534	0.6151149310576249
535	0.6151149310576249
536	0.6151149310576249
537	0.79862788696223
538	0.79862788696223
539	0.79862788696223
540	0.8283906695818054
541	0.8283906695818054
542	0.8283906695818054
543	0.6649286566608394
544	0.6649286566608394
545	0.6649286566608394
546	0.6784333460395037
547	0.6784333460395037
548	0.6784333460395037
549	0.7268033947076018
550	0.7268033947076018
551	0.7268033947076018
552	0.7339879399985116
553	0.7339879399985116
554	0.7339879399985116
555	0.8979761749323779
556	0.8979761749323779
557	0.8979761749323779
558	0.6113759655616057
559	0.6113759655616057
560	0.6113759655616057
561	0.7168354872961342
562	0.7168354872961342
563	0.7168354872961342
564	0.9377227836824373
565	0.9377227836824373
566	0.9377227836824373
567	0.8256789927506484
568	0.8256789927506484
569	0.8256789927506484
570	0.5939241803151307
571	0.5939241803151307
572	0.5939241803151307
573	0.5587758382799922
574	0.5587758382799922
575	0.5587758382799922
576	0.6081950985101365
577	0.6081950985101365
578	0.6081950985101365
579	0.5877306294937638
580	0.5877306294937638
581	0.5877306294937638
582	1.0023162940846635
583	0.7239064592425504
584	0.7239064592425504
585	0.7239064592425504
586	1.8077432631329184
587	1.8077432631329184
588	1.8077432631329184
589	1.679959527401937
590	1.679959527401937
591	1.679959527401937
592	1.9928370330418588
593	1.9928370330418588
594	1.9928370330418588
595	1.3687202250892234
596	1.3687202250892234
597	1.3687202250892234
598	1.496056469515929
599	1.496056469515929
600	1.496056469515929
601	2.23856275647427
602	2.23856275647427
603	2.23856275647427
604	1.4167823652427123
605	1.4167823652427123
606	1.4167823652427123
607	0.9847624941562654
608	0.9847624941562654
609	0.9847624941562654
610	1.9247676359878876
611	1.9247676359878876
612	1.9247676359878876
613	1.5839130282613654
614	1.5839130282613654
615	1.5839130282613654
616	0.8356647624050793
617	0.8356647624050793
618	0.8356647624050793
619	1.460245466666341
620	1.460245466666341
621	1.460245466666341
622	1.609353001168647
623	1.609353001168647
624	1.609353001168647
625	1.2064155340335025
626	1.2064155340335025
627	1.2064155340335025
628	2.154624486342998
629	2.154624486342998
630	2.154624486342998
631	1.161516690750001
632	1.9548921850171184
633	1.9548921850171184
634	1.9548921850171184
635	3.0437679245488023
636	3.0437679245488023
637	3.0437679245488023
638	3.6542438999845603
639	3.6542438999845603
640	3.6542438999845603
641	2.9772329521786536
642	2.9772329521786536
643	2.9772329521786536
644	1.1935037937909447
645	1.1935037937909447
646	1.1935037937909447
647	2.6452376950233054
648	2.6452376950233054
649	2.6452376950233054
650	3.5288435744605464
651	3.5288435744605464
652	3.5288435744605464
653	1.5705009511496901
654	1.5705009511496901
655	1.5705009511496901
656	2.352236795516386
657	2.352236795516386
658	2.352236795516386
659	3.401304260754542
660	3.401304260754542
661	3.401304260754542
662	1.195731898055948
663	1.195731898055948
664	1.195731898055948
665	3.916110082517419
666	3.916110082517419
667	3.916110082517419
668	2.3532597985087325
669	2.3532597985087325
670	2.3532597985087325
671	3.4024827387399683
672	3.4024827387399683
673	3.4024827387399683
674	2.088143033497749
675	2.088143033497749
676	2.088143033497749
677	3.5702993326341113
678	3.5702993326341113
679	3.5702993326341113
680	2.9988352696759706
681	2.9988352696759706
682	2.9988352696759706
683	2.752645549589014
684	2.752645549589014
685	2.752645549589014
686	2.113332552486273
687	2.113332552486273
688	0.9240862334167854
689	0.9240862334167854
690	0.9240862334167854
691	1.4470851632248434
692	1.4470851632248434
693	1.4470851632248434
694	1.0883082163016524
695	1.0883082163016524
696	1.0883082163016524
697	0.8312536153665333
698	0.8312536153665333
699	0.8312536153665333
700	1.217652691509904
701	1.217652691509904
702	1.217652691509904
703	1.8900369333531422
704	1.8900369333531422
705	1.8900369333531422
706	1.487069050932972
707	1.487069050932972
708	1.487069050932972
709	1.3949248636204439
710	1.3949248636204439
711	1.3949248636204439
712	1.0009258870975302
713	1.0009258870975302
714	1.0009258870975302
715	0.5628670166692301
716	0.5628670166692301
717	0.5628670166692301
718	0.377721662179622
719	0.377721662179622
720	0.377721662179622
721	0.7408125469774215
722	0.7408125469774215
723	0.7408125469774215
724	0.5155330898491106
725	0.5155330898491106
726	0.5155330898491106
727	0.9131965501545187
728	0.9131965501545187
729	0.9131965501545187
730	0.9938916589595065
731	0.9938916589595065
732	0.9938916589595065
733	1.1821763978321695
734	1.1821763978321695
735	1.1821763978321695
736	1.0361001944414263
737	1.0361001944414263
738	1.0361001944414263
739	0.8658649861968911
740	0.8658649861968911
741	0.8658649861968911
742	1.3359292666716955
743	1.3359292666716955
744	1.3359292666716955
745	0.9074050293645304
746	0.5699806459121612
747	0.5699806459121612
748	0.5699806459121612
749	0.7318834543054981
750	0.7318834543054981
751	0.7318834543054981
752	0.5368870128315827
753	0.5368870128315827
754	0.5368870128315827
755	0.9998615753932807
756	0.9998615753932807
757	0.9998615753932807
758	0.587811021288319
759	0.587811021288319
760	0.587811021288319
761	0.6799767593822886
762	0.6799767593822886
763	0.6799767593822886
764	0.8032160566079283
765	0.8032160566079283
766	0.8032160566079283
767	0.6720209263936592
768	0.6720209263936592
769	0.6720209263936592
770	0.761954749602148
771	0.761954749602148
772	0.761954749602148
773	0.6957548435256953
774	0.6957548435256953
775	0.20299356578460684
776	0.20299356578460684
777	0.20299356578460684
778	0.20972225074058506
779	0.20972225074058506
780	0.20972225074058506
781	0.20731311020590207
782	0.20731311020590207
783	0.20731311020590207
784	0.24619767398253017
785	0.24619767398253017
786	0.24619767398253017
787	0.19332510208879167
788	0.19332510208879167
789	0.19332510208879167
790	0.20297183986533557
791	0.20297183986533557
792	0.20297183986533557
793	0.2109812578845566
794	0.2109812578845566
795	0.2109812578845566
796	0.2994190273662835
797	0.2994190273662835
798	0.2994190273662835
799	2.253388848677772
800	2.253388848677772
801	2.253388848677772
802	3.862256541360373
803	3.862256541360373
804	3.862256541360373
805	3.406889130899828
806	3.406889130899828
807	3.406889130899828
808	4.454331499785927
809	4.454331499785927
810	4.454331499785927
811	3.845821656282009
812	3.845821656282009
813	3.845821656282009
814	4.367975378602063
815	4.367975378602063
816	4.367975378602063
817	4.116589471713841
818	4.116589471713841
819	4.116589471713841
820	4.102397827148126
821	4.102397827148126
822	4.102397827148126
823	3.62368334605765
824	3.62368334605765
825	3.62368334605765
826	3.357899123334444
827	3.357899123334444
828	3.357899123334444
829	3.1924544870199094
830	0.3305634320772781
831	0.3305634320772781
832	0.3305634320772781
833	0.537761233448899
834	0.537761233448899
835	0.537761233448899
836	0.5777884934178199
837	0.5777884934178199
838	0.5777884934178199
839	0.7944337772749877
840	0.7944337772749877
841	0.7944337772749877
842	0.6376941620954206
843	0.6376941620954206
844	0.6376941620954206
845	0.9138687969705311
846	0.9138687969705311
847	0.9138687969705311
848	0.4793194820800186
849	0.4793194820800186
850	0.4793194820800186
851	0.6967346628271863
852	0.6967346628271863
853	0.6967346628271863
854	0.756732884686216
855	0.756732884686216
856	0.756732884686216
857	0.6563657068925799
858	0.6563657068925799
859	0.6563657068925799
860	0.7841738599802442
861	0.7841738599802442
862	0.7841738599802442
863	0.9731683156237749
864	0.9731683156237749
865	0.9731683156237749
866	0.6153968126387639
867	0.6153968126387639
868	0.6153968126387639
869	0.631813677622686
870	0.631813677622686
871	0.631813677622686
872	0.7091916152709007
873	0.7091916152709007
874	0.7091916152709007
875	0.6971078009539436
876	0.6971078009539436
877	0.6971078009539436
878	0.3417840492931794
879	0.3417840492931794
880	0.3417840492931794
881	0.7868032527680515
882	0.7868032527680515
883	0.7868032527680515
884	0.950033982468428
885	0.950033982468428
886	0.950033982468428
887	0.8597240114315836
888	0.8597240114315836
889	0.8597240114315836
890	0.546541739326327
891	0.546541739326327
892	0.546541739326327
893	0.6402918896193888
894	0.6402918896193888
895	0.6402918896193888
896	0.6482902206931009
897	0.6482902206931009
898	0.6482902206931009
899	0.6815714170063151
900	0.6815714170063151
901	0.6815714170063151
902	0.704373541463613
903	0.704373541463613
904	0.704373541463613
905	1.040055243984639
906	1.040055243984639
907	1.040055243984639
908	0.49826104979436353
909	0.49826104979436353
910	0.49826104979436353
911	0.5309007722258824
912	0.5309007722258824
913	0.5309007722258824
914	0.9105651970951361
915	0.9105651970951361
916	0.9105651970951361
917	0.47041319059097186
918	0.47041319059097186
919	0.47041319059097186
920	0.6770391769001404
921	0.6770391769001404
922	0.6770391769001404
923	0.6792732434576088
924	0.6792732434576088
925	0.6792732434576088
926	0.7543967170766644
927	0.7543967170766644
928	0.7543967170766644
929	0.8232251736863778
930	0.8232251736863778
931	0.8232251736863778
932	0.6033988330062128
933	0.6033988330062128
934	0.6033988330062128
935	0.6478779813776396
936	0.6478779813776396
937	0.6478779813776396
938	0.6270876803846474
939	0.6270876803846474
940	0.6270876803846474
941	0.7130754177411809
942	0.7130754177411809
943	0.7130754177411809
944	0.5472109446639704
945	0.5472109446639704
946	0.5472109446639704
947	0.494965424173888
948	0.494965424173888
949	0.494965424173888
950	0.8579912517403296
951	0.8579912517403296
952	0.8579912517403296
953	1.6248970452662386
954	1.6248970452662386
955	1.6248970452662386
956	3.080813345680917
957	3.080813345680917
958	3.080813345680917
959	2.205161745108983
960	2.205161745108983
961	2.205161745108983
962	1.4990635018132852
963	1.4990635018132852
964	1.4990635018132852
965	1.7707555568797564
966	1.7707555568797564
967	1.7707555568797564
968	2.9894241625886973
969	2.9894241625886973
970	2.9894241625886973
971	1.7434102800096811
972	1.7434102800096811
973	1.7434102800096811
974	2.9752506590593892
975	2.9752506590593892
976	2.9752506590593892
977	2.706776529240567
978	2.706776529240567
979	1.1939251092794234
980	1.1939251092794234
981	1.1939251092794234
982	1.2225262921321327
983	1.2225262921321327
984	1.2225262921321327
985	1.4167021770457653
986	1.4167021770457653
987	1.4167021770457653
988	1.5829520534192623
989	1.5829520534192623
990	1.5829520534192623
991	1.2924761085656276
992	1.2924761085656276
993	1.2924761085656276
994	1.4399032244149383
995	1.4399032244149383
996	1.4399032244149383
997	1.5356028732292748
998	1.5356028732292748
999	1.5356028732292748
1000	1.1754811242160124
1001	1.1754811242160124
1002	1.1754811242160124
1003	0.9911533008072559
1004	0.9911533008072559
1005	0.9911533008072559
1006	0.5764276449436552
1007	0.5764276449436552
1008	0.5764276449436552
1009	1.4822528401856836
1010	1.4822528401856836
1011	1.4822528401856836
1012	1.0625359902768452
1013	1.0625359902768452
1014	1.0625359902768452
1015	1.0463209896187946
1016	1.0463209896187946
1017	1.0463209896187946
1018	1.1482749135995178
1019	1.1482749135995178
1020	1.1482749135995178
1021	1.0137451824948052
1022	1.0137451824948052
1023	1.0137451824948052
1024	1.2511737334248116
1025	1.2511737334248116
1026	1.2511737334248116
1027	1.6745945858463234
1028	1.6745945858463234
1029	1.6745945858463234
1030	1.4250629923491105
1031	1.4250629923491105
1032	1.4250629923491105
1033	0.8471584009716016
1034	0.8471584009716016
1035	0.8471584009716016
1036	1.0572285146031069
1037	1.0572285146031069
1038	1.0572285146031069
1039	0.7802598274859789
1040	0.7802598274859789
1041	0.7802598274859789
1042	5.343707623121698
1043	5.343707623121698
1044	5.343707623121698
1045	4.019290912620124
1046	4.019290912620124
1047	4.019290912620124
1048	4.004034821230969
1049	4.004034821230969
1050	4.004034821230969
1051	3.467003879785398
1052	3.467003879785398
1053	3.467003879785398
1054	3.105096658611227
1055	3.105096658611227
1056	3.105096658611227
1057	2.621729704418019
1058	2.621729704418019
1059	2.621729704418019
1060	4.125891518505903
1061	4.125891518505903
1062	4.125891518505903
1063	3.366740168288006
1064	3.366740168288006
1065	3.366740168288006
1066	3.425262004284064
1067	3.425262004284064
1068	3.425262004284064
1069	4.746251159168358
1070	4.746251159168358
1071	4.746251159168358
1072	1.7788495115216376
1073	1.7788495115216376
1074	1.7788495115216376
1075	4.0098169433544255
1076	4.0098169433544255
1077	4.0098169433544255
1078	3.150583223522144
1079	3.150583223522144
1080	3.150583223522144
1081	2.103306433881591
1082	2.103306433881591
1083	2.103306433881591
1084	0.9370892624335211
1085	0.9370892624335211
1086	0.9370892624335211
1087	1.5238191157866106
1088	1.5238191157866106
1089	1.5238191157866106
1090	1.8143380482161335
1091	1.8143380482161335
1092	1.8143380482161335
1093	0.61067618013013
1094	0.61067618013013
1095	0.61067618013013
1096	0.9223988934896054
1097	0.9223988934896054
1098	0.9223988934896054
1099	0.8622764888102336
1100	0.8622764888102336
1101	0.8622764888102336
1102	1.0922084157875092
1103	2.2691477999424885
1104	2.2691477999424885
1105	2.2691477999424885
1106	1.5075990011355715
1107	1.5075990011355715
1108	1.5075990011355715
1109	0.941352853707194
1110	0.941352853707194
1111	0.941352853707194
1112	0.9053773963719376
1113	0.9053773963719376
1114	0.9053773963719376
1115	1.3962977699887422
1116	1.3962977699887422
1117	1.3962977699887422
1118	0.8485905471986955
1119	0.8485905471986955
1120	0.8485905471986955
1121	0.9091509433303584
1122	0.9091509433303584
1123	0.9091509433303584
1124	0.6680996963098967
1125	0.6680996963098967
1126	0.6680996963098967
1127	1.376291191488775
1128	1.376291191488775
1129	1.376291191488775
1130	0.829223545052727
1131	0.829223545052727
1132	0.829223545052727
1133	1.2435581990462818
1134	1.2435581990462818
1135	1.2435581990462818
1136	0.8130404839584834
1137	0.8130404839584834
1138	0.8130404839584834
1139	3.7216863104195603
1140	3.7216863104195603
1141	3.7216863104195603
1142	2.7429821965376617
1143	2.7429821965376617
1144	2.7429821965376617
1145	3.6349940335149307
1146	3.6349940335149307
1147	3.6349940335149307
1148	6.7267503376680935
1149	6.7267503376680935
1150	6.7267503376680935
1151	4.665014633509388
1152	4.665014633509388
1153	4.665014633509388
1154	2.7695791367094102
1155	2.7695791367094102
1156	2.7695791367094102
1157	3.246001703509116
1158	3.246001703509116
1159	3.246001703509116
1160	3.9072112456491235
1161	3.9072112456491235
1162	3.9072112456491235
1163	4.8173378054204665
1164	4.8173378054204665
1165	4.8173378054204665
1166	3.002450555442474
1167	3.002450555442474
1168	3.002450555442474
1169	2.9135779821682117
1170	2.9135779821682117
1171	2.9135779821682117
1172	4.565656440921866
1173	4.565656440921866
1174	4.565656440921866
1175	4.216157178107587
1176	4.216157178107587
1177	4.216157178107587
1178	2.6634455902087932
1179	2.6634455902087932
1180	2.6634455902087932
1181	3.5475947556780545
1182	3.5475947556780545
1183	3.5475947556780545
1184	4.561340158276465
1185	4.561340158276465
1186	4.561340158276465
1187	3.053611812861904
1188	3.053611812861904
1189	3.053611812861904
1190	4.302826862731412
1191	4.302826862731412
1192	4.302826862731412
1193	1.5432170383266341
1194	1.5432170383266341
1195	1.5432170383266341
1196	3.7173677862499224
1197	3.7173677862499224
1198	3.7173677862499224
1199	3.707309689181619
1200	3.707309689181619
1201	3.707309689181619
1202	3.644802830904033
1203	3.644802830904033
1204	3.644802830904033
1205	5.532535135444574
1206	5.532535135444574
1207	5.532535135444574
1208	2.4781950158277786
1209	2.4781950158277786
1210	2.4781950158277786
1211	4.6579186805240775
1212	4.6579186805240775
1213	4.6579186805240775
1214	3.6638225093871175
1215	3.6638225093871175
1216	3.6638225093871175
1217	2.936324712860622
1218	2.936324712860622
1219	2.936324712860622
1220	3.8339160601379807
1221	3.8339160601379807
1222	3.8339160601379807
1223	4.063432940102453
1224	4.063432940102453
1225	4.063432940102453
1226	3.6185867388345856
1227	3.6185867388345856
1228	3.6185867388345856
1229	3.8546964207716035
1230	3.8546964207716035
1231	3.8546964207716035
1232	3.325889799573309
1233	3.325889799573309
1234	3.325889799573309
1235	4.726293305996005
1236	4.726293305996005
1237	4.726293305996005
1238	4.273478227344029
1239	4.273478227344029
1240	4.273478227344029
1241	3.8335754949238376
1242	3.8335754949238376
1243	3.8335754949238376
1244	2.575885024467633
1245	2.575885024467633
1246	2.575885024467633
1247	2.7209656305354164
1248	2.7209656305354164
1249	2.7209656305354164
1250	4.411580469045799
1251	4.411580469045799
1252	4.411580469045799
1253	4.000789359630187
1254	4.000789359630187
1255	4.000789359630187
1256	3.262800101276845
1257	3.262800101276845
1258	3.262800101276845
1259	2.2200478768638265
1260	2.2200478768638265
1261	1.284722861832829
1262	1.284722861832829
1263	1.284722861832829
1264	1.3470488923545096
1265	1.3470488923545096
1266	1.3470488923545096
1267	1.4177611402941066
1268	1.4177611402941066
1269	1.4177611402941066
1270	1.0037120486420856
1271	1.0037120486420856
1272	1.0037120486420856
1273	5.558631641586399
1274	5.558631641586399
1275	5.558631641586399
1276	4.8913944861406335
1277	4.8913944861406335
1278	4.8913944861406335
1279	4.731702342505313
1280	4.731702342505313
1281	4.731702342505313
1282	6.4255713395543275
1283	6.4255713395543275
1284	6.4255713395543275
1285	4.972507073608322
1286	4.972507073608322
1287	4.972507073608322
1288	5.863605168029938
1289	5.863605168029938
1290	5.863605168029938
1291	6.033085557721137
1292	6.033085557721137
1293	4.350790526677674
1294	4.350790526677674
1295	4.350790526677674
1296	3.0213601534798804
1297	3.0213601534798804
1298	3.0213601534798804
1299	4.946995337047468
1300	4.946995337047468
1301	4.946995337047468
1302	4.9113916520964604
1303	4.9113916520964604
1304	4.9113916520964604
1305	4.134949773765258
1306	4.134949773765258
1307	4.134949773765258
1308	4.268355499426591
1309	4.268355499426591
1310	4.268355499426591
1311	4.691556834274392
1312	4.691556834274392
1313	4.691556834274392
1314	5.649274683742588
1315	5.649274683742588
1316	5.649274683742588
1317	2.0559548762726347
1318	2.0559548762726347
1319	2.0559548762726347
1320	4.493727781027113
1321	4.493727781027113
1322	2.1700621754389937
1323	2.1700621754389937
1324	2.1700621754389937
1325	2.3341615800078386
1326	2.3341615800078386
1327	2.3341615800078386
1328	1.428058492651243
1329	1.428058492651243
1330	1.428058492651243
1331	1.5413192577840518
1332	1.5413192577840518
1333	1.5413192577840518
1334	1.2076587371006289
1335	1.2076587371006289
1336	1.2076587371006289
1337	2.1218583219008833
1338	2.1218583219008833
1339	2.1218583219008833
1340	2.298357480004063
1341	2.298357480004063
1342	2.298357480004063
1343	2.9496978365921276
1344	2.0848408482092977
1345	2.0848408482092977
1346	2.0848408482092977
1347	2.803727165054579
1348	2.803727165054579
1349	2.803727165054579
1350	3.632376034261971
1351	3.632376034261971
1352	3.632376034261971
1353	3.161485919416427
1354	3.161485919416427
1355	3.161485919416427
1356	1.5876447883416058
1357	1.5876447883416058
1358	1.5876447883416058
1359	2.687281917209571
1360	2.687281917209571
1361	2.687281917209571
1362	1.5912908461695463
1363	1.5912908461695463
1364	1.5912908461695463
1365	3.198537221644646
1366	3.198537221644646
1367	3.198537221644646
1368	2.0247094415113676
1369	2.0247094415113676
1370	2.0247094415113676
1371	2.5119458281090616
1372	2.5119458281090616
1373	2.5119458281090616
1374	1.7601910376693473
1375	0.33732108424267754
1376	0.33732108424267754
1377	0.33732108424267754
1378	0.7646003860527718
1379	0.7646003860527718
1380	0.7646003860527718
1381	0.6117312457807571
1382	0.6117312457807571
1383	0.6117312457807571
1384	0.6790832321751149
1385	0.6790832321751149
1386	0.6790832321751149
1387	0.742314690049926
1388	0.742314690049926
1389	0.742314690049926
1390	0.6235540075453434
1391	0.6235540075453434
1392	0.6235540075453434
1393	0.8202768551783806
1394	0.8202768551783806
1395	0.8202768551783806
1396	0.6528844594293343
1397	0.6528844594293343
1398	0.6528844594293343
1399	0.6108365130980675
1400	0.6108365130980675
1401	0.6108365130980675
1402	0.4155021849482265
1403	0.4155021849482265
1404	0.4155021849482265
1405	0.727659166550857
1406	0.727659166550857
1407	0.727659166550857
1408	0.7457780124106571
1409	0.7457780124106571
1410	0.7457780124106571
1411	0.8881687258034214
1412	0.8881687258034214
1413	0.8881687258034214
1414	0.7159850344472776
1415	0.7159850344472776
1416	0.7159850344472776
1417	0.579633942727418
1418	0.579633942727418
1419	0.579633942727418
1420	0.5167092409465073
1421	0.5167092409465073
1422	0.5167092409465073
1423	0.5363771577957738
1424	0.5363771577957738
1425	0.5363771577957738
1426	0.3156154744427572
1427	0.3156154744427572
1428	0.3156154744427572
1429	0.6936142554313687
1430	0.6936142554313687
1431	0.6936142554313687
1432	0.7525803903697895
1433	2.098023107867283
1434	2.098023107867283
1435	2.098023107867283
1436	2.2834368457760554
1437	2.2834368457760554
1438	2.2834368457760554
1439	1.7091057372073164
1440	1.7091057372073164
1441	1.7091057372073164
1442	1.8473261654914284
1443	1.8473261654914284
1444	1.8473261654914284
1445	3.306011331177156
1446	3.306011331177156
1447	3.306011331177156
1448	2.6312996901915993
1449	2.6312996901915993
1450	2.6312996901915993
1451	3.1030779225953204
1452	3.1030779225953204
1453	3.1030779225953204
1454	2.2953763093469792
1455	2.2953763093469792
1456	2.2953763093469792
1457	3.446939708083876
1458	3.446939708083876
1459	3.446939708083876
1460	1.8611523265915522
1461	1.8611523265915522
1462	1.8611523265915522
1463	3.524788779903612
1464	3.524788779903612
1465	3.524788779903612
1466	2.313634966136308
1467	2.313634966136308
1468	2.313634966136308
1469	2.128907203675173
1470	2.128907203675173
1471	2.128907203675173
1472	3.35894296754821
1473	3.35894296754821
1474	3.35894296754821
1475	2.8795095134382542
1476	2.8795095134382542
1477	2.8795095134382542
1478	1.768153316181221
1479	1.768153316181221
1480	1.768153316181221
1481	2.828478619842413
1482	2.828478619842413
1483	2.828478619842413
1484	2.1926424455501836
1485	2.1926424455501836
1486	2.1926424455501836
1487	2.886843614429978
1488	2.886843614429978
1489	2.886843614429978
1490	1.108241753321266
1491	1.108241753321266
1492	1.108241753321266
1493	2.520680268417722
1494	2.520680268417722
1495	2.816948692780449
1496	2.816948692780449
1497	2.816948692780449
1498	2.9163620923207554
1499	2.9163620923207554
1500	2.9163620923207554
1501	3.2141564310394966
1502	3.2141564310394966
1503	3.2141564310394966
1504	3.964872944628662
1505	3.964872944628662
1506	3.964872944628662
1507	5.188246442366183
1508	5.188246442366183
1509	5.188246442366183
1510	2.6116747833803515
1511	2.6116747833803515
1512	2.6116747833803515
1513	4.550129399271596
1514	4.550129399271596
1515	4.550129399271596
1516	4.23484012711217
1517	4.23484012711217
1518	4.23484012711217
1519	3.9596915268149755
1520	3.9596915268149755
1521	3.9596915268149755
1522	1.8573666115357228
1523	1.8573666115357228
1524	1.8573666115357228
1525	4.664769862788372
1526	4.664769862788372
1527	4.664769862788372
1528	3.742024931734811
1529	3.742024931734811
1530	3.742024931734811
1531	3.508457523221522
1532	3.508457523221522
1533	3.508457523221522
1534	2.55833104016508
1535	2.55833104016508
1536	2.55833104016508
1537	0.5912657678518538
1538	0.5912657678518538
1539	0.5912657678518538
1540	0.5252841160575776
1541	0.5252841160575776
1542	0.5252841160575776
1543	0.5015339226770215
1544	0.5015339226770215
1545	0.5015339226770215
1546	0.7657136254813972
1547	0.7657136254813972
1548	0.7657136254813972
1549	0.4453003343285302
1550	0.4453003343285302
1551	0.4453003343285302
1552	0.960835027360851
1553	0.960835027360851
1554	0.960835027360851
1555	0.5117413737900371
1556	0.5117413737900371
1557	0.5117413737900371
1558	0.9456804570719992
1559	0.9456804570719992
1560	0.9456804570719992
1561	0.8323490313454893
1562	0.8323490313454893
1563	0.8323490313454893
1564	0.5003685291411761
1565	0.5003685291411761
1566	0.5003685291411761
1567	0.475772097693085
1568	0.475772097693085
1569	0.475772097693085
1570	0.7411263242878603
1571	0.7411263242878603
1572	0.7411263242878603
1573	0.6200824569422546
1574	0.6200824569422546
1575	0.6200824569422546
1576	0.8444355135929316
1577	0.8444355135929316
1578	0.8444355135929316
1579	1.092391829684026
1580	1.092391829684026
1581	1.092391829684026
1582	0.6893575269701594
1583	0.6893575269701594
1584	0.6893575269701594
1585	0.8146159021576821
1586	0.8146159021576821
1587	0.8146159021576821
1588	0.9663484854855633
1589	0.9663484854855633
1590	0.9663484854855633
1591	0.5623242029793823
1592	0.5623242029793823
1593	0.5623242029793823
1594	0.6063694933573589
1595	0.6063694933573589
1596	0.6063694933573589
1597	0.5253097237363046
1598	0.5253097237363046
1599	0.5253097237363046
1600	0.628399636570836
1601	0.628399636570836
1602	0.628399636570836
1603	0.8303132039321944
1604	0.8303132039321944
1605	0.8303132039321944
1606	0.46329677872585634
1607	0.46329677872585634
1608	0.46329677872585634
1609	0.3003143352513616
1610	0.3003143352513616
1611	2.570893582235184
1612	2.570893582235184
1613	2.570893582235184
1614	3.0847314160571866
1615	3.0847314160571866
1616	3.0847314160571866
1617	2.9149539494426975
1618	2.9149539494426975
1619	2.9149539494426975
1620	2.857557336832788
1621	2.857557336832788
1622	2.857557336832788
1623	3.853797319145755
1624	3.853797319145755
1625	3.853797319145755
1626	3.181612832035339
1627	3.181612832035339
1628	3.181612832035339
1629	3.869988001695834
1630	3.869988001695834
1631	3.869988001695834
1632	3.1913524131053173
1633	3.1913524131053173
1634	3.1913524131053173
1635	6.223449527543382
1636	6.223449527543382
1637	6.223449527543382
1638	2.817802030949685
1639	2.817802030949685
1640	2.817802030949685
1641	5.944059439627295
1642	5.944059439627295
1643	5.944059439627295
1644	2.60312756620621
1645	2.60312756620621
1646	2.60312756620621
1647	3.875128518334063
1648	3.875128518334063
1649	3.875128518334063
1650	2.801357287640868
1651	2.801357287640868
1652	2.801357287640868
1653	5.9827611450082
1654	5.9827611450082
1655	5.9827611450082
1656	5.4055785103315
1657	5.4055785103315
1658	5.4055785103315
1659	2.397383876975251
1660	2.397383876975251
1661	1.7871752944987727
1662	1.7871752944987727
1663	1.7871752944987727
1664	2.785332478244908
1665	2.785332478244908
1666	2.785332478244908
1667	2.4960118235116266
1668	2.4960118235116266
1669	2.4960118235116266
1670	2.2823056937988846
1671	2.2823056937988846
1672	2.2823056937988846
1673	1.819292090949675
1674	1.819292090949675
1675	1.819292090949675
1676	2.9815862691757458
1677	2.9815862691757458
1678	2.9815862691757458
1679	2.372355332995533
1680	2.372355332995533
1681	2.372355332995533
1682	1.9149571230604843
1683	1.9149571230604843
1684	1.9149571230604843
1685	1.752004383343055
1686	1.752004383343055
1687	1.752004383343055
1688	3.1982071788987896
1689	3.1982071788987896
1690	3.1982071788987896
1691	2.8818181201978126
1692	2.8818181201978126
1693	2.8818181201978126
1694	2.436056044476613
1695	2.436056044476613
1696	2.436056044476613
1697	2.265265151716195
1698	2.265265151716195
1699	2.265265151716195
1700	3.5991954653356686
1701	3.5991954653356686
1702	3.5991954653356686
1703	2.5694888823044018
1704	2.5694888823044018
1705	2.5694888823044018
1706	3.3849823727469985
1707	3.3849823727469985
1708	3.3849823727469985
1709	2.8326036976443416
1710	2.8326036976443416
1711	2.8326036976443416
1712	3.127755987540531
1713	3.127755987540531
1714	3.127755987540531
1715	2.345783222815219
1716	2.345783222815219
1717	2.345783222815219
1718	1.6571680249882264
1719	1.6571680249882264
1720	1.6571680249882264
1721	2.152265442175325
1722	2.152265442175325
1723	2.152265442175325
1724	0.8281949953929109
1725	4.270970394030816
1726	4.270970394030816
1727	4.270970394030816
1728	2.770246736396996
1729	2.770246736396996
1730	2.770246736396996
1731	3.610374239741257
1732	3.610374239741257
1733	3.610374239741257
1734	4.180086169062876
1735	4.180086169062876
1736	4.180086169062876
1737	5.279422076828234
1738	5.279422076828234
1739	5.279422076828234
1740	1.6791512611865427
1741	1.6791512611865427
1742	1.6791512611865427
1743	5.3513995979136695
1744	5.3513995979136695
1745	5.3513995979136695
1746	4.124186485876147
1747	4.124186485876147
1748	4.124186485876147
1749	3.771801868965281
1750	3.771801868965281
1751	1.4534861004898219
1752	1.4534861004898219
1753	1.4534861004898219
1754	1.3715655457398832
1755	1.3715655457398832
1756	1.3715655457398832
1757	1.951911377179675
1758	1.951911377179675
1759	1.951911377179675
1760	1.0714544246509476
1761	1.0714544246509476
1762	1.0714544246509476
1763	0.9571409867931379
1764	0.9571409867931379
1765	0.9571409867931379
1766	1.6900846766882527
1767	1.6900846766882527
1768	1.6900846766882527
1769	0.9925208723822072
1770	0.9925208723822072
1771	0.9925208723822072
1772	1.4301950659474383
1773	1.4301950659474383
1774	1.4301950659474383
1775	1.802015400014675
1776	1.802015400014675
1777	1.802015400014675
1778	2.007043659200736
1779	2.007043659200736
1780	2.007043659200736
1781	1.4560931781700726
1782	1.4560931781700726
1783	1.4560931781700726
1784	1.6785850368533042
1785	1.6785850368533042
1786	1.6785850368533042
1787	1.6446395958338957
1788	1.6446395958338957
1789	1.6446395958338957
1790	1.564273626817359
1791	1.564273626817359
1792	1.564273626817359
1793	1.3500451570062126
1794	1.3500451570062126
1795	1.3500451570062126
1796	1.32945577908516
1797	1.32945577908516
1798	1.32945577908516
1799	1.5209845931695025
1800	1.5209845931695025
1801	1.5209845931695025
1802	1.2449455847384272
1803	1.2449455847384272
1804	1.430972162418518
1805	1.430972162418518
1806	1.430972162418518
1807	2.817464729150484
1808	2.817464729150484
1809	2.817464729150484
1810	3.8220815967275255
1811	3.8220815967275255
1812	3.8220815967275255
1813	3.398501343925812
1814	3.398501343925812
1815	3.398501343925812
1816	2.295160268226165
1817	2.295160268226165
1818	2.295160268226165
1819	3.774116203323282
1820	3.774116203323282
1821	3.774116203323282
1822	3.151667595086866
1823	3.151667595086866
1824	3.151667595086866
1825	3.9820089205400904
1826	3.9820089205400904
1827	3.9820089205400904
1828	2.185220187661923
1829	2.185220187661923
1830	2.185220187661923
1831	2.4285077055377746
1832	2.4285077055377746
1833	2.4285077055377746
1834	3.7699767734919423
1835	3.7699767734919423
1836	3.7699767734919423
1837	3.7219624083393668
1838	3.7219624083393668
1839	3.7219624083393668
1840	3.0957979875070754
1841	3.0957979875070754
1842	3.0957979875070754
1843	2.9293897212078672
1844	2.9293897212078672
1845	2.9293897212078672
1846	3.836626592045765
1847	3.836626592045765
1848	3.836626592045765
1849	2.9143879245484605
1850	2.9143879245484605
1851	2.9143879245484605
1852	4.381659615164185
1853	4.381659615164185
1854	4.381659615164185
1855	2.9098863314814976
1856	2.9098863314814976
1857	2.9098863314814976
1858	2.185163389609504
1859	2.185163389609504
1860	2.185163389609504
1861	2.0057981219932355
1862	2.0057981219932355
1863	2.0057981219932355
1864	2.8319203814631715
1865	2.8319203814631715
1866	2.8319203814631715
1867	3.2070797538173568
1868	3.2070797538173568
1869	3.2070797538173568
1870	3.6974857322485315
1871	3.6974857322485315
1872	3.6974857322485315
1873	3.138962140481754
1874	3.138962140481754
1875	3.138962140481754
1876	2.3935251777523083
1877	2.3935251777523083
1878	2.3935251777523083
1879	2.682240895338591
1880	2.682240895338591
1881	2.682240895338591
1882	3.8178173319070834
1883	3.8178173319070834
1884	3.8178173319070834
1885	3.132827059065541
1886	3.132827059065541
1887	3.132827059065541
1888	2.8529583146698205
1889	2.8529583146698205
1890	2.8529583146698205
1891	2.4884642782660666
1892	2.4884642782660666
1893	2.4884642782660666
1894	3.3572993622955183
1895	3.3572993622955183
1896	3.3572993622955183
1897	2.054456689105852
1898	2.054456689105852
1899	2.054456689105852
1900	2.304098846411376
1901	2.304098846411376
1902	2.304098846411376
1903	2.5922993316160534
1904	2.5922993316160534
1905	2.5922993316160534
1906	2.901977181750088
1907	2.901977181750088
1908	2.901977181750088
1909	3.9404671423968662
1910	3.9404671423968662
1911	2.1790153739803158
1912	2.1790153739803158
1913	2.1790153739803158
1914	1.0207740343299279
1915	1.0207740343299279
1916	1.0207740343299279
1917	2.6325958436565537
1918	2.6325958436565537
1919	2.6325958436565537
1920	2.9500938341904583
1921	2.9500938341904583
1922	2.9500938341904583
1923	2.2629263740546968
1924	2.2629263740546968
1925	2.2629263740546968
1926	2.224312073260945
1927	2.224312073260945
1928	2.224312073260945
1929	2.852395042632478
1930	2.852395042632478
1931	2.852395042632478
1932	1.5530827691349334
1933	1.5530827691349334
1934	1.5530827691349334
1935	1.5106456780181818
1936	1.5106456780181818
1937	1.5106456780181818
1938	1.892827044002552
1939	1.892827044002552
1940	1.892827044002552
1941	1.380789344785011
1942	1.380789344785011
1943	1.380789344785011
1944	1.2702554713324623
1945	1.2702554713324623
1946	1.2702554713324623
1947	2.227926725073468
1948	2.227926725073468
1949	2.227926725073468
1950	2.7109741927111615
1951	2.7109741927111615
1952	2.7109741927111615
1953	1.4435978737166884
1954	1.4435978737166884
1955	1.4435978737166884
1956	1.7884557846351015
1957	1.7884557846351015
1958	1.7884557846351015
1959	1.201677506704692
1960	1.201677506704692
1961	1.201677506704692
1962	0.882212326184707
1963	0.882212326184707
1964	0.882212326184707
1965	1.8332355768878643
1966	1.8332355768878643
1967	1.8332355768878643
1968	1.909757194790013
1969	1.909757194790013
1970	1.909757194790013
1971	1.2734715495046514
1972	1.2734715495046514
1973	1.2734715495046514
1974	1.8560424686549253
1975	1.8560424686549253
1976	1.8560424686549253
1977	1.4934470493123124
1978	1.4934470493123124
1979	1.4934470493123124
1980	1.6283454488403952
1981	1.6283454488403952
1982	1.6283454488403952
1983	1.8383618191253128
1984	1.8383618191253128
1985	1.8383618191253128
1986	1.2045699811079678
1987	1.2045699811079678
1988	1.2045699811079678
1989	1.491912171999987
1990	1.491912171999987
1991	1.491912171999987
1992	1.9075501365649123
1993	1.9075501365649123
1994	1.9075501365649123
1995	1.4226225033578956
1996	1.4226225033578956
1997	1.4226225033578956
1998	1.2153074104000567
1999	1.2153074104000567
