0	1.969838090834331
1	1.969838090834331
2	3.3049194771601718
3	3.3049194771601718
4	2.153406798191889
5	2.153406798191889
6	1.4205781002827227
7	1.4205781002827227
8	3.7198879640180014
9	3.7198879640180014
10	2.269332959137528
11	2.269332959137528
12	2.902101448862828
13	2.902101448862828
14	2.289091715594084
15	2.289091715594084
16	2.243076003589869
17	2.243076003589869
18	2.7706553056151306
19	2.7706553056151306
20	2.728918197054222
21	2.728918197054222
22	2.1146888026678807
23	2.1146888026678807
24	4.468319889767207
25	4.468319889767207
26	1.6853178903444879
27	1.6853178903444879
28	3.4391546705247547
29	3.4391546705247547
30	2.904058099318048
31	2.904058099318048
32	1.7228006711374215
33	1.7228006711374215
34	1.7739942146151129
35	1.7739942146151129
36	2.0270462547298123
37	2.0270462547298123
38	2.540177485649606
39	2.540177485649606
40	1.6322987089022667
41	1.6322987089022667
42	2.128321620506168
43	2.128321620506168
44	2.451821850531304
45	2.451821850531304
46	1.9409951877955907
47	1.9409951877955907
48	3.0334724194003257
49	3.0334724194003257
50	2.3401130473554215
51	2.3401130473554215
52	3.873471938392881
53	3.873471938392881
54	3.638497437429338
55	3.638497437429338
56	2.7356672903569237
57	2.7356672903569237
58	2.0311048564534495
59	2.0311048564534495
60	1.9644854537614576
61	1.9644854537614576
62	2.1836139779690464
63	2.1836139779690464
64	2.149026003241338
65	2.149026003241338
66	2.7738295664136148
67	2.7738295664136148
68	2.8778106306784106
69	2.8778106306784106
70	2.9141354196892246
71	2.9141354196892246
72	3.2153726481639615
73	3.2153726481639615
74	3.040994811207781
75	3.040994811207781
76	2.2818420516548605
77	2.2818420516548605
78	2.8458062429257875
79	2.8458062429257875
80	2.4560108395772575
81	2.4560108395772575
82	2.101815616433655
83	2.101815616433655
84	2.9896761015430213
85	2.9896761015430213
86	1.2788197898721694
87	1.2788197898721694
88	1.7197627922183762
89	1.7197627922183762
90	3.08386071580646
91	3.08386071580646
92	1.2980679528647274
93	1.2980679528647274
94	2.829318091358162
95	2.829318091358162
96	1.7316640386924589
97	1.7316640386924589
98	2.655118080159591
99	2.655118080159591
100	2.9455698503332286
101	2.9455698503332286
102	3.7045175679598366
103	3.7045175679598366
104	0.9341356182233727
105	0.9341356182233727
106	3.257037894938813
107	3.257037894938813
108	3.218136484783888
109	3.218136484783888
110	3.114549132386907
111	3.114549132386907
112	1.4732975523531193
113	1.4732975523531193
114	2.185764964498052
115	2.185764964498052
116	2.8223825043827913
117	2.8223825043827913
118	2.7123987537167316
119	2.7123987537167316
120	1.876057117787533
121	1.876057117787533
122	3.6165253944608726
123	3.6165253944608726
124	2.657429047129601
125	2.657429047129601
126	2.7062254446580036
127	2.7062254446580036
128	3.057654508736919
129	3.057654508736919
130	2.116235001990868
131	2.116235001990868
132	2.8618086022538725
133	2.8618086022538725
134	1.8157963869509286
135	1.8157963869509286
136	3.100868080239688
137	3.100868080239688
138	2.0933025542801458
139	2.0933025542801458
140	1.8389940315993614
141	1.8389940315993614
142	3.157151133412238
143	3.157151133412238
144	2.6758651458216294
145	1.3011558795069005
146	1.3011558795069005
147	1.2247148244369397
148	1.2247148244369397
149	2.2258505076389254
150	2.2258505076389254
151	2.2320908272704947
152	2.2320908272704947
153	1.8988336105473373
154	1.8988336105473373
155	1.8433471696081445
156	1.8433471696081445
157	1.5631652001200704
158	1.5631652001200704
159	2.77147002650688
160	2.77147002650688
161	2.349617371826392
162	2.349617371826392
163	1.601554135803554
164	1.601554135803554
165	3.074210717390743
166	3.074210717390743
167	2.0459913399885554
168	2.0459913399885554
169	2.266251312917248
170	2.266251312917248
171	0.6227417201273675
172	0.6227417201273675
173	1.622527108720747
174	1.622527108720747
175	2.910172661970853
176	2.910172661970853
177	3.452764794634192
178	3.452764794634192
179	1.1093757050290938
180	1.1093757050290938
181	2.629201478112549
182	2.629201478112549
183	1.063622113087895
184	1.063622113087895
185	1.0176659245756288
186	1.0176659245756288
187	1.677528527702488
188	1.677528527702488
189	2.1420447017912587
190	2.1420447017912587
191	1.9728483873058762
192	1.9728483873058762
193	1.1884038084451816
194	1.1884038084451816
195	2.670508187489581
196	2.670508187489581
197	1.7123107475632564
198	1.7123107475632564
199	2.195931155541595
200	2.195931155541595
201	3.8655274813556564
202	3.8655274813556564
203	2.3044683787353812
204	2.3044683787353812
205	2.6428242404047118
206	2.6428242404047118
207	0.9763711334402112
208	0.9763711334402112
209	2.2137317686775875
210	2.2137317686775875
211	1.4066761112247255
212	1.4066761112247255
213	1.4820320247751753
214	1.4820320247751753
215	1.9869754000465958
216	1.9869754000465958
217	1.4207257976897387
218	1.4207257976897387
219	0.8550149341950857
220	0.8550149341950857
221	1.9160300064654974
222	1.9160300064654974
223	2.5558829923346558
224	2.5558829923346558
225	1.1758327203804375
226	1.1758327203804375
227	1.8081213668746245
228	1.8081213668746245
229	1.5592106304466344
230	1.5592106304466344
231	1.7903312629427408
232	1.7903312629427408
233	1.415171361425637
234	1.415171361425637
235	0.6001314819652395
236	0.6001314819652395
237	1.1167684696287505
238	1.1167684696287505
239	0.6751838551291645
240	0.6751838551291645
241	0.42464817957814505
242	0.42464817957814505
243	1.215198404287178
244	1.215198404287178
245	1.0490717741729971
246	1.0490717741729971
247	0.7891183393055521
248	0.7891183393055521
249	1.1345968653821117
250	1.1345968653821117
251	1.4058277023074317
252	1.4058277023074317
253	1.3680900626979415
254	1.3680900626979415
255	1.2870878587933257
256	1.2870878587933257
257	0.967536035343622
258	0.967536035343622
259	0.2774384250283135
260	0.2774384250283135
261	0.7479339817631643
262	0.7479339817631643
263	1.3831880576528324
264	1.3831880576528324
265	1.4587677709822542
266	1.4587677709822542
267	1.3322977536373426
268	1.3322977536373426
269	1.583067233802541
270	1.583067233802541
271	1.0604995555343948
272	1.0604995555343948
273	0.39891629905961545
274	0.39891629905961545
275	0.8962382923195968
276	0.8962382923195968
277	1.1865479210101721
278	1.1865479210101721
279	1.236675669508329
280	1.236675669508329
281	1.1693540537017606
282	1.1693540537017606
283	1.7340380624758385
284	1.7340380624758385
285	1.2090017244392084
286	1.2090017244392084
287	1.2502112434345336
288	1.2502112434345336
289	1.6613694637814835
290	1.6613694637814835
291	0.43539663998680356
292	0.43539663998680356
293	1.1862359171353105
294	1.1862359171353105
295	1.0810211608720022
296	1.0810211608720022
297	0.7287396197328171
298	0.7287396197328171
299	1.1536086076385745
300	1.1536086076385745
301	0.5987349679986782
302	0.5987349679986782
303	1.4323901625166964
304	1.4323901625166964
305	1.413015518865319
306	1.413015518865319
307	0.6962584555326539
308	0.6962584555326539
309	0.990069891794314
310	0.990069891794314
311	1.3771469383612047
312	1.3771469383612047
313	1.5170329848069473
314	1.5170329848069473
315	1.4896763601941196
316	1.4896763601941196
317	1.0815644392017247
318	1.0815644392017247
319	0.707442432783195
320	0.707442432783195
321	1.7015491890020358
322	1.7015491890020358
323	1.141457925018321
324	1.141457925018321
325	0.8584059395739985
326	0.8584059395739985
327	1.4009383731632234
328	1.4009383731632234
329	0.8418069145811449
330	0.8418069145811449
331	1.3788428179257093
332	1.3788428179257093
333	1.6346016875428802
334	1.6346016875428802
335	0.9706876211005515
336	0.9706876211005515
337	1.4170125228067052
338	1.4170125228067052
339	1.0393543949207387
340	1.0393543949207387
341	1.5617084892874773
342	1.5617084892874773
343	0.8546873130216603
344	0.8546873130216603
345	0.8678930174484482
346	0.8678930174484482
347	1.3257032763146537
348	1.3257032763146537
349	0.8216527316660478
350	0.8216527316660478
351	0.6009222090069251
352	0.6009222090069251
353	1.1450917893974377
354	1.1450917893974377
355	1.55320163757726
356	1.55320163757726
357	1.5193476714898675
358	1.5193476714898675
359	0.8388034085934482
360	0.8388034085934482
361	0.8604212432055183
362	0.8604212432055183
363	0.2695762035325987
364	0.2695762035325987
365	0.8361066329494715
366	0.8361066329494715
367	1.3969915814222251
368	1.3969915814222251
369	0.9893269654655743
370	0.9893269654655743
371	0.5585064781592975
372	0.5585064781592975
373	1.0990730731139355
374	1.0990730731139355
375	1.3422430934764678
376	1.3422430934764678
377	1.2532984100215114
378	1.2532984100215114
379	0.8973350649916488
380	0.8973350649916488
381	1.6732683543390987
382	1.6732683543390987
383	1.7899070103251704
384	1.7899070103251704
385	0.8882474196715585
386	0.8882474196715585
387	1.3315920879336425
388	1.3315920879336425
389	1.2625080648920186
390	1.2625080648920186
391	1.5360601587045295
392	1.5360601587045295
393	1.5800746436673014
394	1.5800746436673014
395	1.2179462700531214
396	1.2179462700531214
397	0.8273652703559586
398	0.8273652703559586
399	1.5813880308217954
400	1.5813880308217954
401	0.6397332249394523
402	0.6397332249394523
403	0.9695726235284856
404	0.9695726235284856
405	0.9954845851158208
406	0.9954845851158208
407	0.7280773531469401
408	0.7280773531469401
409	1.090914909082609
410	1.090914909082609
411	1.6093515292078102
412	1.6093515292078102
413	1.8404323673558753
414	1.8404323673558753
415	1.886526350974325
416	1.886526350974325
417	1.0792184155919682
418	1.0792184155919682
419	2.9475046714570046
420	2.9475046714570046
421	2.715996732553795
422	2.715996732553795
423	2.4498043352536927
424	2.4498043352536927
425	1.4887705789869876
426	1.4887705789869876
427	1.9632016808660007
428	1.9632016808660007
429	4.024860859010387
430	4.024860859010387
431	2.929487996753111
432	2.929487996753111
433	2.205963916679124
434	2.205963916679124
435	2.971458140220912
436	2.971458140220912
437	3.0583099453749942
438	3.0583099453749942
439	0.24953391558653104
440	0.24953391558653104
441	1.9203645888080423
442	1.9203645888080423
443	3.587689061310858
444	3.587689061310858
445	4.469586742498366
446	4.469586742498366
447	2.2577621252011273
448	2.2577621252011273
449	2.6234095187405377
450	2.6234095187405377
451	4.224791774611845
452	4.224791774611845
453	1.4590929489176332
454	1.4590929489176332
455	1.99342437138167
456	1.99342437138167
457	4.605208302366313
458	4.605208302366313
459	2.257284724999032
460	2.257284724999032
461	2.685656244317705
462	2.685656244317705
463	2.774475586527915
464	2.774475586527915
465	2.6350550568140765
466	2.6350550568140765
467	1.9911946512954934
468	1.9911946512954934
469	1.3103603582502414
470	1.3103603582502414
471	3.1333714934959183
472	3.1333714934959183
473	2.5140098967018796
474	2.5140098967018796
475	1.4908210157702797
476	1.4908210157702797
477	1.3221707706674328
478	1.3221707706674328
479	1.4239644264858657
480	1.4239644264858657
481	1.6746185854361662
482	1.6746185854361662
483	1.8085885596184785
484	1.8085885596184785
485	1.7194982672737262
486	1.7194982672737262
487	1.7897831666457655
488	1.7897831666457655
489	2.1016114388168137
490	2.1016114388168137
491	1.2624706891227522
492	1.2624706891227522
493	1.7864622795321439
494	1.7864622795321439
495	3.0734576906037576
496	3.0734576906037576
497	2.111856751932023
498	2.111856751932023
499	1.6306049778145306
500	1.6306049778145306
501	2.034756611595836
502	2.034756611595836
503	1.0451075308582016
504	1.0451075308582016
505	0.8322258309869748
506	0.8322258309869748
507	1.355919823865287
508	1.355919823865287
509	0.5965944470700311
510	0.5965944470700311
511	1.9557174480328432
512	1.9557174480328432
513	1.0956299211701404
514	1.0956299211701404
515	0.7754074826044715
516	0.7754074826044715
517	1.482684320109913
518	1.482684320109913
519	0.7362639797808809
520	0.7362639797808809
521	1.2241629319312985
522	1.2241629319312985
523	0.6328949661884533
524	0.6328949661884533
525	2.0286120894582145
526	2.0286120894582145
527	0.936050572852699
528	0.936050572852699
529	2.0173940095962823
530	2.0173940095962823
531	2.0380689151494638
532	2.0380689151494638
533	1.6596947201485044
534	1.6596947201485044
535	2.2835081310407612
536	2.2835081310407612
537	1.2530459415384496
538	1.2530459415384496
539	0.6982454218092707
540	0.6982454218092707
541	1.0350050291467303
542	1.0350050291467303
543	1.8770290862235017
544	1.8770290862235017
545	0.9619105375934636
546	0.9619105375934636
547	0.7818863118050791
548	0.7818863118050791
549	1.6502457580946772
550	1.6502457580946772
551	1.6420131600317067
552	1.6420131600317067
553	2.286300013094359
554	2.286300013094359
555	1.4618727185430809
556	1.4618727185430809
557	1.6642730851023522
558	1.6642730851023522
559	1.8493908924177958
560	1.8493908924177958
561	1.4363577982780418
562	1.4363577982780418
563	2.122416439025977
564	2.122416439025977
565	0.7741303773381336
566	0.7741303773381336
567	2.2014620145190142
568	2.2014620145190142
569	1.610795686883362
570	1.610795686883362
571	2.3317857254866357
572	2.3317857254866357
573	1.223433155212859
574	1.223433155212859
575	1.4455225607667446
576	1.4455225607667446
577	2.355893645985825
578	2.355893645985825
579	1.2307643718307708
580	1.2307643718307708
581	1.1333961668114192
582	1.1333961668114192
583	2.020573187490461
584	2.020573187490461
585	1.39393871192675
586	1.39393871192675
587	0.7771083463471304
588	0.7771083463471304
589	1.851476104141236
590	1.851476104141236
591	1.200548626503131
592	1.200548626503131
593	1.4824299532258143
594	1.4824299532258143
595	0.8609754990775885
596	0.8609754990775885
597	1.5131143055070349
598	1.5131143055070349
599	1.710090879854024
600	1.710090879854024
601	1.2110480763280593
602	1.2110480763280593
603	2.319285292508514
604	2.319285292508514
605	2.075699340162862
606	2.075699340162862
607	2.317607267334284
608	2.317607267334284
609	2.3861693672016147
610	2.3861693672016147
611	1.0588700082015228
612	1.0588700082015228
613	1.8644944875272473
614	1.8644944875272473
615	5.322877896950233
616	5.322877896950233
617	3.1217223892675077
618	3.1217223892675077
619	1.3247655506352642
620	1.3247655506352642
621	1.1712360126592503
622	1.1712360126592503
623	1.686907221890968
624	1.686907221890968
625	1.019534530217218
626	1.019534530217218
627	4.5846822394251365
628	4.5846822394251365
629	4.05008230563355
630	4.05008230563355
631	6.1490071704005205
632	6.1490071704005205
633	4.130559704506361
634	4.130559704506361
635	2.9609422091470456
636	2.9609422091470456
637	4.85954040528693
638	4.85954040528693
639	1.2472418400152923
640	1.2472418400152923
641	5.473369467654379
642	5.473369467654379
643	4.2100198769990955
644	4.2100198769990955
645	1.6597278155480004
646	1.6597278155480004
647	4.580253278974472
648	4.580253278974472
649	2.0660778972986904
650	2.0660778972986904
651	2.716278321271921
652	2.716278321271921
653	4.01020219028295
654	4.01020219028295
655	5.145911468576828
656	5.145911468576828
657	2.7628613873778054
658	2.7628613873778054
659	1.5561308879359177
660	1.5561308879359177
661	4.7418805059606575
662	4.7418805059606575
663	1.0270540903201426
664	1.0270540903201426
665	2.831746423422278
666	2.831746423422278
667	0.732925545800399
668	0.732925545800399
669	0.1
670	0.1
671	1.0351709598889849
672	1.0351709598889849
673	0.863853594364082
674	0.863853594364082
675	0.9260720949079673
676	0.9260720949079673
677	0.7476275166489506
678	0.7476275166489506
679	0.6213286113749908
680	0.23688015476001573
681	0.23688015476001573
682	0.34824313487067887
683	0.34824313487067887
684	0.225575301811289
685	1.467115358673217
686	1.467115358673217
687	1.4804632522563725
688	1.4804632522563725
689	0.8812384338799412
690	0.8812384338799412
691	1.0139563213312976
692	1.0139563213312976
693	1.5382337888827469
694	1.5382337888827469
695	0.8253383051247725
696	0.8253383051247725
697	1.221373185789775
698	1.221373185789775
699	1.4458152313869912
700	1.4458152313869912
701	1.3341994940866804
702	1.3341994940866804
703	0.66900085216499
704	0.66900085216499
705	0.911081900261604
706	0.911081900261604
707	1.375841321816768
708	1.375841321816768
709	1.346543461899425
710	1.346543461899425
711	0.39075997883025326
712	0.39075997883025326
713	1.3271884961560796
714	1.3271884961560796
715	0.8707082892912215
716	0.8707082892912215
717	1.446756450812634
718	1.446756450812634
719	1.2399275337577012
720	1.2399275337577012
721	1.3796316283403112
722	1.3796316283403112
723	1.2132678483358639
724	1.2132678483358639
725	0.9897237726478446
726	0.9897237726478446
727	1.0401681384049677
728	1.0401681384049677
729	2.183044632376369
730	2.183044632376369
731	1.2146584507918126
732	1.2146584507918126
733	1.1607964403321955
734	1.1607964403321955
735	1.292430730539196
736	1.292430730539196
737	1.2211415189088224
738	1.2211415189088224
739	1.0484594341562763
740	1.0484594341562763
741	0.8935104779421574
742	0.8935104779421574
743	1.253402503873799
744	1.253402503873799
745	0.6179486638507449
746	0.6179486638507449
747	1.5603961085128835
748	1.5603961085128835
749	1.4742671988225684
750	1.4742671988225684
751	1.0920313825738355
752	1.0920313825738355
753	0.3515282201809877
754	0.3515282201809877
755	1.0101091473343937
756	1.0101091473343937
757	0.8647772572198127
758	0.8647772572198127
759	1.487339050368417
760	1.487339050368417
761	1.157857090533759
762	1.157857090533759
763	0.7925233119652897
764	0.7925233119652897
765	0.7703233593958392
766	0.7703233593958392
767	1.0173003008252826
768	1.0173003008252826
769	1.0177528465099417
770	1.0177528465099417
771	1.4849718087440338
772	1.4849718087440338
773	1.6756584288394578
774	1.6756584288394578
775	1.2901995696408197
776	1.2901995696408197
777	1.4752324104046324
778	1.4752324104046324
779	1.1943203939699298
780	1.1943203939699298
781	0.8897904184772357
782	0.8897904184772357
783	1.744276892131953
784	1.744276892131953
785	1.0794347565665516
786	1.0794347565665516
787	0.4915774267127321
788	0.4915774267127321
789	1.5918891635759738
790	1.5918891635759738
791	1.0494627924049018
792	1.0494627924049018
793	1.1833150642036805
794	1.1833150642036805
795	1.318385826487656
796	1.318385826487656
797	1.006759160623222
798	1.006759160623222
799	0.47558121313133983
800	0.47558121313133983
801	1.1234755521712076
802	1.1234755521712076
803	0.5758801861033707
804	0.5758801861033707
805	1.2682305979018302
806	1.2682305979018302
807	1.4202546927193913
808	1.4202546927193913
809	1.2951104160782365
810	1.2951104160782365
811	1.2697376204180049
812	1.2697376204180049
813	1.0875627332606113
814	1.0875627332606113
815	1.3611289560257651
816	1.3611289560257651
817	1.159349271235334
818	1.159349271235334
819	1.7160939363083485
820	1.7160939363083485
821	1.3599967589889381
822	1.3599967589889381
823	1.3020619773757218
824	1.3020619773757218
825	0.890525141039793
826	0.890525141039793
827	1.6040305352847324
828	1.6040305352847324
829	1.8166351256992597
830	1.8166351256992597
831	1.3953184824668767
832	1.3953184824668767
833	1.1938666663742903
834	1.1938666663742903
835	1.18921510242811
836	1.18921510242811
837	0.6771787756922449
838	0.6771787756922449
839	1.7006246507847682
840	1.7006246507847682
841	0.5652270277848997
842	0.5652270277848997
843	1.372285370584903
844	1.372285370584903
845	0.8439730375193752
846	0.8439730375193752
847	0.6300235996576566
848	0.6300235996576566
849	1.301659740863876
850	1.301659740863876
851	0.8921119638598863
852	0.8921119638598863
853	0.8815260443838889
854	0.8815260443838889
855	0.9241493422268593
856	0.9241493422268593
857	1.868754356596863
858	1.868754356596863
859	0.638755142439795
860	0.638755142439795
861	1.1021408875062741
862	1.1021408875062741
863	1.5299364009107825
864	1.5299364009107825
865	0.7214814815574029
866	0.7214814815574029
867	0.7715904929205326
868	0.7715904929205326
869	0.7841267733563319
870	0.7841267733563319
871	0.8127837149138178
872	0.8127837149138178
873	0.9635801642345548
874	0.9635801642345548
875	1.5265104449518527
876	1.5265104449518527
877	1.2714549698686326
878	1.2714549698686326
879	1.8182096775561343
880	1.8182096775561343
881	1.1733194392851396
882	1.1733194392851396
883	1.3933626508453174
884	1.3933626508453174
885	1.4226179716984406
886	1.4226179716984406
887	0.8865478685316251
888	0.8865478685316251
889	1.0898231875683975
890	1.0898231875683975
891	0.9168215236189968
892	0.9168215236189968
893	0.8514308054417442
894	0.8514308054417442
895	1.577641691020883
896	1.577641691020883
897	1.1147823802557362
898	1.1147823802557362
899	1.2376052715899597
900	1.2376052715899597
901	0.6653879821803486
902	0.6653879821803486
903	1.2233188945393607
904	1.2233188945393607
905	0.5068709070175506
906	0.5068709070175506
907	1.1141576685678325
908	1.1141576685678325
909	1.6094116147598503
910	1.6094116147598503
911	1.4605227108388739
912	1.4605227108388739
913	1.3253551717605974
914	1.3253551717605974
915	0.5946726842430359
916	0.5946726842430359
917	0.32285775974348474
918	0.32285775974348474
919	0.878106144893543
920	0.878106144893543
921	1.325514478115868
922	1.325514478115868
923	0.6732764263492863
924	0.6732764263492863
925	2.1347040609626644
926	2.1347040609626644
927	0.8503378041004155
928	0.8503378041004155
929	0.9949184934931995
930	0.9949184934931995
931	2.450303784707831
932	2.450303784707831
933	1.1252155414428529
934	1.1252155414428529
935	1.8027994482813212
936	1.8027994482813212
937	1.742754470473181
938	1.742754470473181
939	1.0400223830512532
940	1.0400223830512532
941	1.191735457029773
942	1.191735457029773
943	1.209518223880158
944	1.209518223880158
945	1.7225340258486153
946	1.7225340258486153
947	1.2764162637952043
948	1.2764162637952043
949	0.763340040902627
950	0.763340040902627
951	1.7249667368740667
952	1.7249667368740667
953	0.5918947785537272
954	0.5918947785537272
955	0.5490903756170433
956	0.5490903756170433
957	1.1089386359927673
958	1.1089386359927673
959	1.4834062434603492
960	1.4834062434603492
961	1.0176212649859595
962	1.0176212649859595
963	0.5404184291893006
964	0.5404184291893006
965	0.7762892557209664
966	0.7762892557209664
967	1.317878899793285
968	1.317878899793285
969	2.015537120770969
970	2.015537120770969
971	0.9922294228546311
972	0.9922294228546311
973	1.1322367762173544
974	1.1322367762173544
975	0.7955949675167171
976	0.7955949675167171
977	0.9424983648521155
978	0.9424983648521155
979	1.4398187298897736
980	1.4398187298897736
981	1.0956503763392176
982	1.0956503763392176
983	0.7175899052718979
984	0.7175899052718979
985	0.7607051794602824
986	0.7607051794602824
987	1.3573532398739347
988	1.3573532398739347
989	0.6005505283971183
990	0.6005505283971183
991	0.7033581048601689
992	0.7033581048601689
993	1.3823492805177848
994	1.3823492805177848
995	0.9695724019762083
996	0.9695724019762083
997	0.9803756753712137
998	0.9803756753712137
999	1.5056485524142558
1000	1.5056485524142558
1001	0.1
1002	0.1
1003	1.2792432534953018
1004	1.2792432534953018
1005	0.7864995503288448
1006	0.7864995503288448
1007	1.0406328939956544
1008	1.0406328939956544
1009	1.3072660172588342
1010	1.3072660172588342
1011	1.0873838080578557
1012	1.0873838080578557
1013	1.3412345754911514
1014	1.3412345754911514
1015	1.3334447047199853
1016	1.3334447047199853
1017	0.7587152622568187
1018	0.7587152622568187
1019	0.1
1020	0.1
1021	1.2859401691930878
1022	1.2859401691930878
1023	1.346670849404215
1024	1.346670849404215
1025	0.7209115355895663
1026	0.7209115355895663
1027	1.0767568141089794
1028	1.0767568141089794
1029	1.1448208193044607
1030	1.1448208193044607
1031	1.505049054479674
1032	1.505049054479674
1033	0.9639228246385102
1034	0.9639228246385102
1035	1.1252533254762154
1036	1.1252533254762154
1037	1.503637137125816
1038	1.503637137125816
1039	1.038225257378268
1040	1.038225257378268
1041	0.5545036941385704
1042	0.5545036941385704
1043	1.2999718436684196
1044	1.2999718436684196
1045	1.1265776619455636
1046	1.1265776619455636
1047	0.7860175625886199
1048	0.7860175625886199
1049	1.0943822619223835
1050	1.0943822619223835
1051	1.083551899321767
1052	1.083551899321767
1053	1.626724944779657
1054	5.811440944011865
1055	5.811440944011865
1056	1.9991171743578533
1057	1.9991171743578533
1058	4.152061955316361
1059	4.152061955316361
1060	3.2533854263403685
1061	3.2533854263403685
1062	4.263446991367733
1063	4.263446991367733
1064	2.9604493859797465
1065	2.9604493859797465
1066	4.174429280042467
1067	4.174429280042467
1068	3.9573456339494797
1069	3.9573456339494797
1070	4.225379425889165
1071	4.225379425889165
1072	3.7644274374052453
1073	3.7644274374052453
1074	4.162225860405952
1075	4.162225860405952
1076	1.337281236340914
1077	1.337281236340914
1078	3.190887811367799
1079	3.190887811367799
1080	1.9641296602483582
1081	1.9641296602483582
1082	3.3366720049951866
1083	3.3366720049951866
1084	3.582618355875916
1085	3.582618355875916
1086	3.4437818775867153
1087	3.4437818775867153
1088	4.851661907748713
1089	4.851661907748713
1090	2.4149766329150664
1091	2.4149766329150664
1092	3.6645929282389784
1093	3.6645929282389784
1094	3.727541604747853
1095	3.727541604747853
1096	3.0007714670600816
1097	3.0007714670600816
1098	1.508860956511524
1099	1.508860956511524
1100	2.6092079261273953
1101	2.6092079261273953
1102	1.8758161498431265
1103	1.8758161498431265
1104	4.396380769578778
1105	4.396380769578778
1106	4.0023246656527665
1107	4.0023246656527665
1108	3.4999667262108343
1109	3.4999667262108343
1110	2.6251564137208434
1111	2.6251564137208434
1112	4.080834387759768
1113	4.080834387759768
1114	2.86975167842093
1115	2.86975167842093
1116	3.5159154821876184
1117	3.5159154821876184
1118	3.1057217400588963
1119	3.1057217400588963
1120	3.4850578519728503
1121	3.4850578519728503
1122	3.214628608643572
1123	3.214628608643572
1124	1.5632437371481662
1125	1.5632437371481662
1126	2.520330847987707
1127	2.520330847987707
1128	3.487619584963285
1129	3.487619584963285
1130	3.5790276108222407
1131	3.5790276108222407
1132	4.498070766484746
1133	4.498070766484746
1134	0.1
1135	0.1
1136	2.7194890759916492
1137	2.7194890759916492
1138	4.067634297708564
1139	4.067634297708564
1140	3.3605748658599888
1141	3.3605748658599888
1142	4.415724608699725
1143	4.415724608699725
1144	3.8648466549189937
1145	3.8648466549189937
1146	3.961323805624034
1147	3.961323805624034
1148	3.679212471122367
1149	3.679212471122367
1150	2.6776271244636276
1151	2.6776271244636276
1152	5.462159738421121
1153	5.462159738421121
1154	6.413791420483953
1155	6.413791420483953
1156	6.017842643132514
1157	6.017842643132514
1158	2.193386219273769
1159	2.193386219273769
1160	4.365807223992768
1161	4.365807223992768
1162	2.5780213945067514
1163	2.5780213945067514
1164	4.196629517953918
1165	4.196629517953918
1166	3.039531665717756
1167	3.039531665717756
1168	3.2169341002117724
1169	3.2169341002117724
1170	1.0622303158987054
1171	1.0622303158987054
1172	0.7075067349464383
1173	0.7075067349464383
1174	4.8004140989282735
1175	4.8004140989282735
1176	3.7402911980948326
1177	3.7402911980948326
1178	3.9442615648644854
1179	3.9442615648644854
1180	2.6124542376386866
1181	2.6124542376386866
1182	2.1436355816365635
1183	2.1436355816365635
1184	2.617437736643632
1185	2.617437736643632
1186	1.89077867785567
1187	1.89077867785567
1188	3.430298534970937
1189	3.430298534970937
1190	2.409419703577975
1191	2.409419703577975
1192	3.8415313916619986
1193	1.4952918721000774
1194	1.4952918721000774
1195	1.3906153672457042
1196	1.3906153672457042
1197	1.5766759324265331
1198	1.5766759324265331
1199	1.924810367137784
1200	1.924810367137784
1201	1.9492253410078526
1202	1.9492253410078526
1203	1.8145723106804748
1204	1.8145723106804748
1205	2.3595059985825753
1206	2.3595059985825753
1207	2.7765176554920834
1208	2.7765176554920834
1209	2.42743403400991
1210	2.42743403400991
1211	1.1531410686952466
1212	1.1531410686952466
1213	2.3729993899769033
1214	2.3729993899769033
1215	2.104626961179171
1216	2.104626961179171
1217	2.534613549535854
1218	2.534613549535854
1219	3.4714120326814757
1220	3.4714120326814757
1221	1.6616887805087612
1222	1.6616887805087612
1223	1.6279619068901874
1224	1.6279619068901874
1225	1.8221463234484259
1226	1.8221463234484259
1227	2.2445021446614595
1228	2.2445021446614595
1229	2.2505122590923805
1230	2.2505122590923805
1231	1.329516567522241
1232	1.329516567522241
1233	1.7055356983059236
1234	1.7055356983059236
1235	2.1355951768313175
1236	2.1355951768313175
1237	1.8508780590157006
1238	1.8508780590157006
1239	1.5499886806206908
1240	1.5499886806206908
1241	1.8446246827757584
1242	1.8446246827757584
1243	2.6457982653309453
1244	2.6457982653309453
1245	1.649115178244786
1246	1.649115178244786
1247	3.342439611499632
1248	3.342439611499632
1249	1.8992506527584854
1250	1.8992506527584854
1251	2.3771801812023683
1252	2.3771801812023683
1253	1.8971514942114474
1254	1.8971514942114474
1255	1.4998821790011092
1256	1.4998821790011092
1257	1.6019885430149043
1258	1.6019885430149043
1259	1.428945019734896
1260	1.428945019734896
1261	1.7859305020511087
1262	1.7859305020511087
1263	1.8647642943253535
1264	1.8647642943253535
1265	2.1362083376275516
1266	2.1362083376275516
1267	3.0358947292731973
1268	1.4758347141580606
1269	1.4758347141580606
1270	1.2889796838874008
1271	1.2889796838874008
1272	1.393886631346758
1273	1.393886631346758
1274	1.250580904247127
1275	1.250580904247127
1276	0.4441114309265226
1277	0.4441114309265226
1278	0.6829251348152474
1279	0.6829251348152474
1280	1.108711815551041
1281	1.108711815551041
1282	1.2005151495952955
1283	1.2005151495952955
1284	0.8668936900860698
1285	0.8668936900860698
1286	0.8134642754879322
1287	0.8134642754879322
1288	1.2752978060512934
1289	1.2752978060512934
1290	1.14985843353416
1291	1.14985843353416
1292	1.1557218329148993
1293	1.1557218329148993
1294	1.4738862245171884
1295	1.4738862245171884
1296	1.217255923197302
1297	1.217255923197302
1298	0.7887442183195538
1299	0.7887442183195538
1300	0.8334280143373375
1301	0.8334280143373375
1302	0.8874973596570479
1303	0.8874973596570479
1304	0.7513440497402757
1305	0.7513440497402757
1306	1.3015071897053951
1307	1.3015071897053951
1308	0.929005266466562
1309	0.929005266466562
1310	1.6120962772261813
1311	1.6120962772261813
1312	1.9389139020117923
1313	1.9389139020117923
1314	0.6421107224624334
1315	0.6421107224624334
1316	1.5416282867135378
1317	1.5416282867135378
1318	1.0963196213755113
1319	1.0963196213755113
1320	1.3308968646407469
1321	1.3308968646407469
1322	1.1353636649767544
1323	1.1353636649767544
1324	1.0092686752066964
1325	1.0092686752066964
1326	0.5831628774560872
1327	0.9767160188442343
1328	0.9767160188442343
1329	3.8686559995782908
1330	3.8686559995782908
1331	2.8373147796062255
1332	2.8373147796062255
1333	2.6961599084916235
1334	2.6961599084916235
1335	2.7177271773074922
1336	2.7177271773074922
1337	1.7279963328439036
1338	1.7279963328439036
1339	5.126166861487308
1340	5.126166861487308
1341	6.0003331654639
1342	6.0003331654639
1343	4.033553062821478
1344	4.033553062821478
1345	2.7846276318242547
1346	2.7846276318242547
1347	2.676650432175575
1348	2.676650432175575
1349	3.791696856689842
1350	3.791696856689842
1351	3.8385686785173374
1352	3.8385686785173374
1353	2.960851242032083
1354	2.960851242032083
1355	3.3757819045154336
1356	3.3757819045154336
1357	3.1118172322211657
1358	3.1118172322211657
1359	5.458075697425436
1360	5.458075697425436
1361	1.4315424405379165
1362	1.4315424405379165
1363	3.4228993897490114
1364	3.4228993897490114
1365	2.5559459390553383
1366	2.5559459390553383
1367	4.85101893732897
1368	4.85101893732897
1369	1.9654480845343685
1370	1.9654480845343685
1371	1.725517300411927
1372	1.725517300411927
1373	4.325814105662781
1374	4.325814105662781
1375	1.8614925409823908
1376	1.8614925409823908
1377	1.8076214509230673
1378	1.8076214509230673
1379	4.51535664751644
1380	4.51535664751644
1381	2.229466353413483
1382	2.229466353413483
1383	3.386358698655208
1384	3.386358698655208
1385	1.2988114121322298
1386	1.2988114121322298
1387	3.5992979271615626
1388	3.5992979271615626
1389	3.2199395235560657
1390	3.2199395235560657
1391	3.590968331906764
1392	3.590968331906764
1393	1.1168320117617654
1394	1.1168320117617654
1395	2.9104382954852985
1396	2.9104382954852985
1397	4.631344768651392
1398	4.631344768651392
1399	3.427070714336611
1400	3.427070714336611
1401	3.8496817826267065
1402	3.8496817826267065
1403	2.0898397261053865
1404	2.0898397261053865
1405	4.1190362216221175
1406	4.1190362216221175
1407	3.388308163846945
1408	3.388308163846945
1409	1.722899573118299
1410	1.722899573118299
1411	5.445216854617442
1412	5.445216854617442
1413	3.210627963796767
1414	3.210627963796767
1415	0.8184810502279412
1416	2.4321440582583014
1417	2.4321440582583014
1418	2.6394526196524994
1419	2.6394526196524994
1420	4.5740569059526575
1421	4.5740569059526575
1422	3.658385650331083
1423	3.658385650331083
1424	1.9538596638963173
1425	1.9538596638963173
1426	2.629392508356348
1427	2.629392508356348
1428	2.3942309069109156
1429	2.3942309069109156
1430	3.596924697073068
1431	3.596924697073068
1432	3.0270187618751043
1433	3.0270187618751043
1434	2.8226199627668245
1435	2.8226199627668245
1436	2.593285417910523
1437	2.593285417910523
1438	3.923952697422154
1439	3.923952697422154
1440	1.6123975352916056
1441	1.6123975352916056
1442	2.411102015393615
1443	2.411102015393615
1444	2.4119956472822133
1445	2.4119956472822133
1446	0.9632339277728801
1447	0.9632339277728801
1448	4.122899928756371
1449	4.122899928756371
1450	1.7753433424736444
1451	1.7753433424736444
1452	3.9843816951748083
1453	3.9843816951748083
1454	1.4964578599146485
1455	1.4964578599146485
1456	3.3598169674865708
1457	3.3598169674865708
1458	4.109604890664988
1459	4.109604890664988
1460	4.022524392577058
1461	4.022524392577058
1462	1.6992956168632771
1463	1.6992956168632771
1464	4.053863376629727
1465	4.053863376629727
1466	2.8893814166536527
1467	2.8893814166536527
1468	1.6029221036213759
1469	1.6029221036213759
1470	2.142450123786214
1471	2.142450123786214
1472	4.074030304987878
1473	4.074030304987878
1474	3.1978367379430948
1475	3.1978367379430948
1476	1.9842033717212917
1477	1.9842033717212917
1478	4.314390638599112
1479	4.314390638599112
1480	2.771083329395614
1481	2.771083329395614
1482	2.4161803131701056
1483	2.4161803131701056
1484	1.6062607134293687
1485	1.6062607134293687
1486	3.2809433168045663
1487	3.2809433168045663
1488	2.2233274200615556
1489	2.2233274200615556
1490	3.7466951777183564
1491	3.7466951777183564
1492	3.1478030282844993
1493	3.1478030282844993
1494	2.3449892128183
1495	2.3449892128183
1496	3.0218388046838696
1497	3.0218388046838696
1498	3.0642399869920323
1499	3.0642399869920323
1500	3.5096681100799283
1501	3.5096681100799283
1502	1.8487534854910184
1503	1.8487534854910184
1504	3.302355788325418
1505	3.302355788325418
1506	4.5477339070568155
1507	4.5477339070568155
1508	3.5245441508561974
1509	3.5245441508561974
1510	1.104322882843816
1511	1.104322882843816
1512	2.132512950626427
1513	2.132512950626427
1514	3.3154921164712734
1515	3.3154921164712734
1516	2.181588633974421
1517	2.181588633974421
1518	2.3573534228123187
1519	2.3573534228123187
1520	2.136371208712884
1521	2.136371208712884
1522	3.0567624143362786
1523	3.0567624143362786
1524	2.274553738359955
1525	2.274553738359955
1526	4.151694842392852
1527	4.151694842392852
1528	2.7495088499643368
1529	2.7495088499643368
1530	1.8684297267512036
1531	1.8684297267512036
1532	1.279946195691501
1533	1.279946195691501
1534	2.735692488104506
1535	2.735692488104506
1536	3.221256140171169
1537	3.221256140171169
1538	2.8589409688488012
1539	2.8589409688488012
1540	3.0231247209909182
1541	3.0231247209909182
1542	3.313355043098638
1543	3.313355043098638
1544	4.18777155745421
1545	4.18777155745421
1546	2.520871892824224
1547	2.520871892824224
1548	2.5079802029245104
1549	2.5079802029245104
1550	1.6363633606627799
1551	1.6363633606627799
1552	1.5432386777327751
1553	1.5432386777327751
1554	4.285636812237382
1555	4.285636812237382
1556	1.1527368207879443
1557	1.1527368207879443
1558	3.680859924781687
1559	3.680859924781687
1560	5.123050444358003
1561	5.123050444358003
1562	3.0710101215302394
1563	3.0710101215302394
1564	3.608261093414361
1565	3.608261093414361
1566	2.7996146861734212
1567	2.7996146861734212
1568	2.2420744249130626
1569	2.2420744249130626
1570	4.32026550764677
1571	4.32026550764677
1572	3.3653217971707488
1573	3.3653217971707488
1574	2.749240026536202
1575	2.749240026536202
1576	2.323423154281845
1577	2.323423154281845
1578	3.4714386029755984
1579	3.4714386029755984
1580	3.407602547147243
1581	3.407602547147243
1582	3.242475495547898
1583	3.242475495547898
1584	4.5593054896868805
1585	4.5593054896868805
1586	2.77341458915409
1587	2.77341458915409
1588	3.4908884839251364
1589	3.4908884839251364
1590	1.7115552118083932
1591	1.7115552118083932
1592	3.00935916138942
1593	3.00935916138942
1594	3.0626634731168276
1595	3.0626634731168276
1596	4.429316323652369
1597	4.429316323652369
1598	3.9665931363520768
1599	3.9665931363520768
1600	2.5061708536331584
1601	2.5061708536331584
1602	2.412423114290929
1603	2.412423114290929
1604	4.071977663013085
1605	4.071977663013085
1606	4.3238119493100555
1607	4.3238119493100555
1608	3.9434401967907604
1609	3.9434401967907604
1610	2.942132359478319
1611	2.942132359478319
1612	4.357434846482155
1613	4.357434846482155
1614	4.426668811804918
1615	4.426668811804918
1616	1.4064429432472139
1617	1.4064429432472139
1618	2.5784438378155605
1619	2.5784438378155605
1620	4.6582270711624245
1621	4.6582270711624245
1622	2.865337322895038
1623	2.865337322895038
1624	4.193941589754361
1625	4.193941589754361
1626	1.71949772982512
1627	1.71949772982512
1628	3.5077907191553783
1629	3.5077907191553783
1630	2.18706245261653
1631	2.18706245261653
1632	3.5699974311760254
1633	3.5699974311760254
1634	1.2118970878372373
1635	1.2118970878372373
1636	3.63432197024097
1637	3.63432197024097
1638	1.2022403219697624
1639	1.2022403219697624
1640	3.6486570935859075
1641	3.6486570935859075
1642	2.797800386377523
1643	2.797800386377523
1644	2.827341850841861
1645	2.827341850841861
1646	3.2528348045422364
1647	3.2528348045422364
1648	2.963527802308346
1649	2.963527802308346
1650	2.7303418198125837
1651	2.7303418198125837
1652	4.595260790893067
1653	4.595260790893067
1654	3.7568624220049944
1655	3.7568624220049944
1656	3.9307117801552787
1657	3.9307117801552787
1658	3.3548371174219116
1659	3.3548371174219116
1660	2.5154767360066828
1661	2.5154767360066828
1662	3.7177163455501283
1663	3.7177163455501283
1664	2.55726278140494
1665	2.55726278140494
1666	3.0456671977108605
1667	3.0456671977108605
1668	3.1266181598806595
1669	3.1266181598806595
1670	1.0392549934480155
1671	1.0392549934480155
1672	2.2807028901809216
1673	2.2807028901809216
1674	2.0322035715187923
1675	2.0322035715187923
1676	3.6620310910437244
1677	3.6620310910437244
1678	2.5356089021602686
1679	2.5356089021602686
1680	4.793422023541613
1681	4.793422023541613
1682	3.530642034230956
1683	3.530642034230956
1684	3.610635099367156
1685	3.610635099367156
1686	2.7629455583863116
1687	2.7629455583863116
1688	3.9674039268666332
1689	3.9674039268666332
1690	2.73951369192656
1691	2.73951369192656
1692	1.7179807728031835
1693	1.7179807728031835
1694	3.3397643197500586
1695	3.3397643197500586
1696	3.0761599198671665
1697	3.0761599198671665
1698	1.5533682825559678
1699	1.5533682825559678
1700	1.3043935011107066
1701	1.3043935011107066
1702	1.899956960581235
1703	1.899956960581235
1704	4.347315879981296
1705	4.347315879981296
1706	3.065614038528119
1707	3.065614038528119
1708	3.4081821455383365
1709	3.4081821455383365
1710	4.617990994343677
1711	4.617990994343677
1712	3.40016205845844
1713	3.40016205845844
1714	2.0643783641728755
1715	2.0643783641728755
1716	1.1462700644034336
1717	1.1462700644034336
1718	1.3357996448550735
1719	1.3357996448550735
1720	2.237020827891689
1721	2.237020827891689
1722	1.6503713749551503
1723	1.6503713749551503
1724	2.8235851911038714
1725	2.8235851911038714
1726	3.773307645154876
1727	3.773307645154876
1728	1.616710092283033
1729	1.616710092283033
1730	2.447312601416229
1731	2.447312601416229
1732	2.244737603049902
1733	2.244737603049902
1734	2.355386931774634
1735	2.355386931774634
1736	3.349094658130003
1737	3.349094658130003
1738	4.602061787060906
1739	4.602061787060906
1740	3.6376153990150666
1741	3.6376153990150666
1742	3.867312329620659
1743	3.867312329620659
1744	2.516058388360509
1745	2.516058388360509
1746	3.3165689212709597
1747	3.3165689212709597
1748	2.8170590013536096
1749	2.8170590013536096
1750	4.850745231089318
1751	4.850745231089318
1752	2.958947688575454
1753	2.958947688575454
1754	2.792806491037159
1755	2.792806491037159
1756	4.985070199288961
1757	4.985070199288961
1758	1.9803078169642905
1759	1.9803078169642905
1760	3.328084987461849
1761	3.328084987461849
1762	2.7970546441318804
1763	2.7970546441318804
1764	2.461557338941054
1765	2.461557338941054
1766	2.5241919583903982
1767	2.5241919583903982
1768	0.39228601310650946
1769	0.39228601310650946
1770	0.6451385754251963
1771	0.6451385754251963
1772	0.436285875925963
1773	0.436285875925963
1774	0.5401235677778482
1775	0.5401235677778482
1776	0.542504706157962
1777	0.542504706157962
1778	0.5874060877159206
1779	0.5874060877159206
1780	0.8774066713415765
1781	0.8774066713415765
1782	0.9992776722520526
1783	0.9992776722520526
1784	0.36235039782815287
1785	0.36235039782815287
1786	0.41595358529482784
1787	0.41595358529482784
1788	0.9820081107059487
1789	0.9820081107059487
1790	0.391419084383109
1791	0.391419084383109
1792	0.6806371761440699
1793	0.6806371761440699
1794	0.2752290377752175
1795	0.2752290377752175
1796	0.519205429392259
1797	0.519205429392259
1798	0.7653529543825265
1799	0.7653529543825265
1800	1.029776358513804
1801	1.029776358513804
1802	1.090181090887259
1803	1.090181090887259
1804	0.6696967225845191
1805	0.6696967225845191
1806	0.552501604053097
1807	0.552501604053097
1808	0.7351370603135077
1809	0.7351370603135077
1810	0.6204745938216357
1811	0.6204745938216357
1812	0.7998937427921758
1813	0.7998937427921758
1814	0.5611996545014334
1815	0.5611996545014334
1816	0.7921774535199959
1817	0.7921774535199959
1818	0.9745955212123241
1819	0.9745955212123241
1820	0.5769886936178005
1821	0.5769886936178005
1822	0.47810595077234447
1823	0.47810595077234447
1824	0.5867723783281341
1825	0.5867723783281341
1826	0.24357733635396922
1827	0.24357733635396922
1828	0.8017691065752917
1829	0.8017691065752917
1830	0.7260667856425862
1831	0.7260667856425862
1832	0.5693113936561197
1833	0.5693113936561197
1834	0.6906252845253623
1835	0.6906252845253623
1836	0.6933230754858329
1837	0.6933230754858329
1838	0.5468051162867885
1839	0.5468051162867885
1840	0.9090941714446495
1841	0.9090941714446495
1842	0.341627336352636
1843	0.341627336352636
1844	0.5278721609724537
1845	0.5278721609724537
1846	0.6262427131642501
1847	0.6262427131642501
1848	0.47223632974124785
1849	0.47223632974124785
1850	0.7751386832801362
1851	0.7751386832801362
1852	0.32466333521113955
1853	0.32466333521113955
1854	0.7167941533686351
1855	0.7167941533686351
1856	1.2787590791336267
1857	1.2787590791336267
1858	0.38427011557463975
1859	0.38427011557463975
1860	0.6019289047499798
1861	0.6019289047499798
1862	0.7787437545041265
1863	0.7787437545041265
1864	0.7936007265070442
1865	0.7936007265070442
1866	0.5248193095979669
1867	0.5248193095979669
1868	0.5397905168718824
1869	0.5397905168718824
1870	0.24467704369763055
1871	0.24467704369763055
1872	0.5997874972289976
1873	0.5997874972289976
1874	0.5645807597101082
1875	0.5645807597101082
1876	0.44250801290327846
1877	0.44250801290327846
1878	0.6577284735469191
1879	0.6577284735469191
1880	0.7217117267194647
1881	0.7217117267194647
1882	0.8728541475200066
1883	0.8728541475200066
1884	0.4558675018883491
1885	0.4558675018883491
1886	0.5218406514113678
1887	0.5218406514113678
1888	0.5190918432180658
1889	0.5190918432180658
1890	0.6191746798230413
1891	0.6191746798230413
1892	0.6704633596093017
1893	0.6704633596093017
1894	0.789644314566963
1895	0.789644314566963
1896	0.5389479329964008
1897	0.5389479329964008
1898	0.36716967449899274
1899	0.36716967449899274
1900	0.2841828292309632
1901	0.2841828292309632
1902	0.8718427869315641
1903	0.8718427869315641
1904	0.665064880508619
1905	0.665064880508619
1906	0.40638849452057624
1907	0.40638849452057624
1908	0.6705762968611666
1909	0.6705762968611666
1910	0.13861820307064854
1911	0.13861820307064854
1912	1.153486590846717
1913	1.153486590846717
1914	0.15741907423815676
1915	0.15741907423815676
1916	0.6596161727930556
1917	0.6596161727930556
1918	0.6342781107043234
1919	0.6342781107043234
1920	0.7033339378393648
1921	0.7033339378393648
1922	0.7046480794039525
1923	0.7046480794039525
1924	0.41471697970962007
1925	0.41471697970962007
1926	0.6007953833395832
1927	0.6007953833395832
1928	0.965415257167644
1929	0.965415257167644
1930	0.5945423534401164
1931	0.5945423534401164
1932	0.9542260201933316
1933	0.9542260201933316
1934	0.8209607033891124
1935	0.8209607033891124
1936	0.609110389137157
1937	0.609110389137157
1938	0.6341217055218334
1939	0.6341217055218334
1940	0.24216000623939832
1941	0.24216000623939832
1942	0.9705071699708112
1943	0.9705071699708112
1944	0.3146726822420824
1945	0.3146726822420824
1946	0.7149930063272414
1947	0.7149930063272414
1948	0.42117591240723956
1949	0.42117591240723956
1950	0.6812653533469728
1951	0.6812653533469728
1952	0.5440788042526846
1953	0.5440788042526846
1954	0.5395473792513021
1955	0.5395473792513021
1956	0.44816817136603626
1957	0.44816817136603626
1958	0.7544505895111333
1959	0.7544505895111333
1960	0.8086202341430848
1961	0.8086202341430848
1962	0.5431747491882496
1963	0.5431747491882496
1964	0.6828013495756761
1965	0.6828013495756761
1966	0.6668087882929692
1967	0.6668087882929692
1968	0.9270019632159885
1969	0.9270019632159885
1970	0.7759092574468519
1971	0.7759092574468519
1972	0.43158722742142774
1973	0.43158722742142774
1974	0.5120325457542871
1975	0.5120325457542871
1976	0.5143661860938598
1977	0.5143661860938598
1978	0.7954938670833189
1979	0.7954938670833189
1980	0.6924963257080206
1981	0.6924963257080206
1982	0.3565690464630974
1983	0.3565690464630974
1984	0.9596847269701543
1985	0.9596847269701543
1986	0.6422943391343116
1987	0.6422943391343116
1988	0.5505813725387639
1989	0.5505813725387639
1990	0.4109330900538133
1991	0.4109330900538133
1992	0.8611819715760936
1993	0.8611819715760936
1994	0.7323027155973321
1995	0.7323027155973321
1996	0.8805646670236723
1997	0.8805646670236723
1998	0.99703728602318
1999	0.99703728602318
