0	3.5258530330407156
1	3.5258530330407156
2	3.5258530330407156
3	3.5258530330407156
4	1.724305215562962
5	1.724305215562962
6	1.724305215562962
7	1.724305215562962
8	2.907473006199595
9	2.907473006199595
10	2.907473006199595
11	2.907473006199595
12	2.6858351535090716
13	2.6858351535090716
14	2.6858351535090716
15	2.6858351535090716
16	3.2097599982059597
17	3.2097599982059597
18	3.2097599982059597
19	3.2097599982059597
20	4.379741735264814
21	4.379741735264814
22	4.379741735264814
23	4.379741735264814
24	2.161669047916601
25	2.161669047916601
26	2.161669047916601
27	2.161669047916601
28	0.7586445976933738
29	0.7586445976933738
30	0.7586445976933738
31	0.7586445976933738
32	2.5602726007166856
33	2.5602726007166856
34	2.5602726007166856
35	2.5602726007166856
36	3.159310365397984
37	3.159310365397984
38	3.159310365397984
39	3.159310365397984
40	3.79299277629958
41	3.79299277629958
42	3.79299277629958
43	3.79299277629958
44	1.745685509590917
45	1.745685509590917
46	1.745685509590917
47	1.745685509590917
48	3.0053500105584874
49	3.0053500105584874
50	3.0053500105584874
51	3.0053500105584874
52	2.0987384241952234
53	2.0987384241952234
54	2.0987384241952234
55	2.0987384241952234
56	1.8393709080686806
57	1.8393709080686806
58	1.8393709080686806
59	1.8393709080686806
60	1.665258945914149
61	1.665258945914149
62	1.665258945914149
63	1.665258945914149
64	1.6293225438259857
65	1.6293225438259857
66	1.6293225438259857
67	1.6293225438259857
68	2.2953585195824804
69	2.2953585195824804
70	2.2953585195824804
71	2.2953585195824804
72	1.2575836182547047
73	1.2575836182547047
74	1.2575836182547047
75	1.2575836182547047
76	1.1364457080534378
77	1.1364457080534378
78	1.1364457080534378
79	1.1364457080534378
80	1.713573695089028
81	1.713573695089028
82	1.713573695089028
83	3.242774785186101
84	3.242774785186101
85	3.242774785186101
86	3.242774785186101
87	3.26669248863785
88	3.26669248863785
89	3.26669248863785
90	3.26669248863785
91	4.597284072776497
92	4.597284072776497
93	4.597284072776497
94	4.597284072776497
95	3.9355702355331994
96	3.9355702355331994
97	3.9355702355331994
98	3.9355702355331994
99	2.9703131176633875
100	2.9703131176633875
101	2.9703131176633875
102	2.9703131176633875
103	3.0553122750149933
104	3.0553122750149933
105	3.0553122750149933
106	3.0553122750149933
107	2.7412907400255913
108	2.7412907400255913
109	2.7412907400255913
110	2.7412907400255913
111	2.1032469761437786
112	2.1032469761437786
113	2.1032469761437786
114	1.994294535950585
115	1.994294535950585
116	1.994294535950585
117	1.994294535950585
118	1.9845225520914687
119	0.8842404644346492
120	0.8842404644346492
121	0.8842404644346492
122	0.8842404644346492
123	1.218401601659055
124	1.218401601659055
125	1.218401601659055
126	1.218401601659055
127	1.6976905707277585
128	1.6976905707277585
129	1.6976905707277585
130	1.6976905707277585
131	1.563640325440511
132	1.563640325440511
133	1.563640325440511
134	1.563640325440511
135	1.5635082147885626
136	1.5635082147885626
137	1.5635082147885626
138	1.5635082147885626
139	1.5981151809292984
140	1.5981151809292984
141	1.5981151809292984
142	1.5981151809292984
143	0.682068381564712
144	0.682068381564712
145	0.682068381564712
146	0.682068381564712
147	1.5765851361084606
148	1.5765851361084606
149	1.5765851361084606
150	1.5765851361084606
151	1.5282730976257446
152	1.5282730976257446
153	1.0287488869045835
154	1.0287488869045835
155	1.0287488869045835
156	1.0287488869045835
157	2.659257666502461
158	0.9035587941173792
159	0.9035587941173792
160	0.9035587941173792
161	0.9035587941173792
162	1.1641651862257036
163	1.1641651862257036
164	1.1641651862257036
165	1.1641651862257036
166	1.212820316654338
167	1.212820316654338
168	1.212820316654338
169	1.212820316654338
170	0.8409018238307894
171	0.8409018238307894
172	0.8409018238307894
173	0.8409018238307894
174	1.8058520421061952
175	1.8058520421061952
176	1.8058520421061952
177	1.8058520421061952
178	1.0686292764557086
179	2.6639342504417862
180	2.6639342504417862
181	2.6639342504417862
182	2.6639342504417862
183	4.240564425514167
184	4.240564425514167
185	4.240564425514167
186	4.240564425514167
187	3.944544381464107
188	3.944544381464107
189	3.944544381464107
190	3.944544381464107
191	4.1229497776903905
192	4.1229497776903905
193	4.1229497776903905
194	4.1229497776903905
195	2.4151218044462563
196	2.4151218044462563
197	2.4151218044462563
198	2.4151218044462563
199	2.6066719645742262
200	2.6066719645742262
201	2.6066719645742262
202	2.6066719645742262
203	2.415586466601138
204	2.415586466601138
205	2.415586466601138
206	2.415586466601138
207	3.446825821886027
208	3.446825821886027
209	3.446825821886027
210	3.446825821886027
211	3.95940833960298
212	3.95940833960298
213	3.95940833960298
214	3.95940833960298
215	3.162407874115194
216	3.162407874115194
217	3.162407874115194
218	3.162407874115194
219	2.1604232854312198
220	2.1604232854312198
221	2.1604232854312198
222	2.1604232854312198
223	2.5006431648007217
224	2.5006431648007217
225	2.5006431648007217
226	2.5006431648007217
227	4.020172970277166
228	4.020172970277166
229	4.020172970277166
230	4.020172970277166
231	3.208714128144487
232	3.208714128144487
233	3.208714128144487
234	3.208714128144487
235	3.563804045116952
236	3.563804045116952
237	1.7670862249471937
238	1.7670862249471937
239	1.7670862249471937
240	1.7670862249471937
241	5.55004272407468
242	5.55004272407468
243	3.426686309395291
244	3.426686309395291
245	3.426686309395291
246	3.426686309395291
247	3.4051802577532078
248	3.4051802577532078
249	3.4051802577532078
250	3.4051802577532078
251	4.629078533043069
252	4.629078533043069
253	4.629078533043069
254	4.629078533043069
255	4.041824801164983
256	1.1380365156618635
257	1.1380365156618635
258	1.1380365156618635
259	1.1380365156618635
260	1.4910381824157448
261	1.4910381824157448
262	1.4910381824157448
263	1.4910381824157448
264	0.9165459789048848
265	0.9165459789048848
266	0.9165459789048848
267	0.9165459789048848
268	1.6892408824915044
269	0.1
270	0.1
271	0.1
272	0.1
273	0.3458127389556931
274	0.3458127389556931
275	0.3458127389556931
276	0.3458127389556931
277	0.12134339050730326
278	0.12134339050730326
279	0.12134339050730326
280	0.12134339050730326
281	0.20337431808608972
282	0.20337431808608972
283	0.20337431808608972
284	0.20337431808608972
285	0.10273910423123227
286	0.10273910423123227
287	0.10273910423123227
288	0.10273910423123227
289	0.16668213703900858
290	0.16668213703900858
291	0.16668213703900858
292	0.16668213703900858
293	0.16758947596336954
294	0.16758947596336954
295	0.16758947596336954
296	0.16758947596336954
297	0.13938932369256005
298	0.13938932369256005
299	0.13938932369256005
300	0.13938932369256005
301	0.24534884723134315
302	0.24534884723134315
303	0.24534884723134315
304	0.24534884723134315
305	0.15189598010764452
306	0.15189598010764452
307	0.15189598010764452
308	0.15189598010764452
309	0.2293438484537716
310	0.2293438484537716
311	0.2293438484537716
312	0.2293438484537716
313	0.2143170623901352
314	0.2143170623901352
315	0.2143170623901352
316	0.2143170623901352
317	0.2139223458895811
318	0.2139223458895811
319	0.2139223458895811
320	0.2139223458895811
321	0.1
322	0.1
323	0.1
324	0.1
325	0.1399456862072073
326	0.1399456862072073
327	0.1399456862072073
328	0.1399456862072073
329	0.16444478344721314
330	0.16444478344721314
331	0.16444478344721314
332	0.16444478344721314
333	0.14659889673599794
334	0.14659889673599794
335	0.14659889673599794
336	0.14659889673599794
337	0.27278059318946485
338	0.27278059318946485
339	0.27278059318946485
340	0.27278059318946485
341	0.3055865667916029
342	0.3055865667916029
343	0.3055865667916029
344	0.3055865667916029
345	0.1764403338793295
346	0.1764403338793295
347	0.1764403338793295
348	0.1764403338793295
349	0.20180853716267447
350	0.20180853716267447
351	0.20180853716267447
352	0.20180853716267447
353	0.18596190374514973
354	0.18596190374514973
355	0.18596190374514973
356	0.18596190374514973
357	0.20636876774062088
358	0.20636876774062088
359	0.20636876774062088
360	0.20636876774062088
361	0.18103558302825054
362	0.18103558302825054
363	0.18103558302825054
364	0.18103558302825054
365	0.32678594969181357
366	0.32678594969181357
367	2.2928207748011706
368	2.2928207748011706
369	2.2928207748011706
370	2.2928207748011706
371	2.6787850187566473
372	2.6787850187566473
373	2.6787850187566473
374	2.6787850187566473
375	3.1618977328983284
376	3.1618977328983284
377	3.1618977328983284
378	3.1618977328983284
379	5.529675658147721
380	5.529675658147721
381	5.529675658147721
382	2.200353282561572
383	2.200353282561572
384	2.200353282561572
385	2.200353282561572
386	1.6997410181798878
387	1.6997410181798878
388	1.6997410181798878
389	1.6997410181798878
390	1.5822220759996168
391	1.5822220759996168
392	1.5822220759996168
393	1.5822220759996168
394	1.7558249076799364
395	1.7558249076799364
396	1.7558249076799364
397	1.7558249076799364
398	2.365200677312779
399	2.365200677312779
400	2.365200677312779
401	2.365200677312779
402	2.5102025321009473
403	2.5102025321009473
404	2.5102025321009473
405	2.5102025321009473
406	2.431288802108566
407	2.431288802108566
408	2.431288802108566
409	2.431288802108566
410	1.0770778321348449
411	1.0770778321348449
412	1.0770778321348449
413	1.0770778321348449
414	1.3514495368142394
415	1.3514495368142394
416	1.3514495368142394
417	1.3514495368142394
418	1.0558028079335076
419	1.0558028079335076
420	1.0558028079335076
421	1.0558028079335076
422	2.2240926635223426
423	2.2240926635223426
424	2.2240926635223426
425	2.2240926635223426
426	1.2060222128504083
427	1.2060222128504083
428	1.2060222128504083
429	1.2060222128504083
430	1.7119348029258579
431	1.7119348029258579
432	1.7119348029258579
433	1.7119348029258579
434	1.2026067592485923
435	1.2026067592485923
436	1.2026067592485923
437	1.2026067592485923
438	3.5049941466318293
439	3.5049941466318293
440	3.5049941466318293
441	3.5049941466318293
442	5.883526238612447
443	5.883526238612447
444	5.883526238612447
445	5.883526238612447
446	3.4901190453088757
447	3.4901190453088757
448	3.4901190453088757
449	3.4901190453088757
450	3.9482949706682806
451	3.9482949706682806
452	3.9482949706682806
453	3.9482949706682806
454	2.4228954024402265
455	2.4228954024402265
456	2.4228954024402265
457	2.4228954024402265
458	3.375814987212895
459	3.375814987212895
460	3.375814987212895
461	3.375814987212895
462	3.408671868557165
463	3.408671868557165
464	1.4179134350772187
465	1.4179134350772187
466	1.4179134350772187
467	1.3347901632917114
468	1.3347901632917114
469	1.3347901632917114
470	1.3347901632917114
471	1.7819839643253694
472	1.7819839643253694
473	1.7819839643253694
474	1.7819839643253694
475	2.0799722416789996
476	2.0799722416789996
477	2.0799722416789996
478	2.0799722416789996
479	1.0087946529140117
480	1.0087946529140117
481	1.0087946529140117
482	1.0087946529140117
483	1.9067649102477444
484	1.9067649102477444
485	1.9067649102477444
486	1.9067649102477444
487	1.822630429028323
488	1.822630429028323
489	1.822630429028323
490	1.822630429028323
491	1.86166802539641
492	1.86166802539641
493	1.86166802539641
494	1.86166802539641
495	1.6901089562295921
496	1.6901089562295921
497	1.6901089562295921
498	1.6901089562295921
499	1.8081094014701067
500	2.791699793367758
501	2.791699793367758
502	2.791699793367758
503	2.791699793367758
504	2.590705886241426
505	2.590705886241426
506	2.590705886241426
507	2.590705886241426
508	2.890072297013274
509	2.890072297013274
510	2.890072297013274
511	2.890072297013274
512	2.8019163303205046
513	2.8019163303205046
514	2.8019163303205046
515	2.8019163303205046
516	2.5502656642074415
517	2.5502656642074415
518	2.5502656642074415
519	2.5502656642074415
520	0.9224519666516469
521	3.016232064497222
522	3.016232064497222
523	3.016232064497222
524	3.016232064497222
525	1.5132569331711399
526	1.5132569331711399
527	1.5132569331711399
528	1.5132569331711399
529	1.0325441652427867
530	1.0325441652427867
531	1.0325441652427867
532	1.0325441652427867
533	0.8299080051493672
534	0.8299080051493672
535	0.8299080051493672
536	0.8299080051493672
537	0.8183624976286561
538	0.8183624976286561
539	0.8183624976286561
540	4.4307734425783725
541	4.4307734425783725
542	4.4307734425783725
543	4.4307734425783725
544	4.390190371601913
545	4.390190371601913
546	4.390190371601913
547	4.390190371601913
548	1.3445497958534727
549	1.3445497958534727
550	1.3445497958534727
551	1.3445497958534727
552	2.882940112344103
553	2.882940112344103
554	2.882940112344103
555	2.882940112344103
556	5.381368887812411
557	5.381368887812411
558	5.381368887812411
559	5.381368887812411
560	1.6851434285956768
561	1.6851434285956768
562	1.6851434285956768
563	0.7013119858142691
564	0.7013119858142691
565	0.7013119858142691
566	0.7013119858142691
567	0.8242093192164344
568	0.8242093192164344
569	0.8242093192164344
570	0.8242093192164344
571	0.7305344867810969
572	0.7305344867810969
573	0.7305344867810969
574	0.7305344867810969
575	0.9547521125363305
576	0.9547521125363305
577	0.9547521125363305
578	0.9547521125363305
579	0.7715354669088069
580	0.7715354669088069
581	0.7715354669088069
582	0.7715354669088069
583	0.9278402599895961
584	0.9278402599895961
585	0.9278402599895961
586	2.531987874954169
587	2.531987874954169
588	1.063490835088376
589	1.063490835088376
590	1.063490835088376
591	1.063490835088376
592	0.887548263155721
593	0.887548263155721
594	0.887548263155721
595	0.887548263155721
596	1.258704712953705
597	1.258704712953705
598	1.258704712953705
599	1.258704712953705
600	0.9497512033671907
601	0.9497512033671907
602	0.9497512033671907
603	0.9497512033671907
604	1.1237747639824853
605	1.1237747639824853
606	1.1237747639824853
607	1.1237747639824853
608	0.6927942179744788
609	0.6927942179744788
610	0.6927942179744788
611	0.6927942179744788
612	2.3857172795088823
613	2.3857172795088823
614	2.3857172795088823
615	2.3857172795088823
616	2.5605669448700286
617	2.5605669448700286
618	2.5605669448700286
619	2.5605669448700286
620	2.9044005669468183
621	2.9044005669468183
622	2.9044005669468183
623	2.9044005669468183
624	2.6770090837749687
625	2.6770090837749687
626	2.6770090837749687
627	2.807388162124716
628	2.807388162124716
629	2.807388162124716
630	2.807388162124716
631	3.634271393956459
632	3.634271393956459
633	3.634271393956459
634	3.634271393956459
635	5.070688337969406
636	5.070688337969406
637	5.070688337969406
638	5.070688337969406
639	3.365528747144209
640	3.365528747144209
641	3.365528747144209
642	3.365528747144209
643	4.211830896185369
644	4.211830896185369
645	4.211830896185369
646	4.211830896185369
647	1.6644709158094577
648	1.6644709158094577
649	1.6644709158094577
650	1.6644709158094577
651	2.664283697218398
652	2.664283697218398
653	2.664283697218398
654	2.664283697218398
655	2.834029799433315
656	2.834029799433315
657	2.834029799433315
658	2.834029799433315
659	3.9076696120683563
660	3.9076696120683563
661	3.9076696120683563
662	3.9076696120683563
663	5.558471273660411
664	5.558471273660411
665	5.558471273660411
666	5.558471273660411
667	3.653390395418006
668	3.653390395418006
669	3.653390395418006
670	3.653390395418006
671	3.5929591279653326
672	3.5929591279653326
673	3.5929591279653326
674	3.5929591279653326
675	0.8833559526568311
676	0.8833559526568311
677	0.8833559526568311
678	0.8833559526568311
679	6.005061911376894
680	6.005061911376894
681	6.005061911376894
682	6.005061911376894
683	3.3478147850423072
684	3.3478147850423072
685	3.3478147850423072
686	3.3478147850423072
687	2.295923073865121
688	2.295923073865121
689	2.295923073865121
690	4.047768812927344
691	4.047768812927344
692	4.047768812927344
693	1.474125324579909
694	1.474125324579909
695	1.474125324579909
696	1.474125324579909
697	0.7448476027710565
698	0.7448476027710565
699	0.7448476027710565
700	0.7448476027710565
701	1.5588736752495171
702	1.5588736752495171
703	1.5588736752495171
704	1.5588736752495171
705	1.3231467288574583
706	1.3231467288574583
707	3.8542149237238927
708	3.8542149237238927
709	3.8542149237238927
710	3.8542149237238927
711	4.77346265112125
712	4.77346265112125
713	4.77346265112125
714	4.77346265112125
715	2.630161272287566
716	2.630161272287566
717	2.630161272287566
718	2.630161272287566
719	2.2804371197189486
720	2.2804371197189486
721	2.2804371197189486
722	2.2804371197189486
723	3.2734955782710458
724	3.2734955782710458
725	3.2734955782710458
726	3.2734955782710458
727	3.185170405540801
728	3.185170405540801
729	3.185170405540801
730	3.185170405540801
731	4.99505635753934
732	4.99505635753934
733	4.99505635753934
734	4.99505635753934
735	3.972315438823566
736	3.972315438823566
737	3.972315438823566
738	3.972315438823566
739	2.6510437148695365
740	2.6510437148695365
741	2.6510437148695365
742	2.6510437148695365
743	5.713863673832034
744	5.713863673832034
745	5.713863673832034
746	5.713863673832034
747	3.2652885709500694
748	3.2652885709500694
749	3.2652885709500694
750	3.2652885709500694
751	5.322625498383095
752	5.322625498383095
753	5.322625498383095
754	5.322625498383095
755	4.012365461021264
756	4.012365461021264
757	4.012365461021264
758	4.012365461021264
759	3.759671346203621
760	3.759671346203621
761	3.759671346203621
762	3.759671346203621
763	2.8219381046354144
764	2.8219381046354144
765	2.8219381046354144
766	2.8219381046354144
767	2.572541677295527
768	2.572541677295527
769	2.572541677295527
770	2.572541677295527
771	2.695758189670276
772	2.695758189670276
773	2.695758189670276
774	2.695758189670276
775	3.9158998019267437
776	3.9158998019267437
777	3.9158998019267437
778	0.39084353599490573
779	0.39084353599490573
780	0.39084353599490573
781	0.39084353599490573
782	0.6274506167228155
783	0.6274506167228155
784	0.6274506167228155
785	0.6274506167228155
786	0.7670799821205823
787	0.7670799821205823
788	0.7670799821205823
789	0.7670799821205823
790	1.126150039926887
791	1.126150039926887
792	1.126150039926887
793	1.126150039926887
794	0.5381054492945772
795	0.5381054492945772
796	0.5381054492945772
797	0.5381054492945772
798	0.39074675647102997
799	0.39074675647102997
800	0.39074675647102997
801	0.39074675647102997
802	0.30060604764534177
803	0.30060604764534177
804	0.30060604764534177
805	0.30060604764534177
806	0.6804883732268638
807	0.6804883732268638
808	0.6804883732268638
809	0.6804883732268638
810	0.6685918799357373
811	0.6685918799357373
812	0.6685918799357373
813	0.6685918799357373
814	0.7400428167864854
815	0.7400428167864854
816	0.7400428167864854
817	0.7400428167864854
818	0.6436795707048926
819	0.6436795707048926
820	0.6436795707048926
821	0.6436795707048926
822	0.3767327167761763
823	0.3767327167761763
824	0.3767327167761763
825	0.3767327167761763
826	0.3505418222385464
827	0.3505418222385464
828	0.3505418222385464
829	0.3505418222385464
830	0.637778751053436
831	0.637778751053436
832	0.637778751053436
833	0.637778751053436
834	0.9151497882626967
835	0.9151497882626967
836	0.9151497882626967
837	0.9151497882626967
838	0.5397602202586838
839	0.5397602202586838
840	0.5397602202586838
841	0.5397602202586838
842	0.48999193647955896
843	0.48999193647955896
844	0.48999193647955896
845	0.48999193647955896
846	0.35322871162233604
847	0.35322871162233604
848	0.35322871162233604
849	0.35322871162233604
850	0.4826620706238801
851	0.4826620706238801
852	0.4826620706238801
853	0.4826620706238801
854	0.7717209994046742
855	0.7717209994046742
856	0.7717209994046742
857	0.7717209994046742
858	0.46088795298781327
859	0.46088795298781327
860	0.46088795298781327
861	0.46088795298781327
862	0.9547666529802432
863	0.9547666529802432
864	0.9547666529802432
865	0.9547666529802432
866	0.6437481490124461
867	0.6437481490124461
868	0.6437481490124461
869	0.6437481490124461
870	0.5537110099383775
871	0.5537110099383775
872	0.5537110099383775
873	0.5537110099383775
874	0.4764578166438874
875	0.4764578166438874
876	0.4764578166438874
877	0.4764578166438874
878	0.3433279350026119
879	0.3433279350026119
880	0.3433279350026119
881	6.396734465809879
882	6.396734465809879
883	6.396734465809879
884	6.396734465809879
885	3.338218900062881
886	3.338218900062881
887	3.338218900062881
888	3.338218900062881
889	2.8226817337479164
890	2.8226817337479164
891	2.8226817337479164
892	2.8226817337479164
893	3.8722200627624463
894	3.8722200627624463
895	3.8722200627624463
896	3.8722200627624463
897	3.315755041240633
898	3.315755041240633
899	3.315755041240633
900	3.315755041240633
901	3.5781446862690425
902	3.5781446862690425
903	3.5781446862690425
904	3.5781446862690425
905	3.209890145105697
906	3.209890145105697
907	3.209890145105697
908	3.209890145105697
909	3.1479163997670487
910	3.1479163997670487
911	3.1479163997670487
912	3.1479163997670487
913	5.43634590686787
914	5.43634590686787
915	5.43634590686787
916	5.43634590686787
917	4.989291382837474
918	4.989291382837474
919	4.989291382837474
920	4.989291382837474
921	1.9977769466565027
922	1.9977769466565027
923	1.9977769466565027
924	1.9977769466565027
925	1.9382531085199224
926	1.9382531085199224
927	1.9382531085199224
928	0.31381139329657876
929	0.31381139329657876
930	0.31381139329657876
931	0.31381139329657876
932	0.16264669635499684
933	0.16264669635499684
934	0.16264669635499684
935	0.16264669635499684
936	0.23767327058939675
937	0.23767327058939675
938	0.23767327058939675
939	0.23767327058939675
940	0.1
941	0.1
942	0.1
943	0.1
944	0.16285244384279546
945	0.16285244384279546
946	0.16285244384279546
947	0.16285244384279546
948	0.20868607777853293
949	0.20868607777853293
950	0.20868607777853293
951	0.20868607777853293
952	0.3121150931992814
953	0.3121150931992814
954	0.3121150931992814
955	0.3121150931992814
956	0.13734051384854018
957	0.13734051384854018
958	0.13734051384854018
959	0.13734051384854018
960	0.21830391358902632
961	0.21830391358902632
962	0.21830391358902632
963	0.21830391358902632
964	0.15805869853069843
965	0.15805869853069843
966	0.15805869853069843
967	0.15805869853069843
968	0.1938817906515043
969	0.1938817906515043
970	3.7741089569054163
971	3.7741089569054163
972	3.7741089569054163
973	3.7741089569054163
974	3.3136542105524365
975	3.3136542105524365
976	3.3136542105524365
977	3.3136542105524365
978	2.0182843442243703
979	2.0182843442243703
980	2.0182843442243703
981	2.0182843442243703
982	3.449290068199158
983	3.449290068199158
984	3.449290068199158
985	3.449290068199158
986	2.40685931758558
987	2.40685931758558
988	2.40685931758558
989	2.40685931758558
990	2.103556944776347
991	2.103556944776347
992	2.103556944776347
993	2.103556944776347
994	2.094252522221671
995	2.094252522221671
996	2.094252522221671
997	2.094252522221671
998	4.174624721165223
999	4.174624721165223
1000	4.174624721165223
1001	4.174624721165223
1002	3.648308345108754
1003	3.648308345108754
1004	3.648308345108754
1005	3.648308345108754
1006	2.598175819439366
1007	2.598175819439366
1008	2.598175819439366
1009	2.598175819439366
1010	3.0124193562052546
1011	3.0124193562052546
1012	3.0124193562052546
1013	3.0124193562052546
1014	2.404142948895976
1015	2.404142948895976
1016	2.404142948895976
1017	2.404142948895976
1018	3.1897014387230844
1019	3.1897014387230844
1020	3.1897014387230844
1021	3.1897014387230844
1022	4.1447064605261925
1023	4.1447064605261925
1024	4.1447064605261925
1025	4.1447064605261925
1026	4.029524740190345
1027	4.029524740190345
1028	4.029524740190345
1029	4.029524740190345
1030	3.1898090317996135
1031	3.1898090317996135
1032	3.1898090317996135
1033	3.1898090317996135
1034	4.017255904114934
1035	4.017255904114934
1036	4.017255904114934
1037	4.017255904114934
1038	4.055018594129703
1039	4.055018594129703
1040	4.055018594129703
1041	4.055018594129703
1042	3.634446348970315
1043	3.634446348970315
1044	3.634446348970315
1045	3.634446348970315
1046	2.0909792395840725
1047	2.0909792395840725
1048	2.0909792395840725
1049	2.0909792395840725
1050	3.8101799799124985
1051	3.8101799799124985
1052	3.8101799799124985
1053	3.8101799799124985
1054	0.6773601447950144
1055	0.6773601447950144
1056	0.6773601447950144
1057	0.6773601447950144
1058	3.9991629853960178
1059	3.9991629853960178
1060	3.9991629853960178
1061	3.9991629853960178
1062	2.0957636147513847
1063	2.0957636147513847
1064	2.0957636147513847
1065	2.0957636147513847
1066	2.003297758371007
1067	2.003297758371007
1068	2.003297758371007
1069	2.003297758371007
1070	2.148437686530838
1071	2.148437686530838
1072	2.148437686530838
1073	2.148437686530838
1074	2.6654465133128253
1075	2.6654465133128253
1076	2.6654465133128253
1077	2.6654465133128253
1078	3.024751311674446
1079	3.024751311674446
1080	3.024751311674446
1081	3.024751311674446
1082	3.515674580483945
1083	3.515674580483945
1084	3.515674580483945
1085	3.515674580483945
1086	2.626605748297206
1087	2.626605748297206
1088	2.626605748297206
1089	2.626605748297206
1090	2.7000944984662616
1091	2.7000944984662616
1092	2.7000944984662616
1093	2.7000944984662616
1094	2.376470779132169
1095	2.376470779132169
1096	2.376470779132169
1097	2.376470779132169
1098	2.45853838814404
1099	2.45853838814404
1100	2.45853838814404
1101	2.45853838814404
1102	3.42442254484905
1103	3.42442254484905
1104	3.42442254484905
1105	3.42442254484905
1106	2.8124335068381083
1107	2.8124335068381083
1108	2.8124335068381083
1109	2.8124335068381083
1110	5.781754105267812
1111	5.781754105267812
1112	5.781754105267812
1113	5.781754105267812
1114	4.184379261983663
1115	4.184379261983663
1116	4.184379261983663
1117	4.184379261983663
1118	3.0155750163539587
1119	3.0155750163539587
1120	3.0155750163539587
1121	3.0155750163539587
1122	3.3115204450565745
1123	3.3115204450565745
1124	3.3115204450565745
1125	3.3115204450565745
1126	2.9097417149418585
1127	2.9097417149418585
1128	2.9097417149418585
1129	2.9097417149418585
1130	4.0148582611825585
1131	4.0148582611825585
1132	4.0148582611825585
1133	4.0148582611825585
1134	4.896647060996593
1135	4.896647060996593
1136	4.896647060996593
1137	4.896647060996593
1138	4.82882801229405
1139	4.82882801229405
1140	4.82882801229405
1141	4.82882801229405
1142	5.5079375263728005
1143	5.5079375263728005
1144	5.5079375263728005
1145	5.5079375263728005
1146	1.445403481439581
1147	1.445403481439581
1148	1.445403481439581
1149	1.445403481439581
1150	1.2431550381211816
1151	1.2431550381211816
1152	1.2431550381211816
1153	1.2431550381211816
1154	2.1698374808455734
1155	2.1698374808455734
1156	2.1698374808455734
1157	2.1698374808455734
1158	2.441843473049076
1159	2.441843473049076
1160	2.441843473049076
1161	2.441843473049076
1162	2.386852145440849
1163	2.386852145440849
1164	2.386852145440849
1165	2.386852145440849
1166	2.9092242021040677
1167	2.9092242021040677
1168	2.9092242021040677
1169	2.9092242021040677
1170	1.7390254234877327
1171	1.7390254234877327
1172	1.7390254234877327
1173	1.7390254234877327
1174	1.3313168323156324
1175	1.3313168323156324
1176	1.3313168323156324
1177	1.3313168323156324
1178	3.062692900687364
1179	3.062692900687364
1180	3.062692900687364
1181	3.062692900687364
1182	2.374720031941518
1183	2.374720031941518
1184	1.5317608771657918
1185	1.5317608771657918
1186	1.5317608771657918
1187	1.5317608771657918
1188	2.730906117528402
1189	2.730906117528402
1190	2.730906117528402
1191	2.730906117528402
1192	3.9432640612503054
1193	3.9432640612503054
1194	3.9432640612503054
1195	3.9432640612503054
1196	4.487664913159633
1197	4.487664913159633
1198	4.487664913159633
1199	4.487664913159633
1200	3.520931939066808
1201	3.520931939066808
1202	3.520931939066808
1203	3.520931939066808
1204	2.8507500690718945
1205	2.8507500690718945
1206	0.6285091713451134
1207	0.6285091713451134
1208	0.6285091713451134
1209	0.6285091713451134
1210	0.8635897083942858
1211	0.8635897083942858
1212	0.8635897083942858
1213	0.8635897083942858
1214	0.8223505858306297
1215	0.8223505858306297
1216	0.8223505858306297
1217	0.8223505858306297
1218	0.6192811698088032
1219	0.6192811698088032
1220	0.6192811698088032
1221	3.7750658084778244
1222	3.7750658084778244
1223	3.7750658084778244
1224	3.7750658084778244
1225	2.1101768931093505
1226	2.1101768931093505
1227	2.1101768931093505
1228	2.1101768931093505
1229	4.635741758934092
1230	4.635741758934092
1231	4.635741758934092
1232	4.635741758934092
1233	5.922164708617551
1234	5.922164708617551
1235	5.922164708617551
1236	5.922164708617551
1237	3.9236157791371298
1238	3.9236157791371298
1239	3.9236157791371298
1240	3.9236157791371298
1241	3.1459518698799247
1242	3.1459518698799247
1243	3.1459518698799247
1244	3.1459518698799247
1245	5.648456065986444
1246	5.648456065986444
1247	5.648456065986444
1248	5.648456065986444
1249	4.15089246501637
1250	4.15089246501637
1251	4.15089246501637
1252	4.15089246501637
1253	3.145771109864061
1254	3.145771109864061
1255	3.145771109864061
1256	3.145771109864061
1257	4.221016254615577
1258	4.221016254615577
1259	4.221016254615577
1260	4.221016254615577
1261	5.772785862902481
1262	5.772785862902481
1263	5.772785862902481
1264	5.772785862902481
1265	4.105250819805775
1266	4.105250819805775
1267	4.105250819805775
1268	4.105250819805775
1269	3.7292451926488415
1270	3.7292451926488415
1271	3.7292451926488415
1272	3.7292451926488415
1273	2.300877222878612
1274	2.300877222878612
1275	2.300877222878612
1276	2.300877222878612
1277	3.7593910073197008
1278	3.7593910073197008
1279	3.7593910073197008
1280	3.7593910073197008
1281	4.510305195775886
1282	4.510305195775886
1283	4.510305195775886
1284	4.510305195775886
1285	2.701858991248704
1286	2.701858991248704
1287	2.701858991248704
1288	2.701858991248704
1289	3.077949628642986
1290	3.077949628642986
1291	3.077949628642986
1292	3.077949628642986
1293	2.869076812604548
1294	2.869076812604548
1295	2.869076812604548
1296	2.869076812604548
1297	6.310025255907309
1298	6.310025255907309
1299	6.310025255907309
1300	6.310025255907309
1301	2.8834214508756597
1302	2.8834214508756597
1303	2.8834214508756597
1304	2.8834214508756597
1305	4.668094168415885
1306	4.668094168415885
1307	4.668094168415885
1308	4.668094168415885
1309	1.2351301166752453
1310	1.2351301166752453
1311	1.2351301166752453
1312	1.2351301166752453
1313	0.9702934380599307
1314	0.9702934380599307
1315	0.9702934380599307
1316	0.9702934380599307
1317	1.5908115439936361
1318	1.5908115439936361
1319	1.5908115439936361
1320	1.5908115439936361
1321	1.4034696287987383
1322	1.4034696287987383
1323	1.4034696287987383
1324	1.4034696287987383
1325	1.7097483309635275
1326	1.7097483309635275
1327	1.7097483309635275
1328	1.7097483309635275
1329	1.7291902040579203
1330	1.7291902040579203
1331	1.7291902040579203
1332	0.9877476436297365
1333	0.9877476436297365
1334	0.9877476436297365
1335	0.9877476436297365
1336	1.6723257429929135
1337	1.6723257429929135
1338	1.6723257429929135
1339	1.6723257429929135
1340	2.060067496064548
1341	2.060067496064548
1342	2.060067496064548
1343	2.060067496064548
1344	0.9177352917896158
1345	0.9177352917896158
1346	0.9177352917896158
1347	0.9177352917896158
1348	2.918059046661662
1349	2.918059046661662
1350	2.918059046661662
1351	2.918059046661662
1352	1.7907726210001906
1353	1.7907726210001906
1354	1.7907726210001906
1355	1.7907726210001906
1356	1.797237363508965
1357	1.797237363508965
1358	1.797237363508965
1359	1.797237363508965
1360	2.090938633991952
1361	2.090938633991952
1362	2.090938633991952
1363	2.6572047676453074
1364	2.6572047676453074
1365	2.6572047676453074
1366	2.6572047676453074
1367	1.1440029191650156
1368	1.1440029191650156
1369	1.1440029191650156
1370	1.1440029191650156
1371	1.3791578825350954
1372	1.3791578825350954
1373	1.3791578825350954
1374	1.3791578825350954
1375	0.3580422769978169
1376	0.3580422769978169
1377	0.3580422769978169
1378	0.3580422769978169
1379	0.7262463281966488
1380	0.7262463281966488
1381	0.7262463281966488
1382	0.7262463281966488
1383	2.058493019560471
1384	2.058493019560471
1385	2.058493019560471
1386	2.058493019560471
1387	1.4986179259673789
1388	1.4986179259673789
1389	1.4986179259673789
1390	1.4986179259673789
1391	1.4202988184776613
1392	1.4202988184776613
1393	1.4202988184776613
1394	1.4202988184776613
1395	0.9092371183347214
1396	0.9092371183347214
1397	0.9092371183347214
1398	0.9092371183347214
1399	4.059088055892367
1400	4.059088055892367
1401	4.059088055892367
1402	4.059088055892367
1403	2.3030524990405477
1404	2.3030524990405477
1405	2.3030524990405477
1406	2.3030524990405477
1407	4.700626227239742
1408	4.700626227239742
1409	4.700626227239742
1410	4.700626227239742
1411	4.0508074615698755
1412	4.0508074615698755
1413	4.0508074615698755
1414	4.0508074615698755
1415	3.85278665661144
1416	3.85278665661144
1417	3.85278665661144
1418	3.85278665661144
1419	2.4420546860541528
1420	2.4420546860541528
1421	2.4420546860541528
1422	2.4420546860541528
1423	4.363604962513872
1424	4.363604962513872
1425	4.363604962513872
1426	4.363604962513872
1427	3.028104668250092
1428	3.028104668250092
1429	3.028104668250092
1430	3.028104668250092
1431	3.139287147665442
1432	3.139287147665442
1433	3.139287147665442
1434	3.139287147665442
1435	3.2510591281102954
1436	3.2510591281102954
1437	3.2510591281102954
1438	3.2510591281102954
1439	2.516893542909173
1440	2.516893542909173
1441	2.516893542909173
1442	2.516893542909173
1443	4.957073658248297
1444	4.957073658248297
1445	4.957073658248297
1446	4.957073658248297
1447	3.83841137913273
1448	3.83841137913273
1449	3.83841137913273
1450	3.83841137913273
1451	4.891615800524653
1452	4.891615800524653
1453	4.891615800524653
1454	4.891615800524653
1455	1.9351956015643956
1456	1.9351956015643956
1457	1.9351956015643956
1458	1.9351956015643956
1459	3.539604659040592
1460	3.539604659040592
1461	3.539604659040592
1462	3.539604659040592
1463	0.8172678104775315
1464	0.8172678104775315
1465	0.8172678104775315
1466	0.8172678104775315
1467	0.7944499929635458
1468	0.7944499929635458
1469	2.252262324479342
1470	2.252262324479342
1471	2.252262324479342
1472	2.252262324479342
1473	1.190943569840078
1474	1.190943569840078
1475	1.190943569840078
1476	1.190943569840078
1477	3.803381072634572
1478	3.803381072634572
1479	3.803381072634572
1480	3.803381072634572
1481	4.740004221042028
1482	4.740004221042028
1483	4.740004221042028
1484	4.740004221042028
1485	3.3600576651248373
1486	3.3600576651248373
1487	3.3600576651248373
1488	3.3600576651248373
1489	4.446698861568247
1490	4.446698861568247
1491	4.446698861568247
1492	4.446698861568247
1493	4.141036504603403
1494	4.141036504603403
1495	4.141036504603403
1496	4.141036504603403
1497	4.366396260870089
1498	4.366396260870089
1499	4.366396260870089
1500	4.366396260870089
1501	4.734814357108303
1502	4.734814357108303
1503	4.734814357108303
1504	4.734814357108303
1505	2.388283307040119
1506	2.388283307040119
1507	2.388283307040119
1508	2.388283307040119
1509	4.490565483921135
1510	4.490565483921135
1511	4.490565483921135
1512	4.490565483921135
1513	2.2927825416154493
1514	2.2927825416154493
1515	2.2927825416154493
1516	2.2927825416154493
1517	1.987690738110668
1518	1.987690738110668
1519	1.987690738110668
1520	1.987690738110668
1521	2.3431007026614274
1522	2.3431007026614274
1523	1.6606529811720654
1524	1.6606529811720654
1525	1.6606529811720654
1526	1.6606529811720654
1527	2.043883981686164
1528	2.043883981686164
1529	2.043883981686164
1530	2.043883981686164
1531	3.268988795393246
1532	3.268988795393246
1533	3.268988795393246
1534	3.268988795393246
1535	0.9971470622213097
1536	2.3684287110323967
1537	2.3684287110323967
1538	2.3684287110323967
1539	2.3684287110323967
1540	1.2966137226223675
1541	3.017422585937918
1542	3.017422585937918
1543	3.017422585937918
1544	3.017422585937918
1545	2.9785243168332585
1546	2.9785243168332585
1547	2.9785243168332585
1548	2.9785243168332585
1549	2.1430758762628592
1550	2.1430758762628592
1551	2.1430758762628592
1552	2.1430758762628592
1553	3.979112618869786
1554	3.979112618869786
1555	3.979112618869786
1556	3.979112618869786
1557	2.9663405124054223
1558	2.9663405124054223
1559	2.9663405124054223
1560	2.9663405124054223
1561	3.363811431873113
1562	3.363811431873113
1563	3.363811431873113
1564	3.363811431873113
1565	3.5232088321714734
1566	3.5232088321714734
1567	3.5232088321714734
1568	3.5232088321714734
1569	0.9502708834537192
1570	0.9502708834537192
1571	0.9502708834537192
1572	0.9502708834537192
1573	2.1668909087672272
1574	2.1668909087672272
1575	1.908517318727584
1576	1.908517318727584
1577	1.908517318727584
1578	1.908517318727584
1579	2.062876245259813
1580	2.062876245259813
1581	2.062876245259813
1582	2.062876245259813
1583	2.309214062263721
1584	2.309214062263721
1585	2.309214062263721
1586	2.309214062263721
1587	3.1820232274069196
1588	3.1820232274069196
1589	3.1820232274069196
1590	3.1820232274069196
1591	3.48757186639743
1592	3.48757186639743
1593	3.48757186639743
1594	3.48757186639743
1595	3.7716945154373813
1596	3.7716945154373813
1597	3.7716945154373813
1598	0.9242600529464893
1599	0.9242600529464893
1600	0.9242600529464893
1601	0.9242600529464893
1602	0.37872816867287273
1603	0.37872816867287273
1604	0.37872816867287273
1605	0.37872816867287273
1606	1.0477828931348572
1607	1.0477828931348572
1608	1.0477828931348572
1609	1.0477828931348572
1610	0.8616570690849812
1611	0.8616570690849812
1612	0.8616570690849812
1613	0.8616570690849812
1614	1.129823004308842
1615	1.129823004308842
1616	1.129823004308842
1617	1.129823004308842
1618	1.1964424397531108
1619	1.1964424397531108
1620	1.1964424397531108
1621	1.1964424397531108
1622	0.8633303647818862
1623	0.8633303647818862
1624	0.8633303647818862
1625	2.929486580405744
1626	2.929486580405744
1627	2.929486580405744
1628	2.929486580405744
1629	3.323954612630256
1630	3.323954612630256
1631	3.323954612630256
1632	3.323954612630256
1633	3.6064701283596037
1634	3.6064701283596037
1635	3.6064701283596037
1636	3.6064701283596037
1637	2.348450394960866
1638	2.348450394960866
1639	2.348450394960866
1640	2.348450394960866
1641	3.461782252868067
1642	3.461782252868067
1643	3.461782252868067
1644	3.461782252868067
1645	2.1437102885078336
1646	2.1437102885078336
1647	2.1437102885078336
1648	2.1437102885078336
1649	3.298338409483085
1650	3.298338409483085
1651	3.298338409483085
1652	3.298338409483085
1653	3.835828895214558
1654	3.835828895214558
1655	3.835828895214558
1656	3.835828895214558
1657	1.6570269734260643
1658	1.6570269734260643
1659	1.6570269734260643
1660	1.6570269734260643
1661	3.5554523436560124
1662	3.5554523436560124
1663	3.5554523436560124
1664	3.5554523436560124
1665	2.473953205805885
1666	2.473953205805885
1667	2.473953205805885
1668	2.473953205805885
1669	3.031849023153329
1670	5.711223016587857
1671	5.711223016587857
1672	5.711223016587857
1673	5.711223016587857
1674	6.6352594239719505
1675	6.6352594239719505
1676	6.6352594239719505
1677	6.6352594239719505
1678	6.3011376736971485
1679	6.3011376736971485
1680	6.3011376736971485
1681	6.3011376736971485
1682	5.742519545834441
1683	5.742519545834441
1684	5.742519545834441
1685	5.742519545834441
1686	3.5756004039272127
1687	3.5756004039272127
1688	3.5756004039272127
1689	3.5756004039272127
1690	3.6510889477882023
1691	3.6510889477882023
1692	3.6510889477882023
1693	3.6510889477882023
1694	2.7518402957189
1695	2.7518402957189
1696	2.7518402957189
1697	2.7518402957189
1698	6.269452784123754
1699	6.269452784123754
1700	6.269452784123754
1701	6.269452784123754
1702	4.28452201841793
1703	4.28452201841793
1704	4.28452201841793
1705	4.28452201841793
1706	7.395787981961157
1707	7.395787981961157
1708	7.395787981961157
1709	7.395787981961157
1710	1.7193169486303943
1711	1.7193169486303943
1712	1.7193169486303943
1713	1.7193169486303943
1714	2.4643367907253158
1715	2.4643367907253158
1716	2.4643367907253158
1717	2.4643367907253158
1718	3.9399902136303857
1719	3.9399902136303857
1720	3.9399902136303857
1721	3.9399902136303857
1722	3.8222926723387607
1723	3.8222926723387607
1724	3.8222926723387607
1725	3.8222926723387607
1726	4.041043319672828
1727	4.041043319672828
1728	4.041043319672828
1729	4.041043319672828
1730	3.433948398083344
1731	3.433948398083344
1732	3.433948398083344
1733	3.433948398083344
1734	5.3507816548408975
1735	5.3507816548408975
1736	5.3507816548408975
1737	5.3507816548408975
1738	4.5757021483784195
1739	4.5757021483784195
1740	4.5757021483784195
1741	4.5757021483784195
1742	2.176015645743432
1743	2.176015645743432
1744	2.176015645743432
1745	2.176015645743432
1746	3.6379576936046703
1747	3.6379576936046703
1748	3.6379576936046703
1749	3.6379576936046703
1750	3.814117666188655
1751	3.814117666188655
1752	3.814117666188655
1753	3.814117666188655
1754	4.670527865438427
1755	4.670527865438427
1756	4.670527865438427
1757	4.670527865438427
1758	3.920444174660287
1759	3.920444174660287
1760	3.920444174660287
1761	3.920444174660287
1762	5.1485732780631075
1763	5.1485732780631075
1764	5.1485732780631075
1765	5.1485732780631075
1766	3.5493985344260905
1767	3.5493985344260905
1768	3.5493985344260905
1769	3.5493985344260905
1770	3.1980304844001832
1771	3.1980304844001832
1772	3.1980304844001832
1773	3.1980304844001832
1774	3.505497133939237
1775	3.505497133939237
1776	3.505497133939237
1777	3.505497133939237
1778	6.396495381593294
1779	6.396495381593294
1780	6.396495381593294
1781	6.396495381593294
1782	4.901964578112251
1783	4.901964578112251
1784	4.901964578112251
1785	4.901964578112251
1786	3.4305343866623024
1787	3.4305343866623024
1788	3.4305343866623024
1789	3.4305343866623024
1790	4.348928204679157
1791	4.348928204679157
1792	4.348928204679157
1793	4.348928204679157
1794	5.328890399797187
1795	5.328890399797187
1796	5.328890399797187
1797	5.328890399797187
1798	3.0207008891247846
1799	3.0207008891247846
1800	3.0207008891247846
1801	3.0207008891247846
1802	5.017745007446015
1803	5.017745007446015
1804	5.017745007446015
1805	5.017745007446015
1806	6.527984483287177
1807	6.527984483287177
1808	6.527984483287177
1809	6.527984483287177
1810	6.208194989921082
1811	6.208194989921082
1812	6.208194989921082
1813	6.208194989921082
1814	6.112767282878243
1815	6.112767282878243
1816	6.112767282878243
1817	6.112767282878243
1818	4.477863089054524
1819	2.1711245617149952
1820	2.1711245617149952
1821	2.1711245617149952
1822	2.1711245617149952
1823	3.7795081666442445
1824	3.7795081666442445
1825	3.7795081666442445
1826	3.7795081666442445
1827	3.3658724733489467
1828	3.3658724733489467
1829	3.3658724733489467
1830	3.3658724733489467
1831	2.368388182748544
1832	2.368388182748544
1833	2.368388182748544
1834	2.368388182748544
1835	4.730198677526573
1836	4.730198677526573
1837	4.730198677526573
1838	4.730198677526573
1839	2.948646747346985
1840	2.948646747346985
1841	2.948646747346985
1842	2.948646747346985
1843	3.727249529280755
1844	3.727249529280755
1845	3.727249529280755
1846	3.727249529280755
1847	3.591748786127556
1848	3.591748786127556
1849	3.591748786127556
1850	3.591748786127556
1851	0.5196689812318231
1852	0.5196689812318231
1853	0.5196689812318231
1854	0.5196689812318231
1855	2.1435771734679756
1856	2.1435771734679756
1857	2.1435771734679756
1858	2.1435771734679756
1859	2.280068319787428
1860	2.280068319787428
1861	2.280068319787428
1862	2.280068319787428
1863	4.435906740512046
1864	4.435906740512046
1865	4.435906740512046
1866	4.435906740512046
1867	5.804039054740518
1868	5.804039054740518
1869	5.804039054740518
1870	5.804039054740518
1871	3.499719942993333
1872	3.499719942993333
1873	3.499719942993333
1874	5.613607507034659
1875	5.613607507034659
1876	5.613607507034659
1877	5.613607507034659
1878	6.719463413071712
1879	6.719463413071712
1880	6.719463413071712
1881	6.719463413071712
1882	3.1281415811317355
1883	3.1281415811317355
1884	3.1281415811317355
1885	3.1281415811317355
1886	1.844578689549845
1887	1.844578689549845
1888	1.844578689549845
1889	1.844578689549845
1890	4.23709525527262
1891	4.23709525527262
1892	4.23709525527262
1893	4.23709525527262
1894	2.9873864121044056
1895	2.9873864121044056
1896	2.9873864121044056
1897	2.9873864121044056
1898	3.8514249325717373
1899	3.8514249325717373
1900	3.8514249325717373
1901	3.8514249325717373
1902	4.356773386311101
1903	4.356773386311101
1904	4.356773386311101
1905	4.356773386311101
1906	4.196299441992812
1907	4.196299441992812
1908	4.196299441992812
1909	4.196299441992812
1910	3.094218898394733
1911	3.094218898394733
1912	3.094218898394733
1913	3.094218898394733
1914	4.294233123236849
1915	4.294233123236849
1916	4.294233123236849
1917	4.294233123236849
1918	4.42375329746106
1919	4.42375329746106
1920	4.42375329746106
1921	4.42375329746106
1922	3.2987515824114704
1923	3.2987515824114704
1924	3.2987515824114704
1925	3.2987515824114704
1926	4.492118918961448
1927	4.492118918961448
1928	4.492118918961448
1929	4.492118918961448
1930	3.802603552905352
1931	3.802603552905352
1932	3.802603552905352
1933	3.802603552905352
1934	7.143870018329304
1935	7.143870018329304
1936	7.143870018329304
1937	7.143870018329304
1938	3.828262640872401
1939	3.828262640872401
1940	3.828262640872401
1941	3.828262640872401
1942	3.654431530887896
1943	3.654431530887896
1944	3.654431530887896
1945	3.654431530887896
1946	2.4547811547991714
1947	2.4547811547991714
1948	2.4547811547991714
1949	2.4547811547991714
1950	3.6275323918700355
1951	3.6275323918700355
1952	3.6275323918700355
1953	3.6275323918700355
1954	2.9738144341080526
1955	2.9738144341080526
1956	2.9738144341080526
1957	2.9738144341080526
1958	0.7944801101818206
1959	0.7944801101818206
1960	0.7944801101818206
1961	1.4946752082261754
1962	1.4946752082261754
1963	1.4946752082261754
1964	1.4946752082261754
1965	3.0853972052340257
1966	3.0853972052340257
1967	3.0853972052340257
1968	3.0853972052340257
1969	1.4830451209402304
1970	1.4830451209402304
1971	1.4830451209402304
1972	1.4830451209402304
1973	1.9457447263666894
1974	1.9457447263666894
1975	1.9457447263666894
1976	1.9457447263666894
1977	1.7010559479801737
1978	1.7010559479801737
1979	1.7010559479801737
1980	1.7010559479801737
1981	2.809698598876284
1982	2.809698598876284
1983	2.809698598876284
1984	2.809698598876284
1985	2.6985383745598406
1986	2.6985383745598406
1987	2.6985383745598406
1988	2.6985383745598406
1989	3.551596680981997
1990	3.551596680981997
1991	3.551596680981997
1992	3.551596680981997
1993	2.1798009162051426
1994	2.1798009162051426
1995	2.1798009162051426
1996	2.1798009162051426
1997	0.4269960112514064
1998	0.4269960112514064
1999	0.4269960112514064
