0	2.001849780417634
1	2.001849780417634
2	1.8125040667989316
3	1.8125040667989316
4	1.9180806301522277
5	1.9180806301522277
6	1.6370801247909323
7	1.6370801247909323
8	2.8287540193495855
9	2.8287540193495855
10	2.3524701849280794
11	2.3524701849280794
12	2.401741654723744
13	2.401741654723744
14	2.0497687074998443
15	2.0497687074998443
16	3.074311513012527
17	3.074311513012527
18	2.0761061531290705
19	2.0761061531290705
20	3.0421110610707753
21	3.0421110610707753
22	1.7790307136723396
23	1.7790307136723396
24	2.267234290243299
25	2.267234290243299
26	2.5795625595673215
27	2.5795625595673215
28	1.9583496397120883
29	1.9583496397120883
30	2.5976631657339495
31	2.5976631657339495
32	3.1004629496194065
33	3.1004629496194065
34	1.1707662081988746
35	1.1707662081988746
36	1.5156418371921276
37	1.5156418371921276
38	1.8078011427318652
39	1.8078011427318652
40	3.3176627035979283
41	3.3176627035979283
42	1.2759270191570522
43	1.2759270191570522
44	1.4414759487279554
45	1.4414759487279554
46	2.3452229620391116
47	0.9612077637724803
48	0.9612077637724803
49	2.746402104077873
50	2.746402104077873
51	3.036491169423174
52	3.036491169423174
53	2.7020256811639594
54	2.7020256811639594
55	2.0409737011788947
56	2.0409737011788947
57	2.4801190424366983
58	2.4801190424366983
59	0.1
60	0.1
61	2.6384257099311363
62	2.6384257099311363
63	3.8284802020436928
64	3.8284802020436928
65	1.3588155234677903
66	1.3588155234677903
67	1.658391411383326
68	1.658391411383326
69	3.2391076982313556
70	3.2391076982313556
71	3.0703548411693244
72	3.0703548411693244
73	3.515216100039985
74	3.515216100039985
75	1.3792875325305767
76	4.014267856562401
77	4.014267856562401
78	4.743316328934715
79	4.743316328934715
80	3.251417120562043
81	3.251417120562043
82	1.2349864604263554
83	1.2349864604263554
84	4.2488100952469
85	4.2488100952469
86	3.1133668458351784
87	3.1133668458351784
88	7.680428616126729
89	1.486644018185424
90	1.486644018185424
91	2.5637406223830648
92	2.5637406223830648
93	2.2700484051913694
94	2.2700484051913694
95	4.495036986166674
96	4.495036986166674
97	5.63779570980202
98	5.63779570980202
99	5.197628888528556
100	5.197628888528556
101	6.212373624913339
102	6.212373624913339
103	0.1
104	0.1
105	5.090470356217273
106	3.5105338154762533
107	3.5105338154762533
108	5.606410825397441
109	5.606410825397441
110	6.271381411083544
111	0.8356485863659591
112	0.8356485863659591
113	0.9146360264930413
114	0.9146360264930413
115	1.0438494317203346
116	1.0438494317203346
117	1.6590155646712614
118	1.6590155646712614
119	1.127958450558246
120	1.127958450558246
121	0.9887348278339513
122	0.9887348278339513
123	0.7870016193111974
124	0.7870016193111974
125	0.5945974563046666
126	0.5945974563046666
127	1.9314414657454995
128	1.9314414657454995
129	1.3770122551158515
130	1.3770122551158515
131	2.0964325156451653
132	2.0964325156451653
133	1.4750566430342713
134	1.4750566430342713
135	1.941549398360121
136	1.941549398360121
137	0.22604842645399537
138	0.22604842645399537
139	1.0776776432140285
140	1.0776776432140285
141	1.6904357434558643
142	1.6904357434558643
143	1.220442972478123
144	1.220442972478123
145	1.5179295291853057
146	1.5179295291853057
147	0.9285111819371108
148	0.9285111819371108
149	0.6271244712639334
150	0.6271244712639334
151	1.181182813412165
152	1.181182813412165
153	0.944960477138975
154	0.944960477138975
155	1.2209381222587925
156	1.2209381222587925
157	1.732026800996687
158	1.732026800996687
159	0.6326761849453506
160	0.6326761849453506
161	1.8167377135546374
162	1.8167377135546374
163	1.3215928786930324
164	1.3215928786930324
165	0.7813891710588168
166	0.7813891710588168
167	1.2762904775897799
168	1.2762904775897799
169	0.1
170	0.1
171	1.3627810044296882
172	1.3627810044296882
173	1.4175002345417345
174	1.4175002345417345
175	1.2569950272928745
176	1.2569950272928745
177	1.0484597700138751
178	1.0484597700138751
179	1.160475284395851
180	1.160475284395851
181	1.0265831922034072
182	2.020941893850431
183	2.020941893850431
184	1.8374972511814127
185	1.8374972511814127
186	3.6414219199708393
187	3.6414219199708393
188	3.4479793415549675
189	3.4479793415549675
190	3.990923703861573
191	3.990923703861573
192	2.3658834701429097
193	2.3658834701429097
194	5.10778998717505
195	5.10778998717505
196	3.7894429123405278
197	3.7894429123405278
198	2.547194543865099
199	2.547194543865099
200	6.598819250544844
201	6.598819250544844
202	2.3266757221802044
203	2.3266757221802044
204	3.2912397517955014
205	3.2912397517955014
206	5.365979863038884
207	5.365979863038884
208	2.1909862955375212
209	2.1909862955375212
210	3.408366683498278
211	2.6404941672933164
212	2.6404941672933164
213	3.85567761955861
214	3.85567761955861
215	5.028640566578078
216	5.028640566578078
217	4.674185256500641
218	4.674185256500641
219	3.0043312654181755
220	3.0043312654181755
221	3.209656136265519
222	3.209656136265519
223	4.595252363537617
224	4.595252363537617
225	6.22720128337277
226	6.22720128337277
227	4.867536709978361
228	4.867536709978361
229	2.7242183466895513
230	2.7242183466895513
231	2.030241065981383
232	2.030241065981383
233	0.1
234	0.1
235	5.7878970262072285
236	5.7878970262072285
237	2.0679645702936367
238	2.0679645702936367
239	3.7532098402498386
240	3.7532098402498386
241	1.6398351153569974
242	1.6398351153569974
243	6.15135200504209
244	6.15135200504209
245	1.9078016672894171
246	1.9078016672894171
247	4.383331942713489
248	4.383331942713489
249	3.4943478074245506
250	3.4943478074245506
251	6.031993694394966
252	6.031993694394966
253	1.5642211011877993
254	1.5642211011877993
255	0.6660429798392224
256	0.6660429798392224
257	0.7268729987572569
258	2.6841245095852755
259	2.6841245095852755
260	3.0282743046280824
261	3.0282743046280824
262	2.7215592074800936
263	2.7215592074800936
264	0.1
265	0.1
266	4.20651990069671
267	4.20651990069671
268	2.116420077004114
269	2.116420077004114
270	1.347295529232749
271	1.347295529232749
272	4.378372571916277
273	4.378372571916277
274	4.1085054530874
275	4.1085054530874
276	4.025960320386851
277	4.025960320386851
278	2.5488553743993623
279	2.5488553743993623
280	4.515559362906273
281	3.167796641153152
282	3.167796641153152
283	1.1712123207885583
284	1.1712123207885583
285	0.1
286	0.1
287	2.056246239336115
288	2.056246239336115
289	2.0039707529188804
290	2.0039707529188804
291	1.1174523090618036
292	1.1174523090618036
293	0.9228148404129042
294	0.9228148404129042
295	0.9031304884077098
296	0.9031304884077098
297	2.335896426887612
298	2.335896426887612
299	1.2534316236523781
300	1.2534316236523781
301	2.413228604563515
302	2.413228604563515
303	1.6902981965517876
304	1.6902981965517876
305	1.869699949558651
306	1.869699949558651
307	1.8079271024998793
308	1.8079271024998793
309	2.4646207834253637
310	2.4646207834253637
311	1.9867533771587262
312	0.1
313	0.1
314	0.9565833396077951
315	0.9565833396077951
316	0.9277394758754554
317	0.9277394758754554
318	0.6831688494038084
319	0.6831688494038084
320	0.8773048980998144
321	0.8773048980998144
322	0.7265235238829784
323	0.7265235238829784
324	0.7622033214417518
325	0.7622033214417518
326	0.8125641685962939
327	0.8125641685962939
328	0.1
329	0.1
330	0.2943148104101872
331	0.2943148104101872
332	0.8401039298995227
333	0.8401039298995227
334	1.225467379686025
335	1.225467379686025
336	1.144417955426446
337	1.144417955426446
338	0.3951768330175495
339	0.3951768330175495
340	1.567356128924431
341	1.567356128924431
342	2.453755124622143
343	2.453755124622143
344	3.1396233478182176
345	3.1396233478182176
346	3.3100572520478244
347	3.3100572520478244
348	3.1391816466771383
349	3.1391816466771383
350	3.572949427153267
351	3.572949427153267
352	1.1281972408022898
353	1.1281972408022898
354	1.2758337988977533
355	1.2758337988977533
356	3.4842222817435897
357	3.4842222817435897
358	2.4935252947019246
359	2.4935252947019246
360	3.419228116205118
361	3.419228116205118
362	2.702453710704677
363	2.702453710704677
364	2.649127157601524
365	2.649127157601524
366	3.709348689226291
367	3.709348689226291
368	1.2384120003528933
369	1.2384120003528933
370	2.150548257696159
371	2.150548257696159
372	2.8867610704723066
373	2.8867610704723066
374	3.9229687940128324
375	3.9229687940128324
376	4.740980732415552
377	4.740980732415552
378	3.1812088726090324
379	3.1812088726090324
380	2.7865872351065044
381	2.7865872351065044
382	3.1273890163218763
383	3.1273890163218763
384	3.69802527654117
385	3.69802527654117
386	1.75498358109886
387	1.75498358109886
388	2.979048707951144
389	2.979048707951144
390	4.730647115998139
391	4.730647115998139
392	2.3741982030950863
393	2.3741982030950863
394	3.6914290754101122
395	3.6914290754101122
396	3.3398813167769776
397	3.3398813167769776
398	3.663502432765558
399	3.663502432765558
400	1.287716275609509
401	1.287716275609509
402	4.539783862871266
403	4.539783862871266
404	1.9375892216233006
405	1.9375892216233006
406	2.436752537761503
407	2.436752537761503
408	4.4477931123106575
409	4.4477931123106575
410	6.041558723380684
411	6.041558723380684
412	2.3936648516891514
413	2.3936648516891514
414	4.495530554464087
415	4.495530554464087
416	5.056829296204245
417	5.056829296204245
418	3.2988244967963505
419	3.2988244967963505
420	5.218538713861685
421	5.218538713861685
422	2.737812504838666
423	2.737812504838666
424	3.786993925526955
425	3.786993925526955
426	1.5974225296701263
427	1.5974225296701263
428	2.8717742194915745
429	2.8717742194915745
430	2.0065380208120636
431	2.0065380208120636
432	3.1045126430446177
433	3.1045126430446177
434	2.5906844608448134
435	2.5906844608448134
436	4.172815095413316
437	4.172815095413316
438	3.893536638768175
439	3.893536638768175
440	1.7436996159324618
441	1.7436996159324618
442	5.115761635159365
443	5.115761635159365
444	5.308920480247171
445	5.308920480247171
446	4.747496076933896
447	4.747496076933896
448	2.222146414245593
449	2.222146414245593
450	1.2687096242394267
451	1.2687096242394267
452	5.038402478411827
453	5.038402478411827
454	3.887602281940838
455	3.887602281940838
456	3.852472904091346
457	3.852472904091346
458	2.164594233561096
459	2.164594233561096
460	3.4812004439003683
461	3.4812004439003683
462	3.540044337391614
463	3.540044337391614
464	1.9994408620039543
465	1.9994408620039543
466	1.2760005309804572
467	1.2760005309804572
468	3.8255760721037215
469	3.8255760721037215
470	3.1029050259094553
471	3.1029050259094553
472	6.0725870711773045
473	6.0725870711773045
474	3.004990073821247
475	3.004990073821247
476	5.011087034366371
477	5.011087034366371
478	2.9393296299529252
479	2.5961596957123296
480	2.5961596957123296
481	0.8674640867555405
482	0.8674640867555405
483	2.127277619470039
484	2.127277619470039
485	4.143907844918456
486	4.143907844918456
487	3.470683423927502
488	3.470683423927502
489	4.244140885374205
490	4.244140885374205
491	3.284096474209139
492	3.284096474209139
493	5.079169302807276
494	5.079169302807276
495	2.4773725164545555
496	2.4773725164545555
497	4.9324170890307
498	4.9324170890307
499	2.664112513631813
500	2.664112513631813
501	3.8723774648933804
502	3.8723774648933804
503	4.182521828432581
504	4.182521828432581
505	5.9282489797874645
506	5.9282489797874645
507	4.486848439547151
508	4.486848439547151
509	7.95765710998312
510	7.95765710998312
511	1.696344847540947
512	1.696344847540947
513	1.9774748894265035
514	1.9774748894265035
515	4.335575225297705
516	4.335575225297705
517	4.005124241759273
518	4.005124241759273
519	1.4985729426566738
520	1.4985729426566738
521	3.240835844209979
522	3.240835844209979
523	4.747113390809967
524	4.747113390809967
525	4.933717434528461
526	4.933717434528461
527	4.915327678164492
528	4.915327678164492
529	5.597011917676497
530	5.597011917676497
531	2.5268067887841568
532	2.5268067887841568
533	2.259408089520805
534	2.259408089520805
535	2.0994478787999666
536	2.0994478787999666
537	2.8372048975587667
538	2.8372048975587667
539	3.861947708822997
540	3.861947708822997
541	2.4492790661986885
542	2.4492790661986885
543	3.0597990907784207
544	3.0597990907784207
545	2.0780366053176578
546	2.0780366053176578
547	2.847372658017936
548	2.847372658017936
549	1.3449182946305165
550	1.3449182946305165
551	2.177065604583278
552	2.177065604583278
553	3.639116238371054
554	3.639116238371054
555	2.711821615591434
556	2.711821615591434
557	1.5022408098306308
558	1.5022408098306308
559	4.765311725119017
560	4.765311725119017
561	4.831876723678111
562	4.831876723678111
563	4.231495327371597
564	4.231495327371597
565	4.8176663227774466
566	4.8176663227774466
567	3.5308980076828815
568	3.5308980076828815
569	4.14770739295495
570	4.14770739295495
571	3.021807455127656
572	3.021807455127656
573	2.6197377241305437
574	2.6197377241305437
575	1.9926170347588923
576	1.9926170347588923
577	2.7624609867205594
578	2.7624609867205594
579	1.3909806179660997
580	1.3909806179660997
581	4.918599109487085
582	4.918599109487085
583	3.5442274004402448
584	3.5442274004402448
585	2.014780019391094
586	2.014780019391094
587	3.1093331977659386
588	3.1093331977659386
589	2.710954492000073
590	2.710954492000073
591	3.266438489857969
592	3.266438489857969
593	4.716087051872913
594	2.5294122513633455
595	2.5294122513633455
596	4.4020324869799765
597	4.4020324869799765
598	2.4205896546930616
599	2.4205896546930616
600	1.4430943075030034
601	1.4430943075030034
602	1.8894575256091337
603	1.8894575256091337
604	1.1086071642079214
605	1.1086071642079214
606	3.173815401580297
607	3.173815401580297
608	1.6073911327461934
609	1.6073911327461934
610	3.2781111279149204
611	3.2781111279149204
612	4.319973578545945
613	4.319973578545945
614	1.5848289350600482
615	1.5848289350600482
616	1.4338508075998886
617	1.4338508075998886
618	2.0893841526810775
619	2.0893841526810775
620	4.829563975475478
621	4.829563975475478
622	2.739478499611806
623	2.739478499611806
624	2.7540823454269963
625	2.7540823454269963
626	2.1788455169493863
627	2.1788455169493863
628	3.6125854543612004
629	3.6125854543612004
630	2.63071670658643
631	4.8751086044364556
632	4.8751086044364556
633	6.900665547950101
634	6.900665547950101
635	4.30749551433306
636	4.30749551433306
637	7.477869937824395
638	7.477869937824395
639	3.435600928877573
640	3.435600928877573
641	4.153121590250566
642	4.153121590250566
643	0.1
644	0.1
645	5.905425108619447
646	5.905425108619447
647	4.209668189908951
648	4.209668189908951
649	6.902128649801235
650	6.902128649801235
651	3.4195332981293753
652	3.4195332981293753
653	6.743434898868363
654	6.743434898868363
655	4.746940976041276
656	4.746940976041276
657	2.901914368195645
658	2.901914368195645
659	3.7913443518111287
660	3.7913443518111287
661	3.7642082939871635
662	3.7642082939871635
663	6.4653399459881555
664	6.4653399459881555
665	3.2566715565441373
666	3.2566715565441373
667	5.763874728969861
668	5.763874728969861
669	0.9374153866557555
670	0.9374153866557555
671	5.330714626483351
672	5.330714626483351
673	4.821556779295921
674	4.821556779295921
675	0.6678961674149053
676	0.6678961674149053
677	4.5355186534424154
678	4.5355186534424154
679	4.732705424028655
680	4.732705424028655
681	6.634533039293196
682	6.634533039293196
683	9.410942108153801
684	9.410942108153801
685	4.856120087115662
686	4.856120087115662
687	0.1
688	0.1
689	6.963376203072913
690	6.963376203072913
691	6.180249012415183
692	6.180249012415183
693	2.123592472001577
694	2.123592472001577
695	3.189397000968327
696	3.189397000968327
697	5.600214873443463
698	5.600214873443463
699	5.290627466510583
700	5.290627466510583
701	5.223358552031714
702	5.223358552031714
703	5.93900196918209
704	5.93900196918209
705	4.280413722304089
706	4.280413722304089
707	4.257976078868628
708	4.257976078868628
709	2.9513990313021328
710	2.9513990313021328
711	6.980059075008663
712	6.980059075008663
713	2.9276949665841476
714	2.9276949665841476
715	3.805078068501925
716	3.805078068501925
717	0.4444153274012508
718	0.4444153274012508
719	7.722403237852639
720	7.722403237852639
721	4.29857943636664
722	4.29857943636664
723	3.1004360381064364
724	3.1004360381064364
725	4.202601982413986
726	4.202601982413986
727	5.480308327299129
728	5.480308327299129
729	3.5620814480035663
730	3.5620814480035663
731	0.11161438879963637
732	0.11161438879963637
733	1.653237692787016
734	1.653237692787016
735	3.735967609456891
736	3.735967609456891
737	0.16715216361181895
738	0.16715216361181895
739	2.916089963889548
740	2.916089963889548
741	2.874520459383885
742	2.874520459383885
743	2.420386265481826
744	2.420386265481826
745	3.6681121899321765
746	3.6681121899321765
747	5.157226475747015
748	5.157226475747015
749	3.0378876964530876
750	3.0378876964530876
751	3.4863806172138037
752	3.4863806172138037
753	0.5299008817225805
754	0.5299008817225805
755	0.5262501519466446
756	0.5262501519466446
757	0.6888309863780868
758	0.6888309863780868
759	1.109390537790439
760	1.109390537790439
761	0.4259132323530775
762	0.4259132323530775
763	0.40679890636755023
764	0.40679890636755023
765	0.6986298713405668
766	0.6986298713405668
767	0.7352910607670246
768	0.7352910607670246
769	0.3126963521361677
770	0.3126963521361677
771	0.9284739821197783
772	0.9284739821197783
773	1.0227877612580447
774	1.0227877612580447
775	0.6208733351216071
776	0.6208733351216071
777	1.2021405703936638
778	1.2021405703936638
779	0.3512877944837317
780	0.3512877944837317
781	0.6863785493976935
782	0.6863785493976935
783	0.7344892626320659
784	0.7344892626320659
785	0.6799074536223996
786	0.6799074536223996
787	0.5394091678781674
788	0.5394091678781674
789	0.5285902900503445
790	0.5285902900503445
791	0.1
792	0.1
793	0.1227484793609561
794	0.1227484793609561
795	0.3315669586886735
796	0.3315669586886735
797	0.18239489320805177
798	0.18239489320805177
799	0.11730129076874414
800	0.11730129076874414
801	0.2790388079700066
802	0.2790388079700066
803	0.13539846485256024
804	0.13539846485256024
805	0.2522349585126152
806	0.2522349585126152
807	0.27590815074452874
808	0.27590815074452874
809	0.16575657012217415
810	0.16575657012217415
811	0.36069084560761355
812	0.36069084560761355
813	0.3127374065498575
814	3.109358082989582
815	3.109358082989582
816	3.870153110716532
817	3.870153110716532
818	1.8773603977852844
819	1.8773603977852844
820	3.9860188839344506
821	3.9860188839344506
822	1.5181836918431981
823	1.5181836918431981
824	3.783563953392297
825	3.783563953392297
826	1.7859966927959023
827	1.7859966927959023
828	3.329906565915721
829	3.329906565915721
830	5.828754817946891
831	5.828754817946891
832	4.546908893399075
833	4.546908893399075
834	4.189312579102255
835	4.189312579102255
836	5.386592522147838
837	5.386592522147838
838	4.366482294760029
839	4.366482294760029
840	2.4156461245026186
841	1.2190541616390116
842	1.2190541616390116
843	1.1593351661109197
844	1.1593351661109197
845	0.8508496771958812
846	0.8508496771958812
847	1.021038226411084
848	1.021038226411084
849	1.080254693470292
850	1.080254693470292
851	1.1131333065599611
852	1.1131333065599611
853	1.3444053657255397
854	1.3444053657255397
855	1.4423645315833251
856	1.4423645315833251
857	1.2857114417792497
858	1.2857114417792497
859	1.9383006019569642
860	1.9383006019569642
861	1.217286988579924
862	1.217286988579924
863	0.7617503257728868
864	0.7617503257728868
865	0.37029247545637156
866	0.37029247545637156
867	0.4854745252386041
868	0.4854745252386041
869	0.6675970380358833
870	0.6675970380358833
871	1.7126719825896939
872	1.7126719825896939
873	1.5006638154595509
874	1.5006638154595509
875	1.6824286100071029
876	1.6824286100071029
877	1.0053726880363478
878	1.0053726880363478
879	1.1411215502809626
880	1.1411215502809626
881	0.7648920715070551
882	0.7648920715070551
883	0.745164819138699
884	0.745164819138699
885	1.889011048414329
886	1.889011048414329
887	0.8228280332722056
888	0.8228280332722056
889	0.7079243965192534
890	0.7079243965192534
891	0.4499770653087437
892	0.4499770653087437
893	1.6685890176180709
894	1.6685890176180709
895	1.6974404073701075
896	1.6974404073701075
897	1.211346621713134
898	1.211346621713134
899	1.6659976779868093
900	1.6659976779868093
901	1.8424777709157751
902	1.8424777709157751
903	2.7104371073084907
904	2.7104371073084907
905	1.4150912265446656
906	1.4150912265446656
907	1.2515465269993207
908	1.2515465269993207
909	0.1846327630977912
910	0.1846327630977912
911	0.8428417005082873
912	0.8428417005082873
913	1.8755691242004788
914	1.8755691242004788
915	0.6607706940983963
916	0.6607706940983963
917	0.8698985019936181
918	0.8698985019936181
919	0.629337742900248
920	0.629337742900248
921	3.3964787278150452
922	3.3964787278150452
923	3.7075943681167023
924	3.7075943681167023
925	0.1
926	0.1
927	4.540462191533754
928	4.540462191533754
929	3.2189021942508416
930	3.2189021942508416
931	1.7960317097716392
932	1.7960317097716392
933	1.3103984401126987
934	1.3103984401126987
935	3.8218909113776
936	3.8218909113776
937	3.8051093793018502
938	3.8051093793018502
939	4.011149184151373
940	4.011149184151373
941	3.1938228099360506
942	3.1938228099360506
943	1.9614233017953238
944	1.9614233017953238
945	4.925366540125058
946	4.925366540125058
947	4.027591407164487
948	4.027591407164487
949	4.74673901682074
950	4.74673901682074
951	1.6265738704941761
952	1.6265738704941761
953	4.033956681872166
954	4.033956681872166
955	1.4786804830649942
956	1.4786804830649942
957	1.7826377981799624
958	1.7826377981799624
959	0.6772233450445702
960	5.290895633365221
961	5.290895633365221
962	2.33360398441851
963	2.33360398441851
964	4.104501218391348
965	4.104501218391348
966	3.4844164135961537
967	3.4844164135961537
968	2.7324054963429987
969	2.7324054963429987
970	0.38615993356624134
971	0.38615993356624134
972	2.312807556476821
973	2.312807556476821
974	2.8988480316859935
975	2.8988480316859935
976	0.1
977	0.1
978	2.820272749212857
979	2.820272749212857
980	3.190690656949708
981	3.190690656949708
982	3.1727925052879473
983	3.1727925052879473
984	0.4727857611728572
985	0.4727857611728572
986	2.7906815462316126
987	2.7906815462316126
988	3.761735681344254
989	3.761735681344254
990	2.612159327360814
991	2.612159327360814
992	3.043919995416788
993	3.043919995416788
994	6.460072254327522
995	6.460072254327522
996	1.7529328004307085
997	1.7529328004307085
998	1.7227175989332122
999	1.7227175989332122
1000	3.730752923545309
1001	3.730752923545309
1002	2.8838966347573423
1003	2.8838966347573423
1004	1.926351348323942
1005	1.926351348323942
1006	1.513301027692554
1007	1.513301027692554
1008	1.0841093516906197
1009	1.0841093516906197
1010	0.9062221100977036
1011	0.9062221100977036
1012	0.7119932357952823
1013	0.7119932357952823
1014	0.8867405100042874
1015	0.8867405100042874
1016	1.260957323336187
1017	1.260957323336187
1018	1.1430984464453007
1019	1.1430984464453007
1020	1.4286899058846285
1021	3.0425391975443206
1022	3.0425391975443206
1023	1.5230371531596179
1024	1.5230371531596179
1025	0.4230420920777128
1026	0.4230420920777128
1027	0.9115707480361087
1028	0.9115707480361087
1029	0.7512767590641172
1030	0.7512767590641172
1031	1.6344701012112985
1032	1.6344701012112985
1033	1.845101875760778
1034	1.845101875760778
1035	1.0126684261732033
1036	1.0126684261732033
1037	1.3699294767949826
1038	1.3699294767949826
1039	1.8337293737972544
1040	1.8337293737972544
1041	0.9939012003926107
1042	1.0331245635214037
1043	1.0331245635214037
1044	1.1282989262978627
1045	1.1282989262978627
1046	0.8498807424232581
1047	0.8498807424232581
1048	0.9384752144682875
1049	0.9384752144682875
1050	1.191963093142129
1051	1.191963093142129
1052	0.463836565361553
1053	0.463836565361553
1054	0.858980140391272
1055	0.858980140391272
1056	0.5151243893608202
1057	0.5151243893608202
1058	0.5352692211447725
1059	0.5352692211447725
1060	1.063300867980786
1061	1.063300867980786
1062	0.24121393169071198
1063	0.24121393169071198
1064	0.6033030177934969
1065	0.6033030177934969
1066	0.9837536314974731
1067	0.9837536314974731
1068	0.8690040725180767
1069	0.8690040725180767
1070	0.8861669019919298
1071	0.8861669019919298
1072	0.9696658063127122
1073	0.9696658063127122
1074	0.40153536160426195
1075	0.40153536160426195
1076	0.553075947247157
1077	0.553075947247157
1078	0.7836723936614505
1079	0.7836723936614505
1080	0.9432785161991439
1081	0.9432785161991439
1082	0.9268594315091534
1083	0.9268594315091534
1084	0.5058814096691433
1085	0.5058814096691433
1086	0.32521491934053337
1087	0.32521491934053337
1088	0.28207309720162027
1089	0.28207309720162027
1090	0.8952125126424225
1091	0.8952125126424225
1092	0.1
1093	0.1
1094	1.1641714049612113
1095	1.1641714049612113
1096	0.782017731381627
1097	0.782017731381627
1098	0.4669571863657255
1099	0.4669571863657255
1100	0.5598167567706496
1101	1.9628524773442817
1102	1.9628524773442817
1103	1.7012250178058475
1104	1.7012250178058475
1105	0.1
1106	0.1
1107	6.012894550424292
1108	6.012894550424292
1109	3.538803894723031
1110	3.538803894723031
1111	3.0211489096111306
1112	3.0211489096111306
1113	6.464136299379982
1114	6.464136299379982
1115	3.464767058560958
1116	3.464767058560958
1117	8.991144472092492
1118	8.991144472092492
1119	6.691266927949707
1120	6.691266927949707
1121	3.8235621578850156
1122	3.8235621578850156
1123	5.8037546298404745
1124	5.8037546298404745
1125	4.643679072513494
1126	4.643679072513494
1127	4.564497684489242
1128	4.564497684489242
1129	5.75336814054055
1130	5.75336814054055
1131	0.4663183351879252
1132	0.4663183351879252
1133	6.216627190304307
1134	6.216627190304307
1135	2.998371063539454
1136	2.998371063539454
1137	5.093105449235752
1138	1.0471568131912412
1139	1.0471568131912412
1140	0.8875124228580724
1141	0.8875124228580724
1142	1.7739993668126985
1143	1.7739993668126985
1144	1.623146552089364
1145	1.623146552089364
1146	0.9861803879171641
1147	0.9861803879171641
1148	1.2121684211878352
1149	1.2121684211878352
1150	0.1
1151	0.1
1152	1.7421683955182004
1153	1.7421683955182004
1154	1.0256908534415476
1155	1.0256908534415476
1156	7.013817426573186
1157	7.013817426573186
1158	5.342063811033138
1159	5.342063811033138
1160	5.236927135540555
1161	5.236927135540555
1162	5.834352689053086
1163	5.834352689053086
1164	5.324039782449667
1165	5.324039782449667
1166	5.976335778639312
1167	5.976335778639312
1168	4.749849657606586
1169	4.749849657606586
1170	1.60947257561938
1171	1.60947257561938
1172	2.5005614873811703
1173	2.5005614873811703
1174	2.875732272765663
1175	2.875732272765663
1176	2.3908371533923116
1177	2.3908371533923116
1178	3.163819610709197
1179	2.3546861395217773
1180	2.3546861395217773
1181	2.5303246328749007
1182	2.5303246328749007
1183	0.666700119917317
1184	0.666700119917317
1185	3.1011382638442777
1186	3.1011382638442777
1187	1.3452345636069678
1188	1.3452345636069678
1189	3.2542122127293087
1190	3.2542122127293087
1191	3.356288498358108
1192	3.356288498358108
1193	1.4185688759793025
1194	1.4185688759793025
1195	1.389451819402458
1196	1.389451819402458
1197	3.109306867871572
1198	3.109306867871572
1199	0.9659012679580157
1200	0.9659012679580157
1201	2.617362726538859
1202	2.617362726538859
1203	2.6063237460930733
1204	2.6063237460930733
1205	2.2577013535930917
1206	2.2577013535930917
1207	2.045228319182462
1208	2.045228319182462
1209	1.8526686683649631
1210	1.8526686683649631
1211	1.327826520127441
1212	1.327826520127441
1213	2.411440212445157
1214	2.411440212445157
1215	0.6909166810278304
1216	0.6909166810278304
1217	1.8460960747196853
1218	1.8460960747196853
1219	2.74863402790621
1220	2.74863402790621
1221	2.6870176726115043
1222	2.6870176726115043
1223	2.2318347231652114
1224	2.2318347231652114
1225	2.1139633152022848
1226	2.1139633152022848
1227	1.8161718676515444
1228	1.8161718676515444
1229	3.207680934379059
1230	3.207680934379059
1231	2.0062760858315634
1232	2.0062760858315634
1233	1.4485229671329425
1234	1.7908353521935994
1235	1.7908353521935994
1236	3.339005702088226
1237	3.339005702088226
1238	0.48846972208936046
1239	0.48846972208936046
1240	1.1284439270640818
1241	1.1284439270640818
1242	1.3487580737753537
1243	1.3487580737753537
1244	0.7653690254813887
1245	0.7653690254813887
1246	0.783338387091063
1247	3.1768144509690153
1248	3.1768144509690153
1249	3.8613691537898833
1250	3.8613691537898833
1251	1.6153308480645419
1252	1.6153308480645419
1253	4.570983571316993
1254	4.570983571316993
1255	3.1483004834900745
1256	3.1483004834900745
1257	4.5884932831429435
1258	4.5884932831429435
1259	1.2351050188983397
1260	1.2351050188983397
1261	3.0653007730285387
1262	3.0653007730285387
1263	3.2586634487250925
1264	3.2586634487250925
1265	3.7995190720204897
1266	3.7995190720204897
1267	5.257142715030933
1268	5.257142715030933
1269	4.4947641870147805
1270	4.4947641870147805
1271	4.795203486291502
1272	4.795203486291502
1273	4.2077921557762625
1274	4.2077921557762625
1275	4.045137822635971
1276	4.045137822635971
1277	5.743048277270997
1278	5.743048277270997
1279	3.6945688733004056
1280	3.6945688733004056
1281	3.4907350328606563
1282	3.4907350328606563
1283	2.283546779960524
1284	2.283546779960524
1285	4.017222053823613
1286	4.017222053823613
1287	3.024120840390049
1288	3.024120840390049
1289	3.7344251465160188
1290	3.7344251465160188
1291	2.441735525654315
1292	2.441735525654315
1293	3.5820149306538283
1294	3.5820149306538283
1295	3.728640936047286
1296	3.728640936047286
1297	3.9684343779160125
1298	3.9684343779160125
1299	0.1
1300	0.1
1301	5.237125103739954
1302	5.237125103739954
1303	3.700962317162667
1304	3.700962317162667
1305	2.6475919075640557
1306	2.6475919075640557
1307	5.3381396567233885
1308	5.3381396567233885
1309	4.4478856910086915
1310	4.4478856910086915
1311	4.960265652324316
1312	4.960265652324316
1313	4.814301868345842
1314	4.814301868345842
1315	2.3388341007000095
1316	2.3388341007000095
1317	3.183586580121728
1318	3.183586580121728
1319	2.7113535246397227
1320	2.7113535246397227
1321	1.9882488174865427
1322	1.9882488174865427
1323	1.373642638736928
1324	1.373642638736928
1325	2.082518525989495
1326	2.082518525989495
1327	2.4011533643662477
1328	2.4011533643662477
1329	3.046831260552687
1330	3.046831260552687
1331	4.693534159973421
1332	4.693534159973421
1333	3.9574945044774585
1334	3.9574945044774585
1335	2.1616079282094134
1336	2.1616079282094134
1337	4.007387157500551
1338	4.007387157500551
1339	3.0630112239578287
1340	3.0630112239578287
1341	1.1892526261858618
1342	3.915419343920906
1343	3.915419343920906
1344	3.440933261341943
1345	3.440933261341943
1346	4.264326797506479
1347	4.264326797506479
1348	3.037308376527106
1349	3.037308376527106
1350	4.189141143497222
1351	4.189141143497222
1352	3.2175095851843754
1353	3.2175095851843754
1354	1.4182250555239595
1355	1.4182250555239595
1356	4.423582607530377
1357	4.423582607530377
1358	3.682866116306976
1359	3.682866116306976
1360	4.6521430207982295
1361	4.6521430207982295
1362	4.415481682656624
1363	4.415481682656624
1364	3.434960545732137
1365	3.434960545732137
1366	3.7484310860511902
1367	3.7484310860511902
1368	3.1734438203324262
1369	3.1734438203324262
1370	4.007561729595312
1371	4.007561729595312
1372	1.8334112051594498
1373	1.8334112051594498
1374	3.2105950247398223
1375	3.2105950247398223
1376	4.345402764472962
1377	4.345402764472962
1378	4.674820512901418
1379	4.674820512901418
1380	2.0448051894008
1381	2.0448051894008
1382	4.074928660111848
1383	4.074928660111848
1384	1.7549546283117101
1385	1.7549546283117101
1386	0.1
1387	0.1
1388	2.429621482394274
1389	2.429621482394274
1390	4.178311186836499
1391	0.6200172401527769
1392	0.6200172401527769
1393	2.4954412484792363
1394	4.21725991175234
1395	4.21725991175234
1396	3.742599939290451
1397	3.742599939290451
1398	8.237473767670455
1399	8.237473767670455
1400	1.930987433294086
1401	1.930987433294086
1402	4.660123166759331
1403	4.660123166759331
1404	4.101307378083812
1405	4.101307378083812
1406	3.6211023073653315
1407	3.6211023073653315
1408	1.6676259912268847
1409	1.6676259912268847
1410	1.6865956498991386
1411	1.6865956498991386
1412	5.158687547057168
1413	5.158687547057168
1414	4.6894075523594525
1415	4.6894075523594525
1416	2.6411011782897047
1417	2.6411011782897047
1418	2.183537117534872
1419	2.183537117534872
1420	3.456224977207965
1421	3.456224977207965
1422	2.44343165377478
1423	2.44343165377478
1424	1.9299921238383926
1425	1.9299921238383926
1426	3.0566392289913358
1427	3.0566392289913358
1428	2.4246024135046063
1429	2.4246024135046063
1430	4.806978623691098
1431	4.806978623691098
1432	2.7833610778101976
1433	2.7833610778101976
1434	2.9911337020781175
1435	2.9911337020781175
1436	3.084959836003472
1437	3.084959836003472
1438	4.325668624886026
1439	4.325668624886026
1440	2.399974645700145
1441	2.399974645700145
1442	1.5120444065394647
1443	1.5120444065394647
1444	1.261947204712539
1445	1.261947204712539
1446	0.21825450400009927
1447	0.21825450400009927
1448	0.9087709381591487
1449	0.9087709381591487
1450	0.2655993339697088
1451	0.2655993339697088
1452	0.9456837041565558
1453	0.9456837041565558
1454	1.2130273373367653
1455	1.2130273373367653
1456	1.0769331734237821
1457	1.0769331734237821
1458	1.1558749451216013
1459	4.646522078018712
1460	4.646522078018712
1461	5.64073256893608
1462	5.64073256893608
1463	5.927518065972652
1464	5.927518065972652
1465	4.276845058327392
1466	4.276845058327392
1467	6.07751570142106
1468	6.07751570142106
1469	5.747092000170573
1470	5.747092000170573
1471	4.291129874118722
1472	4.291129874118722
1473	4.535848465750042
1474	4.535848465750042
1475	3.4355827285512324
1476	3.4355827285512324
1477	6.06731406841567
1478	6.06731406841567
1479	1.1255540572644276
1480	1.1255540572644276
1481	2.9856862242644544
1482	2.9856862242644544
1483	1.7231688030690184
1484	1.7231688030690184
1485	3.5890864297136114
1486	0.9746201535207805
1487	0.9746201535207805
1488	0.5193125799289469
1489	0.5193125799289469
1490	4.303695145877908
1491	4.303695145877908
1492	2.283477275220381
1493	2.283477275220381
1494	6.219867555045933
1495	6.219867555045933
1496	5.983975074243851
1497	5.983975074243851
1498	3.698310551942747
1499	3.2316027156127327
1500	3.2316027156127327
1501	1.5202580656080538
1502	1.5202580656080538
1503	5.954333066893193
1504	5.954333066893193
1505	4.191228588100889
1506	4.191228588100889
1507	1.975891619660561
1508	1.975891619660561
1509	3.9784950865521456
1510	3.9784950865521456
1511	1.398865504733489
1512	1.398865504733489
1513	1.4388978456922743
1514	1.4388978456922743
1515	2.258788421075492
1516	2.258788421075492
1517	2.3880883035876366
1518	2.3880883035876366
1519	0.8058940810877289
1520	0.8058940810877289
1521	1.6040438518603048
1522	1.6040438518603048
1523	3.0882736874712124
1524	3.0882736874712124
1525	1.3273054144527605
1526	1.3273054144527605
1527	2.7475776127852907
1528	2.7475776127852907
1529	2.508884906452912
1530	2.508884906452912
1531	2.431262644224525
1532	2.431262644224525
1533	2.7809579025983573
1534	2.7809579025983573
1535	1.1722666477375452
1536	1.1722666477375452
1537	1.0239899016278113
1538	1.0239899016278113
1539	1.527729761635452
1540	1.527729761635452
1541	1.0400656536891018
1542	1.0400656536891018
1543	0.9733623091110943
1544	0.9733623091110943
1545	0.8558119968033704
1546	0.8558119968033704
1547	1.2570523107959148
1548	1.2570523107959148
1549	0.8141864240012153
1550	0.8141864240012153
1551	1.7729196733592274
1552	1.7729196733592274
1553	0.9943045254927027
1554	0.9943045254927027
1555	0.8926225127102736
1556	0.8926225127102736
1557	0.11473715498488832
1558	0.11473715498488832
1559	0.31171282607587125
1560	0.31171282607587125
1561	0.22628916822667677
1562	0.22628916822667677
1563	0.23877824173106488
1564	0.23877824173106488
1565	0.11042976729036225
1566	0.11042976729036225
1567	4.711660627613299
1568	4.711660627613299
1569	3.454185542434683
1570	3.454185542434683
1571	3.292655035359296
1572	3.292655035359296
1573	4.066691749554847
1574	4.066691749554847
1575	3.561697124040507
1576	3.561697124040507
1577	3.993337975033979
1578	3.993337975033979
1579	2.251034542294089
1580	2.251034542294089
1581	7.270704475572747
1582	7.270704475572747
1583	4.519391448209976
1584	4.519391448209976
1585	4.066088320006852
1586	4.066088320006852
1587	3.3405975597396114
1588	3.3405975597396114
1589	3.3785028112503444
1590	3.3785028112503444
1591	6.785506778586484
1592	6.785506778586484
1593	1.33472405262723
1594	1.33472405262723
1595	1.381976557348329
1596	1.381976557348329
1597	1.031933361204686
1598	1.031933361204686
1599	1.236122277458505
1600	1.236122277458505
1601	0.44127448325268415
1602	0.44127448325268415
1603	1.2594384571795625
1604	1.2594384571795625
1605	1.2484557447514455
1606	1.2484557447514455
1607	1.267166521864886
1608	1.267166521864886
1609	1.860661830131081
1610	1.860661830131081
1611	1.2971997475330053
1612	1.2971997475330053
1613	0.7134041944452921
1614	0.7134041944452921
1615	0.22166219646245622
1616	0.22166219646245622
1617	0.7157466373790511
1618	0.7157466373790511
1619	1.2322550827791654
1620	1.2322550827791654
1621	1.2855606951260325
1622	1.2855606951260325
1623	1.880135282695465
1624	1.880135282695465
1625	0.7343335969050675
1626	0.7343335969050675
1627	1.3852001652611141
1628	1.3852001652611141
1629	1.168893720018445
1630	1.168893720018445
1631	1.6878422033101579
1632	1.6878422033101579
1633	1.2212039821198246
1634	1.2212039821198246
1635	2.973588290559574
1636	2.973588290559574
1637	1.556422065075719
1638	1.556422065075719
1639	2.428858083493118
1640	2.428858083493118
1641	2.3441594193034874
1642	2.3441594193034874
1643	3.785347187611552
1644	3.785347187611552
1645	1.458101535287225
1646	1.458101535287225
1647	2.394968115716025
1648	2.394968115716025
1649	2.5174059876505375
1650	2.5174059876505375
1651	1.6818044089586892
1652	1.6818044089586892
1653	2.7785118495515
1654	2.7785118495515
1655	1.3025528259966066
1656	1.3025528259966066
1657	1.9877344107236943
1658	1.9877344107236943
1659	1.0060438190193328
1660	1.0060438190193328
1661	3.1009838234724665
1662	3.1009838234724665
1663	1.9934946417040313
1664	1.9934946417040313
1665	2.470925220563415
1666	2.470925220563415
1667	2.5320272564031034
1668	2.5320272564031034
1669	1.592826743652128
1670	1.592826743652128
1671	2.398031357358228
1672	0.6249968163664774
1673	0.6249968163664774
1674	0.21432658459573495
1675	0.21432658459573495
1676	0.8339801489661934
1677	0.8339801489661934
1678	0.4362758764780562
1679	0.4362758764780562
1680	1.2067429685860642
1681	1.2067429685860642
1682	0.9883706281925722
1683	0.9883706281925722
1684	0.7781221170738845
1685	0.7781221170738845
1686	2.2853498104510526
1687	2.2853498104510526
1688	2.9904059324781853
1689	2.9904059324781853
1690	3.3954479326807863
1691	3.3954479326807863
1692	2.326023506084237
1693	2.326023506084237
1694	3.621823441337853
1695	3.621823441337853
1696	2.08792187715052
1697	2.08792187715052
1698	2.0767228103019484
1699	2.0767228103019484
1700	1.9516176235090843
1701	1.9516176235090843
1702	2.475371751983279
1703	2.475371751983279
1704	3.766887490332307
1705	3.766887490332307
1706	2.2103123019226407
1707	2.2103123019226407
1708	1.7579789132709303
1709	1.7579789132709303
1710	1.5510134138808067
1711	1.5510134138808067
1712	4.592866077893065
1713	4.592866077893065
1714	0.7723391689267385
1715	0.7723391689267385
1716	3.841645168324587
1717	4.060259503210768
1718	4.060259503210768
1719	8.229171586284803
1720	8.229171586284803
1721	4.606520731498921
1722	4.606520731498921
1723	1.7672403053497319
1724	1.7672403053497319
1725	4.008095765144273
1726	4.008095765144273
1727	4.991297048202435
1728	1.6165199802294052
1729	1.6165199802294052
1730	3.921665649083811
1731	3.921665649083811
1732	3.142251289863526
1733	3.142251289863526
1734	2.870983040542541
1735	2.870983040542541
1736	3.1121996106593457
1737	3.1121996106593457
1738	3.9997201915569587
1739	3.9997201915569587
1740	1.9066940896276479
1741	1.9066940896276479
1742	2.8588605687145963
1743	2.8588605687145963
1744	1.9196278745310185
1745	1.9196278745310185
1746	0.14402719015571552
1747	0.14402719015571552
1748	2.9164895587344972
1749	2.9164895587344972
1750	2.3394016786221443
1751	2.3394016786221443
1752	1.57160828214943
1753	1.57160828214943
1754	2.178747112096645
1755	2.178747112096645
1756	2.830769236375887
1757	2.830769236375887
1758	1.989836447937761
1759	1.989836447937761
1760	5.630610904891602
1761	5.630610904891602
1762	2.3219954336336013
1763	2.3219954336336013
1764	1.0981749230105016
1765	1.0981749230105016
1766	1.9342492260807362
1767	1.9342492260807362
1768	2.2831431855907747
1769	2.2831431855907747
1770	5.109187389063801
1771	5.109187389063801
1772	3.3329014138468165
1773	3.3329014138468165
1774	3.668618733617688
1775	3.668618733617688
1776	3.742502609731474
1777	3.742502609731474
1778	2.3844065146756823
1779	2.3844065146756823
1780	3.611731513786368
1781	3.611731513786368
1782	1.3553797507182825
1783	1.3553797507182825
1784	0.47666355202481836
1785	0.47666355202481836
1786	0.38403103657193555
1787	0.38403103657193555
1788	0.7373058716571771
1789	0.7373058716571771
1790	1.8424691575843912
1791	1.8424691575843912
1792	1.6979812967081616
1793	1.6979812967081616
1794	2.035896975270886
1795	2.035896975270886
1796	0.3590029720886818
1797	0.3590029720886818
1798	2.440592479163505
1799	2.440592479163505
1800	1.5595346110855606
1801	1.5595346110855606
1802	3.267926371285809
1803	3.267926371285809
1804	1.9905372277998772
1805	1.9905372277998772
1806	1.375337860388351
1807	1.375337860388351
1808	1.7896431198561418
1809	1.7896431198561418
1810	2.338869500012629
1811	2.338869500012629
1812	2.182712506589574
1813	2.182712506589574
1814	1.445367013647635
1815	1.445367013647635
1816	2.619907133023734
1817	2.619907133023734
1818	1.7172694390617487
1819	1.7172694390617487
1820	2.0643411217450343
1821	2.0643411217450343
1822	1.7069869187818931
1823	1.7069869187818931
1824	0.8848138907442771
1825	0.8848138907442771
1826	0.5009905082443198
1827	0.5009905082443198
1828	3.1854740342516785
1829	3.1854740342516785
1830	3.484205066741975
1831	3.484205066741975
1832	0.8695936565545428
1833	0.8695936565545428
1834	2.124276709386094
1835	2.124276709386094
1836	0.9820588761081397
1837	0.9820588761081397
1838	2.098870285423732
1839	2.098870285423732
1840	2.72250654444969
1841	2.72250654444969
1842	3.662749211633949
1843	3.662749211633949
1844	1.8358876473045693
1845	1.8358876473045693
1846	0.757534611625803
1847	0.757534611625803
1848	4.024623801946653
1849	4.024623801946653
1850	0.1
1851	0.1
1852	2.637388546492226
1853	2.637388546492226
1854	4.026276399868575
1855	4.026276399868575
1856	5.278039355554231
1857	5.278039355554231
1858	3.3967715322313548
1859	3.3967715322313548
1860	2.9498869994597876
1861	2.9498869994597876
1862	2.8924190052917247
1863	2.8924190052917247
1864	4.2516376284321
1865	4.2516376284321
1866	1.790750168772471
1867	1.790750168772471
1868	2.00592855680209
1869	2.00592855680209
1870	3.0116639175194257
1871	3.0116639175194257
1872	4.014016334224532
1873	4.014016334224532
1874	0.9126078484349059
1875	0.9126078484349059
1876	0.5464417149295453
1877	0.5464417149295453
1878	1.2049715117020416
1879	1.2049715117020416
1880	1.1007330565017779
1881	1.1007330565017779
1882	0.1
1883	0.1
1884	1.7398220237056887
1885	1.7398220237056887
1886	0.9819178701253062
1887	0.9819178701253062
1888	0.4813563234888609
1889	0.4813563234888609
1890	0.9461807588373599
1891	0.9461807588373599
1892	1.42887783872296
1893	1.42887783872296
1894	1.5497986935431058
1895	1.5497986935431058
1896	1.7270391618107581
1897	1.7270391618107581
1898	0.9728307854499681
1899	0.9728307854499681
1900	0.4642078756564606
1901	0.4642078756564606
1902	1.254361504438208
1903	1.254361504438208
1904	1.3286753351720189
1905	1.3286753351720189
1906	1.0293575735940559
1907	1.0293575735940559
1908	2.2400986211931984
1909	2.2400986211931984
1910	0.3297410120248888
1911	0.3297410120248888
1912	2.35870721482039
1913	2.35870721482039
1914	0.24466590651936382
1915	0.24466590651936382
1916	1.407119860068353
1917	1.407119860068353
1918	1.4716789977724045
1919	1.4716789977724045
1920	1.5601531206219248
1921	1.5601531206219248
1922	3.405747680129552
1923	3.405747680129552
1924	2.8786840875623643
1925	2.8786840875623643
1926	1.2401852570702157
1927	1.2401852570702157
1928	0.8336164079060577
1929	0.8336164079060577
1930	2.029470818292627
1931	2.029470818292627
1932	1.3496987655406816
1933	1.3496987655406816
1934	4.038907079332889
1935	4.038907079332889
1936	2.4233544210161018
1937	2.4233544210161018
1938	1.9333788854275742
1939	1.9333788854275742
1940	1.0481001991717034
1941	1.0481001991717034
1942	1.6921567507618651
1943	1.6921567507618651
1944	2.9495908622479727
1945	2.9495908622479727
1946	2.552057901912767
1947	2.552057901912767
1948	1.9610272453597466
1949	1.9610272453597466
1950	2.1980691668254453
1951	2.1980691668254453
1952	0.1
1953	0.1
1954	2.5240866965448134
1955	2.5240866965448134
1956	2.1314309968985277
1957	2.1314309968985277
1958	0.3428319637328874
1959	0.3428319637328874
1960	0.6198483899075939
1961	0.6198483899075939
1962	2.724335529471173
1963	2.724335529471173
1964	1.0643229750475949
1965	1.0643229750475949
1966	2.223918709622847
1967	2.223918709622847
1968	2.0560047925202207
1969	2.0560047925202207
1970	1.6263403439642894
1971	1.6263403439642894
1972	3.040425039916543
1973	3.040425039916543
1974	2.7483895507755087
1975	2.7483895507755087
1976	2.5490442036058525
1977	2.5490442036058525
1978	2.2639320364134505
1979	2.2639320364134505
1980	2.438005223121835
1981	2.438005223121835
1982	1.3873297827951347
1983	1.3873297827951347
1984	2.0265508310803946
1985	2.0265508310803946
1986	1.8459616711001332
1987	1.8459616711001332
1988	1.5176554639725401
1989	1.5176554639725401
1990	2.349459362047351
1991	2.349459362047351
1992	2.1031306961258975
1993	2.1031306961258975
1994	1.5449553853857794
1995	1.5449553853857794
1996	2.1682960158595765
1997	2.1682960158595765
1998	2.717778386271166
1999	2.717778386271166
