0	5.799875528990108
1	5.799875528990108
2	0.5841373079334127
3	0.5841373079334127
4	4.503990251541656
5	4.503990251541656
6	7.124315926797216
7	7.124315926797216
8	2.339361256067129
9	2.339361256067129
10	4.750548232084855
11	4.750548232084855
12	4.050627887050645
13	4.050627887050645
14	3.0282254529660544
15	3.0282254529660544
16	3.3811913203817436
17	3.3811913203817436
18	5.007353860998839
19	5.007353860998839
20	3.4143420415647707
21	3.4143420415647707
22	3.954182184891996
23	3.954182184891996
24	2.2650682059617417
25	2.2650682059617417
26	5.289543399459112
27	5.289543399459112
28	3.956169462651412
29	3.956169462651412
30	0.9304504161590912
31	0.9304504161590912
32	2.197261891922298
33	2.197261891922298
34	2.6163372914937675
35	2.6163372914937675
36	3.738887785056562
37	3.738887785056562
38	1.9976391736403742
39	1.9976391736403742
40	3.2836265430352563
41	3.2836265430352563
42	2.0259968490022797
43	2.0259968490022797
44	3.7940702869293914
45	3.7940702869293914
46	1.1178699609365923
47	1.1178699609365923
48	0.843003925019701
49	0.843003925019701
50	1.4465346520428484
51	1.4465346520428484
52	1.8648996353553766
53	1.8648996353553766
54	0.2997869981736474
55	0.2997869981736474
56	1.6746277914594314
57	1.6746277914594314
58	2.8582110487972887
59	2.8582110487972887
60	2.1468933923847
61	2.1468933923847
62	1.0498401989752828
63	6.490065565886926
64	6.490065565886926
65	4.981997157810149
66	4.981997157810149
67	3.6506021592818185
68	3.6506021592818185
69	2.9833858349009006
70	2.9833858349009006
71	3.054751440036507
72	3.054751440036507
73	2.1878070183691474
74	2.1878070183691474
75	5.667921239733558
76	5.667921239733558
77	6.75128537464013
78	6.75128537464013
79	5.647621875532227
80	5.647621875532227
81	4.944390917460966
82	4.944390917460966
83	2.9637516086944937
84	2.9637516086944937
85	3.9148053025607794
86	3.9148053025607794
87	3.910685235801482
88	3.910685235801482
89	3.48311224964581
90	3.48311224964581
91	6.091240842909021
92	6.091240842909021
93	2.279487336249047
94	2.279487336249047
95	0.9400259707850842
96	0.9400259707850842
97	2.546052766203803
98	2.546052766203803
99	2.2793402449721194
100	2.2793402449721194
101	3.3418188293649207
102	3.3418188293649207
103	6.3656861991769205
104	6.3656861991769205
105	2.8667360783824516
106	2.8667360783824516
107	3.711712409261414
108	3.711712409261414
109	5.237328675448062
110	5.237328675448062
111	6.162160157884287
112	6.162160157884287
113	6.345428341882412
114	6.345428341882412
115	4.238968200889493
116	4.238968200889493
117	1.8209042571662408
118	1.8209042571662408
119	4.864356154344362
120	4.864356154344362
121	5.755327070890397
122	5.755327070890397
123	4.787858541750963
124	4.787858541750963
125	1.8765717331329421
126	1.8765717331329421
127	7.317623141026197
128	7.317623141026197
129	4.190139729978564
130	4.190139729978564
131	4.372156262098148
132	4.372156262098148
133	4.37338996326117
134	4.37338996326117
135	1.9946199174677652
136	1.9946199174677652
137	2.3730603885616586
138	2.3730603885616586
139	3.6430007591794933
140	3.6430007591794933
141	2.8457278535262667
142	2.8457278535262667
143	2.601093880773217
144	2.601093880773217
145	2.1079392012451548
146	2.1079392012451548
147	0.1
148	0.1
149	2.506353895455252
150	2.506353895455252
151	2.3676462310054553
152	2.3676462310054553
153	4.128594801091166
154	4.128594801091166
155	3.7932690438633334
156	3.7932690438633334
157	2.4593902377119887
158	2.4593902377119887
159	1.8981790798373097
160	1.8981790798373097
161	3.6757077602503387
162	3.6757077602503387
163	1.7547158062088433
164	1.7547158062088433
165	0.281799384982516
166	0.281799384982516
167	1.7204101281570567
168	1.7204101281570567
169	2.832032482190833
170	2.832032482190833
171	2.4699954946915756
172	2.4699954946915756
173	3.6618338393259533
174	3.6618338393259533
175	3.928161173334969
176	3.928161173334969
177	2.873529465924797
178	2.873529465924797
179	4.097388955294324
180	4.097388955294324
181	3.858213143369926
182	3.858213143369926
183	5.671655306456805
184	5.671655306456805
185	1.6285125413552073
186	1.6285125413552073
187	3.0200119796816165
188	3.0200119796816165
189	2.925474380742558
190	2.925474380742558
191	1.2332695453525782
192	1.2332695453525782
193	1.8163815639658338
194	1.8163815639658338
195	3.053268443481599
196	3.053268443481599
197	2.46408193458235
198	2.46408193458235
199	3.225218909382126
200	3.225218909382126
201	2.3227441108955014
202	2.3227441108955014
203	1.8974950084782662
204	1.8974950084782662
205	2.724988270857969
206	2.724988270857969
207	2.3004851862012363
208	2.3004851862012363
209	3.0734100595635434
210	3.0734100595635434
211	2.7825384466002645
212	2.7825384466002645
213	1.8508048833284811
214	1.8508048833284811
215	3.1477342108643347
216	3.1477342108643347
217	1.5018879804616803
218	1.5018879804616803
219	2.3516227303027164
220	2.3516227303027164
221	1.5097193359152294
222	1.5097193359152294
223	2.738569540475149
224	2.738569540475149
225	2.948482011123226
226	2.948482011123226
227	3.9503725050528153
228	3.9503725050528153
229	1.6293015916643228
230	1.6293015916643228
231	3.1233772080021023
232	3.1233772080021023
233	0.4495636789179689
234	0.4495636789179689
235	0.391455428406561
236	0.391455428406561
237	4.20048964041161
238	4.20048964041161
239	1.883951424655867
240	1.883951424655867
241	1.9727590394529677
242	1.9727590394529677
243	3.311324336315591
244	3.311324336315591
245	3.9610128737452825
246	3.9610128737452825
247	4.322903534673406
248	4.322903534673406
249	1.6903334075814072
250	1.6903334075814072
251	1.982872655898312
252	1.982872655898312
253	1.7595454205075787
254	1.7595454205075787
255	3.6678386974522352
256	3.6678386974522352
257	0.21508921575876716
258	0.21508921575876716
259	1.7165852734391156
260	1.7165852734391156
261	0.7497829661677138
262	0.7497829661677138
263	3.048233659762978
264	3.048233659762978
265	2.3644729757269802
266	2.3644729757269802
267	1.830522599823441
268	1.830522599823441
269	2.0641996720641895
270	2.0641996720641895
271	2.6235763215742507
272	2.6235763215742507
273	2.6191561032144115
274	2.6191561032144115
275	2.892516795968394
276	2.892516795968394
277	2.180880839045034
278	2.180880839045034
279	0.1
280	0.1
281	3.997890162341467
282	3.997890162341467
283	3.223082485454029
284	3.223082485454029
285	0.8322680935498388
286	0.8322680935498388
287	1.7231490065070627
288	1.7231490065070627
289	3.117595823064903
290	3.117595823064903
291	3.707796537897445
292	3.707796537897445
293	1.1688454183081118
294	1.1688454183081118
295	1.947456124821842
296	1.947456124821842
297	3.190034010283555
298	3.190034010283555
299	3.6963460383800806
300	3.6963460383800806
301	2.2550941295498084
302	2.2550941295498084
303	3.0663803898146496
304	3.0663803898146496
305	0.2482722697550428
306	0.2482722697550428
307	2.1295523284348716
308	2.1295523284348716
309	3.6813646723385687
310	3.6813646723385687
311	3.869439666805795
312	3.869439666805795
313	2.6986558311398148
314	2.6986558311398148
315	2.362762411123711
316	2.362762411123711
317	1.9828469843443477
318	1.9828469843443477
319	5.462786188604644
320	5.462786188604644
321	3.9900827590421697
322	3.9900827590421697
323	0.9725794027310621
324	0.9725794027310621
325	3.3737715830326995
326	3.3737715830326995
327	3.0915456899298417
328	3.0915456899298417
329	2.2244649282945743
330	2.2244649282945743
331	4.290374834155378
332	4.290374834155378
333	3.883290285810711
334	3.883290285810711
335	2.471887837831087
336	2.471887837831087
337	3.5532088180898147
338	3.5532088180898147
339	0.6425401085262377
340	0.6425401085262377
341	2.9188442544761095
342	2.9188442544761095
343	1.7735588734453156
344	1.7735588734453156
345	4.619620260577276
346	4.619620260577276
347	2.402431212862953
348	2.402431212862953
349	4.529062526694712
350	4.529062526694712
351	2.3729881733250857
352	2.3729881733250857
353	2.163962470217791
354	2.163962470217791
355	1.91076907327724
356	1.91076907327724
357	1.8288764403462332
358	1.8288764403462332
359	3.95812970902903
360	3.95812970902903
361	1.122637679118065
362	1.122637679118065
363	4.148563363444607
364	4.148563363444607
365	1.378997897429574
366	1.378997897429574
367	2.6157569822885485
368	2.6157569822885485
369	1.6700728604924397
370	1.6700728604924397
371	4.349558194733305
372	4.349558194733305
373	1.6704266670734453
374	1.6704266670734453
375	0.9680432625390751
376	0.9680432625390751
377	4.8037899656722765
378	4.8037899656722765
379	2.161434141240337
380	2.161434141240337
381	3.668588164753931
382	3.668588164753931
383	4.099907113420062
384	4.099907113420062
385	2.0890808562921377
386	2.0890808562921377
387	1.2804772783527596
388	1.2804772783527596
389	3.973279860582992
390	3.973279860582992
391	0.1
392	0.1
393	3.5227130474930792
394	3.5227130474930792
395	2.4844315637733336
396	2.4844315637733336
397	0.1709912523330437
398	0.1709912523330437
399	2.2340596590683153
400	2.2340596590683153
401	4.18414277867309
402	4.18414277867309
403	1.2333030799961344
404	1.2333030799961344
405	1.4865616941399067
406	1.4865616941399067
407	1.3457025665628541
408	1.3457025665628541
409	2.4674337897461225
410	2.302946814420321
411	2.302946814420321
412	1.2647665584745733
413	1.2647665584745733
414	1.159748632259271
415	1.159748632259271
416	1.44871081608628
417	1.44871081608628
418	1.3180019249258488
419	1.3180019249258488
420	1.2068055619448104
421	1.2068055619448104
422	1.1973101344812793
423	1.1973101344812793
424	0.5143031620962862
425	0.5143031620962862
426	0.9656956091988818
427	0.9656956091988818
428	0.9861398896667231
429	0.9861398896667231
430	1.5387067529212126
431	1.5387067529212126
432	0.5362267232231598
433	0.5362267232231598
434	0.1
435	0.1
436	1.1343715489279766
437	1.1343715489279766
438	1.4814796774176329
439	1.4814796774176329
440	2.1683828929765854
441	2.1683828929765854
442	0.7956587228065082
443	0.7956587228065082
444	0.2226988370458911
445	0.2226988370458911
446	0.8842344854652946
447	0.8842344854652946
448	0.754304000728814
449	0.754304000728814
450	1.5878480524383847
451	1.5878480524383847
452	1.3268539750569766
453	1.3268539750569766
454	1.3412264230407733
455	1.3412264230407733
456	1.6129129634590487
457	1.6129129634590487
458	0.5728798276477564
459	0.5728798276477564
460	1.9236519849847276
461	1.9236519849847276
462	1.9889024843893315
463	1.9889024843893315
464	0.8830302963984629
465	0.8830302963984629
466	1.0025531792521665
467	1.0025531792521665
468	1.9577339383093713
469	1.9577339383093713
470	0.7238262648972091
471	0.7238262648972091
472	1.1587738897146505
473	1.1587738897146505
474	0.1
475	0.1
476	0.857792000561058
477	0.857792000561058
478	1.3113993797730426
479	1.3113993797730426
480	0.91515917794987
481	0.91515917794987
482	0.9994451998794376
483	0.9994451998794376
484	1.6503934311318371
485	1.6503934311318371
486	0.1
487	0.1
488	1.5431410426030108
489	1.5431410426030108
490	1.0320382978337115
491	1.0320382978337115
492	2.2247573307032287
493	2.2247573307032287
494	1.1700382121832684
495	1.1700382121832684
496	1.4216135648257315
497	1.4216135648257315
498	1.7979188295408801
499	1.7979188295408801
500	0.2960089325892368
501	0.2960089325892368
502	1.0544283235720808
503	1.0544283235720808
504	1.0072968083545986
505	1.0072968083545986
506	1.988118511124164
507	1.988118511124164
508	0.9228255293863319
509	0.9228255293863319
510	1.6443962058404789
511	1.6443962058404789
512	1.4649007359311301
513	1.4649007359311301
514	1.3441063629019852
515	1.3441063629019852
516	1.3540952872599084
517	1.3540952872599084
518	2.057577768030729
519	2.057577768030729
520	0.8462829667817667
521	0.8462829667817667
522	0.29348740432756426
523	0.29348740432756426
524	0.6008589921211792
525	0.6008589921211792
526	1.5242862322726438
527	1.5242862322726438
528	1.0500936372083187
529	1.0500936372083187
530	0.3307928722108332
531	0.3307928722108332
532	0.1
533	0.1
534	1.7064475431107602
535	1.7064475431107602
536	1.390925093547415
537	1.390925093547415
538	1.8237440454061051
539	1.8237440454061051
540	1.1512784584759086
541	1.1512784584759086
542	0.4224510120911742
543	0.4224510120911742
544	0.6254928170623464
545	0.6254928170623464
546	0.8907045957209312
547	0.8907045957209312
548	1.7283439707929795
549	1.7283439707929795
550	3.340142980285791
551	3.340142980285791
552	1.12767029208963
553	1.12767029208963
554	3.095900082041612
555	3.095900082041612
556	3.0627738657564754
557	3.0627738657564754
558	1.6354841064349177
559	1.6354841064349177
560	2.5925336748106185
561	2.5925336748106185
562	1.9016454107810385
563	1.9016454107810385
564	1.931499966550522
565	1.931499966550522
566	3.156505938624062
567	3.156505938624062
568	2.2977696095439835
569	2.2977696095439835
570	3.795252636862007
571	3.795252636862007
572	0.3442247716075695
573	0.3442247716075695
574	3.1999248207786004
575	0.7944672257064718
576	0.7944672257064718
577	1.9769501656361153
578	1.9769501656361153
579	1.3528669098532653
580	1.3528669098532653
581	1.5033505223232315
582	1.5033505223232315
583	1.8970994160411965
584	1.8970994160411965
585	1.4074925551117288
586	1.4074925551117288
587	0.9984310514793244
588	0.9984310514793244
589	2.1499153666156747
590	2.1499153666156747
591	1.881380767400235
592	1.881380767400235
593	3.3713548996734155
594	3.3713548996734155
595	0.1
596	0.1
597	2.6123418013672683
598	2.6123418013672683
599	2.633441634664192
600	2.633441634664192
601	2.6738757277681167
602	2.6738757277681167
603	1.0139447008055764
604	1.0139447008055764
605	2.46343590554265
606	2.46343590554265
607	1.6363531024585805
608	1.6363531024585805
609	1.1266944185760717
610	1.1266944185760717
611	1.4163247911176555
612	1.4163247911176555
613	1.665096084064162
614	1.665096084064162
615	2.4989081649590186
616	2.4989081649590186
617	1.8242539050492272
618	1.8242539050492272
619	1.7786577334972538
620	1.7786577334972538
621	2.8155058099439936
622	2.8155058099439936
623	1.361669453176479
624	1.361669453176479
625	1.4036752765117122
626	1.4036752765117122
627	2.26844388178322
628	2.26844388178322
629	2.1509890234810434
630	2.1509890234810434
631	1.2447288500472333
632	1.2447288500472333
633	0.42179751007380784
634	0.42179751007380784
635	2.4523630433170838
636	2.4523630433170838
637	1.6535465449663287
638	1.6535465449663287
639	0.24563772791745242
640	0.24563772791745242
641	1.6752543711907817
642	1.6752543711907817
643	0.9580274433715348
644	0.9580274433715348
645	1.1395406702137407
646	1.1395406702137407
647	1.2186312897883589
648	1.2186312897883589
649	1.5171928329639561
650	1.5171928329639561
651	2.1983760729793653
652	2.1983760729793653
653	1.867787624000467
654	1.867787624000467
655	1.1366502021297684
656	1.1366502021297684
657	0.1
658	0.1
659	1.5269987783444021
660	1.5269987783444021
661	1.769070586738559
662	1.769070586738559
663	1.2997266378019336
664	1.2997266378019336
665	1.1226841154488163
666	1.1226841154488163
667	3.4784783452982833
668	3.4784783452982833
669	2.0552637094985533
670	2.0552637094985533
671	2.9484396422216035
672	2.9484396422216035
673	2.6388100415862983
674	2.6388100415862983
675	0.9606586648217541
676	0.9606586648217541
677	1.077282856051998
678	1.077282856051998
679	3.6872819572751014
680	3.6872819572751014
681	0.1
682	0.1
683	2.1983223245995482
684	2.1983223245995482
685	3.2176407858888725
686	3.2176407858888725
687	2.5148996330745383
688	2.5148996330745383
689	1.2702475329539467
690	1.2702475329539467
691	2.4029740215219615
692	2.4029740215219615
693	0.7389654868018398
694	0.7389654868018398
695	0.5029105321050538
696	0.5029105321050538
697	0.5798316595236424
698	0.5798316595236424
699	0.6035402071856613
700	0.6035402071856613
701	0.4965738809149727
702	0.4965738809149727
703	2.9808958781676695
704	2.9808958781676695
705	1.215683266694385
706	1.215683266694385
707	1.563317560023195
708	1.563317560023195
709	1.4852933577611855
710	1.4852933577611855
711	2.122375952088498
712	2.122375952088498
713	2.0646465426765093
714	2.0646465426765093
715	0.5912490957156202
716	0.5912490957156202
717	1.2188841070022827
718	1.2188841070022827
719	3.368783988006023
720	3.368783988006023
721	3.0593644387133407
722	3.0593644387133407
723	1.968510747437402
724	1.968510747437402
725	1.541714714140022
726	1.541714714140022
727	1.7340972794218197
728	1.7340972794218197
729	2.752118978930644
730	2.752118978930644
731	1.1587395900728552
732	1.1587395900728552
733	1.674805239659091
734	1.674805239659091
735	3.773705483695961
736	3.773705483695961
737	0.6325721551363348
738	0.6325721551363348
739	3.0520603066903678
740	3.0520603066903678
741	1.201273706072075
742	1.201273706072075
743	2.7423768073453503
744	2.7423768073453503
745	2.7791226222517427
746	2.7791226222517427
747	1.9348376235752127
748	1.9348376235752127
749	2.233822273443002
750	2.233822273443002
751	2.3313007857227483
752	2.3313007857227483
753	1.8670410606889618
754	1.8670410606889618
755	2.7471217351203827
756	2.7471217351203827
757	0.7006364178966602
758	0.7006364178966602
759	0.5232360756330157
760	0.5232360756330157
761	0.986883713350817
762	0.986883713350817
763	1.483831071210207
764	1.483831071210207
765	2.9298706650722863
766	2.9298706650722863
767	2.9050637913391153
768	2.9050637913391153
769	2.2542252431725216
770	2.2542252431725216
771	3.899248359830432
772	3.899248359830432
773	1.635409639427832
774	1.635409639427832
775	2.1603512756196346
776	2.1603512756196346
777	3.2291963243936532
778	3.2291963243936532
779	1.8057394167732723
780	1.8057394167732723
781	2.3261812217466797
782	2.3261812217466797
783	2.7225810555203362
784	2.7225810555203362
785	0.32673239219696787
786	0.32673239219696787
787	0.2190927841319055
788	0.2190927841319055
789	0.2193088932213029
790	0.2193088932213029
791	0.34607503220120683
792	0.34607503220120683
793	0.2720595158580401
794	0.2720595158580401
795	0.12134807355896914
796	0.12134807355896914
797	0.32879504000396986
798	0.32879504000396986
799	0.29820561345897
800	0.29820561345897
801	0.28104062210823066
802	0.28104062210823066
803	0.20388421915997848
804	0.20388421915997848
805	0.2389544320006654
806	0.2389544320006654
807	0.2167686949038582
808	0.2167686949038582
809	0.1
810	0.1
811	0.15847080556221188
812	0.15847080556221188
813	0.1760723305414429
814	0.1760723305414429
815	0.2062656852678501
816	0.2062656852678501
817	0.1
818	0.1
819	0.1262029189209049
820	0.1262029189209049
821	0.354457702411589
822	0.354457702411589
823	0.23926866207052075
824	0.23926866207052075
825	0.3301771009016923
826	0.3301771009016923
827	0.10832199688733374
828	0.10832199688733374
829	0.4202762103843266
830	0.4202762103843266
831	0.26082805760900163
832	0.26082805760900163
833	0.33211630214868487
834	0.33211630214868487
835	0.24965063974779889
836	0.24965063974779889
837	0.24558398896761152
838	0.24558398896761152
839	0.1
840	0.1
841	0.1696943848084795
842	0.1696943848084795
843	0.2286119546372015
844	0.2286119546372015
845	0.1
846	0.1
847	2.1801818681580034
848	2.1801818681580034
849	3.9166639682666595
850	3.9166639682666595
851	1.3297909362203792
852	1.3297909362203792
853	2.8209785755103516
854	2.8209785755103516
855	2.0622138945923982
856	2.0622138945923982
857	1.5236533519090176
858	1.5236533519090176
859	0.38880937762155443
860	0.38880937762155443
861	0.36977713018863767
862	0.36977713018863767
863	2.89900673899301
864	2.89900673899301
865	1.1495213205659935
866	1.1495213205659935
867	1.0136959040227924
868	1.0136959040227924
869	1.6536145624965677
870	1.6536145624965677
871	1.8965018407920637
872	1.8965018407920637
873	1.6877325873812568
874	1.6877325873812568
875	1.8301071603969945
876	1.8301071603969945
877	2.5256804084160085
878	2.5256804084160085
879	2.5444478313365146
880	2.5444478313365146
881	1.2677953852706823
882	1.2677953852706823
883	1.6684840102032998
884	1.6684840102032998
885	2.0783293185963583
886	2.0783293185963583
887	1.8778465115857095
888	1.8778465115857095
889	2.278610619752333
890	2.278610619752333
891	2.116636388322996
892	2.116636388322996
893	1.1489703692116318
894	1.1489703692116318
895	2.6467638791242494
896	2.6467638791242494
897	0.7399461052397798
898	0.7399461052397798
899	1.260245377881567
900	1.260245377881567
901	1.1575993478338358
902	1.1575993478338358
903	1.5776171560760024
904	1.5776171560760024
905	1.272276604602973
906	1.272276604602973
907	3.4987601952813807
908	3.4987601952813807
909	1.039318224181546
910	1.039318224181546
911	0.6345536231397992
912	0.6345536231397992
913	2.043665799505011
914	2.043665799505011
915	1.01338033884984
916	1.01338033884984
917	1.8691459631487741
918	1.8691459631487741
919	1.735865559270082
920	1.735865559270082
921	1.0871682628606838
922	1.0871682628606838
923	1.636330494579381
924	1.636330494579381
925	2.0493386471227044
926	2.0493386471227044
927	0.1
928	0.1
929	0.7021478150646715
930	0.7021478150646715
931	1.8153758770157706
932	1.8153758770157706
933	1.5507818012015795
934	1.5507818012015795
935	2.0265182283960734
936	2.0265182283960734
937	0.9796975837432499
938	0.9796975837432499
939	0.9740066827775332
940	0.9740066827775332
941	0.27540008321248677
942	0.27540008321248677
943	0.1
944	0.1
945	1.1620418151771856
946	1.1620418151771856
947	0.5453226824047186
948	0.5453226824047186
949	1.1481317577114722
950	1.1481317577114722
951	1.2877681995763466
952	1.2877681995763466
953	1.102953732366787
954	1.102953732366787
955	2.4358708504594206
956	1.4104791839551187
957	1.4104791839551187
958	3.5046972422191556
959	3.5046972422191556
960	2.6123965921377335
961	2.6123965921377335
962	1.9432197510955527
963	1.9432197510955527
964	5.1938077786261765
965	5.1938077786261765
966	5.498290765136943
967	5.498290765136943
968	4.328407964502146
969	4.328407964502146
970	2.707892348883539
971	2.707892348883539
972	0.1
973	0.1
974	5.221859316163897
975	5.221859316163897
976	4.4859726994044316
977	4.4859726994044316
978	2.9883294590264007
979	2.9883294590264007
980	0.38659243261676046
981	0.38659243261676046
982	0.1
983	0.1
984	1.549078029750377
985	1.549078029750377
986	1.4708261316564077
987	1.4708261316564077
988	3.457616450183797
989	3.457616450183797
990	4.483408813195574
991	4.483408813195574
992	1.7764543699123816
993	1.7764543699123816
994	2.216541888673324
995	2.216541888673324
996	5.194010326368386
997	5.194010326368386
998	0.6326184228553466
999	0.6326184228553466
1000	4.564904347891344
1001	4.564904347891344
1002	0.9643111811381608
1003	0.9643111811381608
1004	1.4772915101962514
1005	1.4772915101962514
1006	1.0626255329586671
1007	1.0626255329586671
1008	0.8955647366380919
1009	0.8955647366380919
1010	0.4247593237190589
1011	0.4247593237190589
1012	1.1598802138495845
1013	1.1598802138495845
1014	0.9430124530713853
1015	0.9430124530713853
1016	1.4819574136095421
1017	1.4819574136095421
1018	0.7797351475372818
1019	0.7797351475372818
1020	1.7168645266121407
1021	1.7168645266121407
1022	1.3748980555570793
1023	1.3748980555570793
1024	1.2033499381528947
1025	1.2033499381528947
1026	1.3316601657381288
1027	1.3316601657381288
1028	1.4610776098423397
1029	1.4610776098423397
1030	1.4941253478246785
1031	1.4941253478246785
1032	0.445227356631546
1033	0.445227356631546
1034	1.4932810129579674
1035	1.4932810129579674
1036	1.1040880476031538
1037	1.1040880476031538
1038	0.42407574982315543
1039	0.42407574982315543
1040	2.3290263788568786
1041	2.3290263788568786
1042	1.3032665673594377
1043	1.3032665673594377
1044	1.2385608410547317
1045	1.2385608410547317
1046	2.1532673518114396
1047	2.1532673518114396
1048	1.4641652711397277
1049	1.4641652711397277
1050	0.7246776114966753
1051	0.7246776114966753
1052	2.153743953840549
1053	2.153743953840549
1054	0.9966328631104817
1055	0.9966328631104817
1056	4.329779856098278
1057	4.329779856098278
1058	3.848560597274761
1059	3.848560597274761
1060	1.5718502701565522
1061	1.5718502701565522
1062	3.2023562040191798
1063	3.2023562040191798
1064	4.2054114877074085
1065	4.2054114877074085
1066	3.397870586041544
1067	3.397870586041544
1068	2.3107590264756883
1069	2.3107590264756883
1070	7.671794198327588
1071	7.671794198327588
1072	4.377440789006127
1073	4.377440789006127
1074	1.3165317031283013
1075	1.3165317031283013
1076	2.3362608588680738
1077	2.3362608588680738
1078	7.745122107195122
1079	7.745122107195122
1080	3.158696452562178
1081	3.158696452562178
1082	3.8937009823829825
1083	3.8937009823829825
1084	5.9937735905117595
1085	5.9937735905117595
1086	6.042478945856411
1087	6.042478945856411
1088	4.203990170353311
1089	4.203990170353311
1090	5.169664186802079
1091	5.169664186802079
1092	5.281085308717745
1093	5.281085308717745
1094	6.71835591336983
1095	6.71835591336983
1096	5.710815409368286
1097	5.710815409368286
1098	4.0737187256776295
1099	4.0737187256776295
1100	3.0126296481964463
1101	3.0126296481964463
1102	5.593801143647457
1103	5.593801143647457
1104	5.328479083857915
1105	5.328479083857915
1106	0.9551971688918666
1107	0.9551971688918666
1108	2.425657477912322
1109	2.425657477912322
1110	1.6474429494650127
1111	1.6474429494650127
1112	1.4659202494083656
1113	1.4659202494083656
1114	1.7447569167490622
1115	1.7447569167490622
1116	1.828776601230118
1117	1.828776601230118
1118	2.744391038526536
1119	2.744391038526536
1120	2.563988127092163
1121	2.563988127092163
1122	1.4448969516123538
1123	1.4448969516123538
1124	1.8170426628475922
1125	1.8170426628475922
1126	3.8075237939345827
1127	3.8075237939345827
1128	2.7252530321609347
1129	2.7252530321609347
1130	3.372954524779523
1131	3.372954524779523
1132	2.009798037047808
1133	2.009798037047808
1134	3.359846512292582
1135	3.359846512292582
1136	0.49175657343864554
1137	0.49175657343864554
1138	0.4285834789014593
1139	0.4285834789014593
1140	0.7274425298479877
1141	0.7274425298479877
1142	0.3667153447187023
1143	0.3667153447187023
1144	0.45117617056655396
1145	0.45117617056655396
1146	0.5786340446815647
1147	0.5786340446815647
1148	0.7527905137969668
1149	0.7527905137969668
1150	0.8366184651824162
1151	0.8366184651824162
1152	0.3056289972865638
1153	0.3056289972865638
1154	0.9485558090374886
1155	0.9485558090374886
1156	0.4186973072082304
1157	0.4186973072082304
1158	1.0083520227726972
1159	1.0083520227726972
1160	0.3358525032577675
1161	0.3358525032577675
1162	0.7214108315287517
1163	0.7214108315287517
1164	0.7481592136223076
1165	0.7481592136223076
1166	0.954357628600307
1167	0.954357628600307
1168	0.1013067678372701
1169	0.1013067678372701
1170	1.395086582316158
1171	1.395086582316158
1172	1.0088286092060352
1173	1.0088286092060352
1174	0.6085176671464164
1175	0.6085176671464164
1176	1.0093338808022942
1177	1.0093338808022942
1178	3.5930086138966484
1179	3.5930086138966484
1180	3.4064106340820888
1181	3.4064106340820888
1182	1.299190540552442
1183	1.299190540552442
1184	4.202448657541611
1185	4.202448657541611
1186	0.1
1187	0.1
1188	4.929977448947145
1189	4.929977448947145
1190	1.4200907240906164
1191	1.4200907240906164
1192	3.4467688925056486
1193	3.4467688925056486
1194	2.3918187658756085
1195	2.3918187658756085
1196	6.095584472916656
1197	6.095584472916656
1198	3.1391021356322018
1199	3.1391021356322018
1200	4.533369651412123
1201	4.533369651412123
1202	2.0734937856145494
1203	2.0734937856145494
1204	3.0282720993293415
1205	3.0282720993293415
1206	2.2217223442245437
1207	2.2217223442245437
1208	1.5747856735462586
1209	1.5747856735462586
1210	5.055205689142638
1211	5.055205689142638
1212	2.2633755907259525
1213	2.2633755907259525
1214	1.1453497224504467
1215	1.1453497224504467
1216	3.570786316878128
1217	3.570786316878128
1218	1.2379010091407336
1219	1.2379010091407336
1220	3.625607382557269
1221	3.625607382557269
1222	3.1904524016700018
1223	3.1904524016700018
1224	4.798934502833641
1225	4.798934502833641
1226	2.742282704181838
1227	2.742282704181838
1228	1.1942066303396344
1229	1.1942066303396344
1230	0.7414776994674626
1231	0.7414776994674626
1232	0.5680252290721408
1233	0.5680252290721408
1234	1.7430190229206306
1235	1.7430190229206306
1236	1.2499683378429256
1237	1.2499683378429256
1238	1.5035817733516854
1239	1.5035817733516854
1240	2.110820719880075
1241	2.110820719880075
1242	1.2211552994936852
1243	1.2211552994936852
1244	1.0109449531216699
1245	1.0109449531216699
1246	1.2719229857556693
1247	1.2719229857556693
1248	0.8872442580519255
1249	0.8872442580519255
1250	1.177397306988348
1251	1.177397306988348
1252	0.7799775292120998
1253	0.7799775292120998
1254	1.1911124061326652
1255	1.1911124061326652
1256	1.6290238324569621
1257	1.6290238324569621
1258	1.0800123911394106
1259	1.0800123911394106
1260	1.0008899682295518
1261	1.0008899682295518
1262	1.361805390128581
1263	1.361805390128581
1264	1.4447129932390448
1265	1.4447129932390448
1266	1.7665349468451463
1267	1.7665349468451463
1268	1.3434228110189808
1269	1.3434228110189808
1270	1.6598962716002992
1271	1.6598962716002992
1272	1.7415414660523947
1273	1.7415414660523947
1274	0.9496261766381224
1275	0.9496261766381224
1276	1.4997383829365292
1277	1.4997383829365292
1278	0.9957469107562206
1279	0.9957469107562206
1280	2.2047883476156134
1281	2.2047883476156134
1282	0.7509072480419299
1283	0.7509072480419299
1284	0.8480598281414579
1285	0.8480598281414579
1286	2.3466690540772532
1287	2.3466690540772532
1288	0.35040359181881287
1289	0.35040359181881287
1290	1.5918773986740637
1291	1.5918773986740637
1292	0.12761721375401958
1293	0.12761721375401958
1294	0.5303465008032751
1295	0.5303465008032751
1296	1.1532425020773052
1297	1.1532425020773052
1298	0.2926592012565843
1299	0.2926592012565843
1300	1.115257206202928
1301	1.115257206202928
1302	0.7535189607001151
1303	0.7535189607001151
1304	0.657930896278835
1305	0.657930896278835
1306	1.6347675828517634
1307	1.6347675828517634
1308	1.2324610816094947
1309	1.2324610816094947
1310	0.1
1311	0.1
1312	1.1471677467640378
1313	1.1471677467640378
1314	1.0776276884531202
1315	1.0776276884531202
1316	0.9722880294756795
1317	0.9722880294756795
1318	0.36043996424798985
1319	0.36043996424798985
1320	0.8495344277988928
1321	0.8495344277988928
1322	1.3005336333980262
1323	1.3005336333980262
1324	0.9245171777064298
1325	0.9245171777064298
1326	1.3553404248665708
1327	1.3553404248665708
1328	1.179668178114367
1329	1.179668178114367
1330	0.6069294244434495
1331	0.6069294244434495
1332	0.5436215544382579
1333	0.5436215544382579
1334	1.0713289209004526
1335	3.8745927829638873
1336	3.8745927829638873
1337	3.2674670004805666
1338	3.2674670004805666
1339	3.896742496486282
1340	3.896742496486282
1341	4.4078551461310935
1342	4.4078551461310935
1343	2.912067990530387
1344	2.912067990530387
1345	2.0520921712699565
1346	2.0520921712699565
1347	3.3853287764650912
1348	3.3853287764650912
1349	4.764391154767737
1350	4.764391154767737
1351	4.218212149036385
1352	4.218212149036385
1353	3.99611036246841
1354	3.99611036246841
1355	3.8058268918367615
1356	3.8058268918367615
1357	1.8401918428599962
1358	1.8401918428599962
1359	3.1554461906197826
1360	3.1554461906197826
1361	2.6760137230990066
1362	2.6760137230990066
1363	6.194380173909474
1364	6.194380173909474
1365	5.102566337276479
1366	5.102566337276479
1367	2.294119086731551
1368	2.294119086731551
1369	2.2043655482712063
1370	2.2043655482712063
1371	2.356978348308914
1372	2.356978348308914
1373	0.6438932133715481
1374	0.6438932133715481
1375	1.7574448246240353
1376	1.7574448246240353
1377	2.642846060068738
1378	2.642846060068738
1379	1.5647846190578183
1380	1.5647846190578183
1381	1.5904317511977075
1382	1.5904317511977075
1383	1.14235906689731
1384	1.14235906689731
1385	1.8315290864015283
1386	1.8315290864015283
1387	1.5284427173969999
1388	1.5284427173969999
1389	2.0749369185470052
1390	2.0749369185470052
1391	1.7587004852683024
1392	1.7587004852683024
1393	2.991207172813481
1394	2.991207172813481
1395	2.324402779735294
1396	2.324402779735294
1397	1.5429631693592245
1398	1.5429631693592245
1399	0.4914940789724651
1400	0.4914940789724651
1401	1.5237404678920816
1402	1.5237404678920816
1403	0.8840245199634592
1404	0.8840245199634592
1405	2.515364568894217
1406	2.515364568894217
1407	2.030461609668231
1408	2.030461609668231
1409	1.2734268408874951
1410	1.2734268408874951
1411	1.3385488383177755
1412	1.3385488383177755
1413	1.7597154471373433
1414	1.7597154471373433
1415	1.1761364613496292
1416	1.1761364613496292
1417	1.4282533400660977
1418	1.4282533400660977
1419	1.7339962976112837
1420	1.7339962976112837
1421	0.8167808811155443
1422	0.8167808811155443
1423	2.9276736470746343
1424	2.9276736470746343
1425	1.8384080894210326
1426	1.8384080894210326
1427	1.7297664719911654
1428	1.7297664719911654
1429	2.0611143874088174
1430	2.0611143874088174
1431	1.54279500935314
1432	1.54279500935314
1433	1.453978714871805
1434	1.453978714871805
1435	3.329375565350917
1436	3.329375565350917
1437	1.9010611386787146
1438	1.9010611386787146
1439	1.7559763901134877
1440	1.7559763901134877
1441	1.6240817958584692
1442	1.6240817958584692
1443	1.7383405064358814
1444	1.7383405064358814
1445	3.4634160791145066
1446	3.4634160791145066
1447	2.0276360860625484
1448	2.0276360860625484
1449	0.1
1450	0.1
1451	0.8710873471644202
1452	0.8710873471644202
1453	1.8848406608735706
1454	1.8848406608735706
1455	0.2563317556793534
1456	0.2563317556793534
1457	1.5816768011269071
1458	1.5816768011269071
1459	1.6558550055148298
1460	1.6558550055148298
1461	2.3182670834985633
1462	2.3182670834985633
1463	2.3003553114899082
1464	2.3003553114899082
1465	1.9327503154423726
1466	1.9327503154423726
1467	0.7205837498283918
1468	0.7205837498283918
1469	2.1311024760639716
1470	2.1311024760639716
1471	1.7474537479648293
1472	1.7474537479648293
1473	2.083086291907656
1474	2.083086291907656
1475	1.2007371313233557
1476	1.2007371313233557
1477	2.605230453476978
1478	2.605230453476978
1479	2.4869345666060854
1480	2.4869345666060854
1481	1.0772359166510739
1482	1.0772359166510739
1483	0.1
1484	0.1
1485	2.651058775368876
1486	2.651058775368876
1487	1.2013747530464636
1488	1.2013747530464636
1489	2.5497043301287317
1490	2.5497043301287317
1491	1.795559521926079
1492	1.795559521926079
1493	3.6296729165754464
1494	3.6296729165754464
1495	2.1440173905234525
1496	2.1440173905234525
1497	2.238410692329845
1498	2.238410692329845
1499	2.614774765798063
1500	2.614774765798063
1501	2.1284626185336006
1502	2.1284626185336006
1503	2.676939477476802
1504	2.676939477476802
1505	1.4240231268270052
1506	1.4240231268270052
1507	2.4042763741958133
1508	2.4042763741958133
1509	2.085905753699545
1510	2.085905753699545
1511	2.0510729265182066
1512	2.0510729265182066
1513	1.2647818298551567
1514	1.2647818298551567
1515	0.8023138631519098
1516	0.8023138631519098
1517	0.5049333630274842
1518	0.5049333630274842
1519	1.8195175078404915
1520	1.8195175078404915
1521	1.41349907157608
1522	1.41349907157608
1523	0.3015324216907278
1524	0.3015324216907278
1525	0.7328306022470434
1526	0.7328306022470434
1527	1.1193897462625133
1528	1.2064993520592961
1529	1.2064993520592961
1530	0.6021972082784611
1531	0.6021972082784611
1532	0.37644386824820014
1533	0.37644386824820014
1534	0.41041634169305274
1535	0.41041634169305274
1536	0.7872230809097711
1537	0.7872230809097711
1538	0.555532763669684
1539	0.555532763669684
1540	0.5898706813180058
1541	0.5898706813180058
1542	0.41259761683084434
1543	0.41259761683084434
1544	0.1
1545	0.1
1546	0.7489738762801728
1547	0.7489738762801728
1548	0.6828915536235265
1549	0.6828915536235265
1550	0.8849319618987341
1551	0.8849319618987341
1552	0.658631899102581
1553	0.658631899102581
1554	0.5165131697491436
1555	0.5165131697491436
1556	0.560258926090547
1557	0.560258926090547
1558	0.11182452477441573
1559	0.1
1560	0.1
1561	2.7837800837967617
1562	2.7837800837967617
1563	2.9434784774302623
1564	2.9434784774302623
1565	1.4569546995477078
1566	1.4569546995477078
1567	0.13384186644107432
1568	0.13384186644107432
1569	2.4597265264117825
1570	2.4597265264117825
1571	5.797232424061223
1572	5.797232424061223
1573	4.574076828398154
1574	4.574076828398154
1575	4.718051029944993
1576	4.718051029944993
1577	4.4107177140803016
1578	4.4107177140803016
1579	1.9202193908537901
1580	1.9202193908537901
1581	3.3358251029286206
1582	3.3358251029286206
1583	1.6186613238750465
1584	1.6186613238750465
1585	2.143402923753276
1586	2.143402923753276
1587	5.772001765809202
1588	5.772001765809202
1589	3.7491863072598095
1590	3.7491863072598095
1591	4.715563185289799
1592	4.715563185289799
1593	2.6038568711828716
1594	2.6038568711828716
1595	5.148533065217974
1596	5.148533065217974
1597	3.250220987889151
1598	3.250220987889151
1599	1.6742506349873634
1600	1.6742506349873634
1601	5.101383955985388
1602	5.101383955985388
1603	2.6675740007873197
1604	2.6675740007873197
1605	3.896959796722335
1606	3.896959796722335
1607	5.127211593469179
1608	5.127211593469179
1609	3.407126485284586
1610	3.407126485284586
1611	2.7794488109022852
1612	2.7794488109022852
1613	2.4499503350634195
1614	2.4499503350634195
1615	0.1
1616	0.1
1617	2.219813924018271
1618	2.219813924018271
1619	2.2495306930344956
1620	2.2495306930344956
1621	2.478048916540941
1622	2.478048916540941
1623	3.7160823318066747
1624	3.7160823318066747
1625	1.9830969984888014
1626	1.9830969984888014
1627	3.5553603977240353
1628	3.5553603977240353
1629	3.976613403327996
1630	3.976613403327996
1631	3.4233104868038575
1632	3.4233104868038575
1633	3.007722349924932
1634	3.007722349924932
1635	3.9625162681279336
1636	3.9625162681279336
1637	3.814377249344931
1638	3.814377249344931
1639	0.1
1640	0.1
1641	0.2699716058351247
1642	0.2699716058351247
1643	0.8254683361357675
1644	0.8254683361357675
1645	4.6908583600277485
1646	4.6908583600277485
1647	1.5529430187032212
1648	1.5529430187032212
1649	0.1
1650	0.1
1651	2.889136326771455
1652	2.889136326771455
1653	2.43660327280077
1654	2.43660327280077
1655	5.747755791879486
1656	5.747755791879486
1657	1.6243943384943518
1658	1.6243943384943518
1659	3.5400442044039564
1660	3.5400442044039564
1661	3.648148120777488
1662	3.648148120777488
1663	1.7459131397662606
1664	1.7459131397662606
1665	4.3977230037635024
1666	0.1
1667	0.1
1668	4.465261513533572
1669	4.465261513533572
1670	6.3324496429743995
1671	6.3324496429743995
1672	3.4294352189606165
1673	3.4294352189606165
1674	4.832559296061529
1675	3.4308118852779517
1676	3.4308118852779517
1677	3.001763416304408
1678	3.001763416304408
1679	1.7402984634001253
1680	1.7402984634001253
1681	4.17400626807124
1682	4.17400626807124
1683	2.565548022312476
1684	2.565548022312476
1685	3.790048974600971
1686	3.790048974600971
1687	2.619187321551953
1688	2.619187321551953
1689	3.7029545914169857
1690	3.7029545914169857
1691	4.581497546895375
1692	4.581497546895375
1693	5.737064590551343
1694	5.737064590551343
1695	1.8819747300123775
1696	1.8819747300123775
1697	1.363770844389475
1698	1.363770844389475
1699	2.8110150703120036
1700	2.8110150703120036
1701	1.4551091681457624
1702	1.4551091681457624
1703	3.8077147903823425
1704	3.8077147903823425
1705	0.8813300751810216
1706	0.8813300751810216
1707	2.709308003779952
1708	2.709308003779952
1709	2.9424628408186693
1710	2.9424628408186693
1711	1.7799297193751025
1712	1.7799297193751025
1713	1.2412219972431946
1714	1.2412219972431946
1715	1.4364781264378264
1716	1.4364781264378264
1717	2.1825882882082
1718	2.1825882882082
1719	1.4223709677483587
1720	1.4223709677483587
1721	2.031644623726984
1722	2.031644623726984
1723	1.9541547204074998
1724	1.9541547204074998
1725	1.4516394727535107
1726	1.4516394727535107
1727	3.662531604405026
1728	3.662531604405026
1729	4.2163408639100055
1730	4.2163408639100055
1731	2.560284695485812
1732	2.560284695485812
1733	2.314693632263129
1734	2.314693632263129
1735	4.5560249343288906
1736	4.5560249343288906
1737	4.336390329796905
1738	4.336390329796905
1739	2.6771437253660317
1740	2.6771437253660317
1741	4.224308878034058
1742	4.224308878034058
1743	2.707103423256232
1744	2.707103423256232
1745	2.9142761212375947
1746	2.9142761212375947
1747	0.4799675800777363
1748	0.4799675800777363
1749	3.983142434491556
1750	3.983142434491556
1751	3.2019441969603886
1752	3.2019441969603886
1753	1.8302597191129701
1754	1.8302597191129701
1755	3.9879986854538387
1756	3.9879986854538387
1757	1.3955969519408713
1758	1.3955969519408713
1759	4.700639753959962
1760	4.700639753959962
1761	1.4920021258237337
1762	1.4920021258237337
1763	2.3627789887156596
1764	2.3627789887156596
1765	2.3385900201416727
1766	2.3385900201416727
1767	4.477200100399646
1768	4.477200100399646
1769	0.1
1770	0.1
1771	4.130710673200811
1772	4.130710673200811
1773	3.7205561805871152
1774	3.7205561805871152
1775	3.764210008195393
1776	3.764210008195393
1777	0.1
1778	0.1
1779	0.996684984798923
1780	0.996684984798923
1781	3.0021872543612997
1782	3.0021872543612997
1783	2.7898813964795233
1784	2.7898813964795233
1785	3.748248639556756
1786	3.748248639556756
1787	2.8589836809421296
1788	2.398647026783744
1789	2.398647026783744
1790	0.9856206355834656
1791	0.9856206355834656
1792	2.1384294689744308
1793	2.1384294689744308
1794	0.1
1795	0.1
1796	2.3314261047296783
1797	2.3314261047296783
1798	1.536114363486061
1799	1.536114363486061
1800	2.141371052367009
1801	2.141371052367009
1802	1.0973703199128018
1803	1.0973703199128018
1804	2.122138445443432
1805	2.122138445443432
1806	1.7819773596005237
1807	1.7819773596005237
1808	3.021741922708877
1809	3.021741922708877
1810	0.6686511997199318
1811	0.6686511997199318
1812	2.7969273856887007
1813	2.7969273856887007
1814	2.610935498099275
1815	2.610935498099275
1816	2.343842460282278
1817	2.343842460282278
1818	3.919038119184729
1819	3.919038119184729
1820	1.7280620600458123
1821	1.7280620600458123
1822	3.717676818598683
1823	3.717676818598683
1824	1.4429394035882381
1825	1.4429394035882381
1826	0.38691406379692883
1827	0.38691406379692883
1828	1.8751786920485904
1829	1.8751786920485904
1830	2.7451575165827533
1831	2.7451575165827533
1832	1.6991061413003556
1833	1.6991061413003556
1834	2.492943128259605
1835	2.492943128259605
1836	2.0798158860198113
1837	2.0798158860198113
1838	2.676970751388133
1839	2.676970751388133
1840	3.475530202577288
1841	3.475530202577288
1842	1.732088186674163
1843	1.732088186674163
1844	2.1036193070322775
1845	2.1036193070322775
1846	1.4442466079250007
1847	1.4442466079250007
1848	1.4602678972176144
1849	1.4602678972176144
1850	0.9202894038349612
1851	0.9202894038349612
1852	1.6725375795811568
1853	1.6725375795811568
1854	2.1545474511039986
1855	2.1545474511039986
1856	3.329447440776674
1857	3.329447440776674
1858	3.005550620729809
1859	3.005550620729809
1860	0.8010145542837788
1861	0.8010145542837788
1862	1.688645772717432
1863	1.688645772717432
1864	1.7276390745002712
1865	1.7276390745002712
1866	1.07944603330915
1867	1.07944603330915
1868	1.8229354769191852
1869	1.8229354769191852
1870	4.385241616245709
1871	4.385241616245709
1872	1.0113889827354214
1873	1.0113889827354214
1874	0.6450788325598475
1875	3.370075362550614
1876	3.370075362550614
1877	4.017753229509975
1878	4.017753229509975
1879	3.0361359667974233
1880	3.0361359667974233
1881	0.19749179617936896
1882	0.19749179617936896
1883	1.9491080200098372
1884	1.9491080200098372
1885	0.35898017908326985
1886	0.35898017908326985
1887	3.8431306910093492
1888	3.8431306910093492
1889	3.5868568175563658
1890	3.5868568175563658
1891	4.539391090006825
1892	4.539391090006825
1893	1.9208496218064504
1894	1.9208496218064504
1895	1.975048933588573
1896	1.975048933588573
1897	3.074522141896512
1898	3.074522141896512
1899	5.333414229250301
1900	5.333414229250301
1901	3.1990537390465255
1902	3.1990537390465255
1903	2.1872677841591504
1904	2.1872677841591504
1905	4.359852573357701
1906	4.359852573357701
1907	2.4670484880414243
1908	2.4670484880414243
1909	2.5371476359192493
1910	2.5371476359192493
1911	3.843009388768765
1912	3.843009388768765
1913	0.6475335666399507
1914	0.6475335666399507
1915	4.832893787068544
1916	4.832893787068544
1917	4.158109683166934
1918	4.158109683166934
1919	2.5248582607063104
1920	2.5248582607063104
1921	1.8373708709409367
1922	1.8373708709409367
1923	1.722266372111518
1924	1.722266372111518
1925	4.657156621542553
1926	4.657156621542553
1927	4.477645542754669
1928	4.477645542754669
1929	0.6542090180961573
1930	0.6542090180961573
1931	2.787938451391818
1932	2.787938451391818
1933	2.9558967684198696
1934	2.9558967684198696
1935	2.9351279940335133
1936	2.9351279940335133
1937	0.1
1938	0.1
1939	3.152649973825448
1940	3.152649973825448
1941	1.6148239285257628
1942	1.6148239285257628
1943	3.4438296227050746
1944	3.4438296227050746
1945	0.14885245932810864
1946	0.14885245932810864
1947	3.4861281169189837
1948	3.4861281169189837
1949	0.8550911487014159
1950	0.8550911487014159
1951	0.9240900404740424
1952	0.9240900404740424
1953	4.6663515141549645
1954	4.6663515141549645
1955	3.040909411060042
1956	3.040909411060042
1957	2.4818774321311725
1958	2.4818774321311725
1959	4.68249551199851
1960	4.68249551199851
1961	1.6256569619039838
1962	1.6256569619039838
1963	4.694751812934935
1964	4.694751812934935
1965	0.1
1966	0.1
1967	4.217346048262354
1968	2.2339275657334956
1969	2.2339275657334956
1970	3.917110746459837
1971	3.917110746459837
1972	3.174472810964894
1973	3.174472810964894
1974	4.056084242646413
1975	4.056084242646413
1976	3.473468225530425
1977	3.473468225530425
1978	2.7445574446476764
1979	2.7445574446476764
1980	1.6046957386004925
1981	1.6046957386004925
1982	3.862329722292647
1983	3.862329722292647
1984	3.346633707717713
1985	3.346633707717713
1986	2.3804152679840302
1987	2.3804152679840302
1988	3.0892103320566937
1989	3.0892103320566937
1990	3.741720834204123
1991	3.741720834204123
1992	0.1
1993	0.1
1994	2.900283763709464
1995	2.900283763709464
1996	2.6755193690730996
1997	2.6755193690730996
1998	3.616585939052944
1999	3.616585939052944
