0	0.2686709720715992
1	0.2686709720715992
2	0.2686709720715992
3	0.24280914402958415
4	0.24280914402958415
5	0.24280914402958415
6	0.18432182729404967
7	0.18432182729404967
8	0.18432182729404967
9	0.20478140607531414
10	0.20478140607531414
11	0.20478140607531414
12	0.2134623717185541
13	0.2134623717185541
14	0.2134623717185541
15	0.18776041047614983
16	0.18776041047614983
17	0.18776041047614983
18	0.2290831408956161
19	0.2290831408956161
20	0.2290831408956161
21	0.20722264010823377
22	0.20722264010823377
23	0.20722264010823377
24	0.19692054253245694
25	0.19692054253245694
26	0.19692054253245694
27	0.1728063883782472
28	0.1728063883782472
29	0.1728063883782472
30	0.21591017658911968
31	0.21591017658911968
32	0.21591017658911968
33	0.23065474590418322
34	0.23065474590418322
35	0.23065474590418322
36	0.252400444335129
37	0.252400444335129
38	0.252400444335129
39	0.19522068658035557
40	0.19522068658035557
41	0.19522068658035557
42	0.20654766936361535
43	0.6186439843303561
44	0.6186439843303561
45	0.6186439843303561
46	0.743131281019064
47	0.743131281019064
48	0.743131281019064
49	0.8122380670555598
50	0.8122380670555598
51	0.8122380670555598
52	0.7159802569931754
53	0.7159802569931754
54	0.7159802569931754
55	0.8210637639867824
56	0.8210637639867824
57	0.8210637639867824
58	0.5967340061916159
59	0.5967340061916159
60	0.5967340061916159
61	0.7355047224945617
62	0.7355047224945617
63	0.7355047224945617
64	0.6040124876048696
65	0.6040124876048696
66	0.6040124876048696
67	0.6235525132929987
68	0.6235525132929987
69	0.6235525132929987
70	0.8168749880641121
71	0.8168749880641121
72	0.8168749880641121
73	0.9101541935155635
74	0.9101541935155635
75	0.9101541935155635
76	0.4827342390413405
77	0.4827342390413405
78	0.4827342390413405
79	0.5953902906193298
80	0.5953902906193298
81	0.5953902906193298
82	0.50793504140267
83	0.50793504140267
84	0.50793504140267
85	0.6284237032386434
86	0.6284237032386434
87	0.6284237032386434
88	0.778708527969891
89	0.778708527969891
90	0.778708527969891
91	0.6422913738697013
92	0.6422913738697013
93	0.6422913738697013
94	0.6720411868035238
95	0.6720411868035238
96	0.6720411868035238
97	0.6060596075738413
98	0.6060596075738413
99	0.6060596075738413
100	0.7436948381216569
101	0.7436948381216569
102	0.7436948381216569
103	0.6119595192585849
104	0.6119595192585849
105	0.6119595192585849
106	0.6637630048787319
107	0.6637630048787319
108	0.6637630048787319
109	0.6861079968777727
110	0.6861079968777727
111	0.6861079968777727
112	0.7040687774357037
113	0.7040687774357037
114	0.7040687774357037
115	0.7787450689370714
116	0.7787450689370714
117	0.7787450689370714
118	0.6030417360270816
119	0.6030417360270816
120	0.6030417360270816
121	0.6569387539462236
122	0.6569387539462236
123	0.6569387539462236
124	0.5029457001947478
125	0.5029457001947478
126	0.5029457001947478
127	0.6513549362357799
128	0.6513549362357799
129	0.6513549362357799
130	0.5626839765085065
131	0.5626839765085065
132	0.5626839765085065
133	0.5304879823881475
134	0.5304879823881475
135	0.5304879823881475
136	0.7270580033643732
137	0.7270580033643732
138	0.7270580033643732
139	0.5641642589643449
140	0.5641642589643449
141	0.5641642589643449
142	0.7399566197967987
143	0.7399566197967987
144	0.7399566197967987
145	0.8527164022773693
146	0.8527164022773693
147	0.8527164022773693
148	0.6815738561683515
149	0.6815738561683515
150	0.6815738561683515
151	0.6930321979145078
152	0.6930321979145078
153	0.6930321979145078
154	0.7962098792802044
155	0.7962098792802044
156	0.7962098792802044
157	0.7845469401894541
158	0.7845469401894541
159	0.7845469401894541
160	0.5540657623594735
161	0.5540657623594735
162	0.5540657623594735
163	0.638079036908966
164	0.638079036908966
165	0.638079036908966
166	0.6316008297950513
167	0.6316008297950513
168	0.6316008297950513
169	0.8080377325244454
170	0.8080377325244454
171	0.8080377325244454
172	0.6489425852218722
173	0.6489425852218722
174	0.6489425852218722
175	0.7664861179684128
176	0.7664861179684128
177	0.7664861179684128
178	0.49711445840740853
179	0.49711445840740853
180	0.49711445840740853
181	0.6318340967689867
182	0.6318340967689867
183	0.6318340967689867
184	0.7371998615020774
185	0.7371998615020774
186	0.7371998615020774
187	0.5588154470566231
188	0.5588154470566231
189	0.5588154470566231
190	0.6750433399055802
191	0.6750433399055802
192	0.6750433399055802
193	0.5551623581423133
194	0.5551623581423133
195	0.5551623581423133
196	0.6904455682613926
197	0.6904455682613926
198	0.6904455682613926
199	0.5680074507324382
200	0.5680074507324382
201	0.5680074507324382
202	0.6713905434911636
203	0.6713905434911636
204	0.6713905434911636
205	0.4758528837240434
206	0.4758528837240434
207	0.4758528837240434
208	0.7708580025772018
209	0.7708580025772018
210	0.7708580025772018
211	0.6263197043191264
212	0.6263197043191264
213	0.6263197043191264
214	0.7242448730368675
215	0.7242448730368675
216	0.7242448730368675
217	0.5942953009761562
218	0.5942953009761562
219	0.5942953009761562
220	0.650835829711615
221	0.650835829711615
222	0.650835829711615
223	0.6790877513778294
224	0.6790877513778294
225	0.6790877513778294
226	0.8344064314166584
227	0.8344064314166584
228	0.8344064314166584
229	0.5419808162429702
230	0.5419808162429702
231	0.5419808162429702
232	0.7192613584480811
233	0.7192613584480811
234	0.7192613584480811
235	0.584528673814646
236	0.584528673814646
237	0.584528673814646
238	0.7792713857306013
239	0.7792713857306013
240	0.7792713857306013
241	0.7939836623991428
242	0.7939836623991428
243	0.7939836623991428
244	0.7023583434274673
245	0.7023583434274673
246	0.7023583434274673
247	0.6031591243995003
248	0.6031591243995003
249	0.6031591243995003
250	0.6381561636225345
251	0.6381561636225345
252	0.6381561636225345
253	0.7592084394250447
254	0.7592084394250447
255	0.7592084394250447
256	0.7396472722183559
257	0.7396472722183559
258	0.7396472722183559
259	0.6360213345515235
260	0.6360213345515235
261	0.6360213345515235
262	0.605987005583703
263	1.3628953542167346
264	1.3628953542167346
265	1.3628953542167346
266	0.8260546111079445
267	0.8260546111079445
268	0.8260546111079445
269	0.7099017187338887
270	0.7099017187338887
271	0.20664720460013036
272	0.20664720460013036
273	0.20664720460013036
274	0.19112954735999316
275	0.19112954735999316
276	0.19112954735999316
277	0.21815815538854022
278	0.21815815538854022
279	0.21815815538854022
280	0.1885543900072525
281	0.1885543900072525
282	0.1885543900072525
283	0.20273789689340363
284	0.20273789689340363
285	0.20273789689340363
286	0.17594358786057027
287	0.17594358786057027
288	0.17594358786057027
289	0.22718098790047517
290	0.22718098790047517
291	0.22718098790047517
292	0.22487294400278324
293	0.22487294400278324
294	0.22487294400278324
295	0.15340157377520203
296	0.15340157377520203
297	0.15340157377520203
298	0.2431373638191135
299	0.2431373638191135
300	0.2431373638191135
301	0.20955821413541306
302	0.20955821413541306
303	0.20955821413541306
304	0.20443131856584124
305	0.20443131856584124
306	0.20443131856584124
307	0.19545493579911433
308	0.19545493579911433
309	0.19545493579911433
310	0.24707316320164655
311	2.4414978201059157
312	2.4414978201059157
313	2.4414978201059157
314	3.1185307422849946
315	3.1185307422849946
316	3.1185307422849946
317	3.21286014419692
318	3.21286014419692
319	3.21286014419692
320	3.3104408196680666
321	3.3104408196680666
322	3.3104408196680666
323	3.393482576585978
324	3.393482576585978
325	3.393482576585978
326	2.2047541588927357
327	2.2047541588927357
328	2.2047541588927357
329	2.411764084348955
330	2.411764084348955
331	2.411764084348955
332	3.3079462375230118
333	3.3079462375230118
334	3.3079462375230118
335	2.9598161678010735
336	2.9598161678010735
337	2.9598161678010735
338	2.8864482628967916
339	2.8864482628967916
340	2.8864482628967916
341	2.6255731403545575
342	2.6255731403545575
343	2.6255731403545575
344	2.9450990242990223
345	2.9450990242990223
346	2.9450990242990223
347	2.9107623472013637
348	2.9107623472013637
349	2.9107623472013637
350	3.2233922525385625
351	3.2233922525385625
352	3.2233922525385625
353	2.3502363148007728
354	2.3502363148007728
355	2.3502363148007728
356	3.0613238513245937
357	3.0613238513245937
358	3.0613238513245937
359	3.0391571436115736
360	3.0391571436115736
361	3.0391571436115736
362	2.77960696728392
363	2.77960696728392
364	2.77960696728392
365	2.9985204111158104
366	2.9985204111158104
367	2.9985204111158104
368	3.216631991931074
369	3.216631991931074
370	3.216631991931074
371	3.853980881177612
372	3.853980881177612
373	3.853980881177612
374	2.82735752003012
375	2.82735752003012
376	2.82735752003012
377	2.69031676878681
378	2.69031676878681
379	2.69031676878681
380	2.704016550438027
381	2.704016550438027
382	2.704016550438027
383	2.161675467273474
384	2.161675467273474
385	2.161675467273474
386	2.7388324078823882
387	2.7388324078823882
388	2.7388324078823882
389	2.902527429095917
390	2.902527429095917
391	2.902527429095917
392	2.8870390397777377
393	2.8870390397777377
394	2.8870390397777377
395	3.02594593694375
396	3.02594593694375
397	3.02594593694375
398	3.80191660795473
399	3.80191660795473
400	3.80191660795473
401	3.610502532814098
402	3.610502532814098
403	3.610502532814098
404	2.615934838746533
405	2.615934838746533
406	2.615934838746533
407	2.339251162656096
408	2.339251162656096
409	2.339251162656096
410	2.7914343911758928
411	2.7914343911758928
412	2.7914343911758928
413	2.981512560562106
414	2.981512560562106
415	2.981512560562106
416	3.4426114605125475
417	3.4426114605125475
418	3.4426114605125475
419	2.7568153343948545
420	2.7568153343948545
421	2.7568153343948545
422	3.2499990606835905
423	3.2499990606835905
424	3.2499990606835905
425	2.9000657982513856
426	2.9000657982513856
427	2.9000657982513856
428	3.3382868766965297
429	3.3382868766965297
430	3.3382868766965297
431	2.3808190135301617
432	2.3808190135301617
433	2.3808190135301617
434	3.3266714481198854
435	3.3266714481198854
436	3.3266714481198854
437	3.116183200422997
438	3.116183200422997
439	3.116183200422997
440	2.8953130858844913
441	2.8953130858844913
442	2.8953130858844913
443	2.5365641208332534
444	2.5365641208332534
445	2.5365641208332534
446	2.7869302477263176
447	2.7869302477263176
448	2.7869302477263176
449	3.9475600000052795
450	3.9475600000052795
451	3.9475600000052795
452	2.9219353016773693
453	2.9219353016773693
454	2.9219353016773693
455	2.6723755137822134
456	2.6723755137822134
457	2.6723755137822134
458	2.653808271260097
459	2.653808271260097
460	2.653808271260097
461	2.0462143982614944
462	2.0462143982614944
463	2.0462143982614944
464	2.841978571372699
465	2.841978571372699
466	2.841978571372699
467	2.991935553512947
468	2.991935553512947
469	2.991935553512947
470	3.068498143186243
471	3.068498143186243
472	3.068498143186243
473	3.1542168633759755
474	3.1542168633759755
475	3.1542168633759755
476	2.195107156704675
477	2.195107156704675
478	2.195107156704675
479	2.9530640997468645
480	2.9530640997468645
481	2.9530640997468645
482	4.089111318092505
483	4.089111318092505
484	4.089111318092505
485	2.60554742725571
486	2.60554742725571
487	2.60554742725571
488	2.25563715742784
489	2.25563715742784
490	2.25563715742784
491	2.1023855366572173
492	2.1023855366572173
493	2.1023855366572173
494	3.1530754730045767
495	3.1530754730045767
496	3.1530754730045767
497	2.5131363192356355
498	2.5131363192356355
499	2.5131363192356355
500	3.0039406865181366
501	3.0039406865181366
502	3.0039406865181366
503	2.9558232982281964
504	2.9558232982281964
505	2.9558232982281964
506	3.358399650342448
507	3.358399650342448
508	3.358399650342448
509	3.1451772002274385
510	3.1451772002274385
511	3.1451772002274385
512	1.8938939888935777
513	1.8938939888935777
514	1.8938939888935777
515	2.97614898197088
516	2.97614898197088
517	2.97614898197088
518	3.245607143083224
519	3.245607143083224
520	3.245607143083224
521	3.5421552357947297
522	3.5421552357947297
523	3.5421552357947297
524	2.0494572207507433
525	2.0494572207507433
526	2.0494572207507433
527	2.8874552078747318
528	2.8874552078747318
529	2.8874552078747318
530	3.4029601376817884
531	3.4029601376817884
532	3.4029601376817884
533	2.3990299795878456
534	2.3990299795878456
535	2.3990299795878456
536	3.1747087615597556
537	3.1747087615597556
538	3.1747087615597556
539	2.4493399877984343
540	2.4493399877984343
541	2.4493399877984343
542	2.0331540522217058
543	2.0331540522217058
544	2.0331540522217058
545	3.1185964982865797
546	3.1185964982865797
547	3.1185964982865797
548	2.7055672103741477
549	2.7055672103741477
550	2.7055672103741477
551	3.3711519595219253
552	3.3711519595219253
553	3.3711519595219253
554	2.901863385655316
555	2.901863385655316
556	2.901863385655316
557	3.8098101548501226
558	3.8098101548501226
559	3.8098101548501226
560	2.6029866647715165
561	2.6029866647715165
562	2.6029866647715165
563	2.800460701695327
564	2.800460701695327
565	2.800460701695327
566	2.495783552777044
567	2.495783552777044
568	2.495783552777044
569	2.349760397605764
570	2.349760397605764
571	2.349760397605764
572	2.9392339839591366
573	2.9392339839591366
574	2.9392339839591366
575	2.6944602740012202
576	2.6944602740012202
577	2.6944602740012202
578	3.4138887671719997
579	3.4138887671719997
580	3.4138887671719997
581	2.5179541929020486
582	2.5179541929020486
583	2.5179541929020486
584	2.598799253882948
585	2.598799253882948
586	2.598799253882948
587	3.6038955150101812
588	3.6038955150101812
589	3.6038955150101812
590	2.866309699494657
591	2.866309699494657
592	2.866309699494657
593	1.5663400585915734
594	1.5663400585915734
595	1.5663400585915734
596	1.9990375250777888
597	1.9990375250777888
598	1.9990375250777888
599	2.0408646276274656
600	2.0408646276274656
601	2.0408646276274656
602	2.192093028941561
603	2.192093028941561
604	2.192093028941561
605	2.0969244515614935
606	2.0969244515614935
607	2.0969244515614935
608	2.7076748510139486
609	2.7076748510139486
610	2.7076748510139486
611	1.9901375275075797
612	1.9901375275075797
613	1.9901375275075797
614	1.9725180418307604
615	1.9725180418307604
616	1.9725180418307604
617	2.031654349600058
618	2.031654349600058
619	2.031654349600058
620	1.6917391055902655
621	1.6917391055902655
622	1.6917391055902655
623	1.6064918387672908
624	1.6064918387672908
625	1.6064918387672908
626	2.032484987747154
627	2.032484987747154
628	2.032484987747154
629	2.1687017786108496
630	2.1687017786108496
631	2.1687017786108496
632	1.815890096295473
633	1.815890096295473
634	1.815890096295473
635	2.054823340848169
636	2.054823340848169
637	2.054823340848169
638	2.556328016318306
639	2.556328016318306
640	2.556328016318306
641	2.283620443865062
642	2.283620443865062
643	2.283620443865062
644	1.8255266654991138
645	1.8255266654991138
646	1.8255266654991138
647	1.5039009818505427
648	1.5039009818505427
649	1.5039009818505427
650	2.1433930330087656
651	2.1433930330087656
652	2.1433930330087656
653	2.0823910739894695
654	2.0823910739894695
655	2.0823910739894695
656	1.9411543201745087
657	1.9411543201745087
658	1.9411543201745087
659	1.9510644314830539
660	1.9510644314830539
661	1.9510644314830539
662	2.430979606556089
663	2.430979606556089
664	2.430979606556089
665	1.6495268373811571
666	1.6495268373811571
667	1.6495268373811571
668	2.1869614627357423
669	2.1869614627357423
670	2.1869614627357423
671	2.066176758064079
672	2.066176758064079
673	2.066176758064079
674	1.9667096737328806
675	1.9667096737328806
676	1.9667096737328806
677	2.4161943822368093
678	2.4161943822368093
679	2.4161943822368093
680	2.2147142260671253
681	2.2147142260671253
682	2.2147142260671253
683	2.239226962717742
684	2.239226962717742
685	2.239226962717742
686	2.4768954343487426
687	2.4768954343487426
688	2.4768954343487426
689	2.05267465752258
690	2.05267465752258
691	2.05267465752258
692	1.987513230284514
693	1.987513230284514
694	1.987513230284514
695	2.566687926907554
696	2.566687926907554
697	2.566687926907554
698	2.015821955529431
699	2.015821955529431
700	2.015821955529431
701	2.120281977491408
702	2.120281977491408
703	2.120281977491408
704	2.024861426271733
705	2.024861426271733
706	2.024861426271733
707	1.5978144914073538
708	1.5978144914073538
709	1.5978144914073538
710	2.1025640514471085
711	2.1025640514471085
712	2.1025640514471085
713	2.1568966146881827
714	2.1568966146881827
715	2.1568966146881827
716	2.1039496602290004
717	2.1039496602290004
718	2.1039496602290004
719	2.124764168497716
720	2.124764168497716
721	2.124764168497716
722	1.9364265332926145
723	1.9364265332926145
724	1.9364265332926145
725	2.424228289281652
726	2.424228289281652
727	2.424228289281652
728	2.7116066211995062
729	2.7116066211995062
730	2.7116066211995062
731	2.715488301836703
732	2.715488301836703
733	2.715488301836703
734	2.949513852131379
735	2.949513852131379
736	2.949513852131379
737	3.3826429738270423
738	3.3826429738270423
739	3.3826429738270423
740	3.776418522020492
741	3.776418522020492
742	3.776418522020492
743	3.1068734860825473
744	3.1068734860825473
745	3.1068734860825473
746	3.192480415683469
747	3.192480415683469
748	3.192480415683469
749	3.2374838798807573
750	3.2374838798807573
751	3.2374838798807573
752	2.950168976098506
753	2.950168976098506
754	2.950168976098506
755	2.9770783138243733
756	2.9770783138243733
757	2.9770783138243733
758	1.882770509634066
759	1.882770509634066
760	1.882770509634066
761	2.8313605015198635
762	2.8313605015198635
763	2.8313605015198635
764	2.326017688450163
765	2.326017688450163
766	2.326017688450163
767	2.59223512767386
768	2.59223512767386
769	2.59223512767386
770	2.7548484623954144
771	2.7548484623954144
772	2.7548484623954144
773	3.2493973904918847
774	3.2493973904918847
775	3.2493973904918847
776	3.288803868985677
777	3.288803868985677
778	3.288803868985677
779	3.1958278567066967
780	3.1958278567066967
781	3.1958278567066967
782	2.6073157047083413
783	2.6073157047083413
784	2.6073157047083413
785	3.1197973031116564
786	3.1197973031116564
787	3.1197973031116564
788	1.9315570670380657
789	1.9315570670380657
790	1.9315570670380657
791	3.3692187821371453
792	3.3692187821371453
793	3.3692187821371453
794	3.100641222190255
795	3.100641222190255
796	3.100641222190255
797	3.6263772588733705
798	3.6263772588733705
799	3.6263772588733705
800	2.6599054418114783
801	2.6599054418114783
802	2.6599054418114783
803	3.7496186453062954
804	3.7496186453062954
805	3.7496186453062954
806	2.5891239817316096
807	2.5891239817316096
808	2.5891239817316096
809	2.489924953076233
810	2.489924953076233
811	2.489924953076233
812	3.068869083328528
813	3.068869083328528
814	3.068869083328528
815	2.9780659816357242
816	2.9780659816357242
817	2.9780659816357242
818	2.609565826266329
819	2.609565826266329
820	2.609565826266329
821	3.428258412704232
822	3.428258412704232
823	3.428258412704232
824	3.237829641088876
825	3.237829641088876
826	3.237829641088876
827	2.7002086356521486
828	2.7002086356521486
829	2.7002086356521486
830	2.9361573757581927
831	2.9361573757581927
832	2.9361573757581927
833	3.222238446548902
834	3.222238446548902
835	3.222238446548902
836	2.864677463589855
837	2.864677463589855
838	2.864677463589855
839	3.180868178946613
840	3.180868178946613
841	3.180868178946613
842	2.712723640407298
843	2.712723640407298
844	2.712723640407298
845	3.1090614312237492
846	3.1090614312237492
847	3.1090614312237492
848	2.58631400149359
849	2.58631400149359
850	2.58631400149359
851	3.097895416782967
852	3.097895416782967
853	3.097895416782967
854	3.0301285198550647
855	3.0301285198550647
856	3.0301285198550647
857	3.080527997398843
858	3.080527997398843
859	3.080527997398843
860	3.0174672250014787
861	3.0174672250014787
862	3.0174672250014787
863	2.3479142111306546
864	2.3479142111306546
865	2.3479142111306546
866	3.046045632282624
867	3.046045632282624
868	3.046045632282624
869	2.63626061779873
870	2.63626061779873
871	2.63626061779873
872	2.5224033727467505
873	2.5224033727467505
874	2.5224033727467505
875	3.437489699570954
876	3.437489699570954
877	3.437489699570954
878	2.870745504836941
879	2.870745504836941
880	2.870745504836941
881	3.12145301969048
882	3.12145301969048
883	3.12145301969048
884	2.5192506301242044
885	2.5192506301242044
886	2.5192506301242044
887	2.856851761847128
888	2.856851761847128
889	2.4676135246951394
890	2.4676135246951394
891	2.4676135246951394
892	1.7243050327713307
893	1.7243050327713307
894	1.7243050327713307
895	2.163352997398214
896	2.163352997398214
897	2.163352997398214
898	2.5257287882632444
899	2.5257287882632444
900	2.5257287882632444
901	2.004661050750517
902	2.004661050750517
903	2.004661050750517
904	1.968054335035096
905	1.968054335035096
906	1.968054335035096
907	1.6356321498143602
908	1.6356321498143602
909	1.6356321498143602
910	1.8129701730717074
911	1.8129701730717074
912	1.8129701730717074
913	1.8181182491751047
914	1.8181182491751047
915	1.8181182491751047
916	2.134677136668341
917	2.134677136668341
918	2.134677136668341
919	1.8491486295191462
920	1.8491486295191462
921	1.8491486295191462
922	1.8055350793938876
923	1.8055350793938876
924	1.8055350793938876
925	2.269685261152537
926	2.269685261152537
927	2.269685261152537
928	2.0595008930275145
929	2.0595008930275145
930	2.0595008930275145
931	1.970060927178818
932	1.970060927178818
933	1.970060927178818
934	1.9367597099948795
935	1.9367597099948795
936	1.9367597099948795
937	2.168435377538829
938	2.168435377538829
939	2.168435377538829
940	1.7842445619419083
941	1.7842445619419083
942	1.7842445619419083
943	2.3056169294882354
944	2.3056169294882354
945	2.3056169294882354
946	1.99829297225916
947	1.99829297225916
948	1.99829297225916
949	1.8478606737136445
950	1.8478606737136445
951	1.8478606737136445
952	1.5252443829333406
953	1.5252443829333406
954	1.5252443829333406
955	2.4666056832235883
956	2.4666056832235883
957	2.4666056832235883
958	2.331327783184431
959	2.331327783184431
960	2.331327783184431
961	1.6935831390469371
962	1.6935831390469371
963	1.6935831390469371
964	2.2344454941019425
965	2.2344454941019425
966	2.2344454941019425
967	1.6113787737581384
968	1.6113787737581384
969	1.6113787737581384
970	1.8942913165415722
971	1.8942913165415722
972	1.8942913165415722
973	1.6656473164921948
974	1.6656473164921948
975	1.6656473164921948
976	2.0388083898678118
977	2.0388083898678118
978	2.0388083898678118
979	1.9692363706029772
980	1.9692363706029772
981	1.9692363706029772
982	2.4763093086993107
983	2.4763093086993107
984	2.4763093086993107
985	2.185533392073517
986	2.185533392073517
987	2.185533392073517
988	2.159290403344111
989	2.159290403344111
990	2.159290403344111
991	2.0585424223801763
992	2.0585424223801763
993	2.0585424223801763
994	1.8923570418395115
995	1.8923570418395115
996	1.8923570418395115
997	2.4298533281748047
998	2.4298533281748047
999	2.4298533281748047
1000	1.7921662424690996
1001	1.7921662424690996
1002	1.7921662424690996
1003	2.156196376808278
1004	2.156196376808278
1005	2.156196376808278
1006	1.9414114076284636
1007	1.9414114076284636
1008	1.9414114076284636
1009	1.7985368327709175
1010	1.363023840800531
1011	1.363023840800531
1012	1.363023840800531
1013	1.299096227918836
1014	1.299096227918836
1015	1.299096227918836
1016	1.8436475005726782
1017	1.8436475005726782
1018	1.8436475005726782
1019	1.68978762007572
1020	1.68978762007572
1021	1.68978762007572
1022	1.5729207760434987
1023	1.5729207760434987
1024	1.5729207760434987
1025	1.8089723057681877
1026	1.8089723057681877
1027	1.8089723057681877
1028	1.5643226573706202
1029	1.5643226573706202
1030	1.5643226573706202
1031	1.1615777874400603
1032	1.1615777874400603
1033	1.1615777874400603
1034	1.5889228162300189
1035	1.5889228162300189
1036	1.5889228162300189
1037	1.6383681001913373
1038	1.6383681001913373
1039	1.6383681001913373
1040	1.4607803662140415
1041	1.4607803662140415
1042	1.4607803662140415
1043	1.7209334225910187
1044	1.7209334225910187
1045	1.7209334225910187
1046	1.666319192672926
1047	1.666319192672926
1048	1.666319192672926
1049	3.603817058892847
1050	3.603817058892847
1051	3.603817058892847
1052	3.5632658311848955
1053	3.5632658311848955
1054	3.5632658311848955
1055	3.314688642575172
1056	3.314688642575172
1057	3.314688642575172
1058	2.8436351875664934
1059	2.8436351875664934
1060	2.8436351875664934
1061	2.972704493873495
1062	2.972704493873495
1063	2.972704493873495
1064	3.884672566639807
1065	3.884672566639807
1066	3.884672566639807
1067	4.359777486114387
1068	4.359777486114387
1069	4.359777486114387
1070	3.043785130422913
1071	3.043785130422913
1072	3.043785130422913
1073	3.4128860114316657
1074	3.4128860114316657
1075	3.4128860114316657
1076	3.858153936202153
1077	3.858153936202153
1078	3.858153936202153
1079	2.8992929017658082
1080	2.8992929017658082
1081	2.8992929017658082
1082	4.275116820496258
1083	4.275116820496258
1084	4.275116820496258
1085	4.590044519537389
1086	4.590044519537389
1087	4.590044519537389
1088	2.975064237023547
1089	2.975064237023547
1090	2.975064237023547
1091	3.34042542436429
1092	3.34042542436429
1093	3.34042542436429
1094	2.898682584032283
1095	2.898682584032283
1096	2.898682584032283
1097	3.807515355309112
1098	3.807515355309112
1099	3.807515355309112
1100	3.2974605192878323
1101	3.2974605192878323
1102	3.2974605192878323
1103	3.5698941498714896
1104	3.5698941498714896
1105	3.5698941498714896
1106	3.9755505825602064
1107	3.9755505825602064
1108	3.9755505825602064
1109	2.8552938543689983
1110	2.8552938543689983
1111	2.8552938543689983
1112	4.255286505271753
1113	4.255286505271753
1114	4.255286505271753
1115	2.9554354274241463
1116	2.9554354274241463
1117	2.9554354274241463
1118	3.2491198825559438
1119	3.2491198825559438
1120	3.2491198825559438
1121	3.3208414235816925
1122	3.3208414235816925
1123	3.3208414235816925
1124	2.666230748036493
1125	2.666230748036493
1126	2.666230748036493
1127	3.094171910735513
1128	3.094171910735513
1129	3.094171910735513
1130	2.2303773330565226
1131	2.2303773330565226
1132	2.2303773330565226
1133	2.862974010475222
1134	2.862974010475222
1135	2.862974010475222
1136	3.1229937789327247
1137	3.1229937789327247
1138	3.1229937789327247
1139	3.3549628198297
1140	3.3549628198297
1141	3.3549628198297
1142	2.852548559711899
1143	2.852548559711899
1144	2.852548559711899
1145	3.62464120684911
1146	3.62464120684911
1147	3.62464120684911
1148	3.779398874252418
1149	3.779398874252418
1150	3.779398874252418
1151	4.111970944004264
1152	4.111970944004264
1153	4.111970944004264
1154	3.513291693957854
1155	3.513291693957854
1156	3.513291693957854
1157	3.4328908528625894
1158	3.4328908528625894
1159	3.4328908528625894
1160	3.0826952190138575
1161	3.0826952190138575
1162	3.0826952190138575
1163	3.6291301558004734
1164	3.6291301558004734
1165	3.6291301558004734
1166	3.295140500097036
1167	3.295140500097036
1168	3.295140500097036
1169	3.5524239378306692
1170	3.5524239378306692
1171	3.5524239378306692
1172	3.5844307475179367
1173	3.5844307475179367
1174	3.5844307475179367
1175	3.535606203427281
1176	3.535606203427281
1177	3.535606203427281
1178	3.4451621716404386
1179	3.4451621716404386
1180	3.4451621716404386
1181	3.6749626770742116
1182	3.6749626770742116
1183	3.6749626770742116
1184	3.0859816566215863
1185	3.0859816566215863
1186	3.0859816566215863
1187	3.4846367619354575
1188	3.4846367619354575
1189	3.4846367619354575
1190	3.0174818763917877
1191	3.0174818763917877
1192	3.0174818763917877
1193	4.106058981022026
1194	4.106058981022026
1195	4.106058981022026
1196	3.095446927828591
1197	3.095446927828591
1198	3.095446927828591
1199	2.1395297348041495
1200	1.8867788963084149
1201	1.8867788963084149
1202	1.8867788963084149
1203	2.691599954873996
1204	2.691599954873996
1205	2.691599954873996
1206	1.8059438291462486
1207	1.8059438291462486
1208	1.8059438291462486
1209	2.6559006256434254
1210	2.6559006256434254
1211	2.6559006256434254
1212	2.4387909745964294
1213	2.4387909745964294
1214	2.4387909745964294
1215	1.1506377511223358
1216	1.1506377511223358
1217	3.4594376297929097
1218	3.4594376297929097
1219	3.4594376297929097
1220	3.871084503113809
1221	3.871084503113809
1222	3.871084503113809
1223	3.3385997328665056
1224	3.3385997328665056
1225	3.3385997328665056
1226	3.341297286669483
1227	3.341297286669483
1228	3.341297286669483
1229	3.3422888446759296
1230	3.3422888446759296
1231	3.382677718880473
1232	3.382677718880473
1233	3.382677718880473
1234	3.803677014677548
1235	3.803677014677548
1236	3.803677014677548
1237	3.8978702864219996
1238	3.8978702864219996
1239	3.8978702864219996
1240	3.499187153351307
1241	3.499187153351307
1242	3.499187153351307
1243	3.3501978288949985
1244	3.3501978288949985
1245	3.3501978288949985
1246	2.5195083172628028
1247	2.5195083172628028
1248	2.5195083172628028
1249	3.6075113938206615
1250	3.6075113938206615
1251	3.6075113938206615
1252	3.2700830826763374
1253	3.2700830826763374
1254	3.2700830826763374
1255	3.7089964636038646
1256	3.7089964636038646
1257	3.7089964636038646
1258	3.533857649611892
1259	3.533857649611892
1260	3.533857649611892
1261	4.792818389877354
1262	4.792818389877354
1263	4.792818389877354
1264	3.4977611557379245
1265	3.4977611557379245
1266	3.4977611557379245
1267	3.743214976629564
1268	3.743214976629564
1269	3.743214976629564
1270	4.152159414074236
1271	4.152159414074236
1272	4.152159414074236
1273	4.135458233806019
1274	4.135458233806019
1275	4.135458233806019
1276	3.186405550331807
1277	3.186405550331807
1278	3.186405550331807
1279	3.631711153212772
1280	3.631711153212772
1281	3.631711153212772
1282	3.398385197804008
1283	3.398385197804008
1284	3.398385197804008
1285	3.549846059958451
1286	3.549846059958451
1287	3.549846059958451
1288	4.999067329557806
1289	4.999067329557806
1290	4.999067329557806
1291	3.938447878820814
1292	3.938447878820814
1293	3.938447878820814
1294	4.415116792110257
1295	4.415116792110257
1296	4.415116792110257
1297	3.7111218893337283
1298	3.7111218893337283
1299	3.7111218893337283
1300	4.39733379555391
1301	4.39733379555391
1302	4.39733379555391
1303	3.7863827613301924
1304	3.7863827613301924
1305	3.7863827613301924
1306	3.727899305235701
1307	3.727899305235701
1308	3.727899305235701
1309	3.8965638201127373
1310	3.8965638201127373
1311	3.8965638201127373
1312	3.6468371775716966
1313	3.6468371775716966
1314	3.6468371775716966
1315	4.004446776464287
1316	4.004446776464287
1317	4.004446776464287
1318	3.8240863741894926
1319	3.8240863741894926
1320	3.8240863741894926
1321	3.553424641918653
1322	3.553424641918653
1323	3.553424641918653
1324	4.197943442062333
1325	4.197943442062333
1326	4.197943442062333
1327	4.508695913493946
1328	4.508695913493946
1329	4.508695913493946
1330	3.404485329946198
1331	3.404485329946198
1332	3.404485329946198
1333	3.7255831666040384
1334	3.7255831666040384
1335	3.7255831666040384
1336	3.795238927066653
1337	3.795238927066653
1338	3.795238927066653
1339	4.334034436571774
1340	4.334034436571774
1341	4.334034436571774
1342	3.8639310757044565
1343	3.8639310757044565
1344	3.8639310757044565
1345	3.1763998925197012
1346	3.1763998925197012
1347	3.1763998925197012
1348	3.838701214740859
1349	3.838701214740859
1350	3.838701214740859
1351	4.119197273013274
1352	4.119197273013274
1353	4.119197273013274
1354	3.7631546920901457
1355	3.7631546920901457
1356	3.7631546920901457
1357	3.7633781526217853
1358	3.7633781526217853
1359	3.7633781526217853
1360	3.863028944014448
1361	3.863028944014448
1362	3.863028944014448
1363	4.553427831589411
1364	4.553427831589411
1365	4.553427831589411
1366	4.091055299164131
1367	4.091055299164131
1368	4.091055299164131
1369	2.7827663591939
1370	2.7827663591939
1371	2.7827663591939
1372	4.045350121823682
1373	4.045350121823682
1374	4.045350121823682
1375	4.446268363093363
1376	4.446268363093363
1377	4.446268363093363
1378	4.102822114821701
1379	4.102822114821701
1380	4.102822114821701
1381	4.094099974575461
1382	4.094099974575461
1383	4.094099974575461
1384	3.8780644839497875
1385	3.8780644839497875
1386	3.8780644839497875
1387	3.461365585423408
1388	3.461365585423408
1389	3.461365585423408
1390	3.898952420780491
1391	3.898952420780491
1392	3.898952420780491
1393	3.2257818996494616
1394	3.2257818996494616
1395	3.2257818996494616
1396	2.900063065621049
1397	2.900063065621049
1398	2.900063065621049
1399	3.554443708337948
1400	3.554443708337948
1401	3.554443708337948
1402	3.539675949190559
1403	3.539675949190559
1404	3.539675949190559
1405	4.332343988943259
1406	4.332343988943259
1407	4.332343988943259
1408	3.974852996492499
1409	3.974852996492499
1410	3.974852996492499
1411	0.6310163326085471
1412	0.6310163326085471
1413	0.6310163326085471
1414	0.5330882378322508
1415	0.5330882378322508
1416	0.5330882378322508
1417	0.5028721255505331
1418	0.5028721255505331
1419	0.5028721255505331
1420	0.8051315252303749
1421	0.8051315252303749
1422	0.8051315252303749
1423	0.6014124326588169
1424	0.6014124326588169
1425	0.6014124326588169
1426	0.6735687694093351
1427	0.6735687694093351
1428	0.6735687694093351
1429	0.6277707306501727
1430	0.6277707306501727
1431	0.6277707306501727
1432	0.6848031879298655
1433	0.6848031879298655
1434	0.6848031879298655
1435	0.5718516046481321
1436	0.5718516046481321
1437	0.5718516046481321
1438	0.8555174686587863
1439	0.8555174686587863
1440	0.8555174686587863
1441	0.5851099698873934
1442	0.5851099698873934
1443	0.5851099698873934
1444	0.831902129487922
1445	0.831902129487922
1446	0.831902129487922
1447	0.7179021309490975
1448	0.7179021309490975
1449	0.7179021309490975
1450	0.3997095386888925
1451	0.3997095386888925
1452	0.3997095386888925
1453	0.8160686052345799
1454	0.8160686052345799
1455	0.8160686052345799
1456	0.4300899933747099
1457	0.4300899933747099
1458	0.4300899933747099
1459	0.8051139920509891
1460	0.8051139920509891
1461	0.8051139920509891
1462	0.576962065963304
1463	0.576962065963304
1464	0.576962065963304
1465	0.6150844273698366
1466	0.6150844273698366
1467	0.6150844273698366
1468	0.7512342974191272
1469	0.7512342974191272
1470	0.7512342974191272
1471	0.7550967863225423
1472	0.7550967863225423
1473	0.7550967863225423
1474	0.7230105353855626
1475	0.7230105353855626
1476	0.7230105353855626
1477	0.6556232284349929
1478	0.6556232284349929
1479	0.6556232284349929
1480	0.8329019050591768
1481	0.8329019050591768
1482	0.8329019050591768
1483	0.40600667577810834
1484	0.40600667577810834
1485	0.40600667577810834
1486	0.6286127395809797
1487	0.6286127395809797
1488	0.6286127395809797
1489	0.7444872158429642
1490	0.7444872158429642
1491	0.7444872158429642
1492	0.5877444514273649
1493	0.5877444514273649
1494	0.5877444514273649
1495	0.7045452747381559
1496	0.7045452747381559
1497	0.7045452747381559
1498	0.6936031652380561
1499	0.6936031652380561
1500	0.6936031652380561
1501	0.5778812989684932
1502	0.5778812989684932
1503	0.5778812989684932
1504	0.6315449621813392
1505	0.6315449621813392
1506	0.6315449621813392
1507	0.8031222996717419
1508	0.8031222996717419
1509	0.8031222996717419
1510	0.7379801329851741
1511	0.7379801329851741
1512	0.7379801329851741
1513	0.5141832274024442
1514	0.5141832274024442
1515	0.5141832274024442
1516	0.5862650210858238
1517	0.5862650210858238
1518	0.5862650210858238
1519	0.7982944878866572
1520	0.7982944878866572
1521	0.7982944878866572
1522	0.593683772721678
1523	0.593683772721678
1524	0.593683772721678
1525	0.6855233391657458
1526	0.6855233391657458
1527	0.6855233391657458
1528	0.6695351001477395
1529	0.6695351001477395
1530	0.6695351001477395
1531	0.8312925256069309
1532	0.8312925256069309
1533	0.8312925256069309
1534	0.7098372999276538
1535	0.7098372999276538
1536	0.7098372999276538
1537	0.4858597521573593
1538	0.4858597521573593
1539	0.4858597521573593
1540	0.4397813785176705
1541	0.4397813785176705
1542	0.4397813785176705
1543	0.6256299260506334
1544	0.6256299260506334
1545	0.6256299260506334
1546	0.7082429520142369
1547	0.7082429520142369
1548	0.7082429520142369
1549	0.6480339339892457
1550	0.6480339339892457
1551	0.6480339339892457
1552	1.0939821701315324
1553	1.0939821701315324
1554	1.0939821701315324
1555	0.8355772840648179
1556	0.8355772840648179
1557	0.8355772840648179
1558	1.4444975294419016
1559	1.4444975294419016
1560	1.4444975294419016
1561	1.1186511421522831
1562	1.1186511421522831
1563	1.1186511421522831
1564	1.237962790557961
1565	1.237962790557961
1566	1.237962790557961
1567	0.9452786219574414
1568	0.9452786219574414
1569	0.9452786219574414
1570	1.1296289129122983
1571	1.1296289129122983
1572	1.1296289129122983
1573	0.8673158763668649
1574	0.8673158763668649
1575	0.8673158763668649
1576	0.8264787023977458
1577	0.8264787023977458
1578	0.8264787023977458
1579	1.1057340377015468
1580	1.1057340377015468
1581	1.1057340377015468
1582	0.7644409684223538
1583	0.7644409684223538
1584	0.7644409684223538
1585	1.2249309237162156
1586	1.2249309237162156
1587	1.2249309237162156
1588	0.9490987184079613
1589	0.9490987184079613
1590	0.9490987184079613
1591	1.167254426741032
1592	1.167254426741032
1593	1.167254426741032
1594	0.9869026400482288
1595	0.9869026400482288
1596	0.9869026400482288
1597	1.1408753369188451
1598	1.1408753369188451
1599	1.1408753369188451
1600	1.0766283138245787
1601	1.0766283138245787
1602	1.0766283138245787
1603	1.0602153718668923
1604	1.0602153718668923
1605	1.0602153718668923
1606	1.4234163088451555
1607	1.4234163088451555
1608	1.4234163088451555
1609	1.1303987205498096
1610	1.1303987205498096
1611	1.1303987205498096
1612	1.2904097476542902
1613	1.2904097476542902
1614	1.2904097476542902
1615	0.998620067617983
1616	0.998620067617983
1617	0.998620067617983
1618	3.32550746771348
1619	3.32550746771348
1620	3.32550746771348
1621	3.154473658511932
1622	3.154473658511932
1623	3.154473658511932
1624	3.1962073165263534
1625	3.1962073165263534
1626	3.1962073165263534
1627	3.92685957568087
1628	3.92685957568087
1629	3.92685957568087
1630	3.586940142454938
1631	3.586940142454938
1632	3.586940142454938
1633	3.97142811285506
1634	3.97142811285506
1635	3.97142811285506
1636	3.765877238101837
1637	3.765877238101837
1638	3.765877238101837
1639	3.806365473179335
1640	3.806365473179335
1641	3.806365473179335
1642	3.159646418925354
1643	3.159646418925354
1644	3.159646418925354
1645	2.9540183096982973
1646	2.9540183096982973
1647	2.9540183096982973
1648	4.292567733962792
1649	4.292567733962792
1650	4.292567733962792
1651	3.9997651902435765
1652	3.9997651902435765
1653	3.9997651902435765
1654	3.3545118410152486
1655	3.3545118410152486
1656	3.3545118410152486
1657	3.22620454899193
1658	3.2611601307294467
1659	3.2611601307294467
1660	3.2611601307294467
1661	3.6930469052514137
1662	3.6930469052514137
1663	3.6930469052514137
1664	5.094063827513587
1665	5.094063827513587
1666	5.094063827513587
1667	4.479401787648375
1668	4.479401787648375
1669	4.479401787648375
1670	4.154983533210078
1671	4.154983533210078
1672	4.154983533210078
1673	4.412761509076254
1674	4.412761509076254
1675	4.412761509076254
1676	5.409355254612516
1677	5.409355254612516
1678	5.409355254612516
1679	4.052007192595025
1680	4.052007192595025
1681	4.052007192595025
1682	3.5686812036482713
1683	3.5686812036482713
1684	3.5686812036482713
1685	4.017331141261459
1686	4.017331141261459
1687	4.017331141261459
1688	3.942792618862432
1689	3.942792618862432
1690	3.942792618862432
1691	4.049424559171362
1692	4.049424559171362
1693	4.049424559171362
1694	3.737793845792201
1695	3.737793845792201
1696	3.737793845792201
1697	5.024676813084531
1698	5.024676813084531
1699	5.024676813084531
1700	5.127383265192066
1701	5.127383265192066
1702	5.127383265192066
1703	4.510485852422454
1704	4.510485852422454
1705	4.510485852422454
1706	3.711236919579887
1707	3.711236919579887
1708	3.711236919579887
1709	3.3753660233359497
1710	3.3753660233359497
1711	3.3753660233359497
1712	4.066314350549049
1713	4.066314350549049
1714	4.066314350549049
1715	3.8707291509187636
1716	3.8707291509187636
1717	3.8707291509187636
1718	4.253490704230251
1719	4.253490704230251
1720	4.253490704230251
1721	3.470751928966086
1722	3.470751928966086
1723	3.470751928966086
1724	4.611435637988831
1725	4.611435637988831
1726	4.611435637988831
1727	3.675709325047595
1728	3.675709325047595
1729	3.675709325047595
1730	4.498777967929601
1731	4.498777967929601
1732	4.498777967929601
1733	4.793705945103861
1734	4.793705945103861
1735	4.793705945103861
1736	4.221637758380896
1737	4.221637758380896
1738	4.221637758380896
1739	3.698683329283329
1740	3.698683329283329
1741	3.698683329283329
1742	4.011691579575042
1743	4.011691579575042
1744	4.011691579575042
1745	3.8342784542172224
1746	3.8342784542172224
1747	3.8342784542172224
1748	4.63555334534045
1749	4.63555334534045
1750	4.63555334534045
1751	4.004256474331628
1752	4.004256474331628
1753	4.004256474331628
1754	2.982802214217975
1755	2.982802214217975
1756	2.982802214217975
1757	3.7630655008104665
1758	3.7630655008104665
1759	3.7630655008104665
1760	4.3093680819585884
1761	4.3093680819585884
1762	4.3093680819585884
1763	4.009663445198522
1764	4.009663445198522
1765	4.009663445198522
1766	3.6399361061323643
1767	3.6399361061323643
1768	3.6399361061323643
1769	3.9195374959712317
1770	3.9195374959712317
1771	3.9195374959712317
1772	3.779208795664772
1773	3.779208795664772
1774	3.779208795664772
1775	3.6147019166560215
1776	3.6147019166560215
1777	3.6147019166560215
1778	4.225182686984189
1779	4.225182686984189
1780	4.225182686984189
1781	3.477404532806723
1782	3.477404532806723
1783	3.477404532806723
1784	2.653166296082942
1785	2.653166296082942
1786	2.653166296082942
1787	4.525711822976625
1788	4.525711822976625
1789	4.525711822976625
1790	4.02293939385907
1791	4.02293939385907
1792	4.02293939385907
1793	3.945270420718668
1794	3.945270420718668
1795	3.945270420718668
1796	3.8597810312527603
1797	3.8597810312527603
1798	3.8597810312527603
1799	3.237318344137468
1800	3.237318344137468
1801	3.237318344137468
1802	4.823333914026379
1803	4.823333914026379
1804	4.823333914026379
1805	4.0825995732104605
1806	4.0825995732104605
1807	4.0825995732104605
1808	3.5023327926133665
1809	3.5023327926133665
1810	3.5023327926133665
1811	2.5550277677970863
1812	2.5550277677970863
1813	2.5550277677970863
1814	3.312598019325593
1815	3.312598019325593
1816	3.312598019325593
1817	3.0392300413202555
1818	3.0392300413202555
1819	3.0392300413202555
1820	4.033364648789817
1821	4.033364648789817
1822	4.033364648789817
1823	2.682212980176994
1824	3.2815819405415465
1825	3.2815819405415465
1826	3.2815819405415465
1827	3.631291685267656
1828	3.631291685267656
1829	3.631291685267656
1830	3.1853617703976127
1831	3.1853617703976127
1832	3.1853617703976127
1833	3.0968732912331145
1834	3.0968732912331145
1835	3.0968732912331145
1836	2.3507114275764422
1837	2.3507114275764422
1838	2.3507114275764422
1839	2.5011364387648576
1840	2.5011364387648576
1841	2.5011364387648576
1842	2.274586669288315
1843	2.274586669288315
1844	2.274586669288315
1845	2.2932127072267594
1846	2.2932127072267594
1847	2.2932127072267594
1848	2.826431818982389
1849	2.826431818982389
1850	2.826431818982389
1851	2.9294758394388114
1852	2.9294758394388114
1853	2.9294758394388114
1854	2.4172108330960222
1855	2.4172108330960222
1856	2.4172108330960222
1857	2.5623420218304025
1858	2.5623420218304025
1859	2.5623420218304025
1860	2.581842060991052
1861	2.581842060991052
1862	2.581842060991052
1863	2.0060970177199735
1864	2.0060970177199735
1865	2.0060970177199735
1866	2.87609848085735
1867	2.87609848085735
1868	2.87609848085735
1869	3.1735651010576387
1870	3.1735651010576387
1871	3.1735651010576387
1872	3.47577041121665
1873	3.47577041121665
1874	3.47577041121665
1875	2.7596045301170453
1876	2.7596045301170453
1877	2.7596045301170453
1878	2.2904005473715725
1879	2.2904005473715725
1880	2.2904005473715725
1881	3.1370026265236044
1882	3.1370026265236044
1883	3.1370026265236044
1884	2.990737256744065
1885	2.990737256744065
1886	2.990737256744065
1887	2.8842296808912633
1888	2.8842296808912633
1889	2.8842296808912633
1890	3.1098180465055254
1891	3.1098180465055254
1892	3.1098180465055254
1893	3.063902278957978
1894	3.063902278957978
1895	3.063902278957978
1896	2.6627042841179045
1897	2.6627042841179045
1898	2.6627042841179045
1899	2.8749464093283974
1900	2.8749464093283974
1901	2.8749464093283974
1902	3.4854460891646593
1903	3.4854460891646593
1904	3.4854460891646593
1905	2.26003960564755
1906	2.26003960564755
1907	2.26003960564755
1908	2.6802199797074584
1909	2.6802199797074584
1910	2.6802199797074584
1911	2.9630592075662134
1912	2.9630592075662134
1913	2.9630592075662134
1914	2.9371782468627043
1915	2.9371782468627043
1916	2.9371782468627043
1917	2.465139709537479
1918	2.465139709537479
1919	2.465139709537479
1920	2.3251137676478972
1921	2.3251137676478972
1922	2.3251137676478972
1923	3.051888638567494
1924	3.051888638567494
1925	3.051888638567494
1926	3.474202080605416
1927	3.474202080605416
1928	3.474202080605416
1929	2.107028468051423
1930	2.107028468051423
1931	2.107028468051423
1932	2.777822745399517
1933	2.777822745399517
1934	2.777822745399517
1935	2.507966506842254
1936	2.507966506842254
1937	2.507966506842254
1938	3.08919179588579
1939	3.08919179588579
1940	3.08919179588579
1941	2.711128676368246
1942	2.711128676368246
1943	2.711128676368246
1944	2.753281463127227
1945	2.753281463127227
1946	2.753281463127227
1947	2.766281674966194
1948	2.766281674966194
1949	2.766281674966194
1950	2.985590645293739
1951	2.985590645293739
1952	2.985590645293739
1953	3.3642223006130036
1954	3.3642223006130036
1955	3.3642223006130036
1956	2.7511824623999
1957	2.7511824623999
1958	2.7511824623999
1959	2.7582645225570923
1960	2.7582645225570923
1961	2.7582645225570923
1962	3.7452207926903136
1963	3.7452207926903136
1964	3.7452207926903136
1965	2.6411926609746623
1966	2.6411926609746623
1967	2.6411926609746623
1968	3.336854229278764
1969	3.336854229278764
1970	3.336854229278764
1971	2.0474400614259247
1972	2.0474400614259247
1973	2.0474400614259247
1974	3.0757020329012246
1975	3.0757020329012246
1976	3.0757020329012246
1977	2.559350617037082
1978	2.559350617037082
1979	2.559350617037082
1980	2.5394815247879294
1981	2.5394815247879294
1982	2.5394815247879294
1983	2.825912164967191
1984	2.825912164967191
1985	2.825912164967191
1986	2.833712752145662
1987	2.833712752145662
1988	2.833712752145662
1989	3.454521369557856
1990	3.454521369557856
1991	3.454521369557856
1992	2.5828398843892066
1993	2.6528534314312817
1994	2.6528534314312817
1995	2.6528534314312817
1996	1.3104072864562797
1997	1.3104072864562797
1998	1.3104072864562797
1999	3.0785168726699506
