0	3.5759780055281327
1	3.5759780055281327
2	3.5759780055281327
3	3.5759780055281327
4	3.5759780055281327
5	4.2170577322674925
6	4.2170577322674925
7	4.2170577322674925
8	4.2170577322674925
9	4.2170577322674925
10	4.962808556935814
11	4.962808556935814
12	4.962808556935814
13	4.962808556935814
14	4.962808556935814
15	6.067992597979677
16	6.067992597979677
17	6.067992597979677
18	6.067992597979677
19	6.067992597979677
20	3.061653762284168
21	3.061653762284168
22	3.061653762284168
23	3.061653762284168
24	3.061653762284168
25	4.37203919189484
26	4.37203919189484
27	4.37203919189484
28	4.37203919189484
29	4.37203919189484
30	2.6496287753082566
31	2.6496287753082566
32	2.6496287753082566
33	2.6496287753082566
34	2.6496287753082566
35	2.2719452112357588
36	2.2719452112357588
37	2.2719452112357588
38	2.2719452112357588
39	2.2719452112357588
40	1.65077261557858
41	1.65077261557858
42	1.65077261557858
43	1.65077261557858
44	1.65077261557858
45	2.49877178226604
46	2.49877178226604
47	2.49877178226604
48	2.49877178226604
49	2.49877178226604
50	2.3630786193797575
51	2.3630786193797575
52	2.3016329971508203
53	2.3016329971508203
54	2.3016329971508203
55	2.3016329971508203
56	2.3016329971508203
57	5.552513967521355
58	5.552513967521355
59	5.552513967521355
60	5.552513967521355
61	5.552513967521355
62	4.110711784084845
63	4.110711784084845
64	4.110711784084845
65	4.110711784084845
66	4.110711784084845
67	4.740881711805141
68	4.740881711805141
69	4.740881711805141
70	4.740881711805141
71	4.740881711805141
72	3.814766729034826
73	3.814766729034826
74	3.814766729034826
75	3.814766729034826
76	3.814766729034826
77	2.6744734607240668
78	2.6744734607240668
79	2.6744734607240668
80	2.6744734607240668
81	2.6744734607240668
82	3.727859129396144
83	3.727859129396144
84	3.727859129396144
85	3.727859129396144
86	3.727859129396144
87	3.6384546014646784
88	3.6384546014646784
89	3.6384546014646784
90	3.6384546014646784
91	3.6384546014646784
92	4.055740546791495
93	4.055740546791495
94	4.055740546791495
95	4.055740546791495
96	4.055740546791495
97	5.302230119879286
98	5.302230119879286
99	5.302230119879286
100	5.302230119879286
101	5.302230119879286
102	4.250333884719103
103	4.250333884719103
104	4.250333884719103
105	4.250333884719103
106	4.250333884719103
107	4.101304307977844
108	4.101304307977844
109	4.101304307977844
110	4.101304307977844
111	4.101304307977844
112	3.3021878019080972
113	3.3021878019080972
114	3.3021878019080972
115	3.3021878019080972
116	3.3021878019080972
117	4.303781332959162
118	4.303781332959162
119	4.303781332959162
120	4.303781332959162
121	4.303781332959162
122	3.4984161645835616
123	3.4984161645835616
124	3.4984161645835616
125	3.4984161645835616
126	3.4984161645835616
127	2.9680562073647137
128	2.9680562073647137
129	2.9680562073647137
130	2.9680562073647137
131	2.9680562073647137
132	3.6446123253425964
133	3.6446123253425964
134	3.6446123253425964
135	3.6446123253425964
136	3.6446123253425964
137	3.214168673705628
138	3.214168673705628
139	3.214168673705628
140	3.214168673705628
141	3.214168673705628
142	5.424752263717842
143	5.424752263717842
144	5.424752263717842
145	5.424752263717842
146	5.424752263717842
147	4.303053464039618
148	4.303053464039618
149	4.303053464039618
150	4.303053464039618
151	4.303053464039618
152	3.1681955986492563
153	3.1681955986492563
154	3.1681955986492563
155	3.1681955986492563
156	3.1681955986492563
157	3.7944533768376076
158	3.7944533768376076
159	3.7944533768376076
160	3.7944533768376076
161	3.7944533768376076
162	5.138006969792233
163	5.138006969792233
164	5.138006969792233
165	5.138006969792233
166	5.138006969792233
167	3.6517470326785775
168	3.6517470326785775
169	3.6517470326785775
170	3.6517470326785775
171	3.6517470326785775
172	3.3196192141102423
173	3.3196192141102423
174	3.3196192141102423
175	3.3196192141102423
176	3.3196192141102423
177	5.429143445940496
178	5.429143445940496
179	5.429143445940496
180	5.429143445940496
181	5.429143445940496
182	3.8916737990713197
183	3.8916737990713197
184	3.8916737990713197
185	3.8916737990713197
186	3.8916737990713197
187	3.732646956293168
188	3.732646956293168
189	3.732646956293168
190	3.732646956293168
191	3.732646956293168
192	3.4698976968918362
193	3.4698976968918362
194	3.4698976968918362
195	3.4698976968918362
196	3.4698976968918362
197	4.961513081777753
198	4.961513081777753
199	4.961513081777753
200	4.961513081777753
201	4.961513081777753
202	5.1141233201162315
203	5.1141233201162315
204	5.1141233201162315
205	5.1141233201162315
206	5.1141233201162315
207	2.538616027031779
208	2.538616027031779
209	2.538616027031779
210	2.538616027031779
211	2.538616027031779
212	3.632866896650961
213	3.632866896650961
214	3.632866896650961
215	3.632866896650961
216	3.632866896650961
217	4.99991340305008
218	4.99991340305008
219	4.99991340305008
220	4.99991340305008
221	4.99991340305008
222	3.103855793461774
223	3.103855793461774
224	3.103855793461774
225	3.103855793461774
226	3.103855793461774
227	2.9646775215433916
228	2.9646775215433916
229	2.9646775215433916
230	2.9646775215433916
231	2.9646775215433916
232	4.64742058660184
233	4.64742058660184
234	4.64742058660184
235	4.64742058660184
236	4.64742058660184
237	4.388411264862853
238	4.388411264862853
239	4.388411264862853
240	4.388411264862853
241	4.388411264862853
242	3.3678951714322696
243	3.3678951714322696
244	3.3678951714322696
245	3.3678951714322696
246	3.3678951714322696
247	3.7244955579921895
248	3.7244955579921895
249	3.7244955579921895
250	3.7244955579921895
251	3.7244955579921895
252	3.738967505772243
253	3.738967505772243
254	3.738967505772243
255	3.738967505772243
256	3.738967505772243
257	3.612308524391058
258	3.612308524391058
259	3.612308524391058
260	3.612308524391058
261	3.612308524391058
262	3.7242123555888864
263	3.7242123555888864
264	3.7242123555888864
265	3.7242123555888864
266	3.7242123555888864
267	3.049438759181064
268	3.049438759181064
269	3.049438759181064
270	3.049438759181064
271	3.049438759181064
272	4.916176652211426
273	4.916176652211426
274	4.916176652211426
275	4.916176652211426
276	4.916176652211426
277	4.917331730207493
278	4.917331730207493
279	4.917331730207493
280	4.917331730207493
281	1.448024595053218
282	1.448024595053218
283	1.448024595053218
284	1.448024595053218
285	1.448024595053218
286	1.898270068535736
287	1.898270068535736
288	1.898270068535736
289	1.898270068535736
290	1.898270068535736
291	2.104921456423559
292	2.104921456423559
293	2.104921456423559
294	2.104921456423559
295	2.104921456423559
296	1.4525251382507105
297	1.4525251382507105
298	1.4525251382507105
299	1.4525251382507105
300	1.4525251382507105
301	1.2314007911790628
302	1.2314007911790628
303	1.2314007911790628
304	1.2314007911790628
305	1.2314007911790628
306	2.3219845664338292
307	2.3219845664338292
308	2.3219845664338292
309	2.3219845664338292
310	2.3219845664338292
311	1.904664145803855
312	1.904664145803855
313	1.904664145803855
314	1.904664145803855
315	1.904664145803855
316	1.7226333486519767
317	1.7226333486519767
318	1.7226333486519767
319	1.7226333486519767
320	1.7226333486519767
321	2.6836229217441248
322	2.6836229217441248
323	2.6836229217441248
324	2.6836229217441248
325	2.6836229217441248
326	3.26083153781876
327	2.728758872517517
328	2.728758872517517
329	2.728758872517517
330	2.728758872517517
331	2.728758872517517
332	2.95312374961142
333	2.95312374961142
334	2.95312374961142
335	2.95312374961142
336	2.95312374961142
337	2.233633883953538
338	2.233633883953538
339	2.233633883953538
340	2.233633883953538
341	2.233633883953538
342	2.1406835041819914
343	2.1406835041819914
344	2.1406835041819914
345	2.1406835041819914
346	2.1406835041819914
347	2.774561820143742
348	2.774561820143742
349	2.774561820143742
350	2.774561820143742
351	2.774561820143742
352	1.7496927492005403
353	1.7496927492005403
354	1.7496927492005403
355	1.7496927492005403
356	1.7496927492005403
357	2.402522953655457
358	2.402522953655457
359	2.402522953655457
360	2.402522953655457
361	2.402522953655457
362	2.8068976537316357
363	2.8068976537316357
364	2.8068976537316357
365	2.8068976537316357
366	2.8068976537316357
367	2.5077496328631703
368	2.5077496328631703
369	2.5077496328631703
370	2.5077496328631703
371	2.5077496328631703
372	3.234543482506153
373	3.234543482506153
374	3.234543482506153
375	3.234543482506153
376	3.234543482506153
377	1.3042672010306817
378	1.3042672010306817
379	1.3042672010306817
380	1.3042672010306817
381	1.3042672010306817
382	3.3714878921564395
383	3.3714878921564395
384	3.3714878921564395
385	3.3714878921564395
386	3.3714878921564395
387	1.7300027530686273
388	1.7300027530686273
389	1.7300027530686273
390	1.7300027530686273
391	1.7300027530686273
392	2.7601747414518885
393	2.7601747414518885
394	2.7601747414518885
395	2.7601747414518885
396	2.7601747414518885
397	0.8842794596169241
398	0.8842794596169241
399	0.8842794596169241
400	0.8842794596169241
401	0.8842794596169241
402	1.3382269928451678
403	1.3382269928451678
404	1.3382269928451678
405	1.3382269928451678
406	1.3382269928451678
407	0.7100459804159733
408	0.7100459804159733
409	0.7100459804159733
410	0.7100459804159733
411	0.7100459804159733
412	1.1587139342523816
413	1.1587139342523816
414	1.1587139342523816
415	1.1587139342523816
416	1.1587139342523816
417	1.2226101514498837
418	1.2226101514498837
419	1.2226101514498837
420	1.2226101514498837
421	1.2226101514498837
422	1.2770830237549944
423	1.2770830237549944
424	1.2770830237549944
425	1.2770830237549944
426	1.2770830237549944
427	1.1114410364427232
428	1.1114410364427232
429	1.1114410364427232
430	1.1114410364427232
431	1.1114410364427232
432	1.3629349559485986
433	1.3629349559485986
434	1.3629349559485986
435	1.3629349559485986
436	1.3629349559485986
437	1.2413737897053019
438	1.2413737897053019
439	1.2413737897053019
440	1.2413737897053019
441	1.2413737897053019
442	0.9706693031603038
443	0.9706693031603038
444	2.510476992137323
445	2.510476992137323
446	2.510476992137323
447	2.510476992137323
448	2.510476992137323
449	2.4289589939704426
450	2.4289589939704426
451	2.4289589939704426
452	2.4289589939704426
453	2.4289589939704426
454	2.839148932837311
455	2.839148932837311
456	2.839148932837311
457	2.839148932837311
458	2.839148932837311
459	1.8256571048980206
460	1.8256571048980206
461	1.8256571048980206
462	1.8256571048980206
463	1.8256571048980206
464	1.9540580889609482
465	1.9540580889609482
466	1.9540580889609482
467	1.9540580889609482
468	1.9540580889609482
469	2.760077050815697
470	2.760077050815697
471	2.760077050815697
472	2.760077050815697
473	2.760077050815697
474	1.5947734994826204
475	1.5947734994826204
476	1.5947734994826204
477	1.5947734994826204
478	1.5947734994826204
479	1.2937929446188625
480	1.2937929446188625
481	1.2937929446188625
482	1.2937929446188625
483	1.2937929446188625
484	1.877795671237971
485	1.877795671237971
486	1.877795671237971
487	1.877795671237971
488	1.877795671237971
489	2.7309099835347
490	2.7309099835347
491	2.7309099835347
492	2.7309099835347
493	2.7309099835347
494	2.2806642201462943
495	2.2806642201462943
496	2.2806642201462943
497	2.2806642201462943
498	2.2806642201462943
499	1.9494231794122228
500	1.9494231794122228
501	1.9494231794122228
502	1.9494231794122228
503	1.9494231794122228
504	2.5113017844500307
505	2.5113017844500307
506	2.5113017844500307
507	2.5113017844500307
508	2.5113017844500307
509	2.2690845709005445
510	2.2690845709005445
511	2.2690845709005445
512	2.2690845709005445
513	2.2690845709005445
514	2.082958240509727
515	2.082958240509727
516	2.082958240509727
517	2.082958240509727
518	2.082958240509727
519	1.6235404635340394
520	1.6235404635340394
521	1.6235404635340394
522	1.6235404635340394
523	1.6235404635340394
524	2.14805551699536
525	2.14805551699536
526	2.14805551699536
527	2.14805551699536
528	2.14805551699536
529	2.3669855433965084
530	2.3669855433965084
531	2.3669855433965084
532	2.3669855433965084
533	2.3669855433965084
534	2.27761520493197
535	2.27761520493197
536	2.27761520493197
537	2.27761520493197
538	2.27761520493197
539	1.8987197163598564
540	1.8987197163598564
541	1.8987197163598564
542	1.8987197163598564
543	1.8987197163598564
544	0.870679388007028
545	0.870679388007028
546	0.870679388007028
547	0.870679388007028
548	0.870679388007028
549	0.841033150508601
550	0.841033150508601
551	0.841033150508601
552	0.841033150508601
553	0.841033150508601
554	0.6334579496378375
555	0.6334579496378375
556	0.6334579496378375
557	0.6334579496378375
558	0.6334579496378375
559	0.5196242637939978
560	0.5196242637939978
561	0.5196242637939978
562	0.5196242637939978
563	0.5196242637939978
564	0.7294832743804528
565	0.7294832743804528
566	0.7294832743804528
567	0.7294832743804528
568	0.7294832743804528
569	0.6744325222442658
570	0.6744325222442658
571	0.6744325222442658
572	0.6744325222442658
573	0.6744325222442658
574	0.6794277485899147
575	0.6794277485899147
576	0.6794277485899147
577	0.6794277485899147
578	0.6794277485899147
579	0.8000653236118556
580	0.8000653236118556
581	0.8000653236118556
582	0.8000653236118556
583	0.8000653236118556
584	0.40861428007543155
585	0.40861428007543155
586	0.40861428007543155
587	0.40861428007543155
588	0.40861428007543155
589	0.6088154447162833
590	0.6088154447162833
591	0.6088154447162833
592	0.6088154447162833
593	0.6088154447162833
594	0.5162140035107556
595	0.5162140035107556
596	0.5162140035107556
597	0.5162140035107556
598	0.5162140035107556
599	0.6382375491446359
600	0.6382375491446359
601	0.6382375491446359
602	0.6382375491446359
603	0.6382375491446359
604	0.47967580450397374
605	0.47967580450397374
606	0.47967580450397374
607	0.47967580450397374
608	0.47967580450397374
609	0.5914491054848945
610	0.5914491054848945
611	0.5914491054848945
612	0.5914491054848945
613	0.5914491054848945
614	0.8312586933239291
615	0.8312586933239291
616	0.8312586933239291
617	0.8312586933239291
618	0.8312586933239291
619	0.8681133573838209
620	0.8681133573838209
621	0.8681133573838209
622	0.8681133573838209
623	0.8681133573838209
624	0.8507911911725894
625	0.8507911911725894
626	0.8507911911725894
627	0.8507911911725894
628	0.8507911911725894
629	0.6353859580536957
630	0.6353859580536957
631	0.6353859580536957
632	0.6353859580536957
633	0.6353859580536957
634	0.6105567157047801
635	0.6105567157047801
636	0.6105567157047801
637	2.1236352947379578
638	2.1236352947379578
639	2.1236352947379578
640	2.1236352947379578
641	2.1236352947379578
642	3.699718355862264
643	3.699718355862264
644	3.699718355862264
645	3.699718355862264
646	3.699718355862264
647	2.9310278301601995
648	2.9310278301601995
649	2.9310278301601995
650	2.9310278301601995
651	2.9310278301601995
652	2.608368747590186
653	2.608368747590186
654	2.608368747590186
655	2.608368747590186
656	2.608368747590186
657	3.402897363738649
658	3.402897363738649
659	3.402897363738649
660	3.402897363738649
661	3.402897363738649
662	2.539241595027829
663	2.539241595027829
664	2.539241595027829
665	2.539241595027829
666	2.539241595027829
667	2.799854620607444
668	2.799854620607444
669	2.799854620607444
670	2.799854620607444
671	2.799854620607444
672	2.860170122701304
673	2.860170122701304
674	2.860170122701304
675	2.860170122701304
676	2.860170122701304
677	3.210953439530776
678	3.210953439530776
679	3.210953439530776
680	3.210953439530776
681	3.210953439530776
682	3.0311633528512045
683	3.0311633528512045
684	3.0311633528512045
685	3.0311633528512045
686	3.0311633528512045
687	2.916000203786316
688	2.916000203786316
689	2.916000203786316
690	2.916000203786316
691	2.916000203786316
692	2.310445213292563
693	2.310445213292563
694	2.310445213292563
695	2.310445213292563
696	2.310445213292563
697	2.501157275310731
698	2.501157275310731
699	2.501157275310731
700	2.501157275310731
701	2.501157275310731
702	3.6353631854725412
703	3.6353631854725412
704	3.6353631854725412
705	3.6353631854725412
706	3.6353631854725412
707	3.3694017899272124
708	3.3694017899272124
709	3.3694017899272124
710	3.3694017899272124
711	3.3694017899272124
712	4.507211054609934
713	4.507211054609934
714	4.507211054609934
715	4.507211054609934
716	4.507211054609934
717	2.9687604191615193
718	2.9687604191615193
719	2.9687604191615193
720	2.9687604191615193
721	2.9687604191615193
722	2.3881709592985265
723	2.3881709592985265
724	2.3881709592985265
725	2.3881709592985265
726	0.9718489960006784
727	0.9718489960006784
728	0.9718489960006784
729	0.9718489960006784
730	0.9718489960006784
731	1.1396204121169484
732	1.1396204121169484
733	1.1396204121169484
734	1.1396204121169484
735	1.1396204121169484
736	0.696977262365799
737	0.696977262365799
738	0.6227112094382125
739	0.6227112094382125
740	0.6227112094382125
741	0.6227112094382125
742	0.6227112094382125
743	0.7246814863745557
744	0.7246814863745557
745	0.7246814863745557
746	0.7246814863745557
747	0.7246814863745557
748	0.5829647584631148
749	0.5829647584631148
750	0.5829647584631148
751	0.5829647584631148
752	0.5829647584631148
753	0.37951061520076934
754	0.37951061520076934
755	0.37951061520076934
756	0.37951061520076934
757	0.37951061520076934
758	0.33258970613854166
759	0.33258970613854166
760	0.33258970613854166
761	0.33258970613854166
762	0.33258970613854166
763	0.5676772511572031
764	0.5676772511572031
765	0.5676772511572031
766	0.5676772511572031
767	0.5676772511572031
768	0.4306929990877764
769	0.4306929990877764
770	0.4306929990877764
771	0.4306929990877764
772	0.4306929990877764
773	0.5534518281038776
774	0.5534518281038776
775	0.5534518281038776
776	0.5534518281038776
777	0.5534518281038776
778	0.5526437318375768
779	0.5526437318375768
780	0.5526437318375768
781	0.5526437318375768
782	0.5526437318375768
783	0.44657341848892024
784	0.44657341848892024
785	0.44657341848892024
786	0.44657341848892024
787	0.44657341848892024
788	0.6519523063182738
789	0.6519523063182738
790	0.6519523063182738
791	0.6519523063182738
792	0.6519523063182738
793	0.592326489779326
794	0.592326489779326
795	0.592326489779326
796	0.592326489779326
797	0.592326489779326
798	0.44889597069687015
799	0.44889597069687015
800	0.44889597069687015
801	0.44889597069687015
802	4.179520685931733
803	4.179520685931733
804	4.179520685931733
805	4.179520685931733
806	4.179520685931733
807	1.7982208444426062
808	1.7982208444426062
809	1.7982208444426062
810	1.7982208444426062
811	1.7982208444426062
812	3.4833409501651893
813	3.4833409501651893
814	3.4833409501651893
815	3.4833409501651893
816	3.4833409501651893
817	4.368717063519506
818	4.368717063519506
819	4.368717063519506
820	4.368717063519506
821	4.368717063519506
822	5.346986019238519
823	5.346986019238519
824	5.346986019238519
825	5.346986019238519
826	5.346986019238519
827	1.9028026726607783
828	1.9028026726607783
829	1.9028026726607783
830	1.9028026726607783
831	1.0096709745767363
832	1.0096709745767363
833	1.0096709745767363
834	1.0096709745767363
835	1.0096709745767363
836	0.9762252685583681
837	0.9762252685583681
838	0.9762252685583681
839	0.9762252685583681
840	0.9762252685583681
841	1.1350768735498244
842	1.1350768735498244
843	1.1350768735498244
844	1.1350768735498244
845	1.1350768735498244
846	1.1082489258593264
847	1.1082489258593264
848	1.1082489258593264
849	1.1082489258593264
850	1.1082489258593264
851	1.6869911581191532
852	2.4953146808863673
853	2.4953146808863673
854	2.4953146808863673
855	2.4953146808863673
856	2.4953146808863673
857	4.009526833118473
858	4.009526833118473
859	4.009526833118473
860	4.009526833118473
861	4.009526833118473
862	2.6922782243928483
863	2.6922782243928483
864	2.6922782243928483
865	2.6922782243928483
866	3.8599791766847735
867	3.8599791766847735
868	3.8599791766847735
869	3.8599791766847735
870	3.8599791766847735
871	1.8996043513682264
872	1.8996043513682264
873	1.8996043513682264
874	1.8996043513682264
875	1.8996043513682264
876	2.74501905743714
877	2.74501905743714
878	2.74501905743714
879	2.74501905743714
880	2.74501905743714
881	1.5484441487361615
882	1.5484441487361615
883	1.5484441487361615
884	1.5484441487361615
885	1.5484441487361615
886	3.1369351063907347
887	3.1369351063907347
888	3.1369351063907347
889	3.1369351063907347
890	3.1369351063907347
891	1.9243753449419811
892	1.9243753449419811
893	1.9243753449419811
894	1.9243753449419811
895	1.9243753449419811
896	2.831494438158389
897	2.831494438158389
898	2.831494438158389
899	2.831494438158389
900	2.831494438158389
901	2.042890885379602
902	0.7361140398519572
903	0.7361140398519572
904	0.7361140398519572
905	0.7361140398519572
906	0.7361140398519572
907	0.6428615214966545
908	0.6428615214966545
909	0.6428615214966545
910	0.6428615214966545
911	0.6428615214966545
912	0.43037900510982685
913	0.43037900510982685
914	0.43037900510982685
915	0.43037900510982685
916	0.43037900510982685
917	0.455305213670367
918	0.455305213670367
919	0.455305213670367
920	0.455305213670367
921	0.455305213670367
922	0.42883817199270513
923	0.42883817199270513
924	0.42883817199270513
925	3.0713372290492083
926	3.0713372290492083
927	3.0713372290492083
928	3.0713372290492083
929	3.0713372290492083
930	3.227675580209183
931	3.227675580209183
932	3.227675580209183
933	3.227675580209183
934	3.227675580209183
935	3.1050626688210565
936	3.1050626688210565
937	3.1050626688210565
938	3.1050626688210565
939	3.1050626688210565
940	0.8405325641776313
941	0.8405325641776313
942	0.8405325641776313
943	0.8405325641776313
944	0.8405325641776313
945	3.3949993963184784
946	3.3949993963184784
947	3.3949993963184784
948	3.3949993963184784
949	3.3949993963184784
950	2.7739980168721354
951	2.7739980168721354
952	2.7739980168721354
953	2.7739980168721354
954	2.7739980168721354
955	2.9045470366810613
956	2.9045470366810613
957	2.9045470366810613
958	2.9045470366810613
959	2.9045470366810613
960	5.483114877868235
961	5.483114877868235
962	5.483114877868235
963	5.483114877868235
964	5.483114877868235
965	5.010920177430597
966	5.010920177430597
967	5.010920177430597
968	5.010920177430597
969	5.010920177430597
970	5.501959734201957
971	5.501959734201957
972	5.501959734201957
973	5.501959734201957
974	5.501959734201957
975	4.046128482698032
976	4.046128482698032
977	4.046128482698032
978	4.046128482698032
979	4.046128482698032
980	4.344072156465525
981	4.344072156465525
982	4.344072156465525
983	4.344072156465525
984	4.344072156465525
985	4.06069721248793
986	4.06069721248793
987	4.06069721248793
988	4.06069721248793
989	4.06069721248793
990	3.186542374307038
991	3.186542374307038
992	3.186542374307038
993	3.186542374307038
994	3.186542374307038
995	3.2634405383152054
996	3.2634405383152054
997	3.2634405383152054
998	3.2634405383152054
999	3.2634405383152054
1000	4.422150998525289
1001	4.422150998525289
1002	4.422150998525289
1003	4.422150998525289
1004	4.422150998525289
1005	2.6340058889371645
1006	2.6340058889371645
1007	2.6340058889371645
1008	2.6340058889371645
1009	2.6340058889371645
1010	5.490049105692568
1011	5.490049105692568
1012	5.490049105692568
1013	5.490049105692568
1014	5.490049105692568
1015	2.537551542227154
1016	2.537551542227154
1017	2.537551542227154
1018	2.537551542227154
1019	2.537551542227154
1020	2.946753226473468
1021	2.946753226473468
1022	2.946753226473468
1023	2.946753226473468
1024	2.946753226473468
1025	4.5652949972491355
1026	4.5652949972491355
1027	4.5652949972491355
1028	4.5652949972491355
1029	4.5652949972491355
1030	4.1671543189891604
1031	4.1671543189891604
1032	4.1671543189891604
1033	4.1671543189891604
1034	4.1671543189891604
1035	5.144854116710586
1036	5.144854116710586
1037	5.144854116710586
1038	5.144854116710586
1039	5.144854116710586
1040	3.3145819396189475
1041	3.3145819396189475
1042	3.3145819396189475
1043	3.3145819396189475
1044	3.3145819396189475
1045	4.464740400048674
1046	4.464740400048674
1047	4.464740400048674
1048	4.464740400048674
1049	4.464740400048674
1050	4.349318383133583
1051	4.349318383133583
1052	4.349318383133583
1053	4.349318383133583
1054	4.349318383133583
1055	2.315668903405257
1056	2.315668903405257
1057	2.315668903405257
1058	2.315668903405257
1059	2.315668903405257
1060	3.156034507692294
1061	3.156034507692294
1062	3.156034507692294
1063	3.156034507692294
1064	3.156034507692294
1065	3.2769704517951546
1066	3.2769704517951546
1067	3.2769704517951546
1068	1.1293300924588947
1069	1.1293300924588947
1070	1.1293300924588947
1071	1.1293300924588947
1072	1.1293300924588947
1073	1.0422947188262768
1074	1.0422947188262768
1075	1.0422947188262768
1076	1.0422947188262768
1077	1.0422947188262768
1078	1.556243462516525
1079	1.556243462516525
1080	1.556243462516525
1081	1.556243462516525
1082	1.556243462516525
1083	0.943121665139798
1084	0.943121665139798
1085	0.943121665139798
1086	0.943121665139798
1087	0.943121665139798
1088	1.4558608249787381
1089	1.4558608249787381
1090	1.4558608249787381
1091	1.4558608249787381
1092	2.4229661341021806
1093	2.4229661341021806
1094	2.4229661341021806
1095	2.4229661341021806
1096	2.4229661341021806
1097	3.1214044253532682
1098	3.1214044253532682
1099	3.1214044253532682
1100	3.1214044253532682
1101	3.1214044253532682
1102	1.6916779175852772
1103	1.6916779175852772
1104	1.6916779175852772
1105	1.6916779175852772
1106	1.6916779175852772
1107	2.0809530874306894
1108	2.0809530874306894
1109	2.0809530874306894
1110	2.0809530874306894
1111	2.0809530874306894
1112	2.2805940499235255
1113	2.2805940499235255
1114	2.2805940499235255
1115	2.2805940499235255
1116	2.2805940499235255
1117	1.9223327907558838
1118	1.9223327907558838
1119	4.239223344686484
1120	4.239223344686484
1121	4.239223344686484
1122	4.239223344686484
1123	4.239223344686484
1124	3.148438259998311
1125	3.148438259998311
1126	3.148438259998311
1127	3.148438259998311
1128	3.148438259998311
1129	3.595181860085807
1130	3.595181860085807
1131	3.595181860085807
1132	3.595181860085807
1133	3.595181860085807
1134	4.891350511846954
1135	4.891350511846954
1136	4.891350511846954
1137	4.891350511846954
1138	4.891350511846954
1139	4.3351801970657915
1140	4.3351801970657915
1141	4.3351801970657915
1142	4.3351801970657915
1143	4.3351801970657915
1144	3.5957532039229148
1145	3.5957532039229148
1146	3.5957532039229148
1147	3.5957532039229148
1148	3.5957532039229148
1149	3.305838334544653
1150	3.305838334544653
1151	3.305838334544653
1152	3.305838334544653
1153	3.305838334544653
1154	3.8635075776933645
1155	3.8635075776933645
1156	3.8635075776933645
1157	3.8635075776933645
1158	3.8635075776933645
1159	2.7248802006045185
1160	2.7248802006045185
1161	2.7248802006045185
1162	2.7248802006045185
1163	2.421160321027469
1164	2.421160321027469
1165	2.421160321027469
1166	2.421160321027469
1167	2.421160321027469
1168	2.3609821182341113
1169	2.3609821182341113
1170	2.3609821182341113
1171	2.3609821182341113
1172	2.3609821182341113
1173	2.5145332179307083
1174	2.5145332179307083
1175	2.5145332179307083
1176	2.5145332179307083
1177	2.5145332179307083
1178	2.949634703481059
1179	2.949634703481059
1180	2.949634703481059
1181	2.949634703481059
1182	2.949634703481059
1183	2.8187602377696894
1184	2.8187602377696894
1185	2.8187602377696894
1186	2.8187602377696894
1187	2.8187602377696894
1188	2.2456473673994832
1189	2.2456473673994832
1190	2.2456473673994832
1191	2.2456473673994832
1192	2.2456473673994832
1193	2.008268225173821
1194	2.008268225173821
1195	2.008268225173821
1196	2.008268225173821
1197	2.008268225173821
1198	1.9945794744047765
1199	1.9945794744047765
1200	1.9945794744047765
1201	1.9945794744047765
1202	1.9945794744047765
1203	2.1538538904519204
1204	2.1538538904519204
1205	2.1538538904519204
1206	2.1538538904519204
1207	2.1538538904519204
1208	1.3257024936055866
1209	1.3257024936055866
1210	1.3257024936055866
1211	1.3257024936055866
1212	1.3257024936055866
1213	2.1861144154279604
1214	2.1861144154279604
1215	2.1861144154279604
1216	2.1861144154279604
1217	2.1861144154279604
1218	2.1293034036570884
1219	2.1293034036570884
1220	2.1293034036570884
1221	2.1293034036570884
1222	2.1293034036570884
1223	2.229745618644302
1224	3.575739990963277
1225	3.575739990963277
1226	3.575739990963277
1227	3.575739990963277
1228	3.575739990963277
1229	2.1473727057940604
1230	2.1473727057940604
1231	2.1473727057940604
1232	2.1473727057940604
1233	2.1473727057940604
1234	2.3656736478813642
1235	2.3656736478813642
1236	2.3656736478813642
1237	2.3656736478813642
1238	2.3656736478813642
1239	2.610698492494219
1240	2.610698492494219
1241	2.610698492494219
1242	2.610698492494219
1243	2.610698492494219
1244	2.356784971606696
1245	2.356784971606696
1246	2.356784971606696
1247	2.356784971606696
1248	2.356784971606696
1249	2.8807628171865294
1250	2.8807628171865294
1251	2.8807628171865294
1252	2.8807628171865294
1253	2.8807628171865294
1254	3.580565080069719
1255	3.580565080069719
1256	3.580565080069719
1257	3.580565080069719
1258	3.580565080069719
1259	4.714919642803795
1260	4.714919642803795
1261	4.714919642803795
1262	4.714919642803795
1263	0.9702835679515717
1264	0.9702835679515717
1265	0.9702835679515717
1266	0.9702835679515717
1267	0.9702835679515717
1268	1.2509326696275234
1269	1.2509326696275234
1270	1.2509326696275234
1271	1.2509326696275234
1272	1.2509326696275234
1273	1.1167406207570942
1274	1.1167406207570942
1275	1.1167406207570942
1276	1.1167406207570942
1277	1.1167406207570942
1278	1.4756326283578585
1279	1.4756326283578585
1280	1.4756326283578585
1281	1.4756326283578585
1282	1.4756326283578585
1283	1.1094067976135338
1284	1.1094067976135338
1285	1.1094067976135338
1286	1.1094067976135338
1287	1.1094067976135338
1288	1.077771570654987
1289	1.077771570654987
1290	1.077771570654987
1291	1.077771570654987
1292	1.077771570654987
1293	1.4867066602231613
1294	0.21089346604422543
1295	0.21089346604422543
1296	0.21089346604422543
1297	0.21089346604422543
1298	0.21089346604422543
1299	0.25375044125481383
1300	0.25375044125481383
1301	0.25375044125481383
1302	3.3076008145778966
1303	3.3076008145778966
1304	3.3076008145778966
1305	3.3076008145778966
1306	3.3076008145778966
1307	2.5871373882092024
1308	2.5871373882092024
1309	2.5871373882092024
1310	2.5871373882092024
1311	2.5871373882092024
1312	3.0095841539010855
1313	3.0095841539010855
1314	3.0095841539010855
1315	3.0095841539010855
1316	3.0095841539010855
1317	2.7478487857082
1318	2.7478487857082
1319	2.7478487857082
1320	2.7478487857082
1321	2.7478487857082
1322	2.82514936698685
1323	2.82514936698685
1324	2.82514936698685
1325	2.82514936698685
1326	2.82514936698685
1327	1.840158371500359
1328	1.840158371500359
1329	1.840158371500359
1330	1.840158371500359
1331	1.840158371500359
1332	1.8474479194990996
1333	1.8474479194990996
1334	1.8474479194990996
1335	1.8474479194990996
1336	1.8474479194990996
1337	2.8568925617507523
1338	2.8568925617507523
1339	2.8568925617507523
1340	2.8568925617507523
1341	2.8568925617507523
1342	3.707027279666275
1343	3.707027279666275
1344	3.707027279666275
1345	3.707027279666275
1346	3.707027279666275
1347	3.7477763932521553
1348	3.7477763932521553
1349	3.7477763932521553
1350	3.7477763932521553
1351	3.7477763932521553
1352	1.6446783855444969
1353	1.6446783855444969
1354	1.6446783855444969
1355	1.6446783855444969
1356	1.6446783855444969
1357	2.3325418747077307
1358	2.3325418747077307
1359	2.3325418747077307
1360	2.3325418747077307
1361	2.3325418747077307
1362	3.4488996203248954
1363	3.4488996203248954
1364	3.4488996203248954
1365	3.4488996203248954
1366	3.4488996203248954
1367	3.719792882572932
1368	3.719792882572932
1369	3.719792882572932
1370	3.719792882572932
1371	3.719792882572932
1372	4.860826171935425
1373	4.860826171935425
1374	4.860826171935425
1375	4.860826171935425
1376	4.860826171935425
1377	3.590876643065112
1378	3.590876643065112
1379	3.590876643065112
1380	3.590876643065112
1381	3.590876643065112
1382	1.7085072887259356
1383	1.7085072887259356
1384	1.7085072887259356
1385	1.7085072887259356
1386	1.7085072887259356
1387	3.595472926492875
1388	3.595472926492875
1389	3.595472926492875
1390	3.595472926492875
1391	3.595472926492875
1392	4.45179806651431
1393	4.45179806651431
1394	4.45179806651431
1395	4.45179806651431
1396	4.45179806651431
1397	4.102097030526748
1398	4.102097030526748
1399	4.102097030526748
1400	4.102097030526748
1401	4.102097030526748
1402	4.065106777408953
1403	4.065106777408953
1404	4.065106777408953
1405	4.065106777408953
1406	4.065106777408953
1407	2.0298262737549067
1408	2.0298262737549067
1409	2.0298262737549067
1410	2.0298262737549067
1411	2.0298262737549067
1412	2.311950481580697
1413	2.311950481580697
1414	2.311950481580697
1415	2.311950481580697
1416	2.311950481580697
1417	3.787758673122249
1418	3.787758673122249
1419	3.787758673122249
1420	3.787758673122249
1421	3.787758673122249
1422	3.1381666784153057
1423	3.1381666784153057
1424	3.1381666784153057
1425	3.1381666784153057
1426	3.1381666784153057
1427	2.885257698337103
1428	2.885257698337103
1429	2.885257698337103
1430	2.885257698337103
1431	2.885257698337103
1432	3.991600793677445
1433	3.991600793677445
1434	3.991600793677445
1435	3.991600793677445
1436	3.991600793677445
1437	4.694973321176292
1438	4.694973321176292
1439	4.694973321176292
1440	4.694973321176292
1441	4.694973321176292
1442	3.9499253925173665
1443	3.9499253925173665
1444	3.9499253925173665
1445	3.9499253925173665
1446	3.9499253925173665
1447	5.765905861420201
1448	5.765905861420201
1449	5.765905861420201
1450	5.765905861420201
1451	5.765905861420201
1452	5.032140777439375
1453	5.032140777439375
1454	5.032140777439375
1455	5.032140777439375
1456	5.032140777439375
1457	3.618266149758128
1458	3.618266149758128
1459	3.618266149758128
1460	3.618266149758128
1461	3.618266149758128
1462	3.2845630426285846
1463	3.2845630426285846
1464	3.2845630426285846
1465	3.2845630426285846
1466	3.2845630426285846
1467	3.8808190928714565
1468	3.8808190928714565
1469	3.8808190928714565
1470	3.8808190928714565
1471	3.8808190928714565
1472	4.76587254717439
1473	4.76587254717439
1474	4.76587254717439
1475	4.76587254717439
1476	4.76587254717439
1477	2.6408571926432707
1478	2.6408571926432707
1479	2.6408571926432707
1480	2.6408571926432707
1481	2.6408571926432707
1482	4.494301471634401
1483	4.494301471634401
1484	4.494301471634401
1485	4.494301471634401
1486	4.494301471634401
1487	5.117690573473249
1488	5.117690573473249
1489	5.117690573473249
1490	5.117690573473249
1491	5.117690573473249
1492	4.5172078896355705
1493	4.5172078896355705
1494	4.5172078896355705
1495	4.5172078896355705
1496	4.5172078896355705
1497	3.2341696167647633
1498	3.2341696167647633
1499	3.2341696167647633
1500	3.2341696167647633
1501	3.2341696167647633
1502	3.367894258793358
1503	3.367894258793358
1504	3.367894258793358
1505	3.367894258793358
1506	3.367894258793358
1507	3.6272971679733725
1508	3.6272971679733725
1509	3.6272971679733725
1510	3.6272971679733725
1511	3.6272971679733725
1512	2.189568323721436
1513	2.189568323721436
1514	2.189568323721436
1515	2.189568323721436
1516	2.189568323721436
1517	4.850118896979527
1518	4.850118896979527
1519	4.850118896979527
1520	4.850118896979527
1521	4.850118896979527
1522	4.966221422791024
1523	4.966221422791024
1524	4.966221422791024
1525	4.966221422791024
1526	4.966221422791024
1527	2.120875087003444
1528	2.120875087003444
1529	2.233503780205293
1530	2.233503780205293
1531	2.233503780205293
1532	2.233503780205293
1533	2.233503780205293
1534	2.0768696019230215
1535	2.0768696019230215
1536	2.0768696019230215
1537	2.0768696019230215
1538	2.0768696019230215
1539	2.4089431049955534
1540	2.4089431049955534
1541	2.4089431049955534
1542	2.4089431049955534
1543	2.4089431049955534
1544	2.353826633359189
1545	2.353826633359189
1546	2.353826633359189
1547	2.353826633359189
1548	2.353826633359189
1549	2.3900558955625684
1550	2.3900558955625684
1551	2.3900558955625684
1552	2.3900558955625684
1553	2.3900558955625684
1554	1.8105294259506783
1555	1.8105294259506783
1556	1.8105294259506783
1557	1.8105294259506783
1558	1.8105294259506783
1559	2.3709770798642524
1560	2.3709770798642524
1561	2.3709770798642524
1562	2.3709770798642524
1563	2.3709770798642524
1564	1.606436053937204
1565	1.606436053937204
1566	1.606436053937204
1567	1.606436053937204
1568	1.606436053937204
1569	2.1476091742527124
1570	2.1476091742527124
1571	2.1476091742527124
1572	2.1476091742527124
1573	2.1476091742527124
1574	2.765303398508122
1575	2.765303398508122
1576	2.765303398508122
1577	2.765303398508122
1578	2.765303398508122
1579	2.2834653094907917
1580	2.2834653094907917
1581	2.2834653094907917
1582	2.2834653094907917
1583	2.2834653094907917
1584	1.0036115268163233
1585	1.343516601952223
1586	1.343516601952223
1587	1.343516601952223
1588	1.343516601952223
1589	1.343516601952223
1590	1.3553961473253964
1591	1.3553961473253964
1592	1.3553961473253964
1593	1.3553961473253964
1594	1.3553961473253964
1595	1.2012546816851888
1596	1.2012546816851888
1597	1.2012546816851888
1598	1.2012546816851888
1599	1.2012546816851888
1600	0.7688035650548968
1601	0.7688035650548968
1602	0.7688035650548968
1603	0.7688035650548968
1604	0.7688035650548968
1605	0.6010724482181944
1606	0.6010724482181944
1607	0.6010724482181944
1608	0.6010724482181944
1609	0.6010724482181944
1610	1.250167885667424
1611	1.250167885667424
1612	1.250167885667424
1613	1.250167885667424
1614	1.250167885667424
1615	0.9928376861512443
1616	0.9928376861512443
1617	0.9928376861512443
1618	0.9928376861512443
1619	0.9928376861512443
1620	1.2917184282315526
1621	1.2917184282315526
1622	1.2917184282315526
1623	1.2917184282315526
1624	1.2917184282315526
1625	1.3318683704323517
1626	1.3318683704323517
1627	1.3318683704323517
1628	1.3318683704323517
1629	1.3318683704323517
1630	0.4008815146801633
1631	0.4008815146801633
1632	0.4008815146801633
1633	1.8148729331782363
1634	1.8148729331782363
1635	1.8148729331782363
1636	1.8148729331782363
1637	1.8148729331782363
1638	1.4574526339096239
1639	1.4574526339096239
1640	1.4574526339096239
1641	1.4574526339096239
1642	1.4574526339096239
1643	2.3339564613806054
1644	2.3339564613806054
1645	2.3339564613806054
1646	2.3339564613806054
1647	2.3339564613806054
1648	1.293032538697822
1649	1.293032538697822
1650	1.293032538697822
1651	1.293032538697822
1652	1.293032538697822
1653	0.9345141850728778
1654	0.9345141850728778
1655	0.9345141850728778
1656	0.9345141850728778
1657	0.9345141850728778
1658	1.2448963716882915
1659	1.2448963716882915
1660	1.2448963716882915
1661	1.2448963716882915
1662	1.2448963716882915
1663	2.0053081307085594
1664	2.0053081307085594
1665	2.0053081307085594
1666	2.0053081307085594
1667	2.0053081307085594
1668	1.3567854892889537
1669	1.3567854892889537
1670	1.3567854892889537
1671	1.3567854892889537
1672	1.3567854892889537
1673	1.485208112810634
1674	1.485208112810634
1675	1.485208112810634
1676	1.485208112810634
1677	1.485208112810634
1678	1.9161101273760703
1679	1.9161101273760703
1680	1.9161101273760703
1681	1.9161101273760703
1682	1.9161101273760703
1683	1.8164133764025845
1684	1.8164133764025845
1685	1.8164133764025845
1686	1.8164133764025845
1687	1.8164133764025845
1688	2.4391046907412823
1689	2.4391046907412823
1690	2.4391046907412823
1691	2.4391046907412823
1692	2.4391046907412823
1693	2.0395495241374118
1694	2.0395495241374118
1695	2.0395495241374118
1696	2.0395495241374118
1697	2.0395495241374118
1698	1.5953899695652278
1699	1.5953899695652278
1700	1.5953899695652278
1701	1.5953899695652278
1702	1.5953899695652278
1703	1.3381743930478387
1704	1.3381743930478387
1705	1.3381743930478387
1706	1.3381743930478387
1707	1.3381743930478387
1708	1.884047017151024
1709	1.884047017151024
1710	1.884047017151024
1711	1.884047017151024
1712	1.884047017151024
1713	0.9873589047562363
1714	0.9873589047562363
1715	0.9873589047562363
1716	0.9873589047562363
1717	0.9873589047562363
1718	1.8286412740598914
1719	1.8286412740598914
1720	1.8286412740598914
1721	1.8286412740598914
1722	1.8286412740598914
1723	2.192166342611591
1724	2.192166342611591
1725	2.192166342611591
1726	2.192166342611591
1727	2.192166342611591
1728	1.6402635558818426
1729	1.6402635558818426
1730	1.6402635558818426
1731	1.6402635558818426
1732	1.6402635558818426
1733	1.8867066847824883
1734	1.8867066847824883
1735	1.8867066847824883
1736	1.8867066847824883
1737	1.8867066847824883
1738	1.9611462162067084
1739	1.9611462162067084
1740	1.9611462162067084
1741	1.9611462162067084
1742	1.9611462162067084
1743	1.173881086021542
1744	1.173881086021542
1745	1.173881086021542
1746	1.173881086021542
1747	1.173881086021542
1748	1.3725225585198033
1749	1.3725225585198033
1750	1.3725225585198033
1751	1.3725225585198033
1752	1.3725225585198033
1753	1.3459941119094454
1754	1.3459941119094454
1755	1.3459941119094454
1756	1.3459941119094454
1757	1.3459941119094454
1758	1.6221819165154125
1759	1.6221819165154125
1760	1.6221819165154125
1761	1.6221819165154125
1762	1.6221819165154125
1763	1.9957379312261687
1764	1.9957379312261687
1765	1.9957379312261687
1766	1.9957379312261687
1767	0.16373650369467665
1768	0.16373650369467665
1769	0.16373650369467665
1770	0.16373650369467665
1771	0.16373650369467665
1772	0.22141153456728133
1773	0.22141153456728133
1774	0.22141153456728133
1775	0.22141153456728133
1776	0.22141153456728133
1777	0.17469964104560534
1778	0.17469964104560534
1779	0.17469964104560534
1780	0.17469964104560534
1781	0.17469964104560534
1782	0.24274270612738214
1783	0.24274270612738214
1784	0.24274270612738214
1785	0.24274270612738214
1786	0.24274270612738214
1787	0.24214525442808854
1788	0.24214525442808854
1789	0.24214525442808854
1790	0.24214525442808854
1791	0.24214525442808854
1792	0.26475422292811246
1793	0.26475422292811246
1794	0.26475422292811246
1795	0.26475422292811246
1796	0.26475422292811246
1797	0.2625336198360682
1798	0.2625336198360682
1799	0.2625336198360682
1800	0.2625336198360682
1801	0.2625336198360682
1802	0.10827301849385584
1803	0.10827301849385584
1804	0.10827301849385584
1805	0.10827301849385584
1806	0.10827301849385584
1807	0.19801784980782866
1808	0.19801784980782866
1809	0.19801784980782866
1810	0.19801784980782866
1811	0.19801784980782866
1812	0.20736840099576215
1813	0.20736840099576215
1814	0.20736840099576215
1815	0.20736840099576215
1816	0.20736840099576215
1817	0.29100324307760794
1818	0.29100324307760794
1819	0.29100324307760794
1820	0.29100324307760794
1821	0.29100324307760794
1822	0.2308091098664404
1823	0.2308091098664404
1824	0.2308091098664404
1825	0.2308091098664404
1826	0.2308091098664404
1827	0.19305084795018304
1828	0.19305084795018304
1829	0.19305084795018304
1830	0.19305084795018304
1831	0.19305084795018304
1832	0.19984899516209606
1833	0.19984899516209606
1834	0.19984899516209606
1835	0.19984899516209606
1836	0.19984899516209606
1837	0.2678863046061988
1838	0.2678863046061988
1839	0.2678863046061988
1840	0.2678863046061988
1841	0.2678863046061988
1842	0.21778116730202735
1843	0.21778116730202735
1844	0.21778116730202735
1845	0.21778116730202735
1846	0.21778116730202735
1847	0.15683692945996708
1848	0.15683692945996708
1849	0.15683692945996708
1850	0.15683692945996708
1851	0.15683692945996708
1852	0.10430045569750429
1853	0.10430045569750429
1854	0.10430045569750429
1855	0.10430045569750429
1856	0.10430045569750429
1857	0.10896480733286223
1858	0.10896480733286223
1859	0.10896480733286223
1860	0.10896480733286223
1861	0.10896480733286223
1862	0.20559740763763237
1863	0.20559740763763237
1864	0.20559740763763237
1865	0.20559740763763237
1866	1.82395640128535
1867	1.82395640128535
1868	1.82395640128535
1869	1.82395640128535
1870	1.82395640128535
1871	1.8216350270462338
1872	1.8216350270462338
1873	1.8216350270462338
1874	1.8216350270462338
1875	1.8216350270462338
1876	1.370306250756997
1877	1.370306250756997
1878	1.370306250756997
1879	1.370306250756997
1880	1.370306250756997
1881	2.229100983876257
1882	2.229100983876257
1883	2.229100983876257
1884	2.229100983876257
1885	2.229100983876257
1886	2.3498265272534016
1887	2.3498265272534016
1888	2.3498265272534016
1889	2.3498265272534016
1890	2.3498265272534016
1891	1.1110752985407362
1892	1.1110752985407362
1893	1.1110752985407362
1894	1.1110752985407362
1895	1.1110752985407362
1896	2.0486818205175132
1897	2.0486818205175132
1898	2.0486818205175132
1899	2.0486818205175132
1900	2.0486818205175132
1901	1.8616316509035036
1902	1.8616316509035036
1903	1.8616316509035036
1904	1.8616316509035036
1905	1.8616316509035036
1906	1.6643599288677193
1907	1.6643599288677193
1908	1.6643599288677193
1909	1.6643599288677193
1910	1.6643599288677193
1911	2.0887002627255553
1912	2.0887002627255553
1913	2.0887002627255553
1914	2.0887002627255553
1915	2.0887002627255553
1916	2.6498246513167074
1917	2.6498246513167074
1918	2.6498246513167074
1919	2.6498246513167074
1920	2.6498246513167074
1921	2.2775330330782046
1922	2.2775330330782046
1923	2.2775330330782046
1924	2.2775330330782046
1925	2.2775330330782046
1926	2.8293839022671654
1927	2.8293839022671654
1928	2.8293839022671654
1929	2.8293839022671654
1930	2.8293839022671654
1931	1.8801395135151473
1932	1.8801395135151473
1933	0.8234319835295809
1934	0.8234319835295809
1935	0.8234319835295809
1936	1.4843343724600355
1937	1.4843343724600355
1938	1.4843343724600355
1939	1.4843343724600355
1940	1.4843343724600355
1941	2.4347218825349
1942	2.4347218825349
1943	2.4347218825349
1944	2.4347218825349
1945	2.4347218825349
1946	1.0700323772015645
1947	1.0700323772015645
1948	1.0700323772015645
1949	1.0700323772015645
1950	1.0700323772015645
1951	1.6630299720798425
1952	1.6630299720798425
1953	1.6630299720798425
1954	1.6630299720798425
1955	1.6630299720798425
1956	2.143055490158173
1957	2.143055490158173
1958	2.143055490158173
1959	2.143055490158173
1960	2.143055490158173
1961	2.425695339253698
1962	2.425695339253698
1963	2.425695339253698
1964	2.425695339253698
1965	2.425695339253698
1966	1.4348887132937294
1967	1.4348887132937294
1968	1.4348887132937294
1969	1.4348887132937294
1970	1.4348887132937294
1971	1.7740167972653567
1972	1.7740167972653567
1973	1.7740167972653567
1974	1.7740167972653567
1975	1.7740167972653567
1976	1.5025445818656538
1977	1.5025445818656538
1978	1.5025445818656538
1979	1.5025445818656538
1980	1.5025445818656538
1981	1.343650658504564
1982	1.343650658504564
1983	1.343650658504564
1984	1.343650658504564
1985	1.343650658504564
1986	1.5841134011629603
1987	1.5841134011629603
1988	1.5841134011629603
1989	1.5841134011629603
1990	1.5841134011629603
1991	1.7214041387678034
1992	1.7214041387678034
1993	1.7214041387678034
1994	1.7214041387678034
1995	1.7214041387678034
1996	1.979620809141455
1997	1.979620809141455
1998	1.979620809141455
1999	1.979620809141455
