0	3.678243100838227
1	3.678243100838227
2	3.678243100838227
3	3.678243100838227
4	3.5396494914126
5	3.5396494914126
6	1.8050432162248657
7	1.8050432162248657
8	1.8050432162248657
9	1.8050432162248657
10	1.7924232837743288
11	1.7924232837743288
12	1.7924232837743288
13	1.7924232837743288
14	1.5882185762375087
15	1.5882185762375087
16	1.5882185762375087
17	1.5882185762375087
18	1.7360199912174148
19	1.7360199912174148
20	1.7360199912174148
21	1.7360199912174148
22	1.3884401894655638
23	1.3884401894655638
24	1.3884401894655638
25	1.3884401894655638
26	1.388926112712722
27	1.388926112712722
28	1.388926112712722
29	1.388926112712722
30	1.464939503231193
31	1.464939503231193
32	1.464939503231193
33	1.464939503231193
34	1.7386886299975453
35	1.7386886299975453
36	1.7386886299975453
37	1.7386886299975453
38	1.2136977958709545
39	1.2136977958709545
40	1.2136977958709545
41	1.2136977958709545
42	1.8665545102982555
43	1.8665545102982555
44	1.8665545102982555
45	1.8665545102982555
46	1.6266235114093253
47	1.6266235114093253
48	1.6266235114093253
49	1.6266235114093253
50	1.575239287314892
51	1.575239287314892
52	1.575239287314892
53	1.575239287314892
54	0.20215819455687278
55	0.20215819455687278
56	0.20215819455687278
57	0.20215819455687278
58	0.5386128750520781
59	0.5386128750520781
60	0.5386128750520781
61	0.5386128750520781
62	0.6462448829764571
63	0.6462448829764571
64	0.6462448829764571
65	0.6462448829764571
66	0.7452067233747232
67	0.7452067233747232
68	0.7452067233747232
69	0.7452067233747232
70	0.5139912016075681
71	0.5139912016075681
72	0.5139912016075681
73	0.5139912016075681
74	0.6761283339100925
75	0.6761283339100925
76	0.6761283339100925
77	0.6761283339100925
78	0.5442978370482188
79	0.5442978370482188
80	0.5442978370482188
81	0.5442978370482188
82	0.5326446830181704
83	0.5326446830181704
84	0.5326446830181704
85	0.5326446830181704
86	0.552796620311744
87	0.552796620311744
88	0.552796620311744
89	0.552796620311744
90	0.6258710771265367
91	0.6258710771265367
92	0.6258710771265367
93	0.6258710771265367
94	0.6586708157339177
95	0.6586708157339177
96	0.6586708157339177
97	0.6586708157339177
98	0.6270345863880413
99	0.6270345863880413
100	0.6270345863880413
101	0.6270345863880413
102	0.8271938159333714
103	0.8271938159333714
104	0.8271938159333714
105	0.8271938159333714
106	0.6836190837838872
107	0.6836190837838872
108	0.6836190837838872
109	0.6836190837838872
110	0.5568594954108259
111	0.5568594954108259
112	0.5568594954108259
113	0.5568594954108259
114	0.6470675170466575
115	0.6470675170466575
116	0.6470675170466575
117	0.6470675170466575
118	0.5760873292264624
119	0.5760873292264624
120	0.5760873292264624
121	0.5760873292264624
122	0.5663766550864765
123	0.5663766550864765
124	0.5663766550864765
125	0.5663766550864765
126	0.6461969426241448
127	0.6461969426241448
128	0.6461969426241448
129	0.6461969426241448
130	0.7785010407605248
131	0.7785010407605248
132	0.7785010407605248
133	0.7785010407605248
134	0.8392137588469021
135	0.8392137588469021
136	0.8392137588469021
137	0.8392137588469021
138	0.6493907767155672
139	0.6493907767155672
140	0.6493907767155672
141	0.6493907767155672
142	0.7002037769436492
143	0.7002037769436492
144	0.7002037769436492
145	0.7002037769436492
146	0.6761896967314255
147	0.6761896967314255
148	0.6761896967314255
149	0.6761896967314255
150	0.601532709197137
151	0.601532709197137
152	0.601532709197137
153	0.601532709197137
154	0.58992557728074
155	0.58992557728074
156	0.58992557728074
157	0.58992557728074
158	0.7256224488122713
159	0.7256224488122713
160	0.7256224488122713
161	0.7256224488122713
162	0.5694902544182746
163	0.5694902544182746
164	0.5694902544182746
165	0.5694902544182746
166	0.46765309524375154
167	0.46765309524375154
168	0.46765309524375154
169	0.46765309524375154
170	0.677148954521354
171	0.677148954521354
172	0.677148954521354
173	0.677148954521354
174	0.5803702219415866
175	0.5803702219415866
176	0.5803702219415866
177	1.1059397026662687
178	1.1059397026662687
179	1.1059397026662687
180	1.1059397026662687
181	0.9470738279118697
182	0.9470738279118697
183	0.9470738279118697
184	0.9470738279118697
185	1.4040825214616979
186	1.4040825214616979
187	1.8127853129539777
188	1.8127853129539777
189	1.8127853129539777
190	1.8127853129539777
191	1.790245478299006
192	1.790245478299006
193	1.790245478299006
194	1.790245478299006
195	2.236127689389316
196	2.236127689389316
197	2.236127689389316
198	2.236127689389316
199	2.672455601871102
200	2.672455601871102
201	2.672455601871102
202	2.672455601871102
203	2.559971964188737
204	2.559971964188737
205	2.559971964188737
206	2.559971964188737
207	2.920606321739635
208	2.920606321739635
209	2.920606321739635
210	2.920606321739635
211	2.4268458329394273
212	2.4268458329394273
213	2.4268458329394273
214	2.4268458329394273
215	2.5740758747611125
216	2.5740758747611125
217	2.5740758747611125
218	2.5740758747611125
219	2.207166167917799
220	2.207166167917799
221	2.207166167917799
222	2.207166167917799
223	2.702801338330678
224	2.702801338330678
225	2.702801338330678
226	2.702801338330678
227	2.37371113805557
228	2.37371113805557
229	2.37371113805557
230	2.37371113805557
231	3.1857163469322134
232	3.1857163469322134
233	3.1857163469322134
234	3.1857163469322134
235	2.3112247855492116
236	2.3112247855492116
237	2.3112247855492116
238	2.3112247855492116
239	2.2688606960317546
240	2.2688606960317546
241	2.2688606960317546
242	2.2688606960317546
243	1.992232264475472
244	1.992232264475472
245	1.992232264475472
246	1.992232264475472
247	2.3581456447885496
248	2.3581456447885496
249	2.3581456447885496
250	2.3581456447885496
251	2.599122583164746
252	2.599122583164746
253	2.599122583164746
254	2.599122583164746
255	2.1843311276840964
256	2.1843311276840964
257	2.1843311276840964
258	2.1843311276840964
259	2.8549803072151168
260	2.8549803072151168
261	2.8549803072151168
262	2.8549803072151168
263	2.467621842778838
264	2.467621842778838
265	2.467621842778838
266	2.467621842778838
267	2.8595274943644897
268	2.8595274943644897
269	2.8595274943644897
270	2.8595274943644897
271	2.7098232222101566
272	2.7098232222101566
273	2.7098232222101566
274	2.7098232222101566
275	2.3250969043202137
276	2.3250969043202137
277	2.3250969043202137
278	2.3250969043202137
279	2.525566431520642
280	2.525566431520642
281	2.525566431520642
282	2.525566431520642
283	2.1371574264505124
284	2.1371574264505124
285	2.1371574264505124
286	3.053206168617979
287	3.053206168617979
288	3.053206168617979
289	3.053206168617979
290	3.212925602681859
291	3.212925602681859
292	3.212925602681859
293	3.212925602681859
294	2.3687074988693464
295	2.3687074988693464
296	2.3687074988693464
297	2.3687074988693464
298	2.771681820142841
299	2.771681820142841
300	2.771681820142841
301	2.771681820142841
302	2.3054918303777434
303	2.3054918303777434
304	0.48706767311615273
305	0.48706767311615273
306	0.48706767311615273
307	0.48706767311615273
308	0.758857736697286
309	0.758857736697286
310	0.758857736697286
311	0.758857736697286
312	0.6528720493340197
313	0.6528720493340197
314	0.6528720493340197
315	0.6528720493340197
316	0.6206147560967159
317	0.6206147560967159
318	0.6206147560967159
319	2.5767731045869438
320	2.5767731045869438
321	2.5767731045869438
322	2.5767731045869438
323	3.0686619164167506
324	3.0686619164167506
325	3.0686619164167506
326	3.0686619164167506
327	2.8543611627135794
328	2.8543611627135794
329	2.8543611627135794
330	2.8543611627135794
331	2.701318100341162
332	2.701318100341162
333	2.701318100341162
334	2.701318100341162
335	3.1105492150109155
336	3.1105492150109155
337	3.1105492150109155
338	3.1105492150109155
339	3.170053645001058
340	3.170053645001058
341	3.170053645001058
342	3.170053645001058
343	3.383671814179046
344	3.383671814179046
345	3.383671814179046
346	3.383671814179046
347	2.654586831563686
348	2.654586831563686
349	2.654586831563686
350	2.654586831563686
351	2.824247186550397
352	2.824247186550397
353	2.824247186550397
354	2.824247186550397
355	2.6858400228926236
356	2.6858400228926236
357	2.6858400228926236
358	2.6858400228926236
359	3.2759410838062752
360	3.2759410838062752
361	3.2759410838062752
362	3.2759410838062752
363	2.9953785665064125
364	2.9953785665064125
365	2.9953785665064125
366	2.9953785665064125
367	3.0080629693349974
368	3.0080629693349974
369	3.0080629693349974
370	3.0080629693349974
371	2.8311570316197803
372	2.8311570316197803
373	2.8311570316197803
374	2.8311570316197803
375	2.7537192402709603
376	2.7537192402709603
377	2.7537192402709603
378	2.7537192402709603
379	2.5886637823241276
380	0.6341148414855456
381	0.6341148414855456
382	0.6341148414855456
383	0.6341148414855456
384	0.6191964927392669
385	0.6191964927392669
386	0.6191964927392669
387	0.6191964927392669
388	0.6751403092693381
389	0.6751403092693381
390	0.6751403092693381
391	0.6751403092693381
392	0.6093310415078408
393	0.6093310415078408
394	0.6093310415078408
395	0.6093310415078408
396	0.7236229630053378
397	0.7236229630053378
398	2.811748079879883
399	2.811748079879883
400	2.811748079879883
401	2.811748079879883
402	2.5991648138764143
403	2.5991648138764143
404	2.5991648138764143
405	2.5991648138764143
406	3.1579675530228983
407	3.1579675530228983
408	3.1579675530228983
409	3.1579675530228983
410	2.0684465790048874
411	2.0684465790048874
412	2.0684465790048874
413	2.0684465790048874
414	2.7037085053946486
415	2.7037085053946486
416	2.7037085053946486
417	2.7037085053946486
418	2.7023898667176014
419	2.7023898667176014
420	2.7023898667176014
421	2.7023898667176014
422	3.1544049432725902
423	3.1544049432725902
424	3.1544049432725902
425	3.1544049432725902
426	2.788785380771799
427	2.788785380771799
428	2.788785380771799
429	2.788785380771799
430	3.05441063091544
431	3.05441063091544
432	3.05441063091544
433	3.05441063091544
434	3.263100021961424
435	3.263100021961424
436	3.263100021961424
437	3.263100021961424
438	2.8274270395622416
439	2.8274270395622416
440	2.8274270395622416
441	2.8274270395622416
442	3.2649614845237633
443	3.2649614845237633
444	3.2649614845237633
445	2.723629668837592
446	2.723629668837592
447	2.723629668837592
448	2.723629668837592
449	2.30982151557642
450	2.30982151557642
451	2.30982151557642
452	2.30982151557642
453	2.3321326935034294
454	2.3321326935034294
455	2.3321326935034294
456	2.3321326935034294
457	2.749427731824709
458	2.749427731824709
459	2.749427731824709
460	2.749427731824709
461	2.309596490190887
462	2.309596490190887
463	2.309596490190887
464	2.309596490190887
465	2.70180253536064
466	2.70180253536064
467	2.70180253536064
468	2.70180253536064
469	2.575623415526845
470	2.575623415526845
471	2.575623415526845
472	2.575623415526845
473	2.2099515983962488
474	2.2099515983962488
475	2.2099515983962488
476	2.2099515983962488
477	2.434335232722039
478	2.434335232722039
479	2.434335232722039
480	2.434335232722039
481	2.487867259941256
482	2.487867259941256
483	2.487867259941256
484	2.487867259941256
485	2.8282956195714686
486	2.8282956195714686
487	2.8282956195714686
488	2.8282956195714686
489	1.8894994791783057
490	4.224428591738191
491	4.224428591738191
492	1.0748271464988715
493	1.0748271464988715
494	1.0748271464988715
495	1.0748271464988715
496	1.065559541559629
497	1.065559541559629
498	1.065559541559629
499	1.065559541559629
500	1.0276223847857735
501	1.0276223847857735
502	1.0276223847857735
503	1.0276223847857735
504	1.0206021981916473
505	1.0206021981916473
506	1.0206021981916473
507	1.0206021981916473
508	3.02838038554509
509	3.02838038554509
510	3.02838038554509
511	3.02838038554509
512	2.6010475021336994
513	2.6010475021336994
514	2.6010475021336994
515	2.6010475021336994
516	2.8528020595710073
517	2.8528020595710073
518	2.8528020595710073
519	2.8528020595710073
520	2.968578411826432
521	2.968578411826432
522	2.968578411826432
523	2.968578411826432
524	2.9703850866502846
525	2.9703850866502846
526	2.9703850866502846
527	2.9703850866502846
528	3.0716710626311396
529	3.0716710626311396
530	3.0716710626311396
531	3.0716710626311396
532	2.907747215210047
533	2.907747215210047
534	2.907747215210047
535	2.907747215210047
536	3.4091953642377004
537	3.4091953642377004
538	3.4091953642377004
539	3.4091953642377004
540	2.6394918264844396
541	2.6394918264844396
542	2.6394918264844396
543	2.6394918264844396
544	3.083531550412085
545	3.083531550412085
546	3.083531550412085
547	3.083531550412085
548	2.9411024307687934
549	2.9411024307687934
550	2.9411024307687934
551	2.9411024307687934
552	2.2261196713302085
553	2.2261196713302085
554	2.2261196713302085
555	2.2261196713302085
556	2.9879070081595036
557	2.9879070081595036
558	2.9879070081595036
559	2.9879070081595036
560	3.173238075269342
561	3.173238075269342
562	3.173238075269342
563	3.173238075269342
564	3.2242648323286085
565	3.2242648323286085
566	3.2242648323286085
567	3.2242648323286085
568	2.7792623438591075
569	2.7792623438591075
570	2.7792623438591075
571	2.7792623438591075
572	3.2190860443697313
573	3.2190860443697313
574	3.2190860443697313
575	3.2190860443697313
576	3.335218814481511
577	3.335218814481511
578	3.335218814481511
579	3.335218814481511
580	3.098005499786485
581	3.098005499786485
582	3.098005499786485
583	3.098005499786485
584	2.9150076072767193
585	2.9150076072767193
586	2.9150076072767193
587	2.9150076072767193
588	3.1052977002652375
589	3.1052977002652375
590	3.1052977002652375
591	3.1052977002652375
592	2.0328440808664334
593	2.0328440808664334
594	2.0328440808664334
595	2.0328440808664334
596	2.756846429274771
597	2.756846429274771
598	2.756846429274771
599	2.756846429274771
600	3.450628313513406
601	3.450628313513406
602	3.450628313513406
603	3.450628313513406
604	2.675753261329038
605	2.675753261329038
606	2.675753261329038
607	2.675753261329038
608	3.236619572692422
609	3.236619572692422
610	3.8016003519988955
611	3.8016003519988955
612	3.8016003519988955
613	3.8016003519988955
614	4.333754800800174
615	4.333754800800174
616	4.333754800800174
617	4.333754800800174
618	4.024927397254511
619	4.024927397254511
620	4.024927397254511
621	4.024927397254511
622	4.167290920561729
623	4.167290920561729
624	4.167290920561729
625	4.167290920561729
626	3.886995454882127
627	3.886995454882127
628	3.886995454882127
629	3.886995454882127
630	3.7942602395612304
631	3.7942602395612304
632	3.7942602395612304
633	3.7942602395612304
634	4.375396470930854
635	4.375396470930854
636	4.375396470930854
637	4.375396470930854
638	4.035536875564298
639	4.035536875564298
640	4.035536875564298
641	4.035536875564298
642	3.660965688968259
643	3.660965688968259
644	3.660965688968259
645	3.660965688968259
646	3.590378516402934
647	3.590378516402934
648	3.590378516402934
649	0.908506756744119
650	0.908506756744119
651	0.908506756744119
652	0.908506756744119
653	1.2837959143207622
654	1.2837959143207622
655	1.2837959143207622
656	1.2837959143207622
657	1.1581869486431502
658	1.1581869486431502
659	1.1581869486431502
660	1.1581869486431502
661	1.1812309714775546
662	1.1812309714775546
663	1.1812309714775546
664	1.1812309714775546
665	1.2179171062604304
666	1.2179171062604304
667	1.2179171062604304
668	1.2179171062604304
669	1.0634650451396774
670	1.0634650451396774
671	1.0634650451396774
672	1.0634650451396774
673	1.2707250782937753
674	1.2707250782937753
675	1.2707250782937753
676	1.2707250782937753
677	1.2472196122236312
678	1.2472196122236312
679	1.2472196122236312
680	1.2472196122236312
681	1.2856319498832753
682	1.2856319498832753
683	1.2856319498832753
684	1.2856319498832753
685	1.1859744569224546
686	1.1859744569224546
687	1.1859744569224546
688	1.1859744569224546
689	1.1911685171579771
690	1.1911685171579771
691	3.364588235457082
692	3.364588235457082
693	3.364588235457082
694	3.364588235457082
695	3.6330221804589153
696	3.6330221804589153
697	3.6330221804589153
698	3.6330221804589153
699	3.9294345613383967
700	3.9294345613383967
701	3.9294345613383967
702	3.9294345613383967
703	3.2640681878347166
704	3.2640681878347166
705	3.2640681878347166
706	3.2640681878347166
707	3.403648484988539
708	3.403648484988539
709	3.403648484988539
710	3.403648484988539
711	3.371424062422183
712	3.371424062422183
713	3.371424062422183
714	3.371424062422183
715	3.1517645995652663
716	3.1517645995652663
717	3.1517645995652663
718	3.1517645995652663
719	3.6755904755722515
720	3.6755904755722515
721	3.6755904755722515
722	3.6755904755722515
723	3.358645922134662
724	3.358645922134662
725	3.358645922134662
726	3.358645922134662
727	3.77256652578188
728	3.77256652578188
729	3.77256652578188
730	3.77256652578188
731	3.6719798712114287
732	3.6719798712114287
733	3.6719798712114287
734	3.6719798712114287
735	3.0906443975832403
736	3.0906443975832403
737	3.0906443975832403
738	3.0906443975832403
739	4.081283072758233
740	4.081283072758233
741	4.081283072758233
742	4.081283072758233
743	3.6601828707837774
744	3.6601828707837774
745	3.6601828707837774
746	3.6601828707837774
747	3.6782287282048447
748	3.6782287282048447
749	3.6782287282048447
750	3.6782287282048447
751	2.977102406953783
752	2.977102406953783
753	2.977102406953783
754	2.977102406953783
755	3.320427282641246
756	3.320427282641246
757	3.320427282641246
758	3.320427282641246
759	2.77811925465653
760	2.77811925465653
761	2.77811925465653
762	2.77811925465653
763	3.5429281091055516
764	3.5429281091055516
765	3.5429281091055516
766	3.5429281091055516
767	3.463203973102224
768	3.463203973102224
769	3.463203973102224
770	3.463203973102224
771	3.52932688379715
772	3.52932688379715
773	3.52932688379715
774	3.52932688379715
775	3.762583645063956
776	3.762583645063956
777	3.762583645063956
778	3.762583645063956
779	3.586686579295895
780	3.586686579295895
781	3.586686579295895
782	3.586686579295895
783	2.8625900109924274
784	2.8625900109924274
785	2.8625900109924274
786	2.8625900109924274
787	3.143669796746066
788	3.143669796746066
789	3.143669796746066
790	3.143669796746066
791	3.1324242753660982
792	3.1324242753660982
793	3.1324242753660982
794	3.1324242753660982
795	2.638632902297296
796	2.638632902297296
797	2.638632902297296
798	2.638632902297296
799	3.855920363417084
800	3.855920363417084
801	3.855920363417084
802	3.855920363417084
803	1.5530015998222106
804	1.5530015998222106
805	1.5530015998222106
806	1.5530015998222106
807	1.4176310768906468
808	1.4176310768906468
809	1.4176310768906468
810	1.4176310768906468
811	1.2830318335247537
812	1.2830318335247537
813	1.2830318335247537
814	1.2830318335247537
815	1.5732925882973408
816	1.5732925882973408
817	1.5732925882973408
818	1.5732925882973408
819	1.7261728783742725
820	1.7261728783742725
821	1.7261728783742725
822	1.7261728783742725
823	1.4165961752883813
824	1.4165961752883813
825	1.4165961752883813
826	1.4165961752883813
827	1.4678810628920744
828	1.4678810628920744
829	1.4678810628920744
830	1.4678810628920744
831	1.6127004129577365
832	1.6127004129577365
833	1.6127004129577365
834	1.6127004129577365
835	1.6406042087602315
836	1.6406042087602315
837	1.6406042087602315
838	1.6406042087602315
839	1.7301732553908777
840	3.7932117338084157
841	3.7932117338084157
842	3.7932117338084157
843	3.7932117338084157
844	3.1202658743586453
845	3.1202658743586453
846	3.1202658743586453
847	3.1202658743586453
848	3.4018718336290434
849	3.4018718336290434
850	3.4018718336290434
851	3.4018718336290434
852	4.137050718662633
853	4.137050718662633
854	4.137050718662633
855	4.137050718662633
856	3.3723708293424997
857	3.3723708293424997
858	3.3723708293424997
859	3.3723708293424997
860	3.4154642302396034
861	3.4154642302396034
862	3.4154642302396034
863	3.4154642302396034
864	3.184363859645651
865	3.184363859645651
866	3.184363859645651
867	3.184363859645651
868	4.557714479235742
869	4.557714479235742
870	4.557714479235742
871	4.557714479235742
872	2.985090567155261
873	0.6676262265393291
874	0.6676262265393291
875	0.6676262265393291
876	0.6676262265393291
877	0.5609694452183472
878	0.5609694452183472
879	0.5609694452183472
880	0.5609694452183472
881	0.6756580377929728
882	0.6756580377929728
883	2.9116102538643456
884	2.9116102538643456
885	0.6719639628340427
886	3.0424362171436217
887	3.0424362171436217
888	3.0424362171436217
889	3.0424362171436217
890	4.5205692483504185
891	4.5205692483504185
892	4.5205692483504185
893	4.5205692483504185
894	4.2115483305920955
895	4.2115483305920955
896	4.2115483305920955
897	4.2115483305920955
898	3.619809753157783
899	3.619809753157783
900	3.619809753157783
901	3.619809753157783
902	3.94902237573561
903	3.94902237573561
904	3.94902237573561
905	3.94902237573561
906	3.585993909270762
907	3.585993909270762
908	3.585993909270762
909	3.585993909270762
910	3.6850465158245465
911	3.6850465158245465
912	3.6850465158245465
913	3.6850465158245465
914	3.622278556942666
915	3.622278556942666
916	3.622278556942666
917	3.622278556942666
918	4.408028787469949
919	4.408028787469949
920	4.408028787469949
921	4.408028787469949
922	4.5553591956166315
923	4.5553591956166315
924	4.5553591956166315
925	4.5553591956166315
926	2.783227423411531
927	2.783227423411531
928	2.783227423411531
929	2.783227423411531
930	4.138689131401499
931	4.138689131401499
932	4.138689131401499
933	4.138689131401499
934	3.570848040306434
935	3.570848040306434
936	3.570848040306434
937	3.570848040306434
938	4.173036112617467
939	4.173036112617467
940	4.173036112617467
941	4.173036112617467
942	4.013662510340108
943	4.013662510340108
944	4.013662510340108
945	4.013662510340108
946	3.97613304295025
947	3.97613304295025
948	3.97613304295025
949	3.97613304295025
950	3.978041379688804
951	3.978041379688804
952	3.978041379688804
953	3.978041379688804
954	4.13941774665614
955	4.13941774665614
956	4.13941774665614
957	4.13941774665614
958	4.448767919565945
959	4.448767919565945
960	4.448767919565945
961	1.681878790707089
962	1.681878790707089
963	1.681878790707089
964	1.681878790707089
965	1.2454430218985046
966	1.2454430218985046
967	1.2454430218985046
968	1.2454430218985046
969	1.7482165159102583
970	1.7482165159102583
971	1.7482165159102583
972	1.7482165159102583
973	1.4429328823598209
974	1.4429328823598209
975	1.4429328823598209
976	1.4429328823598209
977	1.566509432416355
978	1.566509432416355
979	1.566509432416355
980	1.566509432416355
981	1.307859878042036
982	1.307859878042036
983	1.307859878042036
984	1.307859878042036
985	1.707341105357047
986	1.707341105357047
987	1.707341105357047
988	1.707341105357047
989	1.585381897601358
990	1.585381897601358
991	1.585381897601358
992	1.585381897601358
993	1.8355040139731646
994	1.8355040139731646
995	1.8355040139731646
996	1.8355040139731646
997	1.6429707551789539
998	1.6429707551789539
999	1.6429707551789539
1000	1.6429707551789539
1001	0.6355119803071886
1002	0.6355119803071886
1003	0.6355119803071886
1004	0.6355119803071886
1005	0.6444597690837893
1006	0.6444597690837893
1007	0.6444597690837893
1008	0.6444597690837893
1009	0.7264822920923766
1010	0.7264822920923766
1011	0.7264822920923766
1012	0.7264822920923766
1013	0.5872463869336373
1014	1.6545888571012717
1015	1.6545888571012717
1016	1.6545888571012717
1017	1.6545888571012717
1018	1.8467431229024898
1019	1.8467431229024898
1020	1.8467431229024898
1021	1.8467431229024898
1022	2.0661644018506964
1023	2.0661644018506964
1024	2.0661644018506964
1025	2.0661644018506964
1026	1.933564232765506
1027	1.933564232765506
1028	1.933564232765506
1029	1.933564232765506
1030	1.8100364656756862
1031	1.8100364656756862
1032	1.8100364656756862
1033	1.8100364656756862
1034	2.058231072059587
1035	2.058231072059587
1036	2.058231072059587
1037	2.058231072059587
1038	1.630980416547091
1039	1.630980416547091
1040	1.630980416547091
1041	1.630980416547091
1042	1.6680155445115759
1043	1.6680155445115759
1044	1.6680155445115759
1045	1.6680155445115759
1046	2.005109041406228
1047	2.005109041406228
1048	2.005109041406228
1049	2.005109041406228
1050	2.142962108185093
1051	2.142962108185093
1052	2.142962108185093
1053	2.142962108185093
1054	2.2817495919641844
1055	2.2817495919641844
1056	2.2817495919641844
1057	2.2817495919641844
1058	1.9237585806448716
1059	1.9237585806448716
1060	1.9237585806448716
1061	1.9237585806448716
1062	1.7136476096694617
1063	1.7136476096694617
1064	1.7136476096694617
1065	1.7136476096694617
1066	2.3944698419513273
1067	2.3944698419513273
1068	2.3944698419513273
1069	2.3944698419513273
1070	2.101288369929333
1071	2.101288369929333
1072	2.101288369929333
1073	2.101288369929333
1074	1.9625028295436966
1075	1.9625028295436966
1076	1.9625028295436966
1077	1.9625028295436966
1078	1.9768002770700277
1079	1.9768002770700277
1080	1.9768002770700277
1081	1.9768002770700277
1082	1.8807162653859057
1083	1.8807162653859057
1084	1.8807162653859057
1085	1.8807162653859057
1086	1.814545831227518
1087	1.814545831227518
1088	1.814545831227518
1089	1.814545831227518
1090	2.0743176398310315
1091	2.0743176398310315
1092	2.0743176398310315
1093	2.0743176398310315
1094	2.056643004900962
1095	2.056643004900962
1096	2.056643004900962
1097	2.056643004900962
1098	1.6996630251573948
1099	1.6996630251573948
1100	1.6996630251573948
1101	1.6996630251573948
1102	2.0941784969388624
1103	2.0941784969388624
1104	2.0941784969388624
1105	2.0941784969388624
1106	2.0036949284808165
1107	2.0036949284808165
1108	2.0036949284808165
1109	2.0036949284808165
1110	1.865542221899191
1111	1.865542221899191
1112	1.865542221899191
1113	1.865542221899191
1114	1.997064769442507
1115	1.997064769442507
1116	1.997064769442507
1117	1.997064769442507
1118	2.639826043862444
1119	2.639826043862444
1120	2.639826043862444
1121	2.639826043862444
1122	1.6418680743100276
1123	1.6418680743100276
1124	1.6418680743100276
1125	1.6418680743100276
1126	2.3386477728368407
1127	2.3386477728368407
1128	2.3386477728368407
1129	2.3386477728368407
1130	2.3095222461082607
1131	2.3095222461082607
1132	2.3095222461082607
1133	2.3095222461082607
1134	2.0928693185256946
1135	2.0928693185256946
1136	2.0928693185256946
1137	2.0928693185256946
1138	1.6981025040488777
1139	1.6981025040488777
1140	1.6981025040488777
1141	1.6981025040488777
1142	2.175238721432652
1143	2.175238721432652
1144	2.175238721432652
1145	2.175238721432652
1146	1.7260886136464673
1147	1.7260886136464673
1148	1.7260886136464673
1149	1.7260886136464673
1150	1.9354266013714385
1151	1.9354266013714385
1152	1.9354266013714385
1153	1.9354266013714385
1154	2.0474877803244853
1155	2.0474877803244853
1156	2.0474877803244853
1157	2.0474877803244853
1158	2.291098757585501
1159	4.110440363384521
1160	4.110440363384521
1161	4.110440363384521
1162	4.110440363384521
1163	4.004817718846605
1164	4.004817718846605
1165	4.004817718846605
1166	4.004817718846605
1167	3.81942802074195
1168	3.81942802074195
1169	3.81942802074195
1170	3.81942802074195
1171	3.4769087364969344
1172	3.4769087364969344
1173	3.4769087364969344
1174	3.4769087364969344
1175	3.8994488665611438
1176	3.8994488665611438
1177	3.8994488665611438
1178	3.8994488665611438
1179	2.778419256208913
1180	2.778419256208913
1181	2.778419256208913
1182	2.778419256208913
1183	3.8841842357256566
1184	3.8841842357256566
1185	3.8841842357256566
1186	3.8841842357256566
1187	4.36061298379761
1188	4.36061298379761
1189	4.36061298379761
1190	4.36061298379761
1191	3.9753101382784153
1192	3.9753101382784153
1193	3.9753101382784153
1194	3.9753101382784153
1195	3.86636363501868
1196	3.86636363501868
1197	3.86636363501868
1198	3.86636363501868
1199	4.090689334069718
1200	4.090689334069718
1201	4.090689334069718
1202	4.090689334069718
1203	4.1248588314025465
1204	4.1248588314025465
1205	4.1248588314025465
1206	4.1248588314025465
1207	4.2128571422660155
1208	4.2128571422660155
1209	4.2128571422660155
1210	4.2128571422660155
1211	4.756630733412273
1212	4.756630733412273
1213	4.756630733412273
1214	4.756630733412273
1215	4.705110536347465
1216	4.705110536347465
1217	4.705110536347465
1218	4.705110536347465
1219	3.0555962694036576
1220	3.0555962694036576
1221	3.0555962694036576
1222	3.0555962694036576
1223	4.74255308955093
1224	4.74255308955093
1225	4.74255308955093
1226	4.74255308955093
1227	3.4714673715647586
1228	3.4714673715647586
1229	3.4714673715647586
1230	3.4714673715647586
1231	3.2704088665504147
1232	3.2704088665504147
1233	3.2704088665504147
1234	3.2704088665504147
1235	3.625302997170053
1236	3.625302997170053
1237	3.625302997170053
1238	3.625302997170053
1239	3.2245539702078694
1240	3.2245539702078694
1241	3.2245539702078694
1242	1.2686920918963664
1243	1.2686920918963664
1244	1.2686920918963664
1245	1.2686920918963664
1246	1.0357308552529565
1247	1.0357308552529565
1248	1.0357308552529565
1249	1.0357308552529565
1250	0.9993220917692806
1251	0.9993220917692806
1252	0.9993220917692806
1253	3.7582237898637176
1254	3.7582237898637176
1255	3.7582237898637176
1256	3.7582237898637176
1257	2.648749723932621
1258	2.648749723932621
1259	2.648749723932621
1260	2.648749723932621
1261	3.979237518367876
1262	3.979237518367876
1263	3.979237518367876
1264	3.979237518367876
1265	3.086692869937003
1266	3.086692869937003
1267	3.086692869937003
1268	3.086692869937003
1269	3.411529276679181
1270	3.411529276679181
1271	3.411529276679181
1272	3.411529276679181
1273	3.0652128342840173
1274	3.0652128342840173
1275	3.0652128342840173
1276	3.0652128342840173
1277	2.865910115814776
1278	2.865910115814776
1279	2.865910115814776
1280	2.865910115814776
1281	3.9678985176571584
1282	3.9678985176571584
1283	3.9678985176571584
1284	3.9678985176571584
1285	3.1830410583903084
1286	3.1830410583903084
1287	3.1830410583903084
1288	3.1830410583903084
1289	3.4874734447605773
1290	3.4874734447605773
1291	3.4874734447605773
1292	3.4874734447605773
1293	4.0919542548660655
1294	4.0919542548660655
1295	4.0919542548660655
1296	4.0919542548660655
1297	3.2185249669477605
1298	3.2185249669477605
1299	3.2185249669477605
1300	3.2185249669477605
1301	2.9708529895199316
1302	2.9708529895199316
1303	2.9708529895199316
1304	2.9708529895199316
1305	3.6468451162959643
1306	3.6468451162959643
1307	3.6468451162959643
1308	3.6468451162959643
1309	3.408228027416936
1310	3.408228027416936
1311	3.408228027416936
1312	3.408228027416936
1313	3.6948096478834582
1314	3.6948096478834582
1315	3.6948096478834582
1316	3.6948096478834582
1317	2.869362837589464
1318	2.869362837589464
1319	2.869362837589464
1320	2.869362837589464
1321	2.621601136536958
1322	2.621601136536958
1323	2.621601136536958
1324	2.621601136536958
1325	4.381105962310642
1326	4.381105962310642
1327	4.381105962310642
1328	4.381105962310642
1329	2.297419477939111
1330	2.297419477939111
1331	2.297419477939111
1332	2.297419477939111
1333	3.7348150502139994
1334	3.7348150502139994
1335	3.7348150502139994
1336	3.7348150502139994
1337	2.6507778543352196
1338	2.6507778543352196
1339	2.6507778543352196
1340	2.6507778543352196
1341	3.3620840591461993
1342	3.3620840591461993
1343	3.3620840591461993
1344	3.3620840591461993
1345	3.2540569979156833
1346	3.2540569979156833
1347	3.2540569979156833
1348	3.2540569979156833
1349	3.435686817671384
1350	3.435686817671384
1351	3.435686817671384
1352	0.7307521436625282
1353	0.7307521436625282
1354	0.7307521436625282
1355	0.7307521436625282
1356	0.6065435277864928
1357	0.6065435277864928
1358	0.6065435277864928
1359	0.6065435277864928
1360	0.7741003772964136
1361	0.7741003772964136
1362	0.7741003772964136
1363	0.7741003772964136
1364	0.6929906562199243
1365	0.6929906562199243
1366	0.6929906562199243
1367	0.6929906562199243
1368	4.175839440169297
1369	4.175839440169297
1370	4.175839440169297
1371	4.175839440169297
1372	3.7520508723801744
1373	3.7520508723801744
1374	3.7520508723801744
1375	3.7520508723801744
1376	3.407060836162022
1377	3.407060836162022
1378	3.407060836162022
1379	3.407060836162022
1380	3.973484758979936
1381	3.973484758979936
1382	3.973484758979936
1383	3.973484758979936
1384	4.504526028913102
1385	4.504526028913102
1386	4.504526028913102
1387	4.504526028913102
1388	3.6970329526343084
1389	3.6970329526343084
1390	3.6970329526343084
1391	3.6970329526343084
1392	4.949796255992547
1393	1.3116310092299444
1394	1.3116310092299444
1395	1.3116310092299444
1396	1.3116310092299444
1397	1.683714942248303
1398	1.683714942248303
1399	1.683714942248303
1400	1.683714942248303
1401	1.730282479836439
1402	1.730282479836439
1403	1.730282479836439
1404	1.730282479836439
1405	1.7216713467810032
1406	1.7216713467810032
1407	1.7216713467810032
1408	1.7216713467810032
1409	1.6770870268646663
1410	1.6770870268646663
1411	1.6770870268646663
1412	1.6770870268646663
1413	1.82514872255325
1414	1.82514872255325
1415	1.82514872255325
1416	1.82514872255325
1417	1.6828846792787175
1418	1.6828846792787175
1419	1.6828846792787175
1420	1.6828846792787175
1421	1.4820043767880182
1422	1.4820043767880182
1423	1.4820043767880182
1424	1.4820043767880182
1425	1.6085122915828123
1426	1.6085122915828123
1427	1.6085122915828123
1428	1.6085122915828123
1429	0.2149261314507321
1430	0.2149261314507321
1431	0.2149261314507321
1432	0.2149261314507321
1433	0.17889509608789422
1434	0.17889509608789422
1435	0.17889509608789422
1436	0.17889509608789422
1437	0.1277746564124021
1438	0.1277746564124021
1439	0.1277746564124021
1440	0.1277746564124021
1441	0.20128717707373098
1442	0.20128717707373098
1443	0.20128717707373098
1444	0.20128717707373098
1445	0.199605791691257
1446	0.199605791691257
1447	0.199605791691257
1448	0.199605791691257
1449	0.21769196840600752
1450	0.21769196840600752
1451	0.21769196840600752
1452	0.21769196840600752
1453	0.1592141431549612
1454	0.1592141431549612
1455	0.1592141431549612
1456	0.1592141431549612
1457	0.17015666345702227
1458	0.17015666345702227
1459	0.17015666345702227
1460	0.17015666345702227
1461	0.17521380365656342
1462	0.17521380365656342
1463	0.17521380365656342
1464	0.17521380365656342
1465	0.17021075751392423
1466	0.17021075751392423
1467	0.17021075751392423
1468	0.17021075751392423
1469	0.2229856066884484
1470	0.2229856066884484
1471	0.2229856066884484
1472	0.2229856066884484
1473	0.2365435216222851
1474	0.2365435216222851
1475	0.2365435216222851
1476	0.2365435216222851
1477	0.19633293175905428
1478	0.19633293175905428
1479	0.19633293175905428
1480	0.19633293175905428
1481	0.1882548142434169
1482	0.1882548142434169
1483	0.1882548142434169
1484	0.1882548142434169
1485	0.1988599885111425
1486	0.1988599885111425
1487	0.1988599885111425
1488	0.1988599885111425
1489	0.1847751812309073
1490	0.1847751812309073
1491	0.1847751812309073
1492	0.1847751812309073
1493	0.1898286668911982
1494	2.4234241321111027
1495	2.4234241321111027
1496	2.4234241321111027
1497	2.4234241321111027
1498	2.352572989824895
1499	2.352572989824895
1500	2.352572989824895
1501	2.352572989824895
1502	2.2197838187254
1503	2.2197838187254
1504	2.2197838187254
1505	2.2197838187254
1506	2.4311166880037716
1507	2.4311166880037716
1508	2.4311166880037716
1509	2.4311166880037716
1510	2.7183360408483352
1511	2.7183360408483352
1512	2.7183360408483352
1513	2.7183360408483352
1514	2.3065232733219707
1515	2.3065232733219707
1516	2.3065232733219707
1517	2.3065232733219707
1518	2.333688917609043
1519	2.333688917609043
1520	2.333688917609043
1521	2.333688917609043
1522	2.1120294523053387
1523	2.1120294523053387
1524	2.1120294523053387
1525	2.1120294523053387
1526	2.015264741267356
1527	2.015264741267356
1528	2.015264741267356
1529	2.015264741267356
1530	2.3514173171451067
1531	2.3514173171451067
1532	3.480774213648464
1533	3.480774213648464
1534	3.480774213648464
1535	3.480774213648464
1536	3.9366339603453637
1537	3.9366339603453637
1538	3.9366339603453637
1539	3.9366339603453637
1540	4.249969105723607
1541	4.249969105723607
1542	4.249969105723607
1543	4.249969105723607
1544	4.6103680215743434
1545	4.6103680215743434
1546	4.6103680215743434
1547	2.120839906234986
1548	2.120839906234986
1549	2.120839906234986
1550	2.120839906234986
1551	2.0952033963232024
1552	2.0952033963232024
1553	2.0952033963232024
1554	2.0952033963232024
1555	2.4490480299358794
1556	2.4490480299358794
1557	2.4490480299358794
1558	2.4490480299358794
1559	1.8863880363449805
1560	1.8863880363449805
1561	1.8863880363449805
1562	1.8863880363449805
1563	1.4510821182420988
1564	1.4510821182420988
1565	1.4510821182420988
1566	1.4510821182420988
1567	1.4017595980978212
1568	1.4017595980978212
1569	1.4017595980978212
1570	1.4017595980978212
1571	2.096721816752219
1572	2.096721816752219
1573	2.096721816752219
1574	2.096721816752219
1575	1.7556955562999679
1576	1.7556955562999679
1577	1.7556955562999679
1578	1.7556955562999679
1579	2.1339038605372864
1580	2.1339038605372864
1581	2.1339038605372864
1582	2.1339038605372864
1583	2.032301023324917
1584	2.032301023324917
1585	2.032301023324917
1586	2.032301023324917
1587	1.6331923229170497
1588	1.6331923229170497
1589	1.6331923229170497
1590	1.6331923229170497
1591	2.1249621316966945
1592	2.1249621316966945
1593	2.1249621316966945
1594	2.1249621316966945
1595	2.520214477650063
1596	2.520214477650063
1597	2.520214477650063
1598	2.520214477650063
1599	1.9741960786021744
1600	1.9741960786021744
1601	1.9741960786021744
1602	1.9741960786021744
1603	1.7829054197723493
1604	1.7829054197723493
1605	1.7829054197723493
1606	1.7829054197723493
1607	2.200067440478539
1608	2.200067440478539
1609	2.200067440478539
1610	2.200067440478539
1611	1.9756944458488985
1612	1.9756944458488985
1613	1.9756944458488985
1614	1.9756944458488985
1615	2.0275403283774183
1616	2.0275403283774183
1617	2.0275403283774183
1618	2.0275403283774183
1619	1.820669853811027
1620	1.820669853811027
1621	1.820669853811027
1622	1.820669853811027
1623	2.0420003851332487
1624	2.0420003851332487
1625	2.0420003851332487
1626	2.0420003851332487
1627	1.9628011637573792
1628	1.9628011637573792
1629	1.9628011637573792
1630	1.9628011637573792
1631	2.052762751745994
1632	2.052762751745994
1633	2.052762751745994
1634	2.052762751745994
1635	1.4046996507604987
1636	1.4046996507604987
1637	1.4046996507604987
1638	1.4046996507604987
1639	2.0663997614341008
1640	2.0663997614341008
1641	2.0663997614341008
1642	2.0663997614341008
1643	1.5866332011120685
1644	1.5866332011120685
1645	1.5866332011120685
1646	1.5866332011120685
1647	1.0414662417050835
1648	1.0414662417050835
1649	1.0414662417050835
1650	1.0414662417050835
1651	1.0756682588161837
1652	1.0756682588161837
1653	1.0756682588161837
1654	1.0756682588161837
1655	0.9776685824937044
1656	0.9776685824937044
1657	0.9776685824937044
1658	0.9776685824937044
1659	1.2431053436309436
1660	1.2431053436309436
1661	1.2431053436309436
1662	1.2431053436309436
1663	1.1216137826914347
1664	1.1216137826914347
1665	1.1216137826914347
1666	1.1216137826914347
1667	0.9218757227332527
1668	0.9218757227332527
1669	0.9218757227332527
1670	0.9218757227332527
1671	1.3440681161796035
1672	1.3440681161796035
1673	1.3440681161796035
1674	1.3440681161796035
1675	1.234089794622479
1676	1.234089794622479
1677	1.234089794622479
1678	1.234089794622479
1679	1.1606681611417355
1680	1.1606681611417355
1681	1.4958443952728049
1682	1.4958443952728049
1683	1.4958443952728049
1684	1.4958443952728049
1685	1.879301912742391
1686	1.879301912742391
1687	1.879301912742391
1688	1.879301912742391
1689	1.985841775155531
1690	1.985841775155531
1691	1.985841775155531
1692	1.985841775155531
1693	0.1608085114385092
1694	0.1608085114385092
1695	0.1608085114385092
1696	0.1608085114385092
1697	0.2668013280084907
1698	0.2668013280084907
1699	0.2668013280084907
1700	0.2668013280084907
1701	0.2199574622475914
1702	0.2199574622475914
1703	0.2199574622475914
1704	0.2199574622475914
1705	0.21493363557438436
1706	0.21493363557438436
1707	0.21493363557438436
1708	0.21493363557438436
1709	0.1798007295393732
1710	0.1798007295393732
1711	0.1798007295393732
1712	0.1798007295393732
1713	0.17713892930519856
1714	0.17713892930519856
1715	0.17713892930519856
1716	0.17713892930519856
1717	0.18847926868573012
1718	0.18847926868573012
1719	0.18847926868573012
1720	0.18847926868573012
1721	0.17895847754898528
1722	0.17895847754898528
1723	0.17895847754898528
1724	0.17895847754898528
1725	0.19098742822680054
1726	0.19098742822680054
1727	0.19098742822680054
1728	0.19098742822680054
1729	0.21051950640198777
1730	0.21051950640198777
1731	0.21051950640198777
1732	0.21051950640198777
1733	0.19404645761950604
1734	0.19404645761950604
1735	0.19404645761950604
1736	0.19404645761950604
1737	0.2056466709863332
1738	0.2056466709863332
1739	0.2056466709863332
1740	0.2056466709863332
1741	0.1765177157653636
1742	0.1765177157653636
1743	0.1765177157653636
1744	0.1765177157653636
1745	0.21320931115274427
1746	0.21320931115274427
1747	0.21320931115274427
1748	3.5878062896818106
1749	3.5878062896818106
1750	3.5878062896818106
1751	3.5878062896818106
1752	3.306296868946003
1753	3.306296868946003
1754	3.306296868946003
1755	3.306296868946003
1756	3.2162335986434774
1757	3.2162335986434774
1758	3.2162335986434774
1759	3.2162335986434774
1760	2.8296818992671695
1761	2.8296818992671695
1762	2.8296818992671695
1763	2.8296818992671695
1764	3.2331638944420527
1765	3.2331638944420527
1766	3.2331638944420527
1767	3.2331638944420527
1768	3.639809234518005
1769	3.639809234518005
1770	3.639809234518005
1771	3.639809234518005
1772	3.8445532153878244
1773	3.8445532153878244
1774	3.8445532153878244
1775	3.8445532153878244
1776	3.6376046570880067
1777	3.6376046570880067
1778	3.6376046570880067
1779	3.6376046570880067
1780	3.4183796100297212
1781	3.4183796100297212
1782	3.4183796100297212
1783	3.4183796100297212
1784	3.218770671809174
1785	3.218770671809174
1786	3.218770671809174
1787	3.218770671809174
1788	3.37408495532918
1789	3.37408495532918
1790	3.37408495532918
1791	3.37408495532918
1792	3.1099972807687175
1793	3.1099972807687175
1794	3.1099972807687175
1795	3.1099972807687175
1796	3.4550694282840926
1797	3.4550694282840926
1798	3.4550694282840926
1799	3.4550694282840926
1800	3.236139525950639
1801	3.236139525950639
1802	3.236139525950639
1803	3.236139525950639
1804	3.958960375968782
1805	3.958960375968782
1806	3.958960375968782
1807	3.958960375968782
1808	3.43777535433657
1809	3.43777535433657
1810	3.43777535433657
1811	3.43777535433657
1812	3.3582510912780865
1813	3.3582510912780865
1814	3.3582510912780865
1815	3.3582510912780865
1816	3.3301424122803565
1817	3.3301424122803565
1818	3.3301424122803565
1819	3.3301424122803565
1820	4.391976462749942
1821	4.391976462749942
1822	4.391976462749942
1823	4.391976462749942
1824	3.379715399678113
1825	3.379715399678113
1826	3.379715399678113
1827	3.379715399678113
1828	3.223602675784321
1829	1.024473479561987
1830	1.024473479561987
1831	1.024473479561987
1832	1.024473479561987
1833	1.1176637199081085
1834	1.1176637199081085
1835	1.1176637199081085
1836	1.1176637199081085
1837	1.1279605988572297
1838	1.1279605988572297
1839	1.1279605988572297
1840	1.1279605988572297
1841	1.1481299609385276
1842	1.1481299609385276
1843	1.1481299609385276
1844	1.1481299609385276
1845	1.2166340246386185
1846	1.2166340246386185
1847	1.2166340246386185
1848	1.2166340246386185
1849	0.9534459926486258
1850	0.9534459926486258
1851	0.9534459926486258
1852	0.9534459926486258
1853	1.0786091874008115
1854	1.0786091874008115
1855	1.0786091874008115
1856	1.0786091874008115
1857	1.2147419873344558
1858	1.2147419873344558
1859	1.2147419873344558
1860	1.2147419873344558
1861	1.2633525997812707
1862	1.2633525997812707
1863	1.2633525997812707
1864	1.2633525997812707
1865	1.1810094190705696
1866	1.1810094190705696
1867	1.1810094190705696
1868	1.1810094190705696
1869	1.1040211800688364
1870	1.1040211800688364
1871	1.1040211800688364
1872	1.1040211800688364
1873	1.1980405126547367
1874	1.1980405126547367
1875	1.1980405126547367
1876	1.1980405126547367
1877	1.122774269082254
1878	1.122774269082254
1879	1.122774269082254
1880	1.122774269082254
1881	1.1760726153025787
1882	1.1760726153025787
1883	1.1760726153025787
1884	1.1760726153025787
1885	1.0853917028772737
1886	1.0853917028772737
1887	1.0853917028772737
1888	1.0853917028772737
1889	1.0521972973520053
1890	1.0521972973520053
1891	1.0521972973520053
1892	1.0521972973520053
1893	1.054860759523502
1894	1.054860759523502
1895	1.054860759523502
1896	1.054860759523502
1897	1.1544619809119747
1898	1.1544619809119747
1899	1.1544619809119747
1900	1.1544619809119747
1901	0.9732387427124605
1902	0.9732387427124605
1903	0.9732387427124605
1904	0.9732387427124605
1905	1.07677556799521
1906	1.07677556799521
1907	1.07677556799521
1908	1.07677556799521
1909	1.0547020353826406
1910	1.0547020353826406
1911	1.0547020353826406
1912	1.0547020353826406
1913	1.1363185782852356
1914	1.1363185782852356
1915	1.1363185782852356
1916	4.092498242890358
1917	4.092498242890358
1918	4.092498242890358
1919	4.092498242890358
1920	3.7037670890223753
1921	3.7037670890223753
1922	3.7037670890223753
1923	3.7037670890223753
1924	3.4422725853921476
1925	3.4422725853921476
1926	3.4422725853921476
1927	3.4422725853921476
1928	3.8606303034445526
1929	3.8606303034445526
1930	3.8606303034445526
1931	3.8606303034445526
1932	3.2798711515329395
1933	3.2798711515329395
1934	3.2798711515329395
1935	3.2798711515329395
1936	3.8613108286400437
1937	3.8613108286400437
1938	3.8613108286400437
1939	3.8613108286400437
1940	4.20680816380699
1941	4.20680816380699
1942	4.20680816380699
1943	4.20680816380699
1944	3.5498035464585382
1945	3.5498035464585382
1946	3.5498035464585382
1947	3.5498035464585382
1948	2.63979327953843
1949	2.63979327953843
1950	2.63979327953843
1951	2.63979327953843
1952	4.010837428399609
1953	4.010837428399609
1954	4.010837428399609
1955	4.010837428399609
1956	3.7831850183944775
1957	3.7831850183944775
1958	3.7831850183944775
1959	3.7831850183944775
1960	3.8796987943777657
1961	3.8796987943777657
1962	3.8796987943777657
1963	3.8796987943777657
1964	4.00638873754516
1965	4.00638873754516
1966	4.00638873754516
1967	4.00638873754516
1968	3.820066804483393
1969	3.820066804483393
1970	3.820066804483393
1971	3.820066804483393
1972	4.052034928453774
1973	4.052034928453774
1974	4.052034928453774
1975	4.052034928453774
1976	3.620113244386431
1977	3.620113244386431
1978	3.620113244386431
1979	3.620113244386431
1980	3.5404645692631425
1981	3.5404645692631425
1982	3.5404645692631425
1983	3.5404645692631425
1984	4.839894417289896
1985	4.839894417289896
1986	4.839894417289896
1987	4.839894417289896
1988	3.865393646981883
1989	3.865393646981883
1990	3.865393646981883
1991	3.865393646981883
1992	4.193304079479225
1993	4.193304079479225
1994	4.193304079479225
1995	4.193304079479225
1996	3.611176856941963
1997	3.611176856941963
1998	3.611176856941963
1999	3.611176856941963
