0	1.8672245150239075
1	1.8672245150239075
2	1.8672245150239075
3	5.466859669660106
4	5.466859669660106
5	5.466859669660106
6	3.1793382546661344
7	3.1793382546661344
8	3.1793382546661344
9	0.8828228379921819
10	0.8828228379921819
11	0.8828228379921819
12	2.2794728846764514
13	2.2794728846764514
14	2.2794728846764514
15	3.390210846562556
16	3.390210846562556
17	3.390210846562556
18	0.8138496498219929
19	0.8138496498219929
20	0.8138496498219929
21	1.2682407890448095
22	1.2682407890448095
23	1.2682407890448095
24	1.8704129642801404
25	1.8704129642801404
26	1.8704129642801404
27	2.163446790535775
28	2.163446790535775
29	2.163446790535775
30	2.4993794298250855
31	2.4993794298250855
32	2.4993794298250855
33	2.4178779548417277
34	2.4178779548417277
35	2.4178779548417277
36	3.5436475598305583
37	3.5436475598305583
38	3.5436475598305583
39	0.8740727677264573
40	0.8740727677264573
41	0.8740727677264573
42	1.9293572313922047
43	1.9293572313922047
44	1.9293572313922047
45	2.2930087599365905
46	2.2930087599365905
47	2.2930087599365905
48	0.9731810712358123
49	0.9731810712358123
50	0.9731810712358123
51	1.7230033853068925
52	1.7230033853068925
53	1.7230033853068925
54	0.6211981658347543
55	0.6211981658347543
56	0.6211981658347543
57	0.9352639973314381
58	0.9352639973314381
59	0.9352639973314381
60	1.4761768450295942
61	1.4761768450295942
62	1.4761768450295942
63	1.9478606035099932
64	1.9478606035099932
65	1.9478606035099932
66	1.1332166171047828
67	1.1332166171047828
68	1.9896311406337928
69	1.9896311406337928
70	1.9896311406337928
71	0.10698736079894244
72	0.10698736079894244
73	0.10698736079894244
74	3.241133606489563
75	3.241133606489563
76	3.241133606489563
77	2.9499346625339906
78	2.9499346625339906
79	2.9499346625339906
80	4.075092520799606
81	4.075092520799606
82	4.075092520799606
83	2.322829235103348
84	2.322829235103348
85	2.322829235103348
86	3.1506496387045297
87	3.1506496387045297
88	3.1506496387045297
89	4.096053983849378
90	4.096053983849378
91	4.096053983849378
92	5.348670157265102
93	5.348670157265102
94	5.348670157265102
95	3.5362493685697487
96	3.5362493685697487
97	3.5362493685697487
98	4.22683537185055
99	4.22683537185055
100	4.22683537185055
101	2.4049673426232987
102	2.4049673426232987
103	2.4049673426232987
104	2.5976215797146596
105	2.5976215797146596
106	2.5976215797146596
107	3.3659475555441007
108	3.3659475555441007
109	3.3659475555441007
110	6.643610823695429
111	6.643610823695429
112	6.643610823695429
113	1.1700492977723975
114	1.1700492977723975
115	1.1700492977723975
116	2.769510741248603
117	2.769510741248603
118	2.769510741248603
119	2.756021056316375
120	2.756021056316375
121	2.756021056316375
122	1.5754442812429372
123	1.5754442812429372
124	1.5754442812429372
125	3.3239919467029253
126	3.3239919467029253
127	3.3239919467029253
128	5.570768907946405
129	5.570768907946405
130	5.570768907946405
131	2.776990704724314
132	3.4097747607023186
133	3.4097747607023186
134	3.4097747607023186
135	4.6724209585523
136	4.6724209585523
137	4.6724209585523
138	6.4151355564525
139	6.4151355564525
140	6.4151355564525
141	3.527019401664277
142	3.527019401664277
143	3.527019401664277
144	7.551114328135961
145	7.551114328135961
146	7.551114328135961
147	5.771952238236768
148	5.771952238236768
149	5.771952238236768
150	6.375547621418199
151	6.375547621418199
152	6.375547621418199
153	0.9428854371286071
154	0.9428854371286071
155	0.9428854371286071
156	3.745290853157039
157	3.745290853157039
158	3.745290853157039
159	5.22947842343
160	4.675464574755473
161	4.675464574755473
162	4.675464574755473
163	3.73439648426536
164	3.73439648426536
165	3.73439648426536
166	0.22230638824672022
167	0.22230638824672022
168	0.22230638824672022
169	4.65706540086925
170	4.65706540086925
171	4.65706540086925
172	3.0923798402800755
173	3.0923798402800755
174	3.0923798402800755
175	2.5380347356239814
176	2.5380347356239814
177	2.5380347356239814
178	1.4354422803318259
179	1.4354422803318259
180	1.4354422803318259
181	6.680759945174574
182	6.680759945174574
183	6.680759945174574
184	3.2232812148871166
185	3.2232812148871166
186	3.2232812148871166
187	1.4276335062593823
188	1.4276335062593823
189	1.4276335062593823
190	1.0460666613426857
191	1.0460666613426857
192	1.0460666613426857
193	2.1626563417536304
194	2.1626563417536304
195	0.36552446238400804
196	0.36552446238400804
197	0.36552446238400804
198	3.242587695001283
199	3.242587695001283
200	3.242587695001283
201	0.23359167491697486
202	0.23359167491697486
203	0.23359167491697486
204	4.205852308151311
205	4.205852308151311
206	4.205852308151311
207	7.158858191544705
208	7.158858191544705
209	7.158858191544705
210	3.444923932550475
211	3.444923932550475
212	3.444923932550475
213	3.525675387238044
214	3.525675387238044
215	3.525675387238044
216	5.3518704390762935
217	5.3518704390762935
218	5.3518704390762935
219	1.7989447005621866
220	1.7989447005621866
221	1.7989447005621866
222	4.90312663046885
223	1.1371465588724072
224	1.1371465588724072
225	1.1371465588724072
226	1.204916449688017
227	1.204916449688017
228	1.204916449688017
229	1.1414406753063382
230	1.1414406753063382
231	1.1414406753063382
232	1.3946050254212272
233	1.3946050254212272
234	1.3946050254212272
235	0.9646992802937122
236	0.9646992802937122
237	0.9646992802937122
238	3.339549528845961
239	3.339549528845961
240	3.339549528845961
241	1.3804954741272655
242	1.3804954741272655
243	1.3804954741272655
244	2.50414366878558
245	2.50414366878558
246	2.50414366878558
247	3.825458473453157
248	3.825458473453157
249	3.825458473453157
250	1.9227546101279724
251	1.9227546101279724
252	1.9227546101279724
253	1.605135769888438
254	1.605135769888438
255	1.605135769888438
256	2.46577233822546
257	2.46577233822546
258	2.46577233822546
259	0.4623036718054707
260	0.4623036718054707
261	0.4623036718054707
262	3.2077100268642664
263	3.2077100268642664
264	3.2077100268642664
265	2.319110681174193
266	2.319110681174193
267	2.319110681174193
268	3.21996732155792
269	3.21996732155792
270	3.21996732155792
271	2.4702573462254644
272	2.4702573462254644
273	2.4702573462254644
274	1.6678282594397071
275	1.6678282594397071
276	1.6678282594397071
277	3.9036621794012407
278	3.9036621794012407
279	3.9036621794012407
280	1.608415064881616
281	1.608415064881616
282	1.608415064881616
283	3.894293187019578
284	3.894293187019578
285	3.894293187019578
286	2.934524438088902
287	2.934524438088902
288	2.934524438088902
289	2.627446421293142
290	2.627446421293142
291	2.627446421293142
292	1.432810656434029
293	1.432810656434029
294	1.432810656434029
295	3.4807676205404814
296	3.4807676205404814
297	3.4807676205404814
298	2.164926092224187
299	2.164926092224187
300	2.164926092224187
301	0.8329738627394061
302	0.8329738627394061
303	0.8329738627394061
304	3.067020024292897
305	3.067020024292897
306	3.067020024292897
307	1.1924943493272504
308	1.1924943493272504
309	1.1924943493272504
310	1.1721257223266732
311	2.0444049136993216
312	2.0444049136993216
313	2.0444049136993216
314	2.1855204723714245
315	2.1855204723714245
316	2.1855204723714245
317	0.1
318	0.1
319	0.1
320	2.766951928606715
321	2.766951928606715
322	2.766951928606715
323	0.9548184506789212
324	0.9548184506789212
325	0.9548184506789212
326	2.5609622947912785
327	2.5609622947912785
328	2.5609622947912785
329	1.752283939041454
330	1.752283939041454
331	1.752283939041454
332	1.4096326528409913
333	1.4096326528409913
334	1.4096326528409913
335	1.9785988543559723
336	1.9785988543559723
337	1.9785988543559723
338	1.3190823943444454
339	0.16867070847856144
340	0.16867070847856144
341	0.16867070847856144
342	0.2977341705816735
343	0.2977341705816735
344	0.2977341705816735
345	0.213411249429388
346	0.213411249429388
347	0.213411249429388
348	0.23884781746729486
349	0.23884781746729486
350	0.23884781746729486
351	0.27914105064272154
352	0.27914105064272154
353	0.27914105064272154
354	0.11959866049733829
355	0.11959866049733829
356	0.11959866049733829
357	0.21089604865746442
358	0.21089604865746442
359	0.21089604865746442
360	0.13212964859558596
361	0.13212964859558596
362	0.13212964859558596
363	0.24142762376026008
364	0.24142762376026008
365	0.24142762376026008
366	0.3487559601286164
367	0.3487559601286164
368	0.3487559601286164
369	0.12620959329247616
370	0.12620959329247616
371	0.12620959329247616
372	0.2449256685957346
373	0.2449256685957346
374	0.2449256685957346
375	0.26730830697104824
376	5.683927461161338
377	5.683927461161338
378	5.683927461161338
379	2.8400043278686833
380	2.8400043278686833
381	2.8400043278686833
382	4.688691402956187
383	4.688691402956187
384	4.688691402956187
385	4.17712835229774
386	4.17712835229774
387	4.17712835229774
388	1.6819261011325957
389	1.6819261011325957
390	1.6819261011325957
391	3.7922831993417265
392	3.7922831993417265
393	3.7922831993417265
394	4.9272583668643275
395	4.9272583668643275
396	4.9272583668643275
397	2.5322710201460765
398	2.5322710201460765
399	2.5322710201460765
400	3.675350619386062
401	3.675350619386062
402	1.7073008232901354
403	1.7073008232901354
404	1.7073008232901354
405	2.302096063589671
406	2.302096063589671
407	2.302096063589671
408	0.7711704206339336
409	0.7711704206339336
410	5.389124043009463
411	5.389124043009463
412	5.389124043009463
413	1.9925351504459443
414	1.9925351504459443
415	1.9925351504459443
416	1.7652018578289748
417	1.7652018578289748
418	1.7652018578289748
419	3.0518837520649
420	3.0518837520649
421	3.0518837520649
422	4.864913707060942
423	4.864913707060942
424	4.864913707060942
425	3.1675390856505032
426	3.1675390856505032
427	3.1675390856505032
428	7.459156265751085
429	7.459156265751085
430	7.459156265751085
431	5.80603068170298
432	5.80603068170298
433	5.80603068170298
434	4.2178026260292425
435	4.2178026260292425
436	4.2178026260292425
437	6.391684099446918
438	6.391684099446918
439	6.391684099446918
440	3.741616545555885
441	1.306553242656764
442	1.306553242656764
443	1.306553242656764
444	2.1664962170129134
445	2.1664962170129134
446	2.1664962170129134
447	0.958362025214487
448	0.958362025214487
449	0.958362025214487
450	2.3242918382647226
451	2.3242918382647226
452	2.549033020274737
453	2.549033020274737
454	2.549033020274737
455	0.9263908651156358
456	0.9263908651156358
457	0.9263908651156358
458	1.7999775364789037
459	1.7999775364789037
460	1.7999775364789037
461	1.8319872298235023
462	1.8319872298235023
463	1.8319872298235023
464	0.2431773951973646
465	0.2431773951973646
466	0.2431773951973646
467	0.8462129821214326
468	0.8462129821214326
469	0.8462129821214326
470	1.696920912976078
471	1.696920912976078
472	1.696920912976078
473	0.6604357627512585
474	0.6604357627512585
475	0.6604357627512585
476	0.23747242695769932
477	0.23747242695769932
478	0.23747242695769932
479	0.7922186865285807
480	0.7922186865285807
481	0.7922186865285807
482	1.5955214763999177
483	1.5955214763999177
484	1.5955214763999177
485	0.7490212134186867
486	0.7490212134186867
487	0.7490212134186867
488	1.2816350157257776
489	1.2816350157257776
490	1.2816350157257776
491	2.6055284519134645
492	2.6055284519134645
493	2.6055284519134645
494	1.2109590535287902
495	1.2109590535287902
496	1.2109590535287902
497	0.11821029905967129
498	0.11821029905967129
499	0.11821029905967129
500	1.4375600320827269
501	1.4375600320827269
502	1.4375600320827269
503	0.9450805292563456
504	2.036695295584095
505	2.036695295584095
506	2.036695295584095
507	3.0356401593623676
508	3.0356401593623676
509	3.0356401593623676
510	0.9308060414970102
511	0.9308060414970102
512	0.9308060414970102
513	0.9492859308040148
514	0.9492859308040148
515	0.9492859308040148
516	0.7747483380434395
517	0.7747483380434395
518	0.7747483380434395
519	2.1881122020842287
520	2.1881122020842287
521	2.571629081098393
522	2.571629081098393
523	2.571629081098393
524	4.254593357326401
525	4.254593357326401
526	4.254593357326401
527	0.9526737015404056
528	0.9526737015404056
529	0.9526737015404056
530	5.0936358061477405
531	5.0936358061477405
532	5.0936358061477405
533	3.580819302589642
534	3.580819302589642
535	3.580819302589642
536	2.8946913308588047
537	2.8946913308588047
538	2.8946913308588047
539	2.609822408736868
540	2.609822408736868
541	2.609822408736868
542	4.461918997689038
543	4.461918997689038
544	4.461918997689038
545	4.406239394429904
546	4.406239394429904
547	4.406239394429904
548	6.649181225417472
549	6.649181225417472
550	6.649181225417472
551	3.9678297343241855
552	3.9678297343241855
553	3.9678297343241855
554	3.124191134914048
555	3.124191134914048
556	3.124191134914048
557	3.4543676840747
558	3.4543676840747
559	3.4543676840747
560	0.11118748149439783
561	0.11118748149439783
562	0.11118748149439783
563	5.831011907371886
564	5.831011907371886
565	5.831011907371886
566	2.6530196387373763
567	2.6530196387373763
568	2.6530196387373763
569	0.3999341348431482
570	0.3999341348431482
571	0.3999341348431482
572	3.7107038060348736
573	3.7107038060348736
574	3.7107038060348736
575	1.1756884802009204
576	1.1756884802009204
577	1.1756884802009204
578	3.620375544029316
579	3.620375544029316
580	3.620375544029316
581	3.5253355200643868
582	3.5253355200643868
583	3.5253355200643868
584	3.8201191238093304
585	3.8201191238093304
586	3.8201191238093304
587	4.377125652260678
588	4.377125652260678
589	4.377125652260678
590	2.9421926171199866
591	2.9421926171199866
592	2.9421926171199866
593	1.7883519131092314
594	1.7883519131092314
595	1.7883519131092314
596	0.18400006526966006
597	0.18400006526966006
598	0.18400006526966006
599	1.0269548348252406
600	1.0269548348252406
601	1.0269548348252406
602	1.0982152967677024
603	1.0982152967677024
604	1.0982152967677024
605	4.3461491614148775
606	4.3461491614148775
607	4.3461491614148775
608	2.3812772727026488
609	2.3812772727026488
610	2.3812772727026488
611	2.9150531569341336
612	2.9150531569341336
613	2.9150531569341336
614	1.280398210581147
615	1.280398210581147
616	1.280398210581147
617	3.273990706651502
618	3.273990706651502
619	0.29685819235376515
620	0.29685819235376515
621	0.29685819235376515
622	0.6116052100688082
623	0.6116052100688082
624	0.6116052100688082
625	0.6478988182554345
626	0.6478988182554345
627	0.6478988182554345
628	0.8445980479277769
629	0.8445980479277769
630	0.8445980479277769
631	1.7001737695354773
632	1.7001737695354773
633	1.7001737695354773
634	0.1
635	0.1
636	0.1
637	0.6657337828182107
638	0.6657337828182107
639	0.6657337828182107
640	0.4785329049353173
641	0.4785329049353173
642	0.4785329049353173
643	0.7599814341357616
644	0.7599814341357616
645	0.7599814341357616
646	1.154888117986446
647	1.154888117986446
648	1.154888117986446
649	0.9758338497099645
650	0.9758338497099645
651	0.9758338497099645
652	0.1
653	0.1
654	0.1
655	0.5524230421214973
656	0.5524230421214973
657	0.5524230421214973
658	0.9760095195684674
659	0.9760095195684674
660	0.9760095195684674
661	0.8218268159315535
662	0.8218268159315535
663	0.8218268159315535
664	0.33985937609473094
665	0.33985937609473094
666	7.0117335411075175
667	7.0117335411075175
668	7.0117335411075175
669	1.3412674140675898
670	1.3412674140675898
671	1.3412674140675898
672	3.100817993689656
673	3.100817993689656
674	3.100817993689656
675	1.5939850466426795
676	1.5939850466426795
677	1.5939850466426795
678	2.9655528245228817
679	2.9655528245228817
680	2.9655528245228817
681	0.4597161233030885
682	0.4597161233030885
683	0.4597161233030885
684	0.6687973237623552
685	0.6687973237623552
686	0.6687973237623552
687	1.0651401461088272
688	1.0651401461088272
689	1.1286014170861527
690	1.1286014170861527
691	1.1286014170861527
692	2.401478849320053
693	2.401478849320053
694	2.401478849320053
695	3.3949791320132086
696	3.3949791320132086
697	3.3949791320132086
698	0.1
699	0.1
700	0.1
701	0.3721235155205376
702	0.3721235155205376
703	0.3721235155205376
704	2.4532021770235546
705	3.7400011847275154
706	3.7400011847275154
707	3.7400011847275154
708	3.31484716006093
709	3.31484716006093
710	3.31484716006093
711	3.859964347403427
712	3.859964347403427
713	3.859964347403427
714	3.8335830990111246
715	3.8335830990111246
716	3.8335830990111246
717	5.219562903546695
718	5.219562903546695
719	5.219562903546695
720	1.6107714236065154
721	1.6107714236065154
722	1.6107714236065154
723	2.6959579830860676
724	2.6959579830860676
725	2.6959579830860676
726	0.1
727	0.1
728	0.1
729	1.2134914113307858
730	1.2134914113307858
731	1.2134914113307858
732	4.369259491344311
733	4.369259491344311
734	4.369259491344311
735	1.9952783127145568
736	1.9952783127145568
737	1.9952783127145568
738	3.5641228959519644
739	3.5641228959519644
740	3.5641228959519644
741	5.285937979263879
742	5.285937979263879
743	5.285937979263879
744	2.3690050055668297
745	2.3690050055668297
746	2.3690050055668297
747	4.100808099051541
748	4.100808099051541
749	4.100808099051541
750	0.8763486643213145
751	0.8763486643213145
752	0.8763486643213145
753	2.857356857549742
754	2.857356857549742
755	2.857356857549742
756	3.822354561174417
757	3.822354561174417
758	3.822354561174417
759	2.1834153897024593
760	2.1834153897024593
761	2.1834153897024593
762	2.675535207277635
763	2.675535207277635
764	2.675535207277635
765	1.5275226795223147
766	1.5275226795223147
767	1.5275226795223147
768	4.15780274532706
769	4.15780274532706
770	4.15780274532706
771	3.1638199387776167
772	3.1638199387776167
773	3.1638199387776167
774	0.8180550802397173
775	0.8180550802397173
776	0.8180550802397173
777	2.4703128626421735
778	2.4703128626421735
779	2.4703128626421735
780	1.4115553813346935
781	1.4115553813346935
782	1.4115553813346935
783	3.213581745012431
784	3.213581745012431
785	3.213581745012431
786	1.5345535063868325
787	1.5345535063868325
788	1.5345535063868325
789	3.4586018305216526
790	3.4586018305216526
791	3.4586018305216526
792	3.2209177980245007
793	3.2209177980245007
794	3.2209177980245007
795	3.5501447568195585
796	3.5501447568195585
797	3.5501447568195585
798	5.201844038630695
799	5.201844038630695
800	5.201844038630695
801	3.0842203042470193
802	3.0842203042470193
803	3.0842203042470193
804	5.210394947099111
805	5.210394947099111
806	5.210394947099111
807	5.209189226502685
808	5.209189226502685
809	5.209189226502685
810	2.7829131357879815
811	2.7829131357879815
812	2.7829131357879815
813	2.843419730612217
814	2.843419730612217
815	2.843419730612217
816	0.6828954546500889
817	0.6828954546500889
818	0.6828954546500889
819	3.904835749939467
820	3.904835749939467
821	3.904835749939467
822	2.804883662500692
823	2.804883662500692
824	2.804883662500692
825	2.2452328376484303
826	2.2452328376484303
827	2.2452328376484303
828	1.588796710395242
829	1.588796710395242
830	1.588796710395242
831	2.502967609457479
832	0.8431836170457384
833	0.8431836170457384
834	0.8431836170457384
835	0.3365438462672521
836	0.3365438462672521
837	0.3365438462672521
838	0.18694654728458288
839	0.18694654728458288
840	0.18694654728458288
841	0.20211169095592108
842	0.20211169095592108
843	0.20211169095592108
844	0.6136322524607274
845	0.6136322524607274
846	0.6136322524607274
847	0.9067239736139412
848	0.9067239736139412
849	0.9067239736139412
850	0.5929859637267887
851	0.5929859637267887
852	0.5929859637267887
853	1.0373617826616264
854	1.0373617826616264
855	1.0373617826616264
856	0.775503133745946
857	0.775503133745946
858	0.775503133745946
859	0.36739415450494706
860	0.36739415450494706
861	0.36739415450494706
862	0.9726147534628988
863	0.9726147534628988
864	0.9726147534628988
865	0.5008718974471622
866	0.5008718974471622
867	0.5008718974471622
868	0.6577386308183037
869	0.6577386308183037
870	0.6577386308183037
871	0.4526178295782245
872	0.4526178295782245
873	0.4526178295782245
874	0.3415839671289382
875	0.3415839671289382
876	0.3415839671289382
877	1.1064772651432961
878	1.1064772651432961
879	1.1064772651432961
880	1.0141477676870598
881	1.0141477676870598
882	1.0141477676870598
883	0.7777427581357941
884	0.7777427581357941
885	0.7777427581357941
886	0.7334685580696905
887	0.7334685580696905
888	0.7334685580696905
889	0.1
890	0.1
891	0.1
892	1.1033949597978419
893	1.1033949597978419
894	1.1033949597978419
895	1.2352308243358523
896	1.2352308243358523
897	1.2352308243358523
898	2.4117909750367432
899	2.4117909750367432
900	2.4117909750367432
901	4.166861715144856
902	4.166861715144856
903	4.166861715144856
904	2.2168948197789162
905	2.2168948197789162
906	2.2168948197789162
907	3.340339033290972
908	3.340339033290972
909	3.340339033290972
910	4.667483471888772
911	4.667483471888772
912	4.667483471888772
913	3.590089106050942
914	3.590089106050942
915	3.590089106050942
916	3.013079489754241
917	3.013079489754241
918	3.013079489754241
919	0.39271406002299053
920	0.39271406002299053
921	0.39271406002299053
922	0.40954441232946415
923	0.40954441232946415
924	0.40954441232946415
925	0.471014231289094
926	0.471014231289094
927	0.471014231289094
928	0.2529948301811218
929	0.2529948301811218
930	2.330224956503765
931	2.330224956503765
932	2.330224956503765
933	1.976043832056047
934	1.976043832056047
935	1.976043832056047
936	4.03118553619652
937	4.03118553619652
938	4.03118553619652
939	2.881399696397277
940	2.881399696397277
941	2.881399696397277
942	5.042894110022458
943	5.042894110022458
944	5.042894110022458
945	5.802544063671576
946	5.802544063671576
947	5.802544063671576
948	1.2054766776976176
949	1.2054766776976176
950	1.2054766776976176
951	3.6816826906163613
952	3.6816826906163613
953	3.6816826906163613
954	4.486903115561947
955	4.486903115561947
956	4.486903115561947
957	4.493492097665675
958	4.493492097665675
959	4.493492097665675
960	4.420562837467501
961	4.420562837467501
962	4.420562837467501
963	6.117187045203117
964	6.117187045203117
965	6.117187045203117
966	3.6986480890239246
967	3.6986480890239246
968	3.6986480890239246
969	4.729994721706616
970	4.729994721706616
971	4.729994721706616
972	4.872578486241013
973	4.872578486241013
974	4.872578486241013
975	3.0085387959123473
976	3.0085387959123473
977	3.0085387959123473
978	4.946489577324442
979	4.946489577324442
980	4.946489577324442
981	2.031820485738848
982	2.031820485738848
983	2.031820485738848
984	1.429044254534728
985	1.429044254534728
986	1.429044254534728
987	2.4948940247844127
988	2.4948940247844127
989	2.4948940247844127
990	5.478404327260858
991	5.478404327260858
992	5.478404327260858
993	1.7494558883123312
994	1.7494558883123312
995	1.7494558883123312
996	3.1557437729382847
997	3.1557437729382847
998	3.1557437729382847
999	5.052610638764873
1000	5.052610638764873
1001	5.052610638764873
1002	3.3696763764425914
1003	3.3696763764425914
1004	3.3696763764425914
1005	2.9766444391276874
1006	2.9766444391276874
1007	2.9766444391276874
1008	3.757291537348727
1009	3.757291537348727
1010	3.757291537348727
1011	2.0406516300122783
1012	2.0406516300122783
1013	2.0406516300122783
1014	3.4396365192757137
1015	3.4396365192757137
1016	3.4396365192757137
1017	3.3970457060929253
1018	3.3970457060929253
1019	3.3970457060929253
1020	3.6403939351049486
1021	3.6403939351049486
1022	3.6403939351049486
1023	5.198068265000558
1024	5.198068265000558
1025	5.198068265000558
1026	3.5875708065502563
1027	3.5875708065502563
1028	3.5875708065502563
1029	2.0933038895777347
1030	2.0933038895777347
1031	2.0933038895777347
1032	2.4411433760353103
1033	2.4411433760353103
1034	2.4411433760353103
1035	3.624715476724895
1036	3.624715476724895
1037	3.624715476724895
1038	4.172874302158768
1039	4.172874302158768
1040	4.172874302158768
1041	5.314110134250076
1042	5.314110134250076
1043	5.314110134250076
1044	4.222373348357998
1045	4.222373348357998
1046	4.222373348357998
1047	3.54258462384109
1048	3.54258462384109
1049	3.54258462384109
1050	4.438538813612995
1051	4.438538813612995
1052	4.438538813612995
1053	4.029693500038575
1054	4.029693500038575
1055	4.029693500038575
1056	2.6507976654048684
1057	2.6507976654048684
1058	2.6507976654048684
1059	2.3103206353224546
1060	2.3103206353224546
1061	2.3103206353224546
1062	2.908385697244758
1063	2.908385697244758
1064	2.908385697244758
1065	2.825646730947211
1066	2.825646730947211
1067	2.825646730947211
1068	0.1189830768877278
1069	0.1189830768877278
1070	0.1189830768877278
1071	3.1899920671503064
1072	3.1899920671503064
1073	3.1899920671503064
1074	0.13845047535032107
1075	0.13845047535032107
1076	0.13845047535032107
1077	6.609153693379271
1078	6.609153693379271
1079	6.609153693379271
1080	2.3048569343870087
1081	2.3048569343870087
1082	2.3048569343870087
1083	2.9964624903600954
1084	2.9964624903600954
1085	2.9964624903600954
1086	2.262475396556046
1087	2.262475396556046
1088	2.262475396556046
1089	1.3748118937123925
1090	1.3748118937123925
1091	1.3748118937123925
1092	2.361687837387551
1093	2.361687837387551
1094	2.361687837387551
1095	1.9499153189988445
1096	1.9499153189988445
1097	1.9499153189988445
1098	4.458446885102203
1099	4.458446885102203
1100	4.458446885102203
1101	0.35401906228930846
1102	0.35401906228930846
1103	0.35401906228930846
1104	0.6321592567808818
1105	0.6321592567808818
1106	0.6321592567808818
1107	3.840378847537814
1108	3.840378847537814
1109	3.840378847537814
1110	4.018746358578367
1111	4.018746358578367
1112	4.018746358578367
1113	1.8316576982732475
1114	1.8316576982732475
1115	1.8316576982732475
1116	0.8432818542298368
1117	0.8432818542298368
1118	0.8432818542298368
1119	3.04245703253147
1120	3.04245703253147
1121	3.04245703253147
1122	1.9247874924527524
1123	1.9247874924527524
1124	1.9247874924527524
1125	1.036444906168036
1126	1.036444906168036
1127	1.036444906168036
1128	2.889267027932694
1129	2.889267027932694
1130	2.889267027932694
1131	3.0729150195388275
1132	3.0729150195388275
1133	3.0729150195388275
1134	1.87247823205906
1135	1.87247823205906
1136	1.87247823205906
1137	2.629612545226686
1138	2.629612545226686
1139	2.629612545226686
1140	1.8084011003101
1141	1.8084011003101
1142	1.8084011003101
1143	0.4668469998232534
1144	0.4668469998232534
1145	0.4668469998232534
1146	1.861193640951893
1147	1.861193640951893
1148	1.861193640951893
1149	2.6036259862840065
1150	2.6036259862840065
1151	2.6036259862840065
1152	1.9082130041702707
1153	1.9082130041702707
1154	1.9082130041702707
1155	0.1
1156	0.1
1157	0.1
1158	1.4399322562021326
1159	1.4399322562021326
1160	1.4399322562021326
1161	3.232611427940089
1162	3.232611427940089
1163	3.232611427940089
1164	3.011316482838366
1165	3.011316482838366
1166	3.011316482838366
1167	1.7707925161864877
1168	1.7707925161864877
1169	1.7707925161864877
1170	0.1
1171	0.1
1172	0.1
1173	1.2537723390027862
1174	1.2537723390027862
1175	1.2537723390027862
1176	4.456727447885073
1177	4.456727447885073
1178	4.456727447885073
1179	3.122966657868333
1180	3.122966657868333
1181	3.122966657868333
1182	2.6708757734183948
1183	2.6708757734183948
1184	2.6708757734183948
1185	4.13914101976085
1186	4.13914101976085
1187	4.13914101976085
1188	3.6943341823212683
1189	3.6943341823212683
1190	3.6943341823212683
1191	7.0281716217918735
1192	7.0281716217918735
1193	7.0281716217918735
1194	7.001382640050773
1195	7.001382640050773
1196	7.001382640050773
1197	2.2230881245770306
1198	2.2230881245770306
1199	2.2230881245770306
1200	6.250337966641515
1201	6.250337966641515
1202	6.250337966641515
1203	6.562886985099759
1204	6.562886985099759
1205	6.562886985099759
1206	2.8978645925592064
1207	2.8978645925592064
1208	2.8978645925592064
1209	4.173013285779355
1210	4.173013285779355
1211	4.173013285779355
1212	4.452747087447936
1213	4.452747087447936
1214	4.452747087447936
1215	4.089000868436347
1216	4.089000868436347
1217	4.089000868436347
1218	5.6777745574206655
1219	5.6777745574206655
1220	5.6777745574206655
1221	3.6975221230888122
1222	3.6975221230888122
1223	3.6975221230888122
1224	1.09270398724887
1225	1.09270398724887
1226	1.09270398724887
1227	2.9390799790875173
1228	2.9390799790875173
1229	2.9390799790875173
1230	4.4912578605874
1231	1.6407055255432743
1232	1.6407055255432743
1233	1.6407055255432743
1234	1.0984086781698705
1235	1.0984086781698705
1236	1.0984086781698705
1237	0.8154063524791058
1238	0.8154063524791058
1239	0.8154063524791058
1240	1.6080242878347657
1241	1.6080242878347657
1242	1.6080242878347657
1243	1.8343807268509154
1244	1.8343807268509154
1245	1.8343807268509154
1246	1.883167315995806
1247	1.883167315995806
1248	1.883167315995806
1249	1.7612667845733048
1250	1.7612667845733048
1251	1.7612667845733048
1252	0.48000413054003044
1253	0.48000413054003044
1254	0.48000413054003044
1255	1.7257106428803324
1256	1.7257106428803324
1257	1.7257106428803324
1258	1.956505659047012
1259	1.956505659047012
1260	1.956505659047012
1261	0.5081363111625277
1262	0.9264668584497895
1263	0.9264668584497895
1264	0.9264668584497895
1265	2.4811984988427334
1266	2.4811984988427334
1267	2.4811984988427334
1268	3.1370729801499064
1269	3.1370729801499064
1270	3.1370729801499064
1271	3.6036790633547637
1272	3.6036790633547637
1273	3.6036790633547637
1274	0.1
1275	0.1
1276	0.1
1277	3.5662337558530686
1278	3.5662337558530686
1279	3.5662337558530686
1280	3.106052256393345
1281	3.106052256393345
1282	3.106052256393345
1283	2.634216142008442
1284	2.634216142008442
1285	2.634216142008442
1286	2.1329350470623516
1287	2.1329350470623516
1288	2.1329350470623516
1289	1.8161998676236748
1290	1.8161998676236748
1291	1.8161998676236748
1292	1.418951524199215
1293	1.418951524199215
1294	1.418951524199215
1295	3.7193484393108083
1296	3.7193484393108083
1297	3.7193484393108083
1298	1.8991848901503676
1299	1.8991848901503676
1300	1.8991848901503676
1301	1.538692789438415
1302	1.538692789438415
1303	1.538692789438415
1304	1.4938087977959746
1305	1.4938087977959746
1306	1.4938087977959746
1307	3.315359565843137
1308	3.315359565843137
1309	3.315359565843137
1310	4.32327957330406
1311	4.32327957330406
1312	4.32327957330406
1313	1.9534449671388117
1314	1.9534449671388117
1315	1.9534449671388117
1316	2.626079862153493
1317	2.626079862153493
1318	2.626079862153493
1319	2.6302781616149815
1320	2.6302781616149815
1321	2.6302781616149815
1322	1.9726409393620101
1323	1.9726409393620101
1324	1.9726409393620101
1325	1.8864173999801608
1326	1.8864173999801608
1327	1.8864173999801608
1328	3.153689371827957
1329	3.153689371827957
1330	3.153689371827957
1331	3.2203627393445093
1332	3.2203627393445093
1333	3.2203627393445093
1334	3.0262548649596344
1335	3.0262548649596344
1336	3.0262548649596344
1337	2.659008911535672
1338	2.659008911535672
1339	2.659008911535672
1340	2.072113707774533
1341	2.072113707774533
1342	2.072113707774533
1343	2.34463266132103
1344	2.34463266132103
1345	2.34463266132103
1346	2.17444367445221
1347	2.17444367445221
1348	2.17444367445221
1349	1.7023298249474832
1350	1.7023298249474832
1351	1.7023298249474832
1352	1.1442555987339282
1353	1.1442555987339282
1354	1.1442555987339282
1355	2.101165117141929
1356	2.101165117141929
1357	2.101165117141929
1358	3.820116678834034
1359	3.820116678834034
1360	3.820116678834034
1361	2.333302983345472
1362	2.333302983345472
1363	2.333302983345472
1364	1.9258284324890091
1365	1.9212920444582522
1366	1.9212920444582522
1367	1.9212920444582522
1368	1.351464898991336
1369	1.351464898991336
1370	1.351464898991336
1371	1.4785909996371958
1372	1.4785909996371958
1373	1.4785909996371958
1374	1.3807108625936872
1375	1.3807108625936872
1376	1.3807108625936872
1377	1.4971781980335641
1378	1.4971781980335641
1379	1.4971781980335641
1380	1.169935965944301
1381	1.169935965944301
1382	1.169935965944301
1383	0.3864105348832897
1384	0.3864105348832897
1385	0.3864105348832897
1386	2.0072780804740975
1387	2.0072780804740975
1388	2.0072780804740975
1389	1.683495667947649
1390	1.683495667947649
1391	1.683495667947649
1392	1.275432584934035
1393	1.275432584934035
1394	1.275432584934035
1395	0.518292661425455
1396	0.518292661425455
1397	0.518292661425455
1398	1.0484146420097866
1399	1.0484146420097866
1400	1.0484146420097866
1401	0.7106549345260547
1402	0.7106549345260547
1403	0.7106549345260547
1404	2.164498402183946
1405	2.164498402183946
1406	2.164498402183946
1407	2.1007624398383844
1408	2.1007624398383844
1409	2.1007624398383844
1410	1.031373144822361
1411	1.031373144822361
1412	1.031373144822361
1413	1.3447154982432274
1414	1.3447154982432274
1415	1.3447154982432274
1416	1.1893148735466368
1417	1.1893148735466368
1418	1.1893148735466368
1419	1.6711905895746715
1420	1.6711905895746715
1421	1.6711905895746715
1422	1.326783803437016
1423	1.326783803437016
1424	6.755544661404735
1425	6.755544661404735
1426	6.755544661404735
1427	2.9763005871692725
1428	2.9763005871692725
1429	2.9763005871692725
1430	3.095307799010527
1431	3.095307799010527
1432	3.095307799010527
1433	2.516086323657137
1434	2.516086323657137
1435	2.516086323657137
1436	5.003566829596537
1437	5.003566829596537
1438	5.003566829596537
1439	2.9103738895794713
1440	2.9103738895794713
1441	2.9103738895794713
1442	3.249368536692946
1443	3.249368536692946
1444	3.249368536692946
1445	5.132866898170297
1446	5.132866898170297
1447	5.132866898170297
1448	3.6077093870130224
1449	3.6077093870130224
1450	3.6077093870130224
1451	4.819917386896611
1452	4.819917386896611
1453	4.819917386896611
1454	5.3980252428776865
1455	5.3980252428776865
1456	5.3980252428776865
1457	6.400704734205757
1458	6.400704734205757
1459	6.400704734205757
1460	5.7990656719582825
1461	5.7990656719582825
1462	5.7990656719582825
1463	4.411346542308192
1464	4.411346542308192
1465	4.411346542308192
1466	2.669201268172543
1467	2.669201268172543
1468	2.669201268172543
1469	0.6108083464048168
1470	0.6108083464048168
1471	0.6108083464048168
1472	4.922249018716568
1473	4.922249018716568
1474	4.922249018716568
1475	3.5044966232343464
1476	3.5044966232343464
1477	3.5044966232343464
1478	2.771731152498602
1479	2.771731152498602
1480	2.771731152498602
1481	2.708429743287561
1482	2.708429743287561
1483	2.708429743287561
1484	6.838454423233197
1485	6.838454423233197
1486	6.838454423233197
1487	3.3725140243118927
1488	3.3725140243118927
1489	3.3725140243118927
1490	4.814852790082887
1491	4.814852790082887
1492	4.814852790082887
1493	1.9294939181821547
1494	1.9294939181821547
1495	1.9294939181821547
1496	5.305432970635835
1497	5.305432970635835
1498	5.305432970635835
1499	2.062205480417307
1500	2.062205480417307
1501	2.062205480417307
1502	3.493672932753223
1503	3.493672932753223
1504	3.493672932753223
1505	0.1
1506	0.1
1507	0.1
1508	5.235030632435754
1509	5.235030632435754
1510	5.235030632435754
1511	6.947398049852664
1512	6.947398049852664
1513	6.947398049852664
1514	2.9546056289344556
1515	2.6895886843988777
1516	2.6895886843988777
1517	2.6895886843988777
1518	3.5867090862400546
1519	3.5867090862400546
1520	3.5867090862400546
1521	5.081091797862605
1522	5.081091797862605
1523	5.081091797862605
1524	2.735317905180949
1525	2.735317905180949
1526	2.735317905180949
1527	2.368284888061371
1528	2.368284888061371
1529	2.368284888061371
1530	3.504700294546417
1531	3.504700294546417
1532	3.504700294546417
1533	1.9347666826290042
1534	1.9347666826290042
1535	1.9347666826290042
1536	1.840518631979971
1537	1.840518631979971
1538	1.840518631979971
1539	2.8324216374436513
1540	2.8324216374436513
1541	2.8324216374436513
1542	0.6010374763844637
1543	0.6010374763844637
1544	0.6010374763844637
1545	5.760838367964819
1546	5.760838367964819
1547	5.760838367964819
1548	3.9430770103282806
1549	3.9430770103282806
1550	3.9430770103282806
1551	0.9339977196903924
1552	0.9339977196903924
1553	0.9339977196903924
1554	1.738960538049132
1555	1.738960538049132
1556	1.738960538049132
1557	4.85937576824541
1558	4.85937576824541
1559	4.85937576824541
1560	2.703249845874501
1561	2.703249845874501
1562	2.703249845874501
1563	3.8177502892049087
1564	3.8177502892049087
1565	3.8177502892049087
1566	3.654577186077278
1567	3.654577186077278
1568	3.654577186077278
1569	1.6326461730079858
1570	1.6326461730079858
1571	1.6326461730079858
1572	3.7944210221397614
1573	1.6915626337519125
1574	1.6915626337519125
1575	1.6915626337519125
1576	1.9337285974100893
1577	1.9337285974100893
1578	1.9337285974100893
1579	1.5472985636052412
1580	1.5472985636052412
1581	1.5472985636052412
1582	0.8451982080819929
1583	0.8451982080819929
1584	0.8451982080819929
1585	1.2234365414253774
1586	1.2234365414253774
1587	1.2234365414253774
1588	2.2990486093531803
1589	2.2990486093531803
1590	2.2990486093531803
1591	1.6035095248085762
1592	1.6035095248085762
1593	1.6035095248085762
1594	2.033649189400032
1595	2.033649189400032
1596	2.033649189400032
1597	2.640757444133678
1598	2.640757444133678
1599	2.640757444133678
1600	1.549755069957887
1601	1.549755069957887
1602	1.549755069957887
1603	1.938221533809283
1604	1.938221533809283
1605	1.938221533809283
1606	1.303042926759181
1607	1.303042926759181
1608	1.303042926759181
1609	1.8166046496456665
1610	1.8166046496456665
1611	1.8166046496456665
1612	0.843110636574425
1613	0.843110636574425
1614	0.843110636574425
1615	2.432892675488159
1616	2.432892675488159
1617	2.432892675488159
1618	3.3896217271345344
1619	3.3896217271345344
1620	3.3896217271345344
1621	2.674309051435869
1622	2.674309051435869
1623	2.674309051435869
1624	2.2014676287994432
1625	2.2014676287994432
1626	2.2014676287994432
1627	2.532486122493196
1628	2.532486122493196
1629	2.532486122493196
1630	0.7018735415984341
1631	0.7018735415984341
1632	0.7018735415984341
1633	3.5865747771498326
1634	3.5865747771498326
1635	3.5865747771498326
1636	1.5495037554130031
1637	1.5495037554130031
1638	1.5495037554130031
1639	0.3519408032143976
1640	0.3519408032143976
1641	0.3519408032143976
1642	2.6979089999175865
1643	2.6979089999175865
1644	2.6979089999175865
1645	0.1
1646	0.1
1647	2.2222640919798264
1648	2.2222640919798264
1649	2.2222640919798264
1650	4.2682345190668265
1651	4.2682345190668265
1652	4.2682345190668265
1653	4.875780980832127
1654	4.875780980832127
1655	4.875780980832127
1656	3.600050895181567
1657	3.600050895181567
1658	3.600050895181567
1659	2.8472088967376967
1660	2.8472088967376967
1661	2.8472088967376967
1662	2.581225717331699
1663	2.581225717331699
1664	0.1
1665	0.1
1666	0.1
1667	1.2421520688576537
1668	1.2421520688576537
1669	1.2421520688576537
1670	5.051936767425117
1671	5.051936767425117
1672	5.051936767425117
1673	5.155411208432743
1674	5.155411208432743
1675	5.155411208432743
1676	2.833839606969274
1677	2.833839606969274
1678	2.833839606969274
1679	5.5065778658286195
1680	5.5065778658286195
1681	5.5065778658286195
1682	3.172829017876121
1683	3.172829017876121
1684	3.172829017876121
1685	4.504887898238712
1686	4.504887898238712
1687	4.504887898238712
1688	7.236771422636307
1689	7.236771422636307
1690	7.236771422636307
1691	4.090331911061973
1692	4.090331911061973
1693	4.090331911061973
1694	8.648857077374199
1695	8.648857077374199
1696	8.648857077374199
1697	4.709683061416861
1698	4.709683061416861
1699	4.709683061416861
1700	3.483760614558601
1701	3.483760614558601
1702	3.483760614558601
1703	5.37578994495655
1704	5.37578994495655
1705	5.37578994495655
1706	2.613202792640404
1707	3.7601744905873185
1708	3.7601744905873185
1709	3.7601744905873185
1710	1.8737687124014044
1711	1.8737687124014044
1712	1.8737687124014044
1713	2.7867743754459084
1714	2.7867743754459084
1715	2.7867743754459084
1716	4.914617050508049
1717	4.914617050508049
1718	4.914617050508049
1719	2.102069429004547
1720	2.102069429004547
1721	2.102069429004547
1722	4.151941432383567
1723	4.151941432383567
1724	4.151941432383567
1725	4.279782210756969
1726	4.279782210756969
1727	4.279782210756969
1728	3.902987610543727
1729	3.902987610543727
1730	3.902987610543727
1731	3.9539877281623133
1732	3.9539877281623133
1733	3.9539877281623133
1734	2.0103970850264385
1735	2.0103970850264385
1736	2.0103970850264385
1737	2.6021867995158776
1738	2.6021867995158776
1739	2.6021867995158776
1740	2.3548188754231867
1741	2.3548188754231867
1742	2.3548188754231867
1743	2.8068502361502325
1744	2.8068502361502325
1745	2.8068502361502325
1746	0.3503217403611196
1747	0.3503217403611196
1748	0.3503217403611196
1749	5.721743482105533
1750	5.721743482105533
1751	5.721743482105533
1752	1.5996819258403348
1753	1.5996819258403348
1754	1.5996819258403348
1755	1.535077698175492
1756	1.083471252167818
1757	1.083471252167818
1758	1.083471252167818
1759	1.2623188583098006
1760	1.2623188583098006
1761	1.2623188583098006
1762	1.165762873699732
1763	1.165762873699732
1764	1.165762873699732
1765	0.3185136791067933
1766	0.3185136791067933
1767	0.3185136791067933
1768	1.2898229162971586
1769	1.2898229162971586
1770	1.2898229162971586
1771	1.2213015865097319
1772	1.2213015865097319
1773	1.2213015865097319
1774	1.1309598289801346
1775	1.1309598289801346
1776	1.1309598289801346
1777	0.17848432246350732
1778	0.17848432246350732
1779	0.17848432246350732
1780	0.7203602078340576
1781	0.7203602078340576
1782	0.7203602078340576
1783	0.9960095300975078
1784	0.9960095300975078
1785	0.9960095300975078
1786	0.1
1787	0.1
1788	0.1
1789	0.402981502253736
1790	0.402981502253736
1791	0.402981502253736
1792	0.7917400218008204
1793	0.7917400218008204
1794	0.7917400218008204
1795	0.666351837760236
1796	0.666351837760236
1797	0.666351837760236
1798	0.8335909545916327
1799	0.8335909545916327
1800	0.8335909545916327
1801	0.1
1802	0.1
1803	0.1
1804	1.1063706099732502
1805	1.1063706099732502
1806	1.1063706099732502
1807	0.6660628768317552
1808	0.6660628768317552
1809	0.6660628768317552
1810	0.8396150008931293
1811	0.8396150008931293
1812	0.8396150008931293
1813	0.8157125020122995
1814	0.8157125020122995
1815	5.480546282592453
1816	5.480546282592453
1817	5.480546282592453
1818	3.3960055761918166
1819	3.3960055761918166
1820	3.3960055761918166
1821	2.6469182082551157
1822	2.6469182082551157
1823	2.6469182082551157
1824	4.0997695529682066
1825	4.0997695529682066
1826	4.0997695529682066
1827	0.1
1828	0.1
1829	0.1
1830	4.507895609427861
1831	4.507895609427861
1832	4.507895609427861
1833	1.9098338456237063
1834	1.9098338456237063
1835	1.9098338456237063
1836	1.8878808992913758
1837	1.8878808992913758
1838	1.8878808992913758
1839	5.058210416686194
1840	5.058210416686194
1841	5.058210416686194
1842	2.4353388121342405
1843	2.4353388121342405
1844	2.4353388121342405
1845	5.049110780781691
1846	5.049110780781691
1847	5.049110780781691
1848	3.1372418888904248
1849	3.1372418888904248
1850	3.1372418888904248
1851	1.4257860801522253
1852	1.4257860801522253
1853	1.4257860801522253
1854	5.3271272495970585
1855	5.3271272495970585
1856	5.3271272495970585
1857	4.619810861094706
1858	4.619810861094706
1859	4.619810861094706
1860	5.4309223016826245
1861	5.4309223016826245
1862	5.4309223016826245
1863	0.12755139275275296
1864	0.12755139275275296
1865	0.12755139275275296
1866	3.2827209547530973
1867	3.2827209547530973
1868	3.2827209547530973
1869	3.901157962244576
1870	3.901157962244576
1871	3.901157962244576
1872	2.6092963582818105
1873	2.6092963582818105
1874	2.6092963582818105
1875	4.081487752515096
1876	4.081487752515096
1877	4.081487752515096
1878	4.578964294276846
1879	4.578964294276846
1880	4.578964294276846
1881	7.358659124661467
1882	7.358659124661467
1883	7.358659124661467
1884	0.9950593607484084
1885	0.9950593607484084
1886	0.9950593607484084
1887	2.895524027808251
1888	2.895524027808251
1889	2.895524027808251
1890	3.3106350292871225
1891	3.3106350292871225
1892	3.3106350292871225
1893	5.76128241041372
1894	5.76128241041372
1895	5.76128241041372
1896	1.2052351058642463
1897	1.2052351058642463
1898	1.2052351058642463
1899	2.976740966944074
1900	2.976740966944074
1901	2.976740966944074
1902	2.482222848438055
1903	2.482222848438055
1904	2.482222848438055
1905	3.7550850810117278
1906	3.7550850810117278
1907	3.7550850810117278
1908	3.6246436948664336
1909	3.6246436948664336
1910	0.1
1911	2.543193886980889
1912	2.543193886980889
1913	2.543193886980889
1914	3.390149924148981
1915	3.390149924148981
1916	3.390149924148981
1917	5.118686140521283
1918	5.118686140521283
1919	5.118686140521283
1920	1.364687550089831
1921	1.364687550089831
1922	1.364687550089831
1923	1.1603465557130472
1924	1.1603465557130472
1925	1.1603465557130472
1926	1.1464681816051412
1927	1.1464681816051412
1928	1.1464681816051412
1929	4.233991510968698
1930	4.233991510968698
1931	4.233991510968698
1932	1.6765574587435408
1933	1.6765574587435408
1934	1.6765574587435408
1935	4.011330329180019
1936	4.011330329180019
1937	4.011330329180019
1938	0.19368684457553442
1939	0.19368684457553442
1940	0.19368684457553442
1941	5.550690642489599
1942	5.550690642489599
1943	5.550690642489599
1944	2.671510550286872
1945	2.671510550286872
1946	2.671510550286872
1947	2.63170183288758
1948	2.63170183288758
1949	2.63170183288758
1950	5.02796937820821
1951	5.02796937820821
1952	5.02796937820821
1953	2.8254201635385447
1954	2.8254201635385447
1955	2.8254201635385447
1956	7.050173775339857
1957	7.050173775339857
1958	7.050173775339857
1959	3.5507380985476753
1960	3.5507380985476753
1961	3.5507380985476753
1962	3.461262373051655
1963	3.461262373051655
1964	1.3152316194389695
1965	1.3152316194389695
1966	1.3152316194389695
1967	3.4830150824902217
1968	3.4830150824902217
1969	3.4830150824902217
1970	1.937440220820919
1971	1.937440220820919
1972	1.937440220820919
1973	3.4814740769755224
1974	3.4814740769755224
1975	3.4814740769755224
1976	3.148962786310685
1977	3.148962786310685
1978	3.148962786310685
1979	2.8275482467370665
1980	2.8275482467370665
1981	2.8275482467370665
1982	2.333387736153553
1983	2.333387736153553
1984	2.333387736153553
1985	2.900995015965906
1986	2.900995015965906
1987	2.900995015965906
1988	0.1
1989	0.1
1990	0.1
1991	3.891062376449282
1992	3.891062376449282
1993	3.891062376449282
1994	3.0529426108269835
1995	3.0529426108269835
1996	3.0529426108269835
1997	1.522378619508858
1998	1.522378619508858
1999	1.522378619508858
