0	2.1678340460991987
1	2.1678340460991987
2	2.1678340460991987
3	2.1678340460991987
4	2.1678340460991987
5	2.642955672628439
6	2.642955672628439
7	2.642955672628439
8	2.642955672628439
9	2.642955672628439
10	2.121991826350421
11	2.121991826350421
12	2.121991826350421
13	2.121991826350421
14	2.121991826350421
15	1.5164530020254374
16	1.5164530020254374
17	1.5164530020254374
18	1.5164530020254374
19	1.5164530020254374
20	2.5792370104641025
21	2.5792370104641025
22	2.5792370104641025
23	2.5792370104641025
24	2.5792370104641025
25	2.1019512849182354
26	2.1019512849182354
27	2.1019512849182354
28	0.8481121140513264
29	0.8481121140513264
30	0.8481121140513264
31	0.8481121140513264
32	0.8481121140513264
33	0.6420035337699055
34	0.6420035337699055
35	0.6420035337699055
36	0.6420035337699055
37	0.6420035337699055
38	0.9613341483637033
39	0.9613341483637033
40	0.9613341483637033
41	0.9613341483637033
42	0.9613341483637033
43	0.6491029024698796
44	0.6491029024698796
45	3.900586695860347
46	3.900586695860347
47	3.900586695860347
48	3.900586695860347
49	3.900586695860347
50	4.724096099434075
51	4.724096099434075
52	4.724096099434075
53	4.724096099434075
54	4.724096099434075
55	3.6658381154368906
56	3.6658381154368906
57	3.6658381154368906
58	3.6658381154368906
59	3.5161432158411827
60	3.5161432158411827
61	3.5161432158411827
62	3.5161432158411827
63	3.5161432158411827
64	2.9895331188415284
65	2.9895331188415284
66	2.9895331188415284
67	2.9895331188415284
68	1.225802822347511
69	1.225802822347511
70	1.225802822347511
71	1.225802822347511
72	1.225802822347511
73	3.3574048823158718
74	3.3574048823158718
75	3.3574048823158718
76	3.3574048823158718
77	3.3574048823158718
78	1.8863143070441029
79	1.8863143070441029
80	1.8863143070441029
81	1.8863143070441029
82	1.8863143070441029
83	3.288367510197582
84	3.288367510197582
85	3.288367510197582
86	3.288367510197582
87	3.288367510197582
88	1.9856113933368622
89	1.9856113933368622
90	1.9856113933368622
91	1.9856113933368622
92	2.7815002630829566
93	2.7815002630829566
94	2.7815002630829566
95	2.7815002630829566
96	2.7815002630829566
97	4.383751830613961
98	4.383751830613961
99	0.44856038407289034
100	0.44856038407289034
101	0.44856038407289034
102	0.44856038407289034
103	0.44856038407289034
104	0.6257471478154122
105	0.6257471478154122
106	0.6257471478154122
107	0.6257471478154122
108	0.6257471478154122
109	0.9717211931336942
110	0.9717211931336942
111	0.9717211931336942
112	0.9717211931336942
113	0.9717211931336942
114	0.6088131587422696
115	0.6088131587422696
116	0.6088131587422696
117	0.6088131587422696
118	0.6088131587422696
119	0.8126834403963987
120	0.8126834403963987
121	0.8126834403963987
122	0.8126834403963987
123	0.8126834403963987
124	0.6211257441920742
125	0.6211257441920742
126	0.6211257441920742
127	0.6211257441920742
128	0.6211257441920742
129	0.7030587499096027
130	0.7030587499096027
131	0.7030587499096027
132	0.7030587499096027
133	0.7030587499096027
134	0.5351203290654343
135	0.5351203290654343
136	0.5351203290654343
137	0.5351203290654343
138	0.5351203290654343
139	0.22266013225483394
140	0.22266013225483394
141	0.22266013225483394
142	0.22266013225483394
143	0.22266013225483394
144	0.5159003995159989
145	0.5159003995159989
146	0.5159003995159989
147	0.5159003995159989
148	0.5159003995159989
149	0.8412453195026672
150	0.8412453195026672
151	0.8412453195026672
152	0.8412453195026672
153	0.8412453195026672
154	0.7551095059433096
155	0.7551095059433096
156	0.7551095059433096
157	0.7551095059433096
158	0.7551095059433096
159	0.4919954741415796
160	0.4919954741415796
161	0.4919954741415796
162	0.4919954741415796
163	0.4919954741415796
164	0.7581553173153799
165	0.7581553173153799
166	0.7581553173153799
167	0.7581553173153799
168	0.7581553173153799
169	0.8702092790356589
170	0.8702092790356589
171	0.8702092790356589
172	0.8702092790356589
173	0.8702092790356589
174	0.6095847465998029
175	0.6095847465998029
176	0.6095847465998029
177	0.6095847465998029
178	0.6095847465998029
179	1.0166738519031777
180	1.0166738519031777
181	1.0166738519031777
182	1.0166738519031777
183	1.0166738519031777
184	0.8706569699411474
185	0.8706569699411474
186	0.8706569699411474
187	0.8706569699411474
188	0.8706569699411474
189	0.8120285665884954
190	0.8120285665884954
191	0.8120285665884954
192	0.8120285665884954
193	0.8120285665884954
194	0.48051458081149445
195	0.48051458081149445
196	0.48051458081149445
197	0.48051458081149445
198	0.48051458081149445
199	0.8362669326955134
200	0.8362669326955134
201	0.8362669326955134
202	0.8362669326955134
203	0.8362669326955134
204	0.6088342995326456
205	3.3581100293401764
206	3.3581100293401764
207	3.3581100293401764
208	3.3581100293401764
209	3.3581100293401764
210	4.5387542820100215
211	4.5387542820100215
212	4.5387542820100215
213	4.5387542820100215
214	2.638058859393159
215	2.638058859393159
216	2.638058859393159
217	2.638058859393159
218	2.638058859393159
219	2.193314590758389
220	2.193314590758389
221	2.193314590758389
222	2.193314590758389
223	2.193314590758389
224	2.596652787802467
225	2.596652787802467
226	2.596652787802467
227	2.596652787802467
228	2.596652787802467
229	2.9745731306751395
230	2.9745731306751395
231	2.9745731306751395
232	2.9745731306751395
233	4.012807702467934
234	4.012807702467934
235	4.012807702467934
236	4.012807702467934
237	4.012807702467934
238	3.3094970697539887
239	3.3094970697539887
240	3.3094970697539887
241	3.3094970697539887
242	3.3094970697539887
243	1.3231599116713482
244	1.3231599116713482
245	1.3231599116713482
246	1.3231599116713482
247	1.3231599116713482
248	3.4215726823585326
249	3.4215726823585326
250	3.4215726823585326
251	3.4215726823585326
252	3.4215726823585326
253	3.910360610523534
254	3.910360610523534
255	3.910360610523534
256	3.910360610523534
257	3.910360610523534
258	2.7690028588654085
259	2.7690028588654085
260	2.7690028588654085
261	2.7690028588654085
262	2.7690028588654085
263	5.076899172208767
264	5.076899172208767
265	5.076899172208767
266	5.076899172208767
267	5.076899172208767
268	3.909580614563827
269	3.909580614563827
270	3.909580614563827
271	3.909580614563827
272	3.909580614563827
273	4.230551522737335
274	4.230551522737335
275	4.230551522737335
276	4.230551522737335
277	4.230551522737335
278	4.404886556763134
279	4.404886556763134
280	4.404886556763134
281	2.54078526033219
282	2.54078526033219
283	2.54078526033219
284	2.54078526033219
285	2.54078526033219
286	3.396429245204495
287	3.396429245204495
288	3.396429245204495
289	3.396429245204495
290	3.396429245204495
291	3.0811159132389023
292	3.0811159132389023
293	3.0811159132389023
294	3.0811159132389023
295	3.0811159132389023
296	1.8478538863251683
297	1.8478538863251683
298	1.8478538863251683
299	1.8478538863251683
300	1.8478538863251683
301	2.525276238383152
302	2.525276238383152
303	2.525276238383152
304	2.525276238383152
305	2.525276238383152
306	2.52303587749076
307	2.52303587749076
308	2.52303587749076
309	2.52303587749076
310	0.7391737071716405
311	2.1720000798225323
312	2.1720000798225323
313	2.1720000798225323
314	2.1720000798225323
315	2.1720000798225323
316	1.4844507784215417
317	1.4844507784215417
318	1.4844507784215417
319	1.4844507784215417
320	1.4844507784215417
321	2.970875050796765
322	2.970875050796765
323	2.970875050796765
324	2.970875050796765
325	2.970875050796765
326	2.133761269004722
327	2.133761269004722
328	2.133761269004722
329	2.133761269004722
330	2.133761269004722
331	2.0905722431651923
332	2.0905722431651923
333	2.0905722431651923
334	2.0905722431651923
335	2.0905722431651923
336	2.544153681579705
337	2.544153681579705
338	2.544153681579705
339	2.544153681579705
340	2.544153681579705
341	2.3331685243646745
342	2.3331685243646745
343	2.3331685243646745
344	2.3331685243646745
345	2.3331685243646745
346	1.8510755092648055
347	0.682860547116416
348	0.682860547116416
349	0.8882010678570892
350	0.8882010678570892
351	0.8882010678570892
352	0.8882010678570892
353	0.8882010678570892
354	0.8503771365652886
355	0.8503771365652886
356	1.7078185316651706
357	1.7078185316651706
358	1.7078185316651706
359	1.7078185316651706
360	1.7078185316651706
361	4.0871217446054455
362	4.0871217446054455
363	4.0871217446054455
364	4.0871217446054455
365	4.0871217446054455
366	3.437523325175481
367	3.437523325175481
368	3.437523325175481
369	3.437523325175481
370	3.437523325175481
371	4.152316752146514
372	4.152316752146514
373	4.152316752146514
374	4.152316752146514
375	4.152316752146514
376	4.445257620741857
377	4.445257620741857
378	4.445257620741857
379	4.445257620741857
380	4.445257620741857
381	4.290608892557305
382	4.290608892557305
383	4.290608892557305
384	4.290608892557305
385	4.290608892557305
386	4.682486008801218
387	4.682486008801218
388	4.682486008801218
389	4.682486008801218
390	4.682486008801218
391	3.820865878220316
392	3.820865878220316
393	3.820865878220316
394	3.820865878220316
395	3.820865878220316
396	1.8861165352065818
397	2.991051255864066
398	2.991051255864066
399	2.991051255864066
400	2.991051255864066
401	2.991051255864066
402	6.689846500003012
403	6.689846500003012
404	6.689846500003012
405	6.689846500003012
406	6.689846500003012
407	3.748865411817539
408	3.748865411817539
409	3.748865411817539
410	3.748865411817539
411	3.748865411817539
412	4.527531212256178
413	4.527531212256178
414	4.527531212256178
415	4.527531212256178
416	4.527531212256178
417	6.075391609316556
418	6.075391609316556
419	6.075391609316556
420	6.075391609316556
421	6.075391609316556
422	4.787942303730171
423	4.787942303730171
424	1.0891687966359653
425	1.0891687966359653
426	1.0891687966359653
427	1.0891687966359653
428	1.0891687966359653
429	0.48340930905529556
430	0.48340930905529556
431	0.48340930905529556
432	0.48340930905529556
433	0.48340930905529556
434	0.695830645015596
435	0.695830645015596
436	0.695830645015596
437	0.695830645015596
438	0.695830645015596
439	1.315317887450591
440	1.315317887450591
441	1.315317887450591
442	1.315317887450591
443	1.315317887450591
444	0.9426092189124426
445	0.9426092189124426
446	0.9426092189124426
447	0.9426092189124426
448	0.9426092189124426
449	2.0877699396376967
450	2.0877699396376967
451	2.0877699396376967
452	2.0877699396376967
453	2.0877699396376967
454	4.924549933103116
455	4.924549933103116
456	4.924549933103116
457	4.924549933103116
458	4.924549933103116
459	2.0949771393691536
460	2.0949771393691536
461	2.0949771393691536
462	2.0949771393691536
463	2.0949771393691536
464	3.8818732637683873
465	3.8818732637683873
466	3.8818732637683873
467	3.8818732637683873
468	3.8818732637683873
469	3.7398313305878395
470	3.7398313305878395
471	3.7398313305878395
472	3.7398313305878395
473	3.7398313305878395
474	4.425194363099897
475	4.425194363099897
476	4.425194363099897
477	4.425194363099897
478	4.425194363099897
479	3.1910439891054807
480	3.1910439891054807
481	3.1910439891054807
482	3.1910439891054807
483	3.1910439891054807
484	3.1440814184250576
485	3.1440814184250576
486	3.1440814184250576
487	3.1440814184250576
488	3.1440814184250576
489	2.761909970091572
490	2.761909970091572
491	2.761909970091572
492	2.761909970091572
493	2.761909970091572
494	3.081012213137925
495	3.081012213137925
496	3.081012213137925
497	3.081012213137925
498	3.081012213137925
499	3.217037444316795
500	3.217037444316795
501	3.217037444316795
502	3.217037444316795
503	3.217037444316795
504	3.030896220102453
505	3.030896220102453
506	3.030896220102453
507	3.287810499735826
508	3.287810499735826
509	3.287810499735826
510	3.287810499735826
511	3.287810499735826
512	2.5322142420341573
513	2.5322142420341573
514	2.5322142420341573
515	2.5322142420341573
516	2.5322142420341573
517	0.5391343917827573
518	0.5391343917827573
519	2.170636146586637
520	2.170636146586637
521	2.170636146586637
522	2.170636146586637
523	2.170636146586637
524	4.624959379654679
525	4.624959379654679
526	4.624959379654679
527	4.624959379654679
528	4.624959379654679
529	3.092623931895762
530	3.092623931895762
531	3.092623931895762
532	3.092623931895762
533	3.092623931895762
534	4.410339454596865
535	4.410339454596865
536	4.410339454596865
537	4.410339454596865
538	4.410339454596865
539	3.0289229893211407
540	3.0289229893211407
541	3.0289229893211407
542	3.0289229893211407
543	3.0289229893211407
544	3.3834504030000847
545	3.3834504030000847
546	3.3834504030000847
547	3.3834504030000847
548	3.3834504030000847
549	2.3572164207238355
550	2.3572164207238355
551	2.3572164207238355
552	2.3572164207238355
553	1.0371534923794765
554	1.0371534923794765
555	1.0371534923794765
556	1.0371534923794765
557	1.0371534923794765
558	0.9656552165378192
559	0.9656552165378192
560	0.9656552165378192
561	0.9656552165378192
562	0.9656552165378192
563	0.573894631057366
564	0.573894631057366
565	0.573894631057366
566	0.573894631057366
567	3.0814500248452723
568	3.0814500248452723
569	3.0814500248452723
570	3.0814500248452723
571	3.0814500248452723
572	2.5656726220781456
573	2.5656726220781456
574	2.5656726220781456
575	2.5656726220781456
576	2.5656726220781456
577	3.0922354225757482
578	3.0922354225757482
579	3.0922354225757482
580	3.0922354225757482
581	3.0922354225757482
582	4.421007822253533
583	4.421007822253533
584	4.421007822253533
585	4.421007822253533
586	4.421007822253533
587	3.1003853313437952
588	3.1003853313437952
589	3.1003853313437952
590	3.1003853313437952
591	3.1003853313437952
592	3.7202588200339
593	3.7202588200339
594	3.7202588200339
595	2.642528561196932
596	2.642528561196932
597	2.642528561196932
598	2.642528561196932
599	2.642528561196932
600	1.872052379217316
601	1.872052379217316
602	1.872052379217316
603	1.872052379217316
604	1.872052379217316
605	1.776164829622382
606	1.776164829622382
607	1.776164829622382
608	1.776164829622382
609	1.776164829622382
610	2.104884814269895
611	2.104884814269895
612	2.104884814269895
613	2.104884814269895
614	4.899943268851797
615	4.899943268851797
616	0.9882412243473943
617	0.9882412243473943
618	0.9882412243473943
619	0.9882412243473943
620	0.9882412243473943
621	1.8516820460064276
622	1.8516820460064276
623	1.8516820460064276
624	1.8516820460064276
625	1.8516820460064276
626	1.3605172008897197
627	1.3605172008897197
628	1.3605172008897197
629	1.3605172008897197
630	1.3605172008897197
631	0.8845541793272365
632	0.8845541793272365
633	0.8845541793272365
634	0.8845541793272365
635	0.8845541793272365
636	0.8351479173037928
637	0.8351479173037928
638	0.8351479173037928
639	0.8351479173037928
640	0.8351479173037928
641	3.3783154828016144
642	3.3783154828016144
643	3.3783154828016144
644	3.3783154828016144
645	3.3783154828016144
646	3.0119198680582726
647	3.0119198680582726
648	3.0119198680582726
649	3.0119198680582726
650	3.0119198680582726
651	3.5429416841002963
652	3.5429416841002963
653	3.5429416841002963
654	3.5429416841002963
655	3.5429416841002963
656	3.890651717319442
657	3.890651717319442
658	3.890651717319442
659	3.890651717319442
660	3.890651717319442
661	3.4599819435965986
662	3.4599819435965986
663	3.4599819435965986
664	3.4599819435965986
665	3.4599819435965986
666	3.024752887082671
667	3.024752887082671
668	3.024752887082671
669	3.024752887082671
670	3.024752887082671
671	2.644345432405497
672	2.644345432405497
673	2.644345432405497
674	2.644345432405497
675	2.644345432405497
676	3.28344144378148
677	3.28344144378148
678	3.28344144378148
679	3.28344144378148
680	3.28344144378148
681	3.2176929153327722
682	3.2176929153327722
683	3.2176929153327722
684	3.2176929153327722
685	3.2176929153327722
686	2.57673226047266
687	2.57673226047266
688	2.57673226047266
689	2.57673226047266
690	2.57673226047266
691	2.8955248862925953
692	2.8955248862925953
693	2.8955248862925953
694	2.8955248862925953
695	2.8955248862925953
696	2.1357287939326692
697	2.1357287939326692
698	2.1357287939326692
699	2.1357287939326692
700	2.1357287939326692
701	2.520927424949187
702	2.520927424949187
703	2.520927424949187
704	2.520927424949187
705	2.520927424949187
706	2.4144264521728327
707	2.4144264521728327
708	2.4144264521728327
709	2.4144264521728327
710	2.4144264521728327
711	3.047239381075208
712	3.047239381075208
713	3.047239381075208
714	3.047239381075208
715	3.047239381075208
716	2.8507630136720215
717	2.8507630136720215
718	2.8507630136720215
719	1.2303030797461696
720	1.2303030797461696
721	1.2303030797461696
722	1.2303030797461696
723	1.2303030797461696
724	1.802113619689662
725	1.802113619689662
726	1.802113619689662
727	1.802113619689662
728	1.802113619689662
729	1.434299980150639
730	1.434299980150639
731	1.434299980150639
732	1.434299980150639
733	1.434299980150639
734	1.3963994897523588
735	1.3963994897523588
736	1.3963994897523588
737	1.3963994897523588
738	1.3963994897523588
739	0.9649774578817714
740	0.9649774578817714
741	0.9649774578817714
742	0.9649774578817714
743	0.9649774578817714
744	1.5227769702216651
745	1.5227769702216651
746	1.5227769702216651
747	1.5227769702216651
748	1.5227769702216651
749	2.718126016459192
750	2.718126016459192
751	2.718126016459192
752	2.718126016459192
753	2.718126016459192
754	2.3768908935212587
755	2.3768908935212587
756	2.3768908935212587
757	2.3768908935212587
758	2.3768908935212587
759	1.7349757821250127
760	1.7349757821250127
761	1.7349757821250127
762	1.7349757821250127
763	1.7349757821250127
764	2.45018650321465
765	2.45018650321465
766	2.45018650321465
767	2.45018650321465
768	2.45018650321465
769	1.7153178964091222
770	1.7153178964091222
771	1.7153178964091222
772	1.7153178964091222
773	1.7153178964091222
774	1.9109152180129827
775	1.9109152180129827
776	1.9109152180129827
777	1.9109152180129827
778	1.9109152180129827
779	2.4662280914035324
780	2.4662280914035324
781	2.4662280914035324
782	2.4662280914035324
783	2.4662280914035324
784	0.8327680021947943
785	0.8327680021947943
786	0.8327680021947943
787	0.8327680021947943
788	0.8327680021947943
789	1.0100751883258157
790	1.0100751883258157
791	1.0100751883258157
792	1.0100751883258157
793	1.0100751883258157
794	0.8639834883258629
795	0.8639834883258629
796	0.8639834883258629
797	0.8639834883258629
798	2.833910764096609
799	2.833910764096609
800	2.833910764096609
801	2.833910764096609
802	2.833910764096609
803	4.411044626107273
804	4.411044626107273
805	4.411044626107273
806	4.411044626107273
807	4.411044626107273
808	3.993890721428974
809	3.993890721428974
810	3.993890721428974
811	3.993890721428974
812	2.6030185545466846
813	2.6030185545466846
814	2.6030185545466846
815	2.6030185545466846
816	2.6030185545466846
817	2.7140182111491837
818	2.7140182111491837
819	2.7140182111491837
820	2.7140182111491837
821	2.7140182111491837
822	3.2605358098789
823	3.2605358098789
824	3.2605358098789
825	3.2605358098789
826	3.2605358098789
827	3.008558616062026
828	3.008558616062026
829	3.008558616062026
830	0.5116763641613177
831	0.5116763641613177
832	0.5116763641613177
833	0.5116763641613177
834	0.5116763641613177
835	0.7263382839762689
836	0.7263382839762689
837	0.7263382839762689
838	0.7263382839762689
839	0.7263382839762689
840	0.21841941403446752
841	0.21841941403446752
842	0.21841941403446752
843	1.220544478161231
844	1.220544478161231
845	1.220544478161231
846	1.220544478161231
847	1.220544478161231
848	1.8701082524096886
849	1.8701082524096886
850	1.8701082524096886
851	1.8701082524096886
852	1.8701082524096886
853	1.384827012621494
854	1.384827012621494
855	1.384827012621494
856	1.384827012621494
857	1.384827012621494
858	1.6197830538262812
859	1.6197830538262812
860	1.6197830538262812
861	1.6197830538262812
862	1.6197830538262812
863	2.286086909978163
864	2.286086909978163
865	2.286086909978163
866	2.286086909978163
867	2.286086909978163
868	1.6915140803018849
869	1.6915140803018849
870	1.6915140803018849
871	1.6915140803018849
872	1.6915140803018849
873	1.653645298686854
874	0.24652692706072216
875	0.24652692706072216
876	0.24652692706072216
877	0.24652692706072216
878	0.24652692706072216
879	0.22025494040709057
880	0.22025494040709057
881	0.22025494040709057
882	0.22025494040709057
883	0.22025494040709057
884	0.22897780269321277
885	0.22897780269321277
886	0.22897780269321277
887	0.22897780269321277
888	0.22897780269321277
889	0.14448179090660995
890	0.14448179090660995
891	0.14448179090660995
892	0.14448179090660995
893	0.14448179090660995
894	0.20458695085671938
895	0.20458695085671938
896	0.20458695085671938
897	0.20458695085671938
898	0.20458695085671938
899	0.2737163166800462
900	0.2737163166800462
901	0.2737163166800462
902	0.2737163166800462
903	0.2737163166800462
904	0.17287210161987043
905	0.17287210161987043
906	0.17287210161987043
907	0.17287210161987043
908	0.17287210161987043
909	0.21278031353020035
910	0.21278031353020035
911	0.21278031353020035
912	0.21278031353020035
913	0.21278031353020035
914	0.15943219202534029
915	0.15943219202534029
916	0.15943219202534029
917	0.15943219202534029
918	0.15943219202534029
919	0.2279691053770671
920	0.2279691053770671
921	0.2279691053770671
922	0.2279691053770671
923	0.2279691053770671
924	0.23775166392136407
925	0.23775166392136407
926	0.23775166392136407
927	0.23775166392136407
928	0.23775166392136407
929	0.21030110006078104
930	0.21030110006078104
931	0.21030110006078104
932	0.21030110006078104
933	0.21030110006078104
934	0.22858226331199907
935	0.22858226331199907
936	0.22858226331199907
937	0.22858226331199907
938	0.22858226331199907
939	0.25026836173428535
940	0.25026836173428535
941	0.25026836173428535
942	0.25026836173428535
943	0.25026836173428535
944	2.9064902225645857
945	2.9064902225645857
946	2.9064902225645857
947	2.9064902225645857
948	2.9064902225645857
949	5.019000034168675
950	5.019000034168675
951	5.019000034168675
952	5.019000034168675
953	5.019000034168675
954	3.250893610211565
955	1.6729444201323387
956	1.6729444201323387
957	1.6729444201323387
958	1.6729444201323387
959	1.6729444201323387
960	1.5603613182976175
961	1.5603613182976175
962	1.5603613182976175
963	1.5603613182976175
964	1.5603613182976175
965	2.2724606552280986
966	2.2724606552280986
967	2.2724606552280986
968	2.2724606552280986
969	2.2724606552280986
970	2.937835390811256
971	2.937835390811256
972	2.937835390811256
973	2.937835390811256
974	2.937835390811256
975	1.0125664219262633
976	1.0125664219262633
977	1.0125664219262633
978	1.0125664219262633
979	1.0125664219262633
980	2.9779018211308514
981	2.9779018211308514
982	2.9779018211308514
983	2.9779018211308514
984	2.9779018211308514
985	3.487529037759479
986	3.487529037759479
987	3.487529037759479
988	3.487529037759479
989	3.487529037759479
990	3.049328648409407
991	3.049328648409407
992	3.049328648409407
993	3.049328648409407
994	1.497424119904387
995	1.497424119904387
996	1.497424119904387
997	1.497424119904387
998	1.497424119904387
999	1.6994032214799029
1000	1.6994032214799029
1001	1.6994032214799029
1002	1.6994032214799029
1003	1.6994032214799029
1004	1.2716811622803728
1005	1.2716811622803728
1006	1.2716811622803728
1007	1.2716811622803728
1008	1.2716811622803728
1009	2.1344403596044206
1010	2.1344403596044206
1011	2.1344403596044206
1012	2.1344403596044206
1013	2.1344403596044206
1014	2.6457508054178422
1015	2.6457508054178422
1016	2.6457508054178422
1017	2.6457508054178422
1018	2.6457508054178422
1019	1.930716274571878
1020	1.930716274571878
1021	1.930716274571878
1022	1.930716274571878
1023	1.930716274571878
1024	0.9596471123246424
1025	0.9596471123246424
1026	0.9596471123246424
1027	0.9596471123246424
1028	1.7394829300487535
1029	1.7394829300487535
1030	1.7394829300487535
1031	1.7394829300487535
1032	1.7394829300487535
1033	1.6948551510006704
1034	1.6948551510006704
1035	1.6948551510006704
1036	1.6948551510006704
1037	1.6948551510006704
1038	2.6315848132111124
1039	2.6315848132111124
1040	2.6315848132111124
1041	2.6315848132111124
1042	2.6315848132111124
1043	2.2386004011784424
1044	2.2386004011784424
1045	2.2386004011784424
1046	2.2386004011784424
1047	2.2386004011784424
1048	1.2671743211822213
1049	1.2671743211822213
1050	1.2671743211822213
1051	1.2671743211822213
1052	1.2671743211822213
1053	3.0337407284349895
1054	3.0337407284349895
1055	3.0337407284349895
1056	3.0337407284349895
1057	3.0337407284349895
1058	3.4300511179153466
1059	3.4300511179153466
1060	3.4300511179153466
1061	3.4300511179153466
1062	3.4300511179153466
1063	2.452933240138905
1064	2.452933240138905
1065	2.452933240138905
1066	2.452933240138905
1067	2.452933240138905
1068	3.524521795826155
1069	3.524521795826155
1070	3.524521795826155
1071	3.524521795826155
1072	3.524521795826155
1073	1.7110343662098764
1074	1.7110343662098764
1075	1.7110343662098764
1076	1.7110343662098764
1077	1.7110343662098764
1078	1.7330180379155287
1079	0.8004023338035183
1080	0.8004023338035183
1081	0.8004023338035183
1082	0.8004023338035183
1083	0.8004023338035183
1084	0.7727536482589084
1085	0.7727536482589084
1086	0.7727536482589084
1087	0.7727536482589084
1088	0.7727536482589084
1089	0.38853890396308
1090	0.38853890396308
1091	0.38853890396308
1092	0.38853890396308
1093	0.38853890396308
1094	0.612255151525639
1095	0.612255151525639
1096	0.612255151525639
1097	0.612255151525639
1098	0.612255151525639
1099	0.6634416843971079
1100	0.6634416843971079
1101	0.6634416843971079
1102	0.6634416843971079
1103	0.6634416843971079
1104	0.782409622403343
1105	0.782409622403343
1106	0.782409622403343
1107	0.782409622403343
1108	0.782409622403343
1109	0.7314728090182205
1110	0.7314728090182205
1111	0.7314728090182205
1112	0.7314728090182205
1113	3.9326154728348586
1114	3.9326154728348586
1115	3.9326154728348586
1116	3.9326154728348586
1117	2.114328190402235
1118	2.114328190402235
1119	2.114328190402235
1120	2.114328190402235
1121	2.114328190402235
1122	2.838586571543407
1123	2.838586571543407
1124	2.838586571543407
1125	2.838586571543407
1126	2.838586571543407
1127	3.948122549750549
1128	3.948122549750549
1129	3.948122549750549
1130	3.948122549750549
1131	3.948122549750549
1132	2.692920772394477
1133	1.0487974625111414
1134	1.0487974625111414
1135	1.0487974625111414
1136	1.0487974625111414
1137	1.0487974625111414
1138	0.4314719976706828
1139	0.4314719976706828
1140	0.4314719976706828
1141	0.4314719976706828
1142	0.4314719976706828
1143	0.6616166596826183
1144	0.6616166596826183
1145	0.6616166596826183
1146	0.6616166596826183
1147	0.6616166596826183
1148	0.38402950159545757
1149	0.38402950159545757
1150	0.38402950159545757
1151	0.38402950159545757
1152	0.38402950159545757
1153	0.9824624566388924
1154	0.9824624566388924
1155	0.9824624566388924
1156	0.9824624566388924
1157	0.9824624566388924
1158	0.5528167324994722
1159	0.5528167324994722
1160	0.5528167324994722
1161	0.5528167324994722
1162	0.5528167324994722
1163	0.47799646970703635
1164	0.47799646970703635
1165	0.47799646970703635
1166	0.47799646970703635
1167	0.47799646970703635
1168	0.8196797570883962
1169	0.8196797570883962
1170	0.8196797570883962
1171	0.8196797570883962
1172	0.8196797570883962
1173	0.754721538597782
1174	0.754721538597782
1175	0.754721538597782
1176	0.754721538597782
1177	0.754721538597782
1178	0.69986088813349
1179	0.69986088813349
1180	0.69986088813349
1181	0.69986088813349
1182	0.69986088813349
1183	0.924590389890555
1184	0.924590389890555
1185	0.924590389890555
1186	0.924590389890555
1187	0.924590389890555
1188	0.7692144911326725
1189	0.7692144911326725
1190	0.12846881288462553
1191	0.12846881288462553
1192	0.12846881288462553
1193	0.12846881288462553
1194	0.12846881288462553
1195	0.5140693649047857
1196	0.5140693649047857
1197	0.5140693649047857
1198	0.5140693649047857
1199	0.5140693649047857
1200	0.20348487919001673
1201	0.20348487919001673
1202	0.20348487919001673
1203	0.20348487919001673
1204	0.20348487919001673
1205	0.5607445845570737
1206	0.5607445845570737
1207	0.5607445845570737
1208	0.5607445845570737
1209	0.5607445845570737
1210	0.491914167714649
1211	0.491914167714649
1212	0.491914167714649
1213	0.491914167714649
1214	0.491914167714649
1215	0.4996951674512221
1216	0.4996951674512221
1217	0.4996951674512221
1218	0.4996951674512221
1219	0.4996951674512221
1220	0.6139991539561015
1221	0.6139991539561015
1222	0.6139991539561015
1223	0.6139991539561015
1224	0.6139991539561015
1225	0.8881573045232738
1226	0.8881573045232738
1227	0.8881573045232738
1228	0.8881573045232738
1229	0.8881573045232738
1230	0.8234655020661319
1231	0.8234655020661319
1232	0.8234655020661319
1233	0.8234655020661319
1234	0.8234655020661319
1235	0.7366668103966612
1236	0.7366668103966612
1237	0.7366668103966612
1238	0.7366668103966612
1239	0.7366668103966612
1240	0.4717798387061629
1241	0.4717798387061629
1242	0.4717798387061629
1243	0.4717798387061629
1244	0.4717798387061629
1245	0.27886657003517923
1246	0.27886657003517923
1247	0.27886657003517923
1248	1.8508655573373456
1249	1.8508655573373456
1250	1.8508655573373456
1251	1.8508655573373456
1252	1.8508655573373456
1253	1.7487740760249908
1254	1.7487740760249908
1255	1.7487740760249908
1256	1.7487740760249908
1257	1.7487740760249908
1258	2.1324092605628255
1259	2.1324092605628255
1260	2.1324092605628255
1261	2.1324092605628255
1262	2.1324092605628255
1263	1.6280066766543295
1264	1.6280066766543295
1265	1.6280066766543295
1266	1.6280066766543295
1267	1.6280066766543295
1268	1.678457779004967
1269	1.678457779004967
1270	1.678457779004967
1271	1.678457779004967
1272	1.678457779004967
1273	4.216393002399345
1274	4.216393002399345
1275	4.216393002399345
1276	4.216393002399345
1277	4.216393002399345
1278	3.0938307168018424
1279	3.0938307168018424
1280	3.0938307168018424
1281	3.0938307168018424
1282	3.0938307168018424
1283	2.6693241218058317
1284	2.6693241218058317
1285	2.6693241218058317
1286	2.6693241218058317
1287	2.6693241218058317
1288	2.826925747239544
1289	2.826925747239544
1290	2.826925747239544
1291	2.826925747239544
1292	2.826925747239544
1293	3.383018742246275
1294	3.383018742246275
1295	3.383018742246275
1296	3.383018742246275
1297	3.383018742246275
1298	2.654497305480452
1299	2.654497305480452
1300	2.654497305480452
1301	2.654497305480452
1302	2.654497305480452
1303	1.5326870764504963
1304	1.5326870764504963
1305	1.5326870764504963
1306	1.5326870764504963
1307	1.5326870764504963
1308	1.6501689391537058
1309	1.6501689391537058
1310	1.6501689391537058
1311	1.6501689391537058
1312	1.6501689391537058
1313	3.073464492544381
1314	3.073464492544381
1315	2.9597365093614654
1316	2.9597365093614654
1317	2.9597365093614654
1318	2.9597365093614654
1319	2.9597365093614654
1320	2.8276637962429056
1321	2.8276637962429056
1322	2.8276637962429056
1323	2.8276637962429056
1324	2.8276637962429056
1325	2.7945591540520405
1326	2.7945591540520405
1327	2.7945591540520405
1328	2.7945591540520405
1329	2.7945591540520405
1330	2.074022748794461
1331	2.074022748794461
1332	2.074022748794461
1333	2.074022748794461
1334	2.074022748794461
1335	1.9748774059559198
1336	1.9748774059559198
1337	1.9748774059559198
1338	1.9748774059559198
1339	1.9748774059559198
1340	3.7810284067435367
1341	3.7810284067435367
1342	3.7810284067435367
1343	3.7810284067435367
1344	3.7810284067435367
1345	3.793305078360921
1346	3.793305078360921
1347	3.793305078360921
1348	3.793305078360921
1349	3.793305078360921
1350	2.132703341181859
1351	2.132703341181859
1352	2.132703341181859
1353	2.132703341181859
1354	2.132703341181859
1355	4.154413748165381
1356	4.154413748165381
1357	4.154413748165381
1358	4.154413748165381
1359	4.154413748165381
1360	3.04046126955442
1361	3.04046126955442
1362	2.5723903322348862
1363	2.5723903322348862
1364	2.5723903322348862
1365	2.5723903322348862
1366	2.5723903322348862
1367	2.5767424561480747
1368	2.5767424561480747
1369	2.5767424561480747
1370	2.5767424561480747
1371	2.5767424561480747
1372	1.9078969353318596
1373	1.9078969353318596
1374	1.9078969353318596
1375	1.9078969353318596
1376	1.9078969353318596
1377	2.270764136866437
1378	2.270764136866437
1379	2.270764136866437
1380	2.270764136866437
1381	2.270764136866437
1382	2.922306306762078
1383	2.922306306762078
1384	2.922306306762078
1385	2.922306306762078
1386	2.922306306762078
1387	1.2635569202321681
1388	1.2635569202321681
1389	1.2635569202321681
1390	1.0012964396377622
1391	1.0012964396377622
1392	1.0012964396377622
1393	1.0012964396377622
1394	1.0012964396377622
1395	0.8319949980608532
1396	0.8319949980608532
1397	0.8319949980608532
1398	0.8319949980608532
1399	0.8319949980608532
1400	1.073304684908801
1401	1.073304684908801
1402	1.073304684908801
1403	1.073304684908801
1404	1.073304684908801
1405	1.140247882422841
1406	1.140247882422841
1407	1.140247882422841
1408	1.140247882422841
1409	1.140247882422841
1410	0.8273377057436709
1411	0.8273377057436709
1412	0.8273377057436709
1413	0.8273377057436709
1414	0.8273377057436709
1415	0.8216014491899666
1416	0.8216014491899666
1417	0.8216014491899666
1418	0.8216014491899666
1419	0.8216014491899666
1420	1.4231624827456713
1421	1.4231624827456713
1422	1.4231624827456713
1423	1.4231624827456713
1424	2.0972178337345833
1425	2.0972178337345833
1426	2.0972178337345833
1427	2.0972178337345833
1428	2.0972178337345833
1429	1.332519721396279
1430	1.332519721396279
1431	1.332519721396279
1432	1.332519721396279
1433	1.332519721396279
1434	1.8915149764595698
1435	1.8915149764595698
1436	1.8915149764595698
1437	1.8915149764595698
1438	1.8915149764595698
1439	0.29406707722235015
1440	0.29406707722235015
1441	0.29406707722235015
1442	0.29406707722235015
1443	0.29406707722235015
1444	1.8626652178376693
1445	1.8626652178376693
1446	1.8626652178376693
1447	1.8626652178376693
1448	1.8626652178376693
1449	1.6222023063253093
1450	1.6222023063253093
1451	1.6222023063253093
1452	1.6222023063253093
1453	1.6222023063253093
1454	2.120679127886965
1455	2.120679127886965
1456	2.120679127886965
1457	2.120679127886965
1458	2.120679127886965
1459	2.21216750289637
1460	2.21216750289637
1461	2.21216750289637
1462	2.21216750289637
1463	2.21216750289637
1464	2.5945868604639686
1465	2.5945868604639686
1466	2.5945868604639686
1467	2.5945868604639686
1468	2.5945868604639686
1469	2.5065879531607687
1470	2.5065879531607687
1471	2.5065879531607687
1472	2.5065879531607687
1473	2.5065879531607687
1474	2.1332777034150103
1475	2.1332777034150103
1476	2.1332777034150103
1477	2.1332777034150103
1478	2.1332777034150103
1479	2.313687252980466
1480	2.313687252980466
1481	2.313687252980466
1482	0.21529421016376377
1483	0.21529421016376377
1484	0.21529421016376377
1485	0.21529421016376377
1486	0.21529421016376377
1487	0.18350240773044782
1488	0.18350240773044782
1489	3.0266431683388197
1490	3.0266431683388197
1491	3.0266431683388197
1492	3.0266431683388197
1493	3.0266431683388197
1494	5.995908070557059
1495	5.995908070557059
1496	5.995908070557059
1497	5.995908070557059
1498	0.8499055922550488
1499	0.8499055922550488
1500	0.8499055922550488
1501	0.8499055922550488
1502	0.8499055922550488
1503	0.8854017685410532
1504	0.8854017685410532
1505	0.8854017685410532
1506	0.8854017685410532
1507	0.8854017685410532
1508	0.6285860001674293
1509	0.6285860001674293
1510	0.6285860001674293
1511	0.6285860001674293
1512	0.6285860001674293
1513	0.7076715418573324
1514	0.7076715418573324
1515	0.7076715418573324
1516	0.7076715418573324
1517	0.7076715418573324
1518	0.5881373973699239
1519	0.5881373973699239
1520	0.5881373973699239
1521	0.5881373973699239
1522	0.5881373973699239
1523	0.4701180840291238
1524	0.4701180840291238
1525	0.4701180840291238
1526	0.4701180840291238
1527	0.4701180840291238
1528	0.5452516390130673
1529	0.5452516390130673
1530	0.5452516390130673
1531	0.5452516390130673
1532	0.5452516390130673
1533	0.9284644387172099
1534	0.9284644387172099
1535	0.9284644387172099
1536	0.9284644387172099
1537	0.9284644387172099
1538	0.3794644925497221
1539	0.3794644925497221
1540	0.3794644925497221
1541	0.3794644925497221
1542	0.3794644925497221
1543	0.21296092771842473
1544	0.21296092771842473
1545	0.21296092771842473
1546	0.21296092771842473
1547	0.21296092771842473
1548	0.40186099588458984
1549	0.40186099588458984
1550	0.40186099588458984
1551	0.40186099588458984
1552	0.40186099588458984
1553	0.892149665806326
1554	0.892149665806326
1555	0.892149665806326
1556	0.892149665806326
1557	0.892149665806326
1558	1.625924256577644
1559	1.625924256577644
1560	6.2138509853759984
1561	6.2138509853759984
1562	6.2138509853759984
1563	6.2138509853759984
1564	6.2138509853759984
1565	4.485281964933628
1566	4.485281964933628
1567	4.485281964933628
1568	4.485281964933628
1569	4.485281964933628
1570	4.225503443898566
1571	4.225503443898566
1572	4.225503443898566
1573	4.225503443898566
1574	4.225503443898566
1575	4.101959110154548
1576	4.101959110154548
1577	4.101959110154548
1578	4.101959110154548
1579	4.101959110154548
1580	2.8437371974989607
1581	2.8437371974989607
1582	2.8437371974989607
1583	2.8437371974989607
1584	2.8437371974989607
1585	4.445286232126609
1586	4.445286232126609
1587	4.445286232126609
1588	4.445286232126609
1589	4.445286232126609
1590	2.3928854166092264
1591	2.3928854166092264
1592	2.3928854166092264
1593	2.3928854166092264
1594	2.3928854166092264
1595	3.94175055558848
1596	3.94175055558848
1597	3.94175055558848
1598	3.94175055558848
1599	3.94175055558848
1600	2.871887650121145
1601	2.871887650121145
1602	2.871887650121145
1603	2.871887650121145
1604	2.871887650121145
1605	2.367501904622472
1606	2.367501904622472
1607	2.367501904622472
1608	2.367501904622472
1609	2.367501904622472
1610	3.7724440030075037
1611	3.7724440030075037
1612	3.7724440030075037
1613	3.7724440030075037
1614	3.7724440030075037
1615	3.264211403569508
1616	3.264211403569508
1617	3.264211403569508
1618	3.264211403569508
1619	3.264211403569508
1620	1.9028608449516793
1621	1.9028608449516793
1622	1.9028608449516793
1623	1.9028608449516793
1624	1.9028608449516793
1625	1.76920381230769
1626	1.76920381230769
1627	1.76920381230769
1628	1.76920381230769
1629	1.76920381230769
1630	1.4825245181159352
1631	1.4825245181159352
1632	5.270262449697517
1633	5.270262449697517
1634	5.270262449697517
1635	5.270262449697517
1636	5.270262449697517
1637	4.229940899624681
1638	4.229940899624681
1639	4.229940899624681
1640	4.229940899624681
1641	4.229940899624681
1642	5.107962876939488
1643	5.107962876939488
1644	5.107962876939488
1645	5.107962876939488
1646	5.107962876939488
1647	2.8239288428838156
1648	2.8239288428838156
1649	2.8239288428838156
1650	2.8239288428838156
1651	2.8239288428838156
1652	4.485072822746444
1653	4.485072822746444
1654	4.485072822746444
1655	4.485072822746444
1656	4.485072822746444
1657	4.278262918742816
1658	4.278262918742816
1659	4.278262918742816
1660	4.278262918742816
1661	4.278262918742816
1662	5.222061274493399
1663	5.222061274493399
1664	5.222061274493399
1665	5.222061274493399
1666	5.222061274493399
1667	6.684748098705519
1668	6.684748098705519
1669	6.684748098705519
1670	6.684748098705519
1671	6.684748098705519
1672	4.072421455193159
1673	4.072421455193159
1674	4.072421455193159
1675	4.072421455193159
1676	4.072421455193159
1677	6.330267145971993
1678	6.330267145971993
1679	6.330267145971993
1680	6.330267145971993
1681	3.3487050359487984
1682	3.3487050359487984
1683	3.3487050359487984
1684	3.3487050359487984
1685	3.3487050359487984
1686	1.8926277814654706
1687	1.8926277814654706
1688	1.8926277814654706
1689	1.8926277814654706
1690	1.8926277814654706
1691	3.7450286420274397
1692	3.7450286420274397
1693	3.7450286420274397
1694	3.7450286420274397
1695	3.7450286420274397
1696	2.9964911691708167
1697	2.9964911691708167
1698	2.9964911691708167
1699	2.9964911691708167
1700	2.9964911691708167
1701	2.702728749310032
1702	2.702728749310032
1703	2.702728749310032
1704	2.702728749310032
1705	2.702728749310032
1706	0.8341896583321076
1707	0.8341896583321076
1708	0.8341896583321076
1709	0.8341896583321076
1710	0.8341896583321076
1711	1.7217955909911342
1712	1.7217955909911342
1713	1.7217955909911342
1714	1.7217955909911342
1715	1.7217955909911342
1716	2.5633667015557737
1717	2.5633667015557737
1718	2.5633667015557737
1719	2.5633667015557737
1720	2.5633667015557737
1721	2.510518778303464
1722	2.510518778303464
1723	2.510518778303464
1724	2.510518778303464
1725	2.510518778303464
1726	2.9793073240619963
1727	2.9793073240619963
1728	2.9793073240619963
1729	2.9793073240619963
1730	2.9793073240619963
1731	0.6123094869066197
1732	0.6123094869066197
1733	0.6123094869066197
1734	0.6123094869066197
1735	0.6123094869066197
1736	3.7706260685696664
1737	3.7706260685696664
1738	3.7706260685696664
1739	3.7706260685696664
1740	3.7706260685696664
1741	2.3530291851552003
1742	2.3530291851552003
1743	2.3530291851552003
1744	2.3530291851552003
1745	1.2875322011025065
1746	1.2875322011025065
1747	1.2875322011025065
1748	1.2875322011025065
1749	1.2875322011025065
1750	3.7416542416988334
1751	3.7416542416988334
1752	3.7416542416988334
1753	3.7416542416988334
1754	3.7416542416988334
1755	3.270127806074377
1756	3.270127806074377
1757	3.270127806074377
1758	3.270127806074377
1759	3.270127806074377
1760	2.5023814489815637
1761	2.5023814489815637
1762	2.5023814489815637
1763	2.5023814489815637
1764	2.5023814489815637
1765	2.626337403034877
1766	2.626337403034877
1767	2.626337403034877
1768	2.00189362768258
1769	2.00189362768258
1770	2.00189362768258
1771	2.00189362768258
1772	2.00189362768258
1773	2.6004748015044896
1774	2.6004748015044896
1775	2.6004748015044896
1776	2.6004748015044896
1777	2.6004748015044896
1778	1.9147934007164704
1779	1.9147934007164704
1780	1.9147934007164704
1781	1.9147934007164704
1782	1.9147934007164704
1783	2.192881420118959
1784	2.192881420118959
1785	2.192881420118959
1786	2.192881420118959
1787	2.192881420118959
1788	1.8435476118773981
1789	1.8435476118773981
1790	1.8435476118773981
1791	1.8435476118773981
1792	1.8435476118773981
1793	2.1011502379238545
1794	2.1011502379238545
1795	2.1011502379238545
1796	2.1011502379238545
1797	2.1011502379238545
1798	2.0603185006633544
1799	2.0603185006633544
1800	2.0603185006633544
1801	2.0603185006633544
1802	2.0603185006633544
1803	2.4862284950255398
1804	2.4862284950255398
1805	2.4862284950255398
1806	2.219815330369035
1807	2.219815330369035
1808	2.219815330369035
1809	2.219815330369035
1810	2.219815330369035
1811	3.058928321137946
1812	3.058928321137946
1813	3.058928321137946
1814	3.058928321137946
1815	3.058928321137946
1816	1.1673822900005628
1817	1.1673822900005628
1818	1.1673822900005628
1819	1.1673822900005628
1820	1.1673822900005628
1821	1.2014107646279477
1822	1.2014107646279477
1823	1.2014107646279477
1824	1.2014107646279477
1825	1.2014107646279477
1826	2.7968247006037448
1827	2.7968247006037448
1828	2.7968247006037448
1829	2.7968247006037448
1830	2.7968247006037448
1831	3.988265782668267
1832	3.988265782668267
1833	3.988265782668267
1834	3.988265782668267
1835	3.988265782668267
1836	5.6348645821699055
1837	5.6348645821699055
1838	5.6348645821699055
1839	5.6348645821699055
1840	5.6348645821699055
1841	3.0417941347752913
1842	3.0417941347752913
1843	3.0417941347752913
1844	3.0417941347752913
1845	3.0417941347752913
1846	4.283601264218239
1847	4.283601264218239
1848	4.283601264218239
1849	4.283601264218239
1850	4.283601264218239
1851	3.758462457398905
1852	3.758462457398905
1853	3.758462457398905
1854	3.758462457398905
1855	3.758462457398905
1856	2.7172170893689396
1857	2.7172170893689396
1858	2.7172170893689396
1859	2.7172170893689396
1860	2.7172170893689396
1861	3.132320231203821
1862	3.132320231203821
1863	3.132320231203821
1864	3.132320231203821
1865	3.132320231203821
1866	3.723885779466481
1867	3.723885779466481
1868	3.723885779466481
1869	3.723885779466481
1870	3.723885779466481
1871	3.469190757486278
1872	1.0893044924048296
1873	1.0893044924048296
1874	1.0893044924048296
1875	1.0893044924048296
1876	1.0893044924048296
1877	1.8810033224676048
1878	1.8810033224676048
1879	1.8810033224676048
1880	1.8810033224676048
1881	1.8810033224676048
1882	0.928008977156071
1883	0.928008977156071
1884	0.928008977156071
1885	0.928008977156071
1886	0.928008977156071
1887	1.302404072316057
1888	1.302404072316057
1889	1.302404072316057
1890	1.302404072316057
1891	1.302404072316057
1892	1.3226405655802895
1893	1.3226405655802895
1894	1.3226405655802895
1895	1.3226405655802895
1896	1.3226405655802895
1897	1.129278913349395
1898	1.129278913349395
1899	1.129278913349395
1900	1.129278913349395
1901	1.129278913349395
1902	1.3181268274543139
1903	1.3181268274543139
1904	1.3181268274543139
1905	1.3181268274543139
1906	1.3181268274543139
1907	0.9203255692011274
1908	0.9203255692011274
1909	0.9203255692011274
1910	0.9203255692011274
1911	0.9203255692011274
1912	0.9758514205512987
1913	0.1
1914	0.1
1915	0.1
1916	0.1
1917	0.1
1918	4.230665077317971
1919	4.230665077317971
1920	4.230665077317971
1921	3.4797780376894516
1922	3.4797780376894516
1923	3.4797780376894516
1924	3.4797780376894516
1925	3.4797780376894516
1926	3.6785370385234515
1927	3.6785370385234515
1928	3.6785370385234515
1929	3.6785370385234515
1930	3.6785370385234515
1931	3.7994095501479928
1932	3.7994095501479928
1933	3.7994095501479928
1934	3.7994095501479928
1935	3.7994095501479928
1936	4.6034515336841615
1937	4.6034515336841615
1938	4.6034515336841615
1939	4.6034515336841615
1940	4.6034515336841615
1941	3.4357978467801007
1942	3.4357978467801007
1943	3.4357978467801007
1944	3.4357978467801007
1945	3.4357978467801007
1946	3.8651897211778516
1947	3.8651897211778516
1948	2.1733273918719256
1949	2.1733273918719256
1950	2.1733273918719256
1951	2.1733273918719256
1952	2.1733273918719256
1953	1.7201887072606397
1954	1.7201887072606397
1955	1.7201887072606397
1956	1.7201887072606397
1957	1.7201887072606397
1958	1.7477099764828197
1959	1.7477099764828197
1960	1.7477099764828197
1961	1.7477099764828197
1962	1.7477099764828197
1963	2.9790028224801026
1964	2.9790028224801026
1965	2.9790028224801026
1966	2.9790028224801026
1967	2.9790028224801026
1968	1.577575608387492
1969	1.577575608387492
1970	1.577575608387492
1971	1.9997848113025696
1972	1.9997848113025696
1973	1.9997848113025696
1974	1.9997848113025696
1975	1.9997848113025696
1976	3.518861676328678
1977	3.518861676328678
1978	3.518861676328678
1979	3.518861676328678
1980	3.518861676328678
1981	2.2889297730638782
1982	2.2889297730638782
1983	2.2889297730638782
1984	2.2889297730638782
1985	2.2889297730638782
1986	5.464019125930598
1987	5.464019125930598
1988	1.0892706388251647
1989	1.0892706388251647
1990	1.0892706388251647
1991	1.0892706388251647
1992	1.0892706388251647
1993	0.4057901919403377
1994	0.4057901919403377
1995	0.4057901919403377
1996	0.4057901919403377
1997	0.4057901919403377
1998	0.7005199813995691
1999	3.9834184391377114
