0	0.2129689317334177
1	0.2129689317334177
2	0.2129689317334177
3	0.2129689317334177
4	0.2129689317334177
5	0.14486475356827785
6	0.14486475356827785
7	0.14486475356827785
8	0.14486475356827785
9	0.14486475356827785
10	0.2187596133503176
11	0.2187596133503176
12	0.2187596133503176
13	0.2187596133503176
14	0.2187596133503176
15	0.21098549663834928
16	0.21098549663834928
17	0.21098549663834928
18	0.21098549663834928
19	0.21098549663834928
20	0.2153436959562712
21	0.2153436959562712
22	0.2153436959562712
23	0.2153436959562712
24	0.2153436959562712
25	0.20545615912464726
26	0.20545615912464726
27	0.20545615912464726
28	0.20545615912464726
29	0.20545615912464726
30	0.22212973632687094
31	0.22212973632687094
32	0.22212973632687094
33	0.22212973632687094
34	0.22212973632687094
35	0.10309235573569987
36	0.7081498266342388
37	0.7081498266342388
38	0.7081498266342388
39	0.7081498266342388
40	0.7081498266342388
41	1.0277474536413806
42	1.0277474536413806
43	1.0277474536413806
44	1.0277474536413806
45	1.0277474536413806
46	0.9855900632211068
47	0.9855900632211068
48	0.9855900632211068
49	0.9855900632211068
50	0.9855900632211068
51	0.5278119482086974
52	0.5278119482086974
53	0.5278119482086974
54	0.5278119482086974
55	0.5278119482086974
56	0.5465808785371642
57	0.5465808785371642
58	0.5465808785371642
59	0.5465808785371642
60	0.5465808785371642
61	0.6823587034358899
62	0.6823587034358899
63	0.6823587034358899
64	0.6823587034358899
65	0.6823587034358899
66	0.6128002673206823
67	0.6128002673206823
68	0.6128002673206823
69	0.6128002673206823
70	0.6128002673206823
71	0.8782460216170804
72	0.8782460216170804
73	0.8782460216170804
74	0.8782460216170804
75	0.8782460216170804
76	0.7304848416967117
77	0.7304848416967117
78	0.7304848416967117
79	0.7304848416967117
80	0.7304848416967117
81	0.5757548381429776
82	0.5757548381429776
83	0.5757548381429776
84	0.5757548381429776
85	0.5757548381429776
86	0.800020416487595
87	0.800020416487595
88	0.800020416487595
89	0.800020416487595
90	0.800020416487595
91	0.5184331795149563
92	0.5184331795149563
93	0.5184331795149563
94	0.5184331795149563
95	0.5184331795149563
96	0.9563478792397079
97	0.9563478792397079
98	0.9563478792397079
99	0.9563478792397079
100	0.9563478792397079
101	0.6291704329921056
102	0.6291704329921056
103	0.6291704329921056
104	0.6291704329921056
105	0.6291704329921056
106	0.8609575292939491
107	0.8609575292939491
108	0.8609575292939491
109	0.8609575292939491
110	0.8609575292939491
111	0.1
112	0.1
113	0.1
114	0.1
115	0.1
116	1.1288837693093603
117	1.1288837693093603
118	1.1288837693093603
119	1.1288837693093603
120	1.1288837693093603
121	0.4219951214016564
122	0.4219951214016564
123	0.4219951214016564
124	0.4219951214016564
125	0.4219951214016564
126	1.029449454634147
127	1.029449454634147
128	1.029449454634147
129	1.029449454634147
130	1.029449454634147
131	0.8795201168298882
132	0.8795201168298882
133	0.8795201168298882
134	0.8795201168298882
135	0.8795201168298882
136	0.9116747223062542
137	0.9116747223062542
138	0.9116747223062542
139	0.9116747223062542
140	0.9116747223062542
141	0.5038206828029739
142	0.5038206828029739
143	0.5038206828029739
144	0.5038206828029739
145	0.5038206828029739
146	0.2139913046272338
147	0.2139913046272338
148	0.2139913046272338
149	0.2139913046272338
150	0.2139913046272338
151	0.9368085958230091
152	0.9368085958230091
153	0.9368085958230091
154	0.9368085958230091
155	0.9368085958230091
156	0.6038293163246116
157	0.6038293163246116
158	0.6038293163246116
159	0.6038293163246116
160	0.6038293163246116
161	0.5609031770590213
162	0.5609031770590213
163	0.5609031770590213
164	0.5609031770590213
165	0.5609031770590213
166	0.8986791090077132
167	0.8986791090077132
168	0.8986791090077132
169	0.8986791090077132
170	0.8986791090077132
171	0.6357249213508525
172	0.6357249213508525
173	0.6357249213508525
174	0.6357249213508525
175	0.6357249213508525
176	1.1450765709974162
177	1.1450765709974162
178	1.1450765709974162
179	1.1450765709974162
180	1.1450765709974162
181	0.6726512405465079
182	0.6726512405465079
183	0.6726512405465079
184	0.6726512405465079
185	0.6726512405465079
186	0.6530173892082943
187	0.6530173892082943
188	0.6530173892082943
189	0.6530173892082943
190	0.6530173892082943
191	0.7637882953639537
192	0.7637882953639537
193	0.7637882953639537
194	0.7637882953639537
195	0.7637882953639537
196	0.6616350894899847
197	0.6616350894899847
198	0.6616350894899847
199	0.6616350894899847
200	0.6616350894899847
201	0.4968464403209399
202	0.4968464403209399
203	0.4968464403209399
204	0.4968464403209399
205	0.4968464403209399
206	0.39803332129456237
207	0.39803332129456237
208	0.39803332129456237
209	0.39803332129456237
210	0.39803332129456237
211	0.6852306630729587
212	0.6852306630729587
213	0.6852306630729587
214	0.6852306630729587
215	0.6852306630729587
216	0.5844235619709922
217	0.5844235619709922
218	0.5844235619709922
219	0.5844235619709922
220	0.5844235619709922
221	0.5893165279358926
222	0.5893165279358926
223	0.5893165279358926
224	0.5893165279358926
225	0.5893165279358926
226	0.9763496681111542
227	0.9763496681111542
228	0.9763496681111542
229	0.9763496681111542
230	0.9763496681111542
231	0.5937885380058497
232	0.5937885380058497
233	0.5937885380058497
234	0.5937885380058497
235	0.5937885380058497
236	0.9575119743388957
237	0.9575119743388957
238	0.9575119743388957
239	0.9575119743388957
240	0.9575119743388957
241	0.42464991397507956
242	0.42464991397507956
243	0.42464991397507956
244	0.42464991397507956
245	0.42464991397507956
246	1.9356169216591872
247	1.9356169216591872
248	1.9356169216591872
249	1.9356169216591872
250	1.9356169216591872
251	1.6638454818348276
252	1.6638454818348276
253	1.6638454818348276
254	1.6638454818348276
255	1.6638454818348276
256	2.061062860104097
257	2.061062860104097
258	2.061062860104097
259	2.061062860104097
260	2.061062860104097
261	4.437749843939139
262	4.437749843939139
263	4.437749843939139
264	4.437749843939139
265	4.437749843939139
266	3.294097720339556
267	3.294097720339556
268	3.294097720339556
269	3.294097720339556
270	3.294097720339556
271	4.129972242888122
272	4.129972242888122
273	4.129972242888122
274	4.129972242888122
275	4.129972242888122
276	4.749674480987555
277	4.749674480987555
278	4.749674480987555
279	4.749674480987555
280	4.749674480987555
281	3.1327641598786915
282	3.1327641598786915
283	3.1327641598786915
284	3.1327641598786915
285	3.1327641598786915
286	1.4945486934479624
287	1.4945486934479624
288	1.4945486934479624
289	1.4945486934479624
290	1.4945486934479624
291	1.4590996333541124
292	1.4590996333541124
293	1.4590996333541124
294	1.4590996333541124
295	1.4590996333541124
296	1.1780544006588394
297	1.1780544006588394
298	1.1780544006588394
299	1.1780544006588394
300	1.1780544006588394
301	1.18938888907882
302	1.18938888907882
303	1.18938888907882
304	1.18938888907882
305	1.18938888907882
306	1.6847249132609254
307	1.6847249132609254
308	1.6847249132609254
309	1.6847249132609254
310	1.6847249132609254
311	2.0005532142369926
312	2.0005532142369926
313	2.0005532142369926
314	2.0005532142369926
315	2.0005532142369926
316	1.8925372453888882
317	1.8925372453888882
318	1.8925372453888882
319	1.8925372453888882
320	1.8925372453888882
321	1.5082308502404
322	1.5082308502404
323	1.5082308502404
324	1.5082308502404
325	1.093319758539403
326	1.093319758539403
327	1.093319758539403
328	1.093319758539403
329	1.093319758539403
330	0.5212300598457081
331	0.5212300598457081
332	0.5212300598457081
333	0.5212300598457081
334	0.5212300598457081
335	0.57667502179376
336	0.57667502179376
337	0.57667502179376
338	0.57667502179376
339	0.57667502179376
340	0.8692722856775004
341	0.8692722856775004
342	0.8692722856775004
343	0.8692722856775004
344	0.8692722856775004
345	0.6351700561861601
346	0.6351700561861601
347	0.6351700561861601
348	3.802176358714216
349	3.802176358714216
350	3.802176358714216
351	3.802176358714216
352	3.802176358714216
353	1.483518241757138
354	1.483518241757138
355	1.483518241757138
356	1.483518241757138
357	1.483518241757138
358	2.7055498870717782
359	2.7055498870717782
360	2.7055498870717782
361	2.7055498870717782
362	2.7055498870717782
363	2.9321740504334666
364	2.9321740504334666
365	2.9321740504334666
366	2.9321740504334666
367	2.9321740504334666
368	4.2047056951860595
369	4.2047056951860595
370	4.2047056951860595
371	4.2047056951860595
372	4.2047056951860595
373	4.642272419372429
374	4.642272419372429
375	4.642272419372429
376	4.642272419372429
377	4.642272419372429
378	3.0203257182191985
379	3.0203257182191985
380	3.0203257182191985
381	3.0203257182191985
382	3.0203257182191985
383	2.8328418194814122
384	2.8328418194814122
385	2.8328418194814122
386	2.8328418194814122
387	2.8328418194814122
388	3.473617093975406
389	3.473617093975406
390	3.473617093975406
391	3.473617093975406
392	3.473617093975406
393	2.6027521260137645
394	2.6027521260137645
395	2.6027521260137645
396	2.6027521260137645
397	2.6027521260137645
398	3.298073813560973
399	3.298073813560973
400	3.298073813560973
401	3.298073813560973
402	3.298073813560973
403	2.2739452281383024
404	2.2739452281383024
405	2.2739452281383024
406	2.2739452281383024
407	2.2739452281383024
408	3.679697500759304
409	3.679697500759304
410	3.679697500759304
411	3.679697500759304
412	3.679697500759304
413	1.7361478389851488
414	1.7361478389851488
415	1.7361478389851488
416	1.7361478389851488
417	1.7361478389851488
418	4.152993440651796
419	4.152993440651796
420	4.152993440651796
421	4.152993440651796
422	4.152993440651796
423	4.4064122343460115
424	4.4064122343460115
425	4.4064122343460115
426	4.4064122343460115
427	4.4064122343460115
428	4.600539586278624
429	4.600539586278624
430	4.600539586278624
431	4.600539586278624
432	4.600539586278624
433	3.623573283550288
434	0.3824740761056419
435	0.3824740761056419
436	0.3824740761056419
437	0.3824740761056419
438	0.3824740761056419
439	1.115972135801501
440	1.115972135801501
441	1.115972135801501
442	1.115972135801501
443	1.115972135801501
444	0.9656055303057363
445	0.9656055303057363
446	0.9656055303057363
447	0.9656055303057363
448	0.9656055303057363
449	0.6588638798615007
450	0.6588638798615007
451	0.6588638798615007
452	0.6588638798615007
453	0.6588638798615007
454	1.6537893868065414
455	1.6537893868065414
456	1.6537893868065414
457	1.6537893868065414
458	1.6537893868065414
459	0.5553515520256687
460	0.5553515520256687
461	0.5553515520256687
462	0.5553515520256687
463	0.5553515520256687
464	0.8336419707637792
465	0.8336419707637792
466	0.8336419707637792
467	0.8336419707637792
468	0.8336419707637792
469	1.3175241942637808
470	1.3175241942637808
471	1.3175241942637808
472	1.3175241942637808
473	1.3175241942637808
474	3.723304669113805
475	3.723304669113805
476	3.723304669113805
477	3.723304669113805
478	3.723304669113805
479	3.2770121888266317
480	3.2770121888266317
481	3.2770121888266317
482	3.2770121888266317
483	3.2770121888266317
484	3.9837553905279246
485	3.9837553905279246
486	3.9837553905279246
487	3.9837553905279246
488	3.9837553905279246
489	2.3386569587625052
490	2.3386569587625052
491	2.3386569587625052
492	2.3386569587625052
493	2.3386569587625052
494	3.0504967569520733
495	3.0504967569520733
496	3.0504967569520733
497	3.0504967569520733
498	3.0504967569520733
499	1.9000169982986619
500	1.9000169982986619
501	1.9000169982986619
502	1.9000169982986619
503	1.9000169982986619
504	2.086141949174189
505	2.086141949174189
506	2.086141949174189
507	2.086141949174189
508	2.086141949174189
509	1.9525057883025378
510	1.9525057883025378
511	1.9525057883025378
512	1.9525057883025378
513	1.9525057883025378
514	1.9396445721458249
515	1.9396445721458249
516	1.9396445721458249
517	1.9396445721458249
518	1.9396445721458249
519	1.5181509720238597
520	1.5181509720238597
521	1.5181509720238597
522	1.5181509720238597
523	1.5181509720238597
524	2.2463989826366397
525	2.2463989826366397
526	2.2463989826366397
527	2.2463989826366397
528	2.2463989826366397
529	2.8822447407775433
530	2.8822447407775433
531	2.8822447407775433
532	2.8822447407775433
533	2.8822447407775433
534	2.617092621155154
535	2.617092621155154
536	2.617092621155154
537	2.617092621155154
538	2.617092621155154
539	0.7234656755149689
540	0.7234656755149689
541	0.7234656755149689
542	0.7234656755149689
543	0.7234656755149689
544	2.3191778602014588
545	2.3191778602014588
546	2.3191778602014588
547	2.3191778602014588
548	2.3191778602014588
549	2.6646141510077967
550	2.6646141510077967
551	2.6646141510077967
552	2.6646141510077967
553	2.6646141510077967
554	3.10634741850627
555	3.10634741850627
556	3.10634741850627
557	3.10634741850627
558	3.10634741850627
559	3.0372586551032543
560	3.0372586551032543
561	0.5023426702446003
562	0.5023426702446003
563	0.5023426702446003
564	0.5023426702446003
565	0.5023426702446003
566	0.6795464522579296
567	0.6795464522579296
568	0.6795464522579296
569	0.6795464522579296
570	0.6795464522579296
571	0.892829161305152
572	0.892829161305152
573	0.892829161305152
574	1.7093200828462194
575	1.7093200828462194
576	1.7093200828462194
577	1.7093200828462194
578	1.7093200828462194
579	2.1541847517286477
580	2.1541847517286477
581	2.1541847517286477
582	2.1541847517286477
583	2.1541847517286477
584	1.6119595814309489
585	1.6119595814309489
586	1.6119595814309489
587	1.6119595814309489
588	1.6119595814309489
589	2.9084284798799875
590	2.9084284798799875
591	2.9084284798799875
592	2.9084284798799875
593	2.9084284798799875
594	2.9013332256024427
595	2.9013332256024427
596	2.9013332256024427
597	2.9013332256024427
598	2.9013332256024427
599	2.6885693056029973
600	2.6885693056029973
601	0.8927946905638093
602	0.8927946905638093
603	0.8927946905638093
604	0.8927946905638093
605	0.8927946905638093
606	0.7472082521745067
607	0.7472082521745067
608	0.7472082521745067
609	0.7472082521745067
610	0.7472082521745067
611	0.8536431007674717
612	0.8536431007674717
613	0.8536431007674717
614	0.8536431007674717
615	0.8536431007674717
616	0.6036093041992349
617	0.6036093041992349
618	0.6036093041992349
619	0.6036093041992349
620	0.6036093041992349
621	0.7654346259021165
622	0.7654346259021165
623	0.7654346259021165
624	0.7654346259021165
625	0.7654346259021165
626	0.8790045170823136
627	0.8790045170823136
628	0.8790045170823136
629	0.8790045170823136
630	0.8790045170823136
631	0.6718259760595868
632	0.6718259760595868
633	0.6718259760595868
634	0.6718259760595868
635	0.6718259760595868
636	0.2231685648348945
637	0.2231685648348945
638	0.2231685648348945
639	0.2231685648348945
640	0.2231685648348945
641	0.39538009914179184
642	0.39538009914179184
643	0.39538009914179184
644	0.39538009914179184
645	0.39538009914179184
646	0.6015278376693024
647	0.6015278376693024
648	2.6920305627927275
649	2.6920305627927275
650	2.6920305627927275
651	2.6920305627927275
652	2.6920305627927275
653	2.828116082962323
654	2.828116082962323
655	2.828116082962323
656	2.828116082962323
657	2.828116082962323
658	2.0238445056375762
659	2.0238445056375762
660	2.0238445056375762
661	2.0238445056375762
662	2.0238445056375762
663	1.9455885797219057
664	1.9455885797219057
665	1.9455885797219057
666	1.9455885797219057
667	1.9455885797219057
668	4.351571416657362
669	4.351571416657362
670	4.351571416657362
671	4.351571416657362
672	4.351571416657362
673	1.8376365952803704
674	1.8376365952803704
675	1.8376365952803704
676	1.8376365952803704
677	1.8376365952803704
678	3.210640375256211
679	3.210640375256211
680	3.210640375256211
681	3.210640375256211
682	3.210640375256211
683	2.517316771781382
684	2.517316771781382
685	2.517316771781382
686	2.517316771781382
687	2.517316771781382
688	2.931993509629908
689	2.931993509629908
690	2.931993509629908
691	2.931993509629908
692	2.931993509629908
693	1.3736277115834086
694	1.3736277115834086
695	1.3736277115834086
696	1.3736277115834086
697	1.3736277115834086
698	1.1893591671706074
699	1.1893591671706074
700	1.1893591671706074
701	1.1893591671706074
702	1.1893591671706074
703	1.0570490565594193
704	1.0570490565594193
705	1.0570490565594193
706	1.0570490565594193
707	1.0570490565594193
708	3.4747226500906883
709	3.4747226500906883
710	3.4747226500906883
711	3.4747226500906883
712	3.4747226500906883
713	3.6047364328908467
714	3.6047364328908467
715	3.6047364328908467
716	3.979727757803775
717	3.979727757803775
718	3.979727757803775
719	3.979727757803775
720	3.979727757803775
721	3.285374517409217
722	3.285374517409217
723	3.285374517409217
724	3.285374517409217
725	3.285374517409217
726	5.544422556432579
727	5.544422556432579
728	5.544422556432579
729	5.544422556432579
730	5.544422556432579
731	4.4197729315732595
732	4.4197729315732595
733	4.4197729315732595
734	4.4197729315732595
735	4.4197729315732595
736	4.826876068766769
737	4.826876068766769
738	4.826876068766769
739	4.826876068766769
740	4.826876068766769
741	2.7998132523307833
742	2.7998132523307833
743	2.7998132523307833
744	2.7998132523307833
745	2.7998132523307833
746	4.373196423344242
747	4.373196423344242
748	4.373196423344242
749	4.373196423344242
750	4.373196423344242
751	2.6899929006686314
752	2.6899929006686314
753	2.6899929006686314
754	2.6899929006686314
755	2.6899929006686314
756	3.21599619218621
757	3.21599619218621
758	3.21599619218621
759	3.21599619218621
760	3.21599619218621
761	3.858865692310358
762	3.858865692310358
763	3.858865692310358
764	3.858865692310358
765	3.858865692310358
766	3.2317834400092265
767	3.2317834400092265
768	3.2317834400092265
769	3.2317834400092265
770	3.2317834400092265
771	3.1183670565092068
772	3.1183670565092068
773	0.4632696449603945
774	0.4632696449603945
775	0.4632696449603945
776	0.4632696449603945
777	0.4632696449603945
778	0.8707234803777405
779	0.8707234803777405
780	0.8707234803777405
781	0.8707234803777405
782	0.8707234803777405
783	0.4600883117933203
784	0.4600883117933203
785	0.4600883117933203
786	0.4600883117933203
787	0.4600883117933203
788	0.4995071351194506
789	0.4995071351194506
790	0.4995071351194506
791	0.4995071351194506
792	0.4995071351194506
793	0.6182149662156289
794	0.6182149662156289
795	0.6182149662156289
796	0.6182149662156289
797	0.6182149662156289
798	0.5254509199836563
799	0.5254509199836563
800	0.5254509199836563
801	0.5254509199836563
802	0.5254509199836563
803	0.9281805990151557
804	0.9281805990151557
805	0.9281805990151557
806	0.9281805990151557
807	0.9281805990151557
808	0.7298789973352602
809	0.7298789973352602
810	0.7298789973352602
811	0.7298789973352602
812	0.7298789973352602
813	0.4936419013433354
814	0.4936419013433354
815	0.4936419013433354
816	0.4936419013433354
817	0.4936419013433354
818	1.0541235380461962
819	1.0541235380461962
820	1.0541235380461962
821	1.0541235380461962
822	1.0541235380461962
823	0.5758603216556752
824	0.5758603216556752
825	0.5758603216556752
826	0.5758603216556752
827	0.5758603216556752
828	0.4125779895299496
829	0.4125779895299496
830	0.4125779895299496
831	0.4125779895299496
832	0.4125779895299496
833	0.7041071774885751
834	0.7041071774885751
835	0.7041071774885751
836	0.7041071774885751
837	0.7041071774885751
838	0.5474413782598908
839	0.5474413782598908
840	0.5474413782598908
841	0.5474413782598908
842	0.5474413782598908
843	0.937025965670585
844	0.937025965670585
845	0.937025965670585
846	0.937025965670585
847	0.937025965670585
848	0.4507399765240071
849	0.4507399765240071
850	0.4507399765240071
851	0.4507399765240071
852	0.4507399765240071
853	0.8162152892317154
854	0.8162152892317154
855	0.8162152892317154
856	0.8162152892317154
857	0.8162152892317154
858	0.6894407870282877
859	0.6894407870282877
860	0.6894407870282877
861	0.6894407870282877
862	0.6894407870282877
863	0.6379130498553642
864	0.6379130498553642
865	0.6379130498553642
866	0.6379130498553642
867	0.6379130498553642
868	0.5682572025190862
869	0.5682572025190862
870	0.5682572025190862
871	0.5682572025190862
872	0.5682572025190862
873	0.41355829673881994
874	0.41355829673881994
875	0.41355829673881994
876	0.41355829673881994
877	0.41355829673881994
878	0.5692655113082153
879	0.5692655113082153
880	0.5692655113082153
881	0.5692655113082153
882	0.5692655113082153
883	0.8348192357998985
884	0.8348192357998985
885	0.8348192357998985
886	0.8348192357998985
887	0.8348192357998985
888	0.7576794480225687
889	0.7576794480225687
890	1.5854653604196143
891	1.5854653604196143
892	1.5854653604196143
893	1.5854653604196143
894	1.5854653604196143
895	2.3215695622181274
896	2.3215695622181274
897	2.3215695622181274
898	2.3215695622181274
899	2.3215695622181274
900	0.9155238261050875
901	0.9155238261050875
902	0.9155238261050875
903	0.9155238261050875
904	0.9155238261050875
905	1.6661223159549297
906	1.6661223159549297
907	1.6661223159549297
908	1.6661223159549297
909	1.6661223159549297
910	2.22350236853514
911	2.22350236853514
912	2.22350236853514
913	2.22350236853514
914	2.22350236853514
915	1.9957487518436143
916	1.9957487518436143
917	1.9957487518436143
918	1.9957487518436143
919	1.9957487518436143
920	1.6627100335345606
921	1.6627100335345606
922	1.6627100335345606
923	1.6627100335345606
924	1.6627100335345606
925	1.7095642335781382
926	1.7095642335781382
927	1.7095642335781382
928	1.7095642335781382
929	1.7095642335781382
930	2.6572583872628233
931	2.6572583872628233
932	2.6572583872628233
933	2.6572583872628233
934	2.6572583872628233
935	2.0105912861354325
936	2.0105912861354325
937	2.0105912861354325
938	2.0105912861354325
939	2.0105912861354325
940	1.6404014125206876
941	1.6404014125206876
942	1.6404014125206876
943	1.6404014125206876
944	1.6404014125206876
945	1.4981592866195808
946	1.4981592866195808
947	1.4981592866195808
948	1.4981592866195808
949	1.4981592866195808
950	1.4335637574674813
951	1.4335637574674813
952	1.4335637574674813
953	1.4335637574674813
954	1.4335637574674813
955	1.1795877459576554
956	1.1795877459576554
957	1.1795877459576554
958	1.1795877459576554
959	1.1795877459576554
960	2.230037639784154
961	2.230037639784154
962	2.230037639784154
963	2.230037639784154
964	2.230037639784154
965	1.804946556866823
966	1.804946556866823
967	1.804946556866823
968	1.804946556866823
969	1.804946556866823
970	1.807472809376136
971	1.807472809376136
972	1.807472809376136
973	1.807472809376136
974	1.807472809376136
975	2.9288531078646844
976	2.9288531078646844
977	2.9288531078646844
978	2.9288531078646844
979	2.9288531078646844
980	1.5823232157552245
981	1.5823232157552245
982	1.5823232157552245
983	1.5823232157552245
984	1.5823232157552245
985	1.66539257708329
986	1.66539257708329
987	1.66539257708329
988	1.66539257708329
989	1.66539257708329
990	2.135080395857332
991	2.135080395857332
992	2.135080395857332
993	2.135080395857332
994	2.135080395857332
995	3.699784550735056
996	3.699784550735056
997	3.699784550735056
998	3.699784550735056
999	3.699784550735056
1000	1.9541927607237974
1001	1.9541927607237974
1002	1.9541927607237974
1003	1.9541927607237974
1004	1.9541927607237974
1005	1.388215951257529
1006	1.388215951257529
1007	1.388215951257529
1008	1.388215951257529
1009	1.388215951257529
1010	1.18454244823045
1011	1.18454244823045
1012	1.18454244823045
1013	1.18454244823045
1014	1.18454244823045
1015	1.4358402979691167
1016	1.4358402979691167
1017	1.4358402979691167
1018	0.2627545835005218
1019	0.2627545835005218
1020	0.2627545835005218
1021	0.2627545835005218
1022	0.2627545835005218
1023	0.25724372457904726
1024	0.25724372457904726
1025	0.25724372457904726
1026	0.25724372457904726
1027	0.25724372457904726
1028	0.22709741234895603
1029	0.22709741234895603
1030	0.22709741234895603
1031	0.22709741234895603
1032	0.22709741234895603
1033	0.1956753427940763
1034	0.1956753427940763
1035	0.1956753427940763
1036	0.1956753427940763
1037	0.1956753427940763
1038	0.15629528711889507
1039	0.15629528711889507
1040	0.15629528711889507
1041	0.15629528711889507
1042	0.15629528711889507
1043	0.1
1044	0.1
1045	0.1
1046	0.1
1047	0.1
1048	0.13568018000440984
1049	0.13568018000440984
1050	0.13568018000440984
1051	0.13568018000440984
1052	0.13568018000440984
1053	0.22793225025377156
1054	0.22793225025377156
1055	0.22793225025377156
1056	0.22793225025377156
1057	0.22793225025377156
1058	0.1
1059	0.1
1060	0.1
1061	0.1
1062	0.1
1063	0.21524426098366783
1064	0.21524426098366783
1065	0.21524426098366783
1066	0.21524426098366783
1067	0.21524426098366783
1068	0.2796855948196227
1069	0.2796855948196227
1070	0.2796855948196227
1071	0.2796855948196227
1072	0.2796855948196227
1073	0.18868633814224756
1074	0.18868633814224756
1075	0.18868633814224756
1076	0.18868633814224756
1077	0.18868633814224756
1078	0.2271686005473519
1079	0.2271686005473519
1080	0.2271686005473519
1081	0.2271686005473519
1082	0.2271686005473519
1083	0.15856369598131273
1084	0.15856369598131273
1085	0.15856369598131273
1086	0.15856369598131273
1087	0.15856369598131273
1088	0.27850371352180103
1089	0.27850371352180103
1090	0.27850371352180103
1091	0.27850371352180103
1092	0.27850371352180103
1093	0.18055052800542218
1094	0.18055052800542218
1095	0.18055052800542218
1096	0.18055052800542218
1097	0.18055052800542218
1098	0.1
1099	0.1
1100	0.1
1101	0.1
1102	0.1
1103	0.21701468278196984
1104	0.21701468278196984
1105	0.21701468278196984
1106	0.21701468278196984
1107	0.21701468278196984
1108	0.2394707006611172
1109	0.2394707006611172
1110	0.2394707006611172
1111	0.2394707006611172
1112	0.2394707006611172
1113	0.1
1114	0.1
1115	0.1
1116	0.1
1117	0.1
1118	0.18825470488545154
1119	0.18825470488545154
1120	0.18825470488545154
1121	0.18825470488545154
1122	0.18825470488545154
1123	0.195726574035993
1124	0.195726574035993
1125	0.195726574035993
1126	0.195726574035993
1127	0.195726574035993
1128	0.28879627723911555
1129	0.28879627723911555
1130	0.28879627723911555
1131	0.28879627723911555
1132	0.28879627723911555
1133	0.1624449859898025
1134	0.1624449859898025
1135	0.1624449859898025
1136	0.1624449859898025
1137	0.1624449859898025
1138	0.1754439731992855
1139	0.1754439731992855
1140	0.1754439731992855
1141	0.1754439731992855
1142	0.1754439731992855
1143	0.12861226559273936
1144	0.12861226559273936
1145	0.12861226559273936
1146	0.12861226559273936
1147	0.12861226559273936
1148	0.2464887405744629
1149	0.2464887405744629
1150	0.2464887405744629
1151	0.2464887405744629
1152	0.2464887405744629
1153	0.117977934246329
1154	0.117977934246329
1155	0.117977934246329
1156	1.1467085509212924
1157	1.1467085509212924
1158	1.1467085509212924
1159	1.1467085509212924
1160	1.1467085509212924
1161	1.181416403435094
1162	1.181416403435094
1163	1.181416403435094
1164	1.181416403435094
1165	1.181416403435094
1166	1.341848078585735
1167	1.341848078585735
1168	1.341848078585735
1169	1.341848078585735
1170	1.341848078585735
1171	0.8780082688624782
1172	0.8780082688624782
1173	0.8780082688624782
1174	0.8780082688624782
1175	0.8780082688624782
1176	0.3037612884578802
1177	0.3037612884578802
1178	0.3037612884578802
1179	0.3037612884578802
1180	0.3037612884578802
1181	1.0005769257911252
1182	1.0005769257911252
1183	1.0005769257911252
1184	1.0005769257911252
1185	1.0005769257911252
1186	1.7622290024421416
1187	1.7622290024421416
1188	1.7622290024421416
1189	1.7622290024421416
1190	1.7622290024421416
1191	1.7199056560405706
1192	1.7199056560405706
1193	1.7199056560405706
1194	1.7199056560405706
1195	1.7199056560405706
1196	1.5189068010997255
1197	1.5189068010997255
1198	1.5189068010997255
1199	1.5189068010997255
1200	1.5189068010997255
1201	1.6086790576945786
1202	1.6086790576945786
1203	1.6086790576945786
1204	1.6086790576945786
1205	1.6086790576945786
1206	1.303816528520195
1207	1.303816528520195
1208	1.303816528520195
1209	1.303816528520195
1210	1.303816528520195
1211	1.630626227316845
1212	1.630626227316845
1213	1.630626227316845
1214	1.630626227316845
1215	1.630626227316845
1216	1.4396150152278915
1217	1.4396150152278915
1218	1.4396150152278915
1219	1.4396150152278915
1220	1.4396150152278915
1221	1.3216716785007376
1222	1.3216716785007376
1223	1.3216716785007376
1224	1.3216716785007376
1225	1.3216716785007376
1226	1.1745283456294298
1227	1.1745283456294298
1228	1.1745283456294298
1229	1.1745283456294298
1230	1.1745283456294298
1231	1.196797945339417
1232	1.196797945339417
1233	1.196797945339417
1234	1.196797945339417
1235	1.196797945339417
1236	1.31380913143063
1237	1.31380913143063
1238	1.31380913143063
1239	1.31380913143063
1240	1.31380913143063
1241	1.114288098942631
1242	1.114288098942631
1243	1.114288098942631
1244	1.114288098942631
1245	1.114288098942631
1246	0.9181360403687367
1247	0.9181360403687367
1248	0.9181360403687367
1249	0.9181360403687367
1250	0.9181360403687367
1251	1.368721859682785
1252	1.368721859682785
1253	1.368721859682785
1254	1.368721859682785
1255	1.368721859682785
1256	0.8346031909212267
1257	0.8346031909212267
1258	0.8346031909212267
1259	0.8346031909212267
1260	0.8346031909212267
1261	1.063881339003775
1262	1.063881339003775
1263	1.063881339003775
1264	1.063881339003775
1265	1.063881339003775
1266	1.6751966585439924
1267	1.6751966585439924
1268	1.6751966585439924
1269	1.6751966585439924
1270	1.6751966585439924
1271	0.8136860824409842
1272	0.8136860824409842
1273	0.8136860824409842
1274	0.8136860824409842
1275	0.8136860824409842
1276	1.37604972118966
1277	1.37604972118966
1278	1.37604972118966
1279	1.37604972118966
1280	1.37604972118966
1281	1.079656288476861
1282	1.079656288476861
1283	1.079656288476861
1284	1.079656288476861
1285	1.079656288476861
1286	1.6984203618164933
1287	1.6984203618164933
1288	1.6984203618164933
1289	1.6984203618164933
1290	1.6984203618164933
1291	0.9202054879346878
1292	0.9202054879346878
1293	0.9202054879346878
1294	0.9202054879346878
1295	0.9202054879346878
1296	0.9263759983694891
1297	0.9263759983694891
1298	0.9263759983694891
1299	0.9263759983694891
1300	0.9263759983694891
1301	1.3488252164647638
1302	1.3488252164647638
1303	1.3488252164647638
1304	1.3488252164647638
1305	1.3488252164647638
1306	0.73301317744444
1307	0.73301317744444
1308	0.73301317744444
1309	2.805974678022332
1310	2.805974678022332
1311	2.805974678022332
1312	2.805974678022332
1313	2.805974678022332
1314	3.750144695850068
1315	3.750144695850068
1316	3.750144695850068
1317	3.750144695850068
1318	3.750144695850068
1319	1.9542916195551525
1320	1.9542916195551525
1321	1.9542916195551525
1322	1.9542916195551525
1323	1.9542916195551525
1324	2.700428965117041
1325	2.700428965117041
1326	2.700428965117041
1327	2.700428965117041
1328	2.700428965117041
1329	3.1977424772715466
1330	3.1977424772715466
1331	3.1977424772715466
1332	3.1977424772715466
1333	3.1977424772715466
1334	0.1
1335	0.1
1336	0.1
1337	0.1
1338	0.1
1339	2.848680073761291
1340	2.848680073761291
1341	2.848680073761291
1342	2.848680073761291
1343	2.848680073761291
1344	2.805617239134321
1345	2.805617239134321
1346	2.805617239134321
1347	2.805617239134321
1348	2.805617239134321
1349	3.0670946590251496
1350	3.0670946590251496
1351	3.0670946590251496
1352	3.0670946590251496
1353	3.0670946590251496
1354	1.560727406027971
1355	1.560727406027971
1356	1.560727406027971
1357	1.560727406027971
1358	1.560727406027971
1359	1.7525459554492755
1360	1.7525459554492755
1361	1.7525459554492755
1362	1.7525459554492755
1363	1.7525459554492755
1364	2.048258160695587
1365	2.048258160695587
1366	2.048258160695587
1367	3.334533892501569
1368	3.334533892501569
1369	3.334533892501569
1370	3.334533892501569
1371	1.1194429617275838
1372	0.9913352726615577
1373	0.9913352726615577
1374	0.9913352726615577
1375	0.9913352726615577
1376	0.9913352726615577
1377	2.098519529425007
1378	2.098519529425007
1379	2.098519529425007
1380	2.098519529425007
1381	2.098519529425007
1382	1.9059943825885417
1383	1.9059943825885417
1384	1.9059943825885417
1385	1.9059943825885417
1386	1.9059943825885417
1387	1.2698047541827095
1388	1.2698047541827095
1389	1.2698047541827095
1390	1.407683183547952
1391	1.407683183547952
1392	1.407683183547952
1393	1.407683183547952
1394	1.407683183547952
1395	1.4667544311033676
1396	1.4667544311033676
1397	1.4667544311033676
1398	1.4667544311033676
1399	1.4667544311033676
1400	0.4320300438848257
1401	0.4320300438848257
1402	0.4320300438848257
1403	0.4320300438848257
1404	0.4320300438848257
1405	0.23844811685218392
1406	0.23844811685218392
1407	0.23844811685218392
1408	0.23844811685218392
1409	0.23844811685218392
1410	1.4725870957055587
1411	1.4725870957055587
1412	1.4725870957055587
1413	1.4725870957055587
1414	1.4725870957055587
1415	0.8134987804709841
1416	0.8134987804709841
1417	0.8134987804709841
1418	0.8134987804709841
1419	0.8134987804709841
1420	0.8945244387971739
1421	0.8945244387971739
1422	0.8945244387971739
1423	0.8945244387971739
1424	0.8945244387971739
1425	1.1332081782557546
1426	1.1332081782557546
1427	1.1332081782557546
1428	1.1332081782557546
1429	1.1332081782557546
1430	0.8667880730509294
1431	0.8667880730509294
1432	0.8667880730509294
1433	0.8667880730509294
1434	0.8667880730509294
1435	1.550032906869575
1436	1.550032906869575
1437	1.550032906869575
1438	1.550032906869575
1439	1.550032906869575
1440	0.2279827489786841
1441	0.2279827489786841
1442	0.2279827489786841
1443	0.2279827489786841
1444	0.2279827489786841
1445	1.5903110898318373
1446	1.5903110898318373
1447	1.5903110898318373
1448	1.5903110898318373
1449	1.5903110898318373
1450	0.9376384752420032
1451	0.9376384752420032
1452	0.9376384752420032
1453	0.9376384752420032
1454	0.9376384752420032
1455	1.0876125715735205
1456	1.0876125715735205
1457	1.0876125715735205
1458	1.0876125715735205
1459	1.0876125715735205
1460	1.1675986718612918
1461	1.1675986718612918
1462	1.1675986718612918
1463	1.1675986718612918
1464	1.1675986718612918
1465	1.3271048868635398
1466	1.3271048868635398
1467	1.3271048868635398
1468	1.3271048868635398
1469	1.3271048868635398
1470	1.6152186481606001
1471	1.6152186481606001
1472	1.6152186481606001
1473	1.6152186481606001
1474	1.6152186481606001
1475	0.9804587481603121
1476	0.9804587481603121
1477	0.9804587481603121
1478	0.9804587481603121
1479	0.9804587481603121
1480	1.1079544029346793
1481	1.1079544029346793
1482	1.1079544029346793
1483	1.1079544029346793
1484	1.1079544029346793
1485	0.875279010277026
1486	0.875279010277026
1487	0.875279010277026
1488	0.875279010277026
1489	0.875279010277026
1490	0.7305336741768103
1491	0.7305336741768103
1492	0.7305336741768103
1493	0.7305336741768103
1494	0.7305336741768103
1495	1.6765269163532766
1496	1.6765269163532766
1497	1.6765269163532766
1498	1.6765269163532766
1499	1.6765269163532766
1500	1.1985441762616578
1501	1.1985441762616578
1502	1.1985441762616578
1503	1.1985441762616578
1504	1.1985441762616578
1505	0.9638892829384736
1506	0.9638892829384736
1507	0.9638892829384736
1508	0.9638892829384736
1509	0.9638892829384736
1510	0.9458295973477786
1511	0.9458295973477786
1512	0.9458295973477786
1513	0.9458295973477786
1514	0.9458295973477786
1515	1.2949741069837826
1516	1.2949741069837826
1517	1.2949741069837826
1518	1.2949741069837826
1519	1.2949741069837826
1520	0.6825313623053297
1521	0.6825313623053297
1522	1.9073454152834866
1523	1.9073454152834866
1524	1.9073454152834866
1525	1.9073454152834866
1526	1.9073454152834866
1527	2.5965472593332555
1528	2.5965472593332555
1529	2.5965472593332555
1530	2.5965472593332555
1531	2.5965472593332555
1532	5.07584902774952
1533	5.07584902774952
1534	5.07584902774952
1535	5.07584902774952
1536	5.07584902774952
1537	2.7397227412555667
1538	2.7397227412555667
1539	2.7397227412555667
1540	2.7397227412555667
1541	2.7397227412555667
1542	3.2092598018137837
1543	3.2092598018137837
1544	3.2092598018137837
1545	3.2092598018137837
1546	3.2092598018137837
1547	5.700709756289598
1548	5.700709756289598
1549	5.700709756289598
1550	5.700709756289598
1551	5.700709756289598
1552	2.53163574844991
1553	2.53163574844991
1554	2.53163574844991
1555	1.868980191611522
1556	1.868980191611522
1557	1.868980191611522
1558	1.868980191611522
1559	1.868980191611522
1560	1.409263380120954
1561	1.409263380120954
1562	1.409263380120954
1563	1.409263380120954
1564	1.409263380120954
1565	2.196336785171887
1566	2.196336785171887
1567	2.196336785171887
1568	2.196336785171887
1569	2.196336785171887
1570	2.202566398011983
1571	2.202566398011983
1572	2.202566398011983
1573	2.202566398011983
1574	2.202566398011983
1575	2.1923856567369406
1576	2.1923856567369406
1577	2.1923856567369406
1578	2.1923856567369406
1579	2.1923856567369406
1580	1.9410365335671513
1581	1.9410365335671513
1582	1.9410365335671513
1583	1.9410365335671513
1584	1.9410365335671513
1585	2.299268544683766
1586	2.299268544683766
1587	2.299268544683766
1588	2.299268544683766
1589	2.299268544683766
1590	0.4380959457471345
1591	0.4380959457471345
1592	0.4380959457471345
1593	0.4380959457471345
1594	0.4380959457471345
1595	2.734272761038052
1596	2.734272761038052
1597	2.734272761038052
1598	2.734272761038052
1599	2.734272761038052
1600	1.1185354241879972
1601	1.1185354241879972
1602	1.1185354241879972
1603	1.1185354241879972
1604	1.1185354241879972
1605	3.1672219806726734
1606	3.1672219806726734
1607	3.1672219806726734
1608	3.1672219806726734
1609	3.1672219806726734
1610	1.7603386431520445
1611	1.7603386431520445
1612	1.7603386431520445
1613	1.7603386431520445
1614	1.7603386431520445
1615	2.133139925941934
1616	2.133139925941934
1617	2.133139925941934
1618	2.133139925941934
1619	2.133139925941934
1620	2.04957526598575
1621	2.04957526598575
1622	2.04957526598575
1623	2.04957526598575
1624	2.04957526598575
1625	1.7702058756846641
1626	1.7702058756846641
1627	1.7702058756846641
1628	1.7702058756846641
1629	1.7702058756846641
1630	2.91432719079128
1631	2.91432719079128
1632	2.91432719079128
1633	2.91432719079128
1634	2.91432719079128
1635	1.3566874843203882
1636	1.3566874843203882
1637	1.3566874843203882
1638	1.3566874843203882
1639	1.3566874843203882
1640	0.9714121106250291
1641	0.9714121106250291
1642	0.9714121106250291
1643	0.9714121106250291
1644	0.9714121106250291
1645	2.2618334977523045
1646	2.2618334977523045
1647	2.2618334977523045
1648	2.2618334977523045
1649	2.2618334977523045
1650	1.6320844477695855
1651	1.6320844477695855
1652	1.6320844477695855
1653	1.6320844477695855
1654	1.6320844477695855
1655	0.8396519826104873
1656	0.8396519826104873
1657	0.8396519826104873
1658	0.8396519826104873
1659	0.8396519826104873
1660	1.6688591126437806
1661	1.6688591126437806
1662	1.6688591126437806
1663	1.6688591126437806
1664	1.6688591126437806
1665	2.5500428761667644
1666	2.5500428761667644
1667	2.5500428761667644
1668	2.5500428761667644
1669	2.5500428761667644
1670	2.2106283939365534
1671	2.2106283939365534
1672	2.2106283939365534
1673	2.2106283939365534
1674	2.2106283939365534
1675	1.862664687705532
1676	1.862664687705532
1677	1.862664687705532
1678	1.862664687705532
1679	1.862664687705532
1680	2.0772979400080067
1681	2.0772979400080067
1682	2.0772979400080067
1683	2.0772979400080067
1684	2.0772979400080067
1685	1.8958111011111272
1686	1.8958111011111272
1687	1.8958111011111272
1688	1.8958111011111272
1689	1.8958111011111272
1690	1.6172458257939049
1691	1.6172458257939049
1692	1.6172458257939049
1693	1.6172458257939049
1694	1.6172458257939049
1695	1.4250394124402046
1696	1.4250394124402046
1697	1.4250394124402046
1698	1.4250394124402046
1699	1.4250394124402046
1700	2.2989767797738123
1701	2.2989767797738123
1702	2.2989767797738123
1703	2.2989767797738123
1704	2.2989767797738123
1705	2.1072952319213427
1706	2.1072952319213427
1707	2.1072952319213427
1708	2.1072952319213427
1709	2.1072952319213427
1710	2.5199533771621163
1711	2.5199533771621163
1712	2.5199533771621163
1713	2.5199533771621163
1714	2.5199533771621163
1715	2.2076595019630547
1716	2.2076595019630547
1717	2.2076595019630547
1718	2.2076595019630547
1719	2.2076595019630547
1720	2.0387202520373404
1721	2.0387202520373404
1722	2.0387202520373404
1723	2.0387202520373404
1724	2.0387202520373404
1725	2.2940711847343676
1726	2.2940711847343676
1727	2.2940711847343676
1728	2.2940711847343676
1729	2.2940711847343676
1730	2.4988349056975716
1731	2.4988349056975716
1732	2.4988349056975716
1733	2.4988349056975716
1734	2.4988349056975716
1735	1.6093811977399306
1736	1.6093811977399306
1737	1.6093811977399306
1738	1.6093811977399306
1739	1.6093811977399306
1740	0.8967767856637239
1741	0.8967767856637239
1742	0.8967767856637239
1743	0.8967767856637239
1744	0.8967767856637239
1745	1.834704743218424
1746	1.834704743218424
1747	1.834704743218424
1748	1.834704743218424
1749	1.834704743218424
1750	1.8380764110254297
1751	1.8380764110254297
1752	1.8380764110254297
1753	1.8380764110254297
1754	1.8380764110254297
1755	1.662874837433423
1756	1.662874837433423
1757	1.662874837433423
1758	1.662874837433423
1759	1.662874837433423
1760	2.337614769486864
1761	2.337614769486864
1762	2.337614769486864
1763	2.337614769486864
1764	2.337614769486864
1765	2.933713106719126
1766	2.933713106719126
1767	2.933713106719126
1768	2.933713106719126
1769	2.933713106719126
1770	2.307916725143522
1771	2.307916725143522
1772	2.307916725143522
1773	2.307916725143522
1774	2.307916725143522
1775	1.678908480698592
1776	4.297879081647103
1777	4.297879081647103
1778	4.297879081647103
1779	4.297879081647103
1780	4.297879081647103
1781	2.9125909877221487
1782	2.9125909877221487
1783	2.9125909877221487
1784	2.9125909877221487
1785	2.9125909877221487
1786	2.8664851358955055
1787	2.8664851358955055
1788	2.8664851358955055
1789	2.8664851358955055
1790	2.8664851358955055
1791	2.5163525725597498
1792	2.5163525725597498
1793	2.5163525725597498
1794	2.5163525725597498
1795	2.5163525725597498
1796	3.0869268265085585
1797	3.0869268265085585
1798	3.0869268265085585
1799	3.0869268265085585
1800	3.0869268265085585
1801	4.554690789685111
1802	2.687728335041385
1803	2.687728335041385
1804	2.687728335041385
1805	2.687728335041385
1806	2.687728335041385
1807	4.978851393490422
1808	4.978851393490422
1809	4.978851393490422
1810	4.978851393490422
1811	4.978851393490422
1812	2.86135909049161
1813	2.86135909049161
1814	2.86135909049161
1815	2.86135909049161
1816	2.86135909049161
1817	6.2710417102808975
1818	6.2710417102808975
1819	6.2710417102808975
1820	6.2710417102808975
1821	6.2710417102808975
1822	3.259234964917413
1823	3.259234964917413
1824	3.259234964917413
1825	3.259234964917413
1826	3.259234964917413
1827	1.5626656103722123
1828	1.5626656103722123
1829	1.5626656103722123
1830	1.5626656103722123
1831	1.5626656103722123
1832	3.023607151519413
1833	3.023607151519413
1834	3.023607151519413
1835	3.023607151519413
1836	3.023607151519413
1837	5.1992226968151805
1838	5.1992226968151805
1839	5.1992226968151805
1840	5.1992226968151805
1841	5.1992226968151805
1842	3.7547255238342543
1843	3.7547255238342543
1844	3.7547255238342543
1845	3.7547255238342543
1846	3.7547255238342543
1847	2.6578636961872877
1848	2.6578636961872877
1849	2.6578636961872877
1850	2.6578636961872877
1851	2.6578636961872877
1852	0.7558319543403869
1853	0.7558319543403869
1854	0.7558319543403869
1855	0.7558319543403869
1856	0.7558319543403869
1857	1.026303003880533
1858	1.026303003880533
1859	1.026303003880533
1860	1.026303003880533
1861	1.026303003880533
1862	0.6285775146541817
1863	0.6285775146541817
1864	0.6285775146541817
1865	1.6317096960310482
1866	1.6317096960310482
1867	1.6317096960310482
1868	1.6317096960310482
1869	1.6317096960310482
1870	1.7524044347534002
1871	1.7524044347534002
1872	1.7524044347534002
1873	1.7524044347534002
1874	1.7524044347534002
1875	1.3632665681985234
1876	1.3632665681985234
1877	1.3632665681985234
1878	1.3632665681985234
1879	1.3632665681985234
1880	2.2715635564662096
1881	2.2715635564662096
1882	2.2715635564662096
1883	2.2715635564662096
1884	2.2715635564662096
1885	2.517654924365196
1886	2.517654924365196
1887	2.517654924365196
1888	2.517654924365196
1889	2.517654924365196
1890	0.6921373605890597
1891	0.6921373605890597
1892	0.6921373605890597
1893	0.6921373605890597
1894	0.6921373605890597
1895	0.1
1896	0.1
1897	0.1
1898	0.1
1899	0.1
1900	1.777162288080381
1901	1.777162288080381
1902	1.777162288080381
1903	1.777162288080381
1904	1.777162288080381
1905	2.0737031430655444
1906	2.0737031430655444
1907	2.0737031430655444
1908	2.0737031430655444
1909	2.0737031430655444
1910	1.6618107741782373
1911	1.6618107741782373
1912	1.6618107741782373
1913	1.6618107741782373
1914	1.6618107741782373
1915	1.7830299370916047
1916	1.7830299370916047
1917	1.7830299370916047
1918	1.7830299370916047
1919	1.7830299370916047
1920	2.852317658563244
1921	2.852317658563244
1922	2.852317658563244
1923	2.852317658563244
1924	2.852317658563244
1925	1.6439741270798889
1926	1.6439741270798889
1927	1.6439741270798889
1928	1.6439741270798889
1929	1.6439741270798889
1930	1.5087715690539167
1931	1.5087715690539167
1932	1.5087715690539167
1933	1.5087715690539167
1934	1.5087715690539167
1935	1.5180927253416423
1936	1.5180927253416423
1937	1.5180927253416423
1938	1.5180927253416423
1939	1.5180927253416423
1940	1.8839738947526556
1941	1.8839738947526556
1942	1.8839738947526556
1943	1.8839738947526556
1944	1.8839738947526556
1945	1.362726313272164
1946	1.362726313272164
1947	5.016897877374307
1948	5.016897877374307
1949	5.016897877374307
1950	5.016897877374307
1951	5.016897877374307
1952	4.399178311113552
1953	4.399178311113552
1954	4.399178311113552
1955	4.399178311113552
1956	4.399178311113552
1957	1.879749703754381
1958	1.879749703754381
1959	1.879749703754381
1960	1.879749703754381
1961	1.879749703754381
1962	5.741498248926445
1963	5.741498248926445
1964	5.741498248926445
1965	5.741498248926445
1966	5.741498248926445
1967	3.346731438821723
1968	3.346731438821723
1969	3.346731438821723
1970	3.346731438821723
1971	3.346731438821723
1972	2.773815741986091
1973	2.773815741986091
1974	2.773815741986091
1975	2.773815741986091
1976	2.773815741986091
1977	3.0776543306009714
1978	3.0776543306009714
1979	0.982306733883481
1980	0.982306733883481
1981	0.982306733883481
1982	0.982306733883481
1983	0.982306733883481
1984	2.0739813638884397
1985	2.0739813638884397
1986	2.0739813638884397
1987	2.0739813638884397
1988	2.0739813638884397
1989	2.731025028358057
1990	2.731025028358057
1991	2.731025028358057
1992	2.731025028358057
1993	2.731025028358057
1994	2.441274492002145
1995	2.441274492002145
1996	2.441274492002145
1997	2.441274492002145
1998	2.441274492002145
1999	0.9515112110507351
