0	1.6980177943786248
1	1.6980177943786248
2	1.973340867780698
3	1.973340867780698
4	1.4360579239726163
5	1.4360579239726163
6	1.7100630273389301
7	1.7100630273389301
8	1.4747337962699392
9	1.4747337962699392
10	1.4445552452617778
11	1.4445552452617778
12	1.6231272091864708
13	1.6231272091864708
14	2.1743298240492783
15	2.1743298240492783
16	1.657420557003353
17	1.657420557003353
18	1.9590233915496718
19	1.9590233915496718
20	1.647630448358518
21	1.647630448358518
22	1.857656488675143
23	1.857656488675143
24	2.057362533840881
25	2.057362533840881
26	1.6484110007434905
27	1.6484110007434905
28	0.6928627921426311
29	0.6928627921426311
30	0.5725033755475624
31	0.5725033755475624
32	0.4264458941708398
33	0.4264458941708398
34	0.5688157239144518
35	0.5688157239144518
36	0.6806139608124578
37	0.6806139608124578
38	0.5756255504580003
39	0.5756255504580003
40	0.6917546844105035
41	0.6917546844105035
42	0.9315662878167978
43	0.9315662878167978
44	0.7710512123741116
45	0.7710512123741116
46	0.4822716081077788
47	0.4822716081077788
48	0.8571638524190922
49	0.8571638524190922
50	0.7578815249149896
51	0.7578815249149896
52	0.6905099691967551
53	0.6905099691967551
54	0.5297366940963619
55	0.5297366940963619
56	0.7316633413451515
57	0.7316633413451515
58	0.7870935239455042
59	0.7870935239455042
60	0.693012126850161
61	0.693012126850161
62	0.7294647218628135
63	0.7294647218628135
64	0.72462845099814
65	0.72462845099814
66	0.4963129316851798
67	0.4963129316851798
68	0.3436981248203609
69	0.3436981248203609
70	0.5672460112234714
71	0.5672460112234714
72	0.5587388121235094
73	0.5587388121235094
74	0.45516967224029203
75	0.45516967224029203
76	0.46200888321572287
77	0.46200888321572287
78	0.5460462093857382
79	0.5460462093857382
80	0.9134419484268095
81	0.9134419484268095
82	0.6653196792299272
83	0.6653196792299272
84	1.590977939391015
85	1.590977939391015
86	1.5597423503869203
87	1.5597423503869203
88	1.6114665772904981
89	1.6114665772904981
90	1.5833866209971252
91	1.5833866209971252
92	1.1623956066741072
93	1.1623956066741072
94	0.9643055690327103
95	0.9643055690327103
96	1.0226540877523531
97	1.0226540877523531
98	0.15815636497045293
99	0.15815636497045293
100	0.7479949552689478
101	0.7479949552689478
102	1.3964265195338434
103	1.3964265195338434
104	1.0929418696383006
105	1.0929418696383006
106	0.9562469959508796
107	0.9562469959508796
108	0.7174294656370049
109	0.7174294656370049
110	1.0494625614337318
111	1.0494625614337318
112	1.0081137129018944
113	1.0081137129018944
114	1.61148691603499
115	1.61148691603499
116	1.3825666103572343
117	1.3825666103572343
118	0.7441021483167186
119	0.7441021483167186
120	1.0141075956557712
121	1.0141075956557712
122	1.4257937328909478
123	1.4257937328909478
124	1.1357848920371205
125	1.1357848920371205
126	1.5766831986077587
127	1.5766831986077587
128	1.0229711982040837
129	1.0229711982040837
130	1.4463937526176944
131	1.4463937526176944
132	1.1663787403430832
133	1.1663787403430832
134	1.1798332791699913
135	1.1798332791699913
136	0.8510500299323469
137	0.8510500299323469
138	0.7854767240312118
139	0.7854767240312118
140	1.5231590016877248
141	1.5231590016877248
142	1.0417479013716167
143	1.0417479013716167
144	0.8991129391119291
145	0.8991129391119291
146	1.468464419938527
147	1.468464419938527
148	0.9801934235926245
149	0.9801934235926245
150	1.3046841924577284
151	1.3046841924577284
152	1.021119699033605
153	1.021119699033605
154	1.177946767705162
155	1.177946767705162
156	1.294147049512642
157	1.294147049512642
158	0.7502332264339864
159	0.7502332264339864
160	0.9110164716221147
161	1.6029278453761142
162	1.6029278453761142
163	4.057124700526988
164	4.057124700526988
165	5.606366637984828
166	5.606366637984828
167	3.3643854682919248
168	3.3643854682919248
169	3.52135449323469
170	3.52135449323469
171	3.1810427937759798
172	3.1810427937759798
173	4.491481984761595
174	4.491481984761595
175	5.144410995984074
176	5.144410995984074
177	5.0364544720166196
178	5.0364544720166196
179	5.405966960955411
180	5.405966960955411
181	4.079798417902505
182	4.079798417902505
183	2.767271214862748
184	2.767271214862748
185	3.427630852975783
186	3.427630852975783
187	2.559709931305662
188	2.559709931305662
189	3.3716151591249424
190	3.3716151591249424
191	4.648414343305733
192	4.648414343305733
193	5.165737425781452
194	5.165737425781452
195	5.113157137701635
196	5.113157137701635
197	5.825666474031707
198	5.825666474031707
199	5.446981923717082
200	5.446981923717082
201	4.321689760169652
202	4.321689760169652
203	6.873601412254059
204	6.873601412254059
205	1.823698753862773
206	1.823698753862773
207	3.7602758795142437
208	3.7602758795142437
209	5.033158677098432
210	5.033158677098432
211	4.66522735082342
212	4.66522735082342
213	3.10691500158132
214	3.10691500158132
215	2.9786114807908253
216	2.9786114807908253
217	5.953812691656747
218	5.953812691656747
219	4.391311216040452
220	4.391311216040452
221	3.3688880785848117
222	3.3688880785848117
223	3.735331932305246
224	3.735331932305246
225	4.845602479934055
226	4.845602479934055
227	5.469824134020333
228	5.469824134020333
229	5.770789250396822
230	5.770789250396822
231	6.352024436255997
232	6.352024436255997
233	5.3963699182808655
234	5.3963699182808655
235	4.747791248129944
236	4.747791248129944
237	4.96138592249911
238	4.96138592249911
239	4.498505061717705
240	4.498505061717705
241	4.616939745854135
242	4.616939745854135
243	3.51802028750019
244	3.51802028750019
245	4.186367322361488
246	4.186367322361488
247	3.4383349313517506
248	3.4383349313517506
249	5.551899934719127
250	5.551899934719127
251	5.294233058934292
252	5.294233058934292
253	4.048979537046932
254	4.048979537046932
255	3.0265227934776346
256	3.0265227934776346
257	5.959120409503108
258	5.959120409503108
259	4.521323584506849
260	4.521323584506849
261	4.457643940521436
262	4.457643940521436
263	4.056463705669907
264	4.056463705669907
265	4.028861514767291
266	4.028861514767291
267	3.0618959515518114
268	3.0618959515518114
269	4.847841051168663
270	4.847841051168663
271	5.239854221219509
272	5.239854221219509
273	3.956102470616802
274	3.956102470616802
275	5.716907028868711
276	5.716907028868711
277	6.153435327177317
278	6.153435327177317
279	4.367874887636192
280	4.367874887636192
281	3.4416602895219315
282	3.4416602895219315
283	3.8802231227718655
284	3.8802231227718655
285	5.299281478021853
286	5.299281478021853
287	3.7660946119408862
288	3.7660946119408862
289	5.055689529775422
290	5.055689529775422
291	4.634439289947643
292	4.634439289947643
293	4.09711357140891
294	4.09711357140891
295	5.593354159204649
296	5.593354159204649
297	5.290648929585812
298	5.290648929585812
299	5.086634705808584
300	5.086634705808584
301	3.976938910711619
302	3.976938910711619
303	6.0007613522799215
304	6.0007613522799215
305	4.7723674107591885
306	4.7723674107591885
307	4.655806287581525
308	4.655806287581525
309	4.747193273073762
310	4.747193273073762
311	3.354791732028041
312	3.354791732028041
313	5.350173106496204
314	5.350173106496204
315	4.706277699670197
316	4.706277699670197
317	4.651053779449768
318	4.651053779449768
319	4.451591635648108
320	4.451591635648108
321	4.200985085740584
322	4.200985085740584
323	1.9148651885512789
324	1.9148651885512789
325	5.047313216281461
326	5.047313216281461
327	2.7858006644811093
328	2.7858006644811093
329	3.7387628027442936
330	3.7387628027442936
331	3.611965494514247
332	1.6399821550536886
333	1.6399821550536886
334	3.204944456515651
335	3.204944456515651
336	3.454792616788911
337	3.454792616788911
338	2.7789210818224106
339	2.7789210818224106
340	3.120448247805718
341	3.120448247805718
342	2.210364761237523
343	2.210364761237523
344	2.9440115083703944
345	2.9440115083703944
346	3.5542551884898876
347	3.5542551884898876
348	2.6789590247091706
349	2.6789590247091706
350	2.3908903561883617
351	2.3908903561883617
352	1.656870576506493
353	1.656870576506493
354	2.1107967137869745
355	2.1107967137869745
356	2.763284122927753
357	1.2105657406728836
358	1.2105657406728836
359	1.0631875507734192
360	1.0631875507734192
361	1.153280772696627
362	1.153280772696627
363	1.0587964276464008
364	1.0587964276464008
365	1.4052389678276929
366	1.4052389678276929
367	1.4919925958393514
368	1.4919925958393514
369	1.094144778343839
370	1.094144778343839
371	1.1396231657385543
372	1.1396231657385543
373	1.2855569504779056
374	1.2855569504779056
375	1.0582440612066684
376	1.0582440612066684
377	1.3223603672479194
378	1.3223603672479194
379	0.6374857854987885
380	0.6374857854987885
381	1.169917315071568
382	1.169917315071568
383	1.0090374875528885
384	1.0090374875528885
385	1.3430086088995554
386	1.3430086088995554
387	1.244409162270461
388	1.244409162270461
389	1.5446941060957027
390	1.5446941060957027
391	1.067898293082962
392	1.067898293082962
393	0.8256858723724014
394	0.8256858723724014
395	0.43917120782478336
396	0.43917120782478336
397	1.129935140824907
398	1.129935140824907
399	1.4537538957083485
400	1.4537538957083485
401	0.9276420873137387
402	0.9276420873137387
403	0.792317688503308
404	0.792317688503308
405	1.4892451761776158
406	1.4892451761776158
407	1.3883065804809218
408	1.3883065804809218
409	1.0583993977974189
410	1.0583993977974189
411	0.811320916005082
412	0.811320916005082
413	1.2479998912666808
414	1.2479998912666808
415	0.991174826445777
416	0.991174826445777
417	0.9220882291456937
418	0.9220882291456937
419	1.2965600892242686
420	1.2965600892242686
421	0.7450515969103371
422	0.7450515969103371
423	1.20986983218298
424	1.20986983218298
425	0.8820060151076469
426	0.8820060151076469
427	1.3242494117104566
428	1.3242494117104566
429	1.0265008669988673
430	0.5227564507290481
431	0.5227564507290481
432	4.735851145272939
433	4.735851145272939
434	3.465619970678476
435	3.465619970678476
436	3.8759534413494037
437	3.8759534413494037
438	1.955691942120527
439	1.955691942120527
440	3.653772803511647
441	3.653772803511647
442	2.087844995584876
443	2.087844995584876
444	2.09506850732287
445	2.09506850732287
446	2.0675391080522125
447	2.0675391080522125
448	3.6234467284197804
449	3.6234467284197804
450	3.4689467164710748
451	3.4689467164710748
452	2.802099849183002
453	2.802099849183002
454	3.112514187331468
455	3.112514187331468
456	3.1023986383697015
457	3.1023986383697015
458	2.387441382526431
459	2.387441382526431
460	2.8335305974631284
461	2.8335305974631284
462	2.6298851875773783
463	2.6298851875773783
464	3.4876553294308206
465	3.4876553294308206
466	4.241101199344426
467	4.241101199344426
468	3.5114493172374366
469	3.5114493172374366
470	2.5593119286698545
471	2.5593119286698545
472	3.535609374402114
473	3.535609374402114
474	3.2737214330436677
475	3.2737214330436677
476	2.993726953044111
477	2.993726953044111
478	1.216750009350028
479	1.216750009350028
480	2.226111237414753
481	2.226111237414753
482	2.503883622854142
483	2.503883622854142
484	2.8302727127933713
485	2.8302727127933713
486	2.7834645703907794
487	2.7834645703907794
488	2.18338675011406
489	2.18338675011406
490	2.79054597630702
491	2.79054597630702
492	2.320065937842481
493	2.320065937842481
494	1.4676253308707687
495	1.4676253308707687
496	2.7770349382037995
497	2.7770349382037995
498	4.539662624331383
499	4.539662624331383
500	2.613156418695208
501	2.613156418695208
502	1.9568452551391529
503	1.9568452551391529
504	1.8795755730440706
505	1.8795755730440706
506	2.9180624015023056
507	2.9180624015023056
508	2.6760833147638134
509	2.6760833147638134
510	2.7219671052624794
511	2.7219671052624794
512	3.42420594884386
513	3.42420594884386
514	4.5524875308139485
515	4.5524875308139485
516	3.891789356837988
517	3.891789356837988
518	3.103781241607854
519	3.103781241607854
520	4.462988265380179
521	4.462988265380179
522	1.9850520831786314
523	1.9850520831786314
524	3.148830934780026
525	3.148830934780026
526	3.743634772476253
527	3.743634772476253
528	2.4260854809176897
529	2.4260854809176897
530	1.3362101580254513
531	1.3362101580254513
532	2.833234607064889
533	2.833234607064889
534	1.982602521991669
535	1.982602521991669
536	2.423495482359431
537	2.423495482359431
538	2.5077199417350573
539	2.5077199417350573
540	3.668307218686377
541	3.668307218686377
542	2.7507673721197587
543	2.7507673721197587
544	0.7174195273105077
545	0.7174195273105077
546	1.6094904046115641
547	1.6094904046115641
548	3.9634063996881164
549	3.9634063996881164
550	1.5476574327324468
551	1.5476574327324468
552	2.62514492290398
553	2.62514492290398
554	3.706847196153778
555	3.706847196153778
556	3.790455936100318
557	3.790455936100318
558	2.603322209278389
559	2.603322209278389
560	3.233054341620473
561	3.233054341620473
562	3.7790172453879634
563	3.7790172453879634
564	2.211885517768717
565	2.211885517768717
566	3.0129612011222
567	3.0129612011222
568	3.199187894274112
569	3.199187894274112
570	3.4186527560980706
571	3.4186527560980706
572	3.8443456169509544
573	3.8443456169509544
574	3.942046887406743
575	3.942046887406743
576	2.5458478683326082
577	2.5458478683326082
578	2.701978139586593
579	2.701978139586593
580	2.7199250283530305
581	2.7199250283530305
582	2.958858549845381
583	2.958858549845381
584	3.3730205756574456
585	3.3730205756574456
586	3.411992880514349
587	3.411992880514349
588	2.6681671246970717
589	2.6681671246970717
590	2.3259829186324663
591	2.3259829186324663
592	2.6676512846188993
593	2.6676512846188993
594	2.226644931332043
595	2.226644931332043
596	1.2722771780419249
597	1.2722771780419249
598	2.4692814339773332
599	2.4692814339773332
600	3.609970362654128
601	3.609970362654128
602	2.616765893271691
603	2.616765893271691
604	2.8824822569129425
605	2.8824822569129425
606	2.658195937295467
607	2.658195937295467
608	2.6958559363133427
609	2.6958559363133427
610	1.5470031744622317
611	1.5470031744622317
612	1.717478957564821
613	1.717478957564821
614	3.613509871007304
615	3.613509871007304
616	2.7356626241466384
617	2.7356626241466384
618	3.0303603974580486
619	3.0303603974580486
620	1.444105267605422
621	1.444105267605422
622	2.3225921716492364
623	2.3225921716492364
624	3.854707813469102
625	3.854707813469102
626	4.39329702297996
627	4.39329702297996
628	2.9859604176205674
629	2.9859604176205674
630	3.225941076627359
631	3.225941076627359
632	2.1343818190354016
633	2.1343818190354016
634	2.1645897242512944
635	2.1645897242512944
636	2.7085759795054627
637	2.7085759795054627
638	3.798778539382684
639	3.798778539382684
640	2.7523679804697565
641	2.7523679804697565
642	2.813592154754256
643	2.813592154754256
644	1.6571347618899563
645	1.6571347618899563
646	2.8664990978358214
647	2.8664990978358214
648	3.266860746485231
649	3.266860746485231
650	2.2740124807781115
651	2.2740124807781115
652	3.1704547040355604
653	3.1704547040355604
654	1.9422999111138108
655	1.9422999111138108
656	3.023357877290431
657	3.023357877290431
658	3.905436653387864
659	3.905436653387864
660	2.502111937769333
661	2.502111937769333
662	3.6587413691259454
663	3.6587413691259454
664	2.461116235144209
665	2.461116235144209
666	2.266316132402207
667	2.266316132402207
668	2.4940185065338745
669	0.3733400788280256
670	0.3733400788280256
671	0.44367677126469346
672	0.44367677126469346
673	0.9214036702641393
674	0.9214036702641393
675	0.907396156879106
676	0.907396156879106
677	0.9784294849117716
678	0.9784294849117716
679	0.583899707867265
680	0.583899707867265
681	0.48385280843485656
682	0.48385280843485656
683	0.6149352447293335
684	0.6149352447293335
685	0.9935249597325941
686	0.9935249597325941
687	0.6045956384848201
688	0.6045956384848201
689	0.7984158054625192
690	0.7984158054625192
691	0.6423682076460856
692	0.6423682076460856
693	0.8039580655134277
694	0.8039580655134277
695	0.6752719840388699
696	0.6752719840388699
697	0.6416437721464419
698	0.6416437721464419
699	0.47665688038014015
700	0.47665688038014015
701	0.7861789991898441
702	0.7861789991898441
703	0.6357763339061144
704	0.6357763339061144
705	0.5775217443570042
706	0.5775217443570042
707	0.6929066683076922
708	0.6929066683076922
709	0.7800783751823652
710	0.7800783751823652
711	0.970220276628917
712	1.6637465319393023
713	1.6637465319393023
714	1.430697028378363
715	1.430697028378363
716	1.399193767196284
717	1.399193767196284
718	1.89717558513972
719	1.89717558513972
720	1.2312121285170365
721	1.2312121285170365
722	1.1256158841551864
723	3.014609821906701
724	3.014609821906701
725	2.9644861900577566
726	2.9644861900577566
727	3.3250793303706216
728	3.3250793303706216
729	3.426863173680514
730	3.426863173680514
731	2.3247963194530223
732	2.3247963194530223
733	2.5611665456705963
734	2.5611665456705963
735	4.398077374474695
736	4.398077374474695
737	3.6590613783807364
738	3.6590613783807364
739	2.418748412953717
740	2.418748412953717
741	2.0325567941992615
742	2.0325567941992615
743	1.93023426607869
744	1.93023426607869
745	3.0725061308571733
746	3.0725061308571733
747	3.1666553198736342
748	3.1666553198736342
749	4.592025561037637
750	4.592025561037637
751	3.867102280100995
752	3.867102280100995
753	2.389347132001455
754	2.389347132001455
755	2.4788524853962532
756	2.4788524853962532
757	2.8215023607084175
758	2.8215023607084175
759	2.312784414056994
760	2.312784414056994
761	3.546457460820178
762	3.546457460820178
763	3.6659915236224645
764	3.6659915236224645
765	2.8481909840016573
766	2.8481909840016573
767	2.773064516215749
768	2.773064516215749
769	2.289288014654089
770	2.289288014654089
771	2.8203277519881977
772	2.8203277519881977
773	3.301015605282871
774	3.301015605282871
775	2.576138539750286
776	2.576138539750286
777	1.9914671802579624
778	1.9914671802579624
779	3.170633637626007
780	3.170633637626007
781	2.614741867372968
782	2.614741867372968
783	3.7370294392364523
784	3.7370294392364523
785	2.313618131842441
786	2.313618131842441
787	2.2460792137983074
788	2.2460792137983074
789	3.088367728154068
790	3.088367728154068
791	2.7929257390407334
792	2.7929257390407334
793	3.823573129486279
794	3.823573129486279
795	1.6845642444645397
796	1.6845642444645397
797	3.580256158005461
798	3.580256158005461
799	3.000497298559594
800	3.000497298559594
801	3.116850934739253
802	3.116850934739253
803	2.7817071612125828
804	2.7817071612125828
805	4.226761726389771
806	4.226761726389771
807	2.832403618532718
808	2.832403618532718
809	2.4579775292148422
810	2.4579775292148422
811	2.6791675895016143
812	2.6791675895016143
813	2.0466976920680566
814	2.0466976920680566
815	3.774681417901877
816	3.774681417901877
817	2.8914064642061463
818	2.8914064642061463
819	2.4365764038626176
820	2.4365764038626176
821	3.6785248968039035
822	3.6785248968039035
823	2.7322201812356592
824	2.7322201812356592
825	2.2618161682064475
826	2.2618161682064475
827	1.827342563792031
828	1.827342563792031
829	2.937966457431666
830	2.937966457431666
831	4.120715893208329
832	4.120715893208329
833	5.043423608390361
834	5.043423608390361
835	2.2317245350667307
836	2.2317245350667307
837	3.199464535890871
838	3.199464535890871
839	3.482166346134025
840	3.482166346134025
841	4.028868736919834
842	4.028868736919834
843	2.565425402545414
844	2.565425402545414
845	3.1998634348259256
846	3.1998634348259256
847	3.193822803525485
848	3.193822803525485
849	2.2337337967021265
850	2.2337337967021265
851	3.3344859383149297
852	3.3344859383149297
853	2.792890029128403
854	2.792890029128403
855	2.2784989306234604
856	2.2784989306234604
857	3.7431206696793042
858	3.7431206696793042
859	1.9740330111100755
860	1.9740330111100755
861	2.8067284096886453
862	2.8067284096886453
863	2.9542165317848315
864	2.9542165317848315
865	2.4051309389405646
866	2.4051309389405646
867	3.976669713380336
868	3.976669713380336
869	3.9878119874351494
870	3.9878119874351494
871	2.067970305078777
872	2.067970305078777
873	3.1097368312893217
874	3.1097368312893217
875	2.639180296724143
876	2.639180296724143
877	3.0964293121654594
878	3.0964293121654594
879	3.3269961090767213
880	3.3269961090767213
881	3.259017256966788
882	3.259017256966788
883	2.4530117321653795
884	2.4530117321653795
885	2.3807068311401745
886	2.3807068311401745
887	4.292421149215828
888	4.292421149215828
889	2.039417888235018
890	2.039417888235018
891	1.9350561734385097
892	1.9350561734385097
893	2.751869720987878
894	2.751869720987878
895	2.9046174368565536
896	2.9046174368565536
897	2.6004244143526765
898	2.6004244143526765
899	2.2534036575275476
900	2.2534036575275476
901	1.984724062359267
902	1.984724062359267
903	2.1153074545809494
904	2.1153074545809494
905	3.7983264319905605
906	3.7983264319905605
907	2.965916758984735
908	2.965916758984735
909	2.8825350805159973
910	2.8825350805159973
911	2.4823029061704034
912	2.4823029061704034
913	1.9886782030065921
914	1.9886782030065921
915	2.617088170868959
916	2.617088170868959
917	2.544874189896901
918	2.544874189896901
919	2.170946105641965
920	2.170946105641965
921	3.6661358532184933
922	3.6661358532184933
923	2.593342407862333
924	2.593342407862333
925	2.811866532176842
926	2.811866532176842
927	2.699881754452561
928	2.699881754452561
929	2.447157744808395
930	2.447157744808395
931	2.7796968299519915
932	2.7796968299519915
933	3.5988686980613265
934	3.5988686980613265
935	3.9996214328798065
936	3.9996214328798065
937	2.6870201576662485
938	2.6870201576662485
939	2.5360431029234487
940	2.5360431029234487
941	3.2773756709770514
942	3.2773756709770514
943	1.7148280271451668
944	1.7148280271451668
945	2.645427705988994
946	2.645427705988994
947	2.305398167514552
948	2.305398167514552
949	2.074626801543014
950	2.074626801543014
951	2.615623951883274
952	2.615623951883274
953	2.768122017732619
954	2.768122017732619
955	0.6653284544564304
956	0.6653284544564304
957	3.2760899358657296
958	3.2760899358657296
959	3.615051870995333
960	3.615051870995333
961	4.234959986509018
962	4.234959986509018
963	2.353805919654839
964	2.353805919654839
965	3.397216948538126
966	3.397216948538126
967	3.4365008050461383
968	3.4365008050461383
969	2.6268489005656948
970	2.6268489005656948
971	3.2412098020197595
972	3.2412098020197595
973	2.7671226876963613
974	2.7671226876963613
975	2.4305017793782597
976	2.4305017793782597
977	2.8346169616563226
978	2.8346169616563226
979	2.436424296620825
980	2.436424296620825
981	3.4055237171231623
982	3.4055237171231623
983	2.918853239691616
984	2.918853239691616
985	2.710805465645466
986	2.710805465645466
987	2.88865011974518
988	2.88865011974518
989	3.0522890700189285
990	3.0522890700189285
991	3.5113987705311445
992	1.2808123210885207
993	1.2808123210885207
994	1.4118191004777778
995	1.4118191004777778
996	1.4564583726326426
997	1.4564583726326426
998	1.1637531889826989
999	1.1637531889826989
1000	0.7755326354633361
1001	0.7755326354633361
1002	1.0523135195434286
1003	1.0523135195434286
1004	1.1946529227047318
1005	1.1946529227047318
1006	0.40633727115014673
1007	0.40633727115014673
1008	0.540361225717805
1009	0.540361225717805
1010	1.1494314815006654
1011	1.1494314815006654
1012	0.8181583005439843
1013	0.8181583005439843
1014	1.0143605411581997
1015	1.0143605411581997
1016	0.5925794061072392
1017	0.5925794061072392
1018	6.035727939576658
1019	6.035727939576658
1020	3.228414264468298
1021	3.228414264468298
1022	3.1366692776767913
1023	3.1366692776767913
1024	3.1647120323864044
1025	3.1647120323864044
1026	4.253373372042687
1027	4.253373372042687
1028	5.317204800016593
1029	5.317204800016593
1030	5.877850722183982
1031	5.877850722183982
1032	3.5989330638874235
1033	3.5989330638874235
1034	4.6768522828758705
1035	4.6768522828758705
1036	4.099794835887722
1037	4.099794835887722
1038	5.078716472235784
1039	5.078716472235784
1040	4.928327449779245
1041	4.928327449779245
1042	3.876255965667062
1043	3.876255965667062
1044	3.7791194763437344
1045	3.7791194763437344
1046	3.1195493483538526
1047	3.1195493483538526
1048	0.7296584711311862
1049	0.7296584711311862
1050	3.465450274629998
1051	3.465450274629998
1052	5.828048001914192
1053	5.828048001914192
1054	3.516942239039247
1055	3.516942239039247
1056	3.358825493360054
1057	3.358825493360054
1058	2.9074704392664534
1059	2.9074704392664534
1060	3.8623431600703277
1061	3.8623431600703277
1062	3.4000407264516315
1063	3.4000407264516315
1064	4.488725460594835
1065	4.488725460594835
1066	3.028710699726328
1067	3.028710699726328
1068	4.135450358370393
1069	4.135450358370393
1070	2.318763943088202
1071	2.318763943088202
1072	5.931346411894394
1073	5.931346411894394
1074	1.5614801425575517
1075	1.5614801425575517
1076	3.360594551446996
1077	3.360594551446996
1078	2.8856022391629397
1079	2.8856022391629397
1080	1.5289182912935342
1081	1.5289182912935342
1082	3.7779158381583966
1083	3.7779158381583966
1084	3.869898652730777
1085	3.869898652730777
1086	3.019162992846962
1087	3.019162992846962
1088	2.3565121649198746
1089	2.3565121649198746
1090	3.0301965794749783
1091	3.0301965794749783
1092	3.230387025924097
1093	3.230387025924097
1094	3.3845240752778873
1095	3.3845240752778873
1096	2.5974481348535203
1097	2.5974481348535203
1098	3.2674320336227503
1099	3.2674320336227503
1100	3.5271045909929764
1101	3.5271045909929764
1102	3.450299442278645
1103	3.450299442278645
1104	3.304865105083706
1105	3.304865105083706
1106	3.127282277962034
1107	3.127282277962034
1108	2.97300898921411
1109	2.97300898921411
1110	3.7067641275625665
1111	3.7067641275625665
1112	3.5203597580722885
1113	3.5203597580722885
1114	1.7959942750148894
1115	1.7959942750148894
1116	2.3598615045767413
1117	2.3598615045767413
1118	3.5108015151397445
1119	3.5108015151397445
1120	4.40361136909416
1121	4.40361136909416
1122	2.9886240271332136
1123	2.9886240271332136
1124	3.512855992753419
1125	3.512855992753419
1126	2.760548946696222
1127	2.760548946696222
1128	1.7888286351192326
1129	1.7888286351192326
1130	3.3263707944027177
1131	3.3263707944027177
1132	2.501139697846271
1133	2.501139697846271
1134	2.463329776554637
1135	2.463329776554637
1136	2.3109576325300454
1137	2.3109576325300454
1138	4.39604884696955
1139	4.39604884696955
1140	2.099152245305163
1141	2.099152245305163
1142	2.7011631046802007
1143	2.7011631046802007
1144	4.881097634134793
1145	4.881097634134793
1146	3.148883507917821
1147	3.148883507917821
1148	1.5417036510706026
1149	1.5417036510706026
1150	4.178439922229013
1151	4.178439922229013
1152	1.4126703082178167
1153	1.4126703082178167
1154	3.301872775175671
1155	3.301872775175671
1156	2.9521641744355605
1157	2.9521641744355605
1158	4.485989149703373
1159	4.485989149703373
1160	2.8241448371872013
1161	2.8241448371872013
1162	2.0476703433380083
1163	2.0476703433380083
1164	3.502609662901549
1165	3.502609662901549
1166	2.165755964544391
1167	2.165755964544391
1168	3.3907993561164385
1169	3.3907993561164385
1170	2.9307745064637603
1171	2.9307745064637603
1172	4.419464909137137
1173	4.419464909137137
1174	3.77645319356427
1175	3.77645319356427
1176	3.3785307717984634
1177	3.3785307717984634
1178	3.6498264901624404
1179	3.6498264901624404
1180	4.348795038729049
1181	4.348795038729049
1182	3.5806854708610234
1183	3.5806854708610234
1184	3.011084917392849
1185	3.011084917392849
1186	3.7370546354998635
1187	3.7370546354998635
1188	3.3501417643702203
1189	3.3501417643702203
1190	3.8738254659157025
1191	3.8738254659157025
1192	2.6947961876655224
1193	2.6947961876655224
1194	3.1051954649219096
1195	3.1051954649219096
1196	4.563723671521547
1197	4.563723671521547
1198	1.940668834109448
1199	1.940668834109448
1200	2.499576911728806
1201	2.499576911728806
1202	2.4706753512365767
1203	2.4706753512365767
1204	4.059123641222237
1205	4.059123641222237
1206	3.243993481074541
1207	3.243993481074541
1208	4.206019811927711
1209	4.206019811927711
1210	5.499931644483665
1211	5.499931644483665
1212	2.872798667009644
1213	2.872798667009644
1214	2.6457056716054224
1215	2.6457056716054224
1216	4.544499868715722
1217	4.544499868715722
1218	1.7746745977541536
1219	1.7746745977541536
1220	4.236266765775527
1221	4.236266765775527
1222	1.9691207698010378
1223	1.9691207698010378
1224	3.113194253924121
1225	3.113194253924121
1226	3.390681138681351
1227	3.390681138681351
1228	3.2154891856575234
1229	3.2154891856575234
1230	3.7935755406999165
1231	3.7935755406999165
1232	3.0801345973843217
1233	3.0801345973843217
1234	3.6565341915981797
1235	3.6565341915981797
1236	2.858308423729796
1237	2.858308423729796
1238	2.0413268599828562
1239	2.0413268599828562
1240	4.604816421076851
1241	4.604816421076851
1242	4.234438987214933
1243	4.234438987214933
1244	4.086665489818826
1245	4.086665489818826
1246	3.298019351538257
1247	3.298019351538257
1248	3.250230550722017
1249	3.250230550722017
1250	3.285844574969843
1251	3.285844574969843
1252	2.111842054794364
1253	2.111842054794364
1254	2.5781678616152615
1255	2.5781678616152615
1256	2.9789278559395163
1257	2.9789278559395163
1258	3.9097138148585584
1259	3.9097138148585584
1260	2.320466176468817
1261	2.320466176468817
1262	2.9745527321250043
1263	2.9745527321250043
1264	3.7421327936796596
1265	3.7421327936796596
1266	2.7461550265868127
1267	2.7461550265868127
1268	3.142492117800379
1269	3.142492117800379
1270	1.8654541615232334
1271	1.8654541615232334
1272	3.255080001440663
1273	3.255080001440663
1274	3.102226773867897
1275	3.102226773867897
1276	3.2785507902934334
1277	3.2785507902934334
1278	3.67847746815729
1279	3.67847746815729
1280	3.2131886518757664
1281	3.2131886518757664
1282	2.359302872023397
1283	2.359302872023397
1284	2.944808868924976
1285	2.944808868924976
1286	2.730702039590136
1287	2.730702039590136
1288	3.5408000071234444
1289	3.5408000071234444
1290	2.0756398770225553
1291	2.0756398770225553
1292	3.507319156502321
1293	3.507319156502321
1294	3.3143682795873235
1295	3.3143682795873235
1296	2.5358428425442074
1297	2.5358428425442074
1298	2.861860303475276
1299	2.861860303475276
1300	4.064772490671988
1301	4.064772490671988
1302	4.398146881129968
1303	4.398146881129968
1304	3.235030108602
1305	3.235030108602
1306	3.694598734381838
1307	3.694598734381838
1308	3.209213627317444
1309	3.209213627317444
1310	2.6040567201896154
1311	2.6040567201896154
1312	3.9875724769461796
1313	3.9875724769461796
1314	2.132207392116321
1315	2.132207392116321
1316	3.138675027024736
1317	3.138675027024736
1318	4.300879261355588
1319	4.300879261355588
1320	1.6391787583773976
1321	1.6391787583773976
1322	2.610519912185846
1323	2.610519912185846
1324	2.859544527868502
1325	2.859544527868502
1326	3.1123543350013545
1327	3.1123543350013545
1328	3.2185689099928374
1329	3.2185689099928374
1330	4.222806708033737
1331	4.222806708033737
1332	4.003551007435014
1333	4.003551007435014
1334	3.3775549675493837
1335	3.3775549675493837
1336	2.616592556290662
1337	2.616592556290662
1338	2.817465706184524
1339	2.817465706184524
1340	3.2329276519711745
1341	3.2329276519711745
1342	3.690520805777524
1343	3.690520805777524
1344	2.443480309279086
1345	2.443480309279086
1346	3.167801637882466
1347	3.167801637882466
1348	2.578897246439432
1349	2.578897246439432
1350	4.226057398087556
1351	4.226057398087556
1352	2.6742434409435116
1353	2.6742434409435116
1354	3.8446867796295905
1355	3.8446867796295905
1356	3.2565720820592112
1357	3.2565720820592112
1358	4.9531933299614845
1359	4.9531933299614845
1360	3.3163456613727154
1361	3.3163456613727154
1362	2.459267247014787
1363	2.459267247014787
1364	1.8648009666893584
1365	1.8648009666893584
1366	3.557685120099877
1367	3.557685120099877
1368	3.121882717786419
1369	3.121882717786419
1370	4.637423360655326
1371	4.637423360655326
1372	1.532631803817078
1373	1.532631803817078
1374	3.143401553238715
1375	3.143401553238715
1376	1.3601039572842852
1377	1.3601039572842852
1378	2.103646412230102
1379	2.103646412230102
1380	2.0272606604526606
1381	2.0272606604526606
1382	1.5153291051904678
1383	1.5153291051904678
1384	2.458454265453964
1385	2.458454265453964
1386	1.8371876908486025
1387	1.8371876908486025
1388	2.201338477915201
1389	2.201338477915201
1390	2.3175716959067523
1391	2.3175716959067523
1392	1.8888448207555781
1393	1.8888448207555781
1394	2.404391273729976
1395	2.404391273729976
1396	1.517101218025989
1397	1.517101218025989
1398	2.0158737151481647
1399	2.0158737151481647
1400	2.3912351213941365
1401	2.3912351213941365
1402	2.4846223214881014
1403	2.4846223214881014
1404	1.4139806873413123
1405	1.4139806873413123
1406	1.6854290886269276
1407	1.6854290886269276
1408	2.1148234927543332
1409	2.1148234927543332
1410	1.5126911036061441
1411	1.5126911036061441
1412	2.1493767506394468
1413	2.1493767506394468
1414	1.8188732521097801
1415	1.8188732521097801
1416	2.2950641442379887
1417	2.2950641442379887
1418	1.9118991934599043
1419	1.9118991934599043
1420	1.5701082861335207
1421	1.5701082861335207
1422	1.6945668112721535
1423	1.6945668112721535
1424	1.9192805233571069
1425	1.9192805233571069
1426	2.0857778085123764
1427	2.0857778085123764
1428	1.969268949930255
1429	1.969268949930255
1430	2.160855441613243
1431	2.160855441613243
1432	1.875156273460137
1433	1.875156273460137
1434	1.2682008745985098
1435	1.2682008745985098
1436	1.4344346845722291
1437	1.4344346845722291
1438	1.6398626495462003
1439	1.6398626495462003
1440	2.388676870693483
1441	2.388676870693483
1442	2.818240280187329
1443	2.818240280187329
1444	0.915886861959496
1445	0.915886861959496
1446	2.497600401221004
1447	2.497600401221004
1448	2.665250122543932
1449	2.665250122543932
1450	1.6905900048085478
1451	1.6905900048085478
1452	2.37586078165578
1453	2.37586078165578
1454	1.8745202195778203
1455	1.8745202195778203
1456	2.8033486011324813
1457	2.8033486011324813
1458	1.9930719628175042
1459	1.9930719628175042
1460	2.455226730793956
1461	2.455226730793956
1462	2.2188506028595443
1463	2.2188506028595443
1464	2.800394208482927
1465	2.800394208482927
1466	2.671559596042174
1467	2.671559596042174
1468	2.838200500634114
1469	2.838200500634114
1470	2.3889575312376374
1471	2.3889575312376374
1472	1.7577231461661105
1473	1.7577231461661105
1474	3.026323799496307
1475	3.026323799496307
1476	2.2210966291801086
1477	2.2210966291801086
1478	2.2775818297171826
1479	2.2775818297171826
1480	2.1987021796720527
1481	2.1987021796720527
1482	1.6947455522575345
1483	1.6947455522575345
1484	1.5098560800231975
1485	1.5098560800231975
1486	2.678285139816037
1487	2.678285139816037
1488	1.8437899750841407
1489	1.8437899750841407
1490	1.7129478213879596
1491	1.7129478213879596
1492	3.1445468589289667
1493	3.1445468589289667
1494	2.248383591031649
1495	2.248383591031649
1496	1.82886731223115
1497	1.82886731223115
1498	1.6718491129987556
1499	1.6718491129987556
1500	2.0720742743180747
1501	2.0720742743180747
1502	1.9180558208242016
1503	1.9180558208242016
1504	2.4021440627755033
1505	2.4021440627755033
1506	1.8934515873532152
1507	1.8934515873532152
1508	2.2144058946964735
1509	2.2144058946964735
1510	1.5728532699369437
1511	1.5728532699369437
1512	1.4421204108861014
1513	1.4421204108861014
1514	2.3307171343152397
1515	2.3307171343152397
1516	2.298637818550242
1517	2.298637818550242
1518	2.4290076759903774
1519	2.4290076759903774
1520	2.2421344295164
1521	2.2421344295164
1522	1.7672826369318817
1523	1.7672826369318817
1524	1.472889548906399
1525	1.472889548906399
1526	1.986782280000244
1527	1.986782280000244
1528	2.1957118994014766
1529	2.1957118994014766
1530	2.4423859520172915
1531	2.4423859520172915
1532	1.7320987666530647
1533	1.7320987666530647
1534	2.339220528196414
1535	2.339220528196414
1536	2.500228089906579
1537	2.500228089906579
1538	1.6393026593227404
1539	1.6393026593227404
1540	2.4538645928286167
1541	2.4538645928286167
1542	2.852906772240047
1543	2.852906772240047
1544	2.1836565545484086
1545	2.1836565545484086
1546	2.129946239240456
1547	2.129946239240456
1548	2.7304560540743688
1549	2.7304560540743688
1550	2.324848846141875
1551	2.324848846141875
1552	2.064584494620784
1553	2.064584494620784
1554	1.8308584740078402
1555	1.8308584740078402
1556	2.5460909579959643
1557	2.5460909579959643
1558	1.15671615975638
1559	1.15671615975638
1560	2.0186420405036465
1561	2.0186420405036465
1562	2.1304190627999513
1563	2.1304190627999513
1564	1.8510016091152266
1565	1.8510016091152266
1566	1.9562897168120743
1567	1.9562897168120743
1568	2.531724165017708
1569	2.531724165017708
1570	1.4923610636092262
1571	1.4923610636092262
1572	2.2547343169931677
1573	2.2547343169931677
1574	2.0009973359788162
1575	2.0009973359788162
1576	3.1667888760654606
1577	3.1667888760654606
1578	1.8596959776317556
1579	1.8596959776317556
1580	2.5168378687455664
1581	2.5168378687455664
1582	1.443004473918019
1583	1.443004473918019
1584	2.2386704935316377
1585	2.2386704935316377
1586	2.495465396134451
1587	2.495465396134451
1588	2.12282517141109
1589	2.12282517141109
1590	1.0876279848496577
1591	1.0876279848496577
1592	1.1117589583363277
1593	1.1117589583363277
1594	2.4102571129831
1595	2.4102571129831
1596	2.1678352040243216
1597	2.1678352040243216
1598	3.1208700354413255
1599	3.1208700354413255
1600	0.5897883507706057
1601	0.5897883507706057
1602	2.0811719127640806
1603	2.0811719127640806
1604	2.348080471486044
1605	2.348080471486044
1606	1.8527356241206487
1607	1.8527356241206487
1608	1.7542348245548558
1609	1.7542348245548558
1610	2.5216465760778934
1611	2.5216465760778934
1612	2.123974574964835
1613	2.123974574964835
1614	1.0564730730195693
1615	1.0564730730195693
1616	1.3057423632977396
1617	1.3057423632977396
1618	3.5173521499037723
1619	3.5173521499037723
1620	2.7835689572264917
1621	2.7835689572264917
1622	2.7805473883817355
1623	2.7805473883817355
1624	2.991662277609569
1625	2.991662277609569
1626	2.0664885838830442
1627	2.0664885838830442
1628	1.733324514627512
1629	1.733324514627512
1630	2.2873213323967874
1631	2.2873213323967874
1632	1.7482715529380013
1633	1.7482715529380013
1634	1.8658572374921885
1635	1.8658572374921885
1636	1.7759625233182252
1637	2.567232478322935
1638	2.567232478322935
1639	3.9061867963915264
1640	3.9061867963915264
1641	5.3337507607210135
1642	5.3337507607210135
1643	3.1560915018309883
1644	3.1560915018309883
1645	2.36672630838179
1646	2.36672630838179
1647	5.150585539788214
1648	5.150585539788214
1649	4.28177129776547
1650	4.28177129776547
1651	2.0117780308525828
1652	2.0117780308525828
1653	2.9229853319207253
1654	2.9229853319207253
1655	4.9974361775638165
1656	4.9974361775638165
1657	4.794460860732097
1658	4.794460860732097
1659	2.096875418740214
1660	2.096875418740214
1661	3.2494865666271884
1662	3.2494865666271884
1663	3.0342956791356674
1664	3.0342956791356674
1665	2.8300139151502925
1666	2.8300139151502925
1667	3.182772408355412
1668	3.182772408355412
1669	2.9096612684221035
1670	2.9096612684221035
1671	3.839933383980303
1672	3.839933383980303
1673	1.745911449642148
1674	1.745911449642148
1675	3.9753318042619306
1676	3.9753318042619306
1677	3.508705249410946
1678	3.508705249410946
1679	4.12335649722497
1680	4.12335649722497
1681	3.987784382864592
1682	3.987784382864592
1683	5.271577105912632
1684	5.271577105912632
1685	5.423764378809397
1686	5.423764378809397
1687	4.642303909173265
1688	4.642303909173265
1689	4.518877865825315
1690	4.518877865825315
1691	4.773173198541177
1692	4.773173198541177
1693	4.970790666683995
1694	4.970790666683995
1695	4.510418673297012
1696	4.510418673297012
1697	2.652052293491474
1698	2.652052293491474
1699	4.075151650422589
1700	4.075151650422589
1701	0.7677013446836523
1702	0.7677013446836523
1703	1.9096980296741328
1704	1.9096980296741328
1705	0.8443493088344326
1706	0.8443493088344326
1707	1.7932546338187212
1708	1.7932546338187212
1709	1.5960900554069977
1710	1.5960900554069977
1711	1.2925623066757936
1712	1.2925623066757936
1713	3.4184555835638255
1714	3.4184555835638255
1715	3.7013524317177033
1716	3.7013524317177033
1717	1.9754008849607538
1718	1.9754008849607538
1719	4.492419319024243
1720	4.492419319024243
1721	2.9888279168829417
1722	2.9888279168829417
1723	3.0520857242062145
1724	3.0520857242062145
1725	3.1732889237446162
1726	3.1732889237446162
1727	3.2288901123737657
1728	3.2288901123737657
1729	3.4617119632834124
1730	3.4617119632834124
1731	3.763933347252169
1732	3.763933347252169
1733	2.8440433481296385
1734	2.8440433481296385
1735	3.9387270736464792
1736	3.9387270736464792
1737	2.210589974556563
1738	2.210589974556563
1739	3.8244570010987236
1740	3.8244570010987236
1741	3.0494843667261122
1742	3.0494843667261122
1743	4.623202791592917
1744	4.623202791592917
1745	3.4590773161451702
1746	3.4590773161451702
1747	3.4631629866621685
1748	3.4631629866621685
1749	3.133956865010243
1750	3.133956865010243
1751	2.234288970880155
1752	2.234288970880155
1753	3.472428123388751
1754	3.472428123388751
1755	4.346672983811291
1756	4.346672983811291
1757	3.002408177771317
1758	3.002408177771317
1759	4.162920008418586
1760	4.162920008418586
1761	3.5203554404034585
1762	3.5203554404034585
1763	2.909347315191406
1764	2.909347315191406
1765	3.659576682242211
1766	3.659576682242211
1767	3.715390027768574
1768	3.715390027768574
1769	3.40012654940455
1770	3.40012654940455
1771	3.7944649005052327
1772	3.7944649005052327
1773	2.920590651041285
1774	2.920590651041285
1775	3.0319121007809393
1776	3.0319121007809393
1777	2.7605764656741036
1778	2.7605764656741036
1779	2.497616568897304
1780	2.497616568897304
1781	4.0334921531886385
1782	4.0334921531886385
1783	3.358575867828542
1784	3.358575867828542
1785	3.194215404046339
1786	3.194215404046339
1787	2.4085054770281453
1788	2.4085054770281453
1789	4.247161306672683
1790	4.247161306672683
1791	2.2635210496980536
1792	2.2635210496980536
1793	4.076477443526301
1794	4.076477443526301
1795	2.9348434536943984
1796	2.9348434536943984
1797	1.2778785115207727
1798	1.2778785115207727
1799	2.090619519071765
1800	2.090619519071765
1801	2.248298859256281
1802	2.248298859256281
1803	1.0909075252594642
1804	1.0909075252594642
1805	1.8815188289195728
1806	1.8815188289195728
1807	2.086606677330834
1808	2.086606677330834
1809	2.9889663146884744
1810	2.9889663146884744
1811	3.155814698621421
1812	3.155814698621421
1813	2.0896898822774057
1814	2.0896898822774057
1815	1.0304693888973475
1816	1.0304693888973475
1817	2.109453741195066
1818	2.109453741195066
1819	1.6310898749061176
1820	1.6310898749061176
1821	2.7193124811502503
1822	2.7193124811502503
1823	2.9422254733056636
1824	2.9422254733056636
1825	2.1283668625368386
1826	2.1283668625368386
1827	1.7032662511828232
1828	1.7032662511828232
1829	2.3966429624193837
1830	2.3966429624193837
1831	2.946421107936536
1832	2.946421107936536
1833	3.5757828558918963
1834	3.5757828558918963
1835	2.35174186613178
1836	2.35174186613178
1837	2.1737516542548656
1838	2.1737516542548656
1839	2.155809803902317
1840	2.155809803902317
1841	2.4192148041257187
1842	2.4192148041257187
1843	2.624982504151598
1844	2.624982504151598
1845	2.0387933971892815
1846	2.0387933971892815
1847	2.8418202090112468
1848	2.8418202090112468
1849	2.8511020721058657
1850	2.8511020721058657
1851	2.0831031243936726
1852	2.0831031243936726
1853	1.4767258305863848
1854	1.4767258305863848
1855	3.3548865442573454
1856	3.3548865442573454
1857	2.088429238050047
1858	2.088429238050047
1859	3.120608258322129
1860	3.120608258322129
1861	3.089482340667642
1862	3.089482340667642
1863	2.7265669096767713
1864	2.7265669096767713
1865	1.8952500138786668
1866	1.8952500138786668
1867	2.4622851584733847
1868	2.4622851584733847
1869	3.052671714011721
1870	3.052671714011721
1871	2.9554590536910483
1872	2.9554590536910483
1873	1.2091385333628135
1874	1.2091385333628135
1875	3.2643660185580536
1876	3.2643660185580536
1877	2.877083496793123
1878	2.877083496793123
1879	1.6633009073260092
1880	1.6633009073260092
1881	2.4695918018322485
1882	2.4695918018322485
1883	1.0246997209045412
1884	1.0246997209045412
1885	2.0458534066849063
1886	2.0458534066849063
1887	1.8001004093281674
1888	1.8001004093281674
1889	2.7586974084279676
1890	2.7586974084279676
1891	2.8658015000462145
1892	2.8658015000462145
1893	3.3787429967293914
1894	3.3787429967293914
1895	1.6296483935327915
1896	1.6296483935327915
1897	3.273831716546689
1898	3.273831716546689
1899	2.387921763451961
1900	2.387921763451961
1901	1.8014814054863821
1902	1.8014814054863821
1903	1.371770866347262
1904	1.371770866347262
1905	2.018267670137443
1906	2.018267670137443
1907	1.875237843397232
1908	1.875237843397232
1909	2.655708848532025
1910	2.655708848532025
1911	2.997692878767843
1912	2.997692878767843
1913	2.479918123083685
1914	2.479918123083685
1915	3.859036740185924
1916	3.859036740185924
1917	4.16912324542856
1918	4.16912324542856
1919	2.460873737193851
1920	2.460873737193851
1921	2.1514850180207934
1922	2.1514850180207934
1923	2.3146488966130025
1924	2.3146488966130025
1925	1.3624720753318558
1926	1.3624720753318558
1927	1.8357510208418084
1928	1.8357510208418084
1929	1.9894907870008334
1930	1.9894907870008334
1931	0.17038140118506107
1932	0.17038140118506107
1933	1.7044541331456977
1934	1.7044541331456977
1935	1.4416581275507878
1936	1.4416581275507878
1937	2.7262500318262792
1938	2.7262500318262792
1939	1.4731967367667667
1940	1.4731967367667667
1941	1.874278991937922
1942	1.874278991937922
1943	3.0275719217495265
1944	3.0275719217495265
1945	2.1524525191341297
1946	2.1524525191341297
1947	2.5013194003465395
1948	2.5013194003465395
1949	1.7798128648450477
1950	1.7798128648450477
1951	2.46383119784615
1952	2.46383119784615
1953	3.3093132127228064
1954	3.3093132127228064
1955	1.4861610856054428
1956	1.4861610856054428
1957	2.1486717960887507
1958	2.1486717960887507
1959	1.7699696216182672
1960	1.7699696216182672
1961	3.1798822215847324
1962	3.1798822215847324
1963	2.3671473210198437
1964	2.3671473210198437
1965	3.1665261408344954
1966	3.1665261408344954
1967	2.9449630455794322
1968	2.9449630455794322
1969	1.5893774283157538
1970	1.5893774283157538
1971	2.364483185471939
1972	2.364483185471939
1973	2.4908468272970734
1974	2.4908468272970734
1975	2.709714008958197
1976	2.709714008958197
1977	3.596407608910223
1978	3.596407608910223
1979	2.4878719582309277
1980	2.4878719582309277
1981	1.562778700010285
1982	1.562778700010285
1983	3.0849389958685167
1984	3.0849389958685167
1985	2.57225922904193
1986	2.57225922904193
1987	2.5035758669014094
1988	2.5035758669014094
1989	1.642340032530174
1990	1.642340032530174
1991	2.7880272099516725
1992	2.7880272099516725
1993	2.3391455834564296
1994	2.3391455834564296
1995	1.6775386855104557
1996	1.6775386855104557
1997	2.5617922329921123
1998	2.5617922329921123
1999	2.898957980044348
