0	3.4230833525709383
1	1.914800270071037
2	1.914800270071037
3	1.914800270071037
4	1.914800270071037
5	2.0405926253437254
6	2.0405926253437254
7	2.0405926253437254
8	2.0405926253437254
9	1.9848018782516452
10	1.9848018782516452
11	1.9848018782516452
12	1.9848018782516452
13	1.7825172772976146
14	1.7825172772976146
15	1.7825172772976146
16	1.7825172772976146
17	1.857735945003832
18	1.857735945003832
19	1.857735945003832
20	1.857735945003832
21	2.136511045602523
22	2.136511045602523
23	2.136511045602523
24	2.136511045602523
25	2.006742120649012
26	2.006742120649012
27	2.006742120649012
28	2.006742120649012
29	1.9317098437099451
30	1.9317098437099451
31	1.9317098437099451
32	1.9317098437099451
33	2.2111441801793434
34	2.2111441801793434
35	2.2111441801793434
36	2.2111441801793434
37	1.9991515420729846
38	1.9991515420729846
39	1.9991515420729846
40	1.9991515420729846
41	1.761871014940043
42	1.761871014940043
43	1.761871014940043
44	1.761871014940043
45	1.817210357594523
46	1.817210357594523
47	1.817210357594523
48	1.817210357594523
49	2.162923284336326
50	2.162923284336326
51	2.162923284336326
52	2.162923284336326
53	1.9655663084456578
54	1.9655663084456578
55	1.9655663084456578
56	1.9655663084456578
57	1.9432887968753452
58	1.9432887968753452
59	1.9432887968753452
60	1.9432887968753452
61	2.0109858979549005
62	2.0109858979549005
63	2.0109858979549005
64	2.0109858979549005
65	1.9689194843155764
66	1.9689194843155764
67	1.9689194843155764
68	1.9689194843155764
69	2.378991451217985
70	2.378991451217985
71	2.378991451217985
72	2.378991451217985
73	2.4602811895604915
74	2.4602811895604915
75	2.4602811895604915
76	2.4602811895604915
77	2.0415239571246278
78	2.0415239571246278
79	2.0415239571246278
80	2.0415239571246278
81	2.0076071728063978
82	2.0076071728063978
83	0.5468761011829129
84	0.5468761011829129
85	0.5468761011829129
86	0.5468761011829129
87	0.6362015471803565
88	0.6362015471803565
89	0.6362015471803565
90	0.6362015471803565
91	0.742766417722327
92	0.742766417722327
93	0.742766417722327
94	0.742766417722327
95	0.6039699862244654
96	0.6039699862244654
97	0.6039699862244654
98	0.6039699862244654
99	0.7144131226282628
100	0.7144131226282628
101	0.7144131226282628
102	0.7144131226282628
103	0.6334395548385849
104	0.6334395548385849
105	0.6334395548385849
106	0.6334395548385849
107	0.6611535753103628
108	0.6611535753103628
109	0.6611535753103628
110	0.6611535753103628
111	0.6004483231708416
112	0.6004483231708416
113	0.6004483231708416
114	0.6004483231708416
115	0.7728765512620149
116	0.7728765512620149
117	0.7728765512620149
118	0.7728765512620149
119	0.567086914647278
120	0.567086914647278
121	0.567086914647278
122	0.567086914647278
123	0.6543123898299007
124	0.6543123898299007
125	0.6543123898299007
126	0.6543123898299007
127	0.7165347490438759
128	0.7165347490438759
129	0.7165347490438759
130	0.7165347490438759
131	0.5581044507680987
132	0.5581044507680987
133	0.5581044507680987
134	0.5581044507680987
135	0.5676292936902753
136	0.5676292936902753
137	0.5676292936902753
138	0.5676292936902753
139	0.7497400636698281
140	0.7497400636698281
141	0.7497400636698281
142	0.7497400636698281
143	0.6501753398672536
144	0.6501753398672536
145	0.6501753398672536
146	0.6501753398672536
147	0.5683112796905023
148	0.5683112796905023
149	0.5683112796905023
150	0.5683112796905023
151	0.5137092115357105
152	0.5137092115357105
153	0.5137092115357105
154	0.5137092115357105
155	0.5685560404516946
156	0.5685560404516946
157	0.5685560404516946
158	0.5685560404516946
159	0.6106899080120449
160	0.6106899080120449
161	0.6106899080120449
162	0.6106899080120449
163	0.5713522248272195
164	0.5713522248272195
165	0.5713522248272195
166	0.5713522248272195
167	0.5435484235674252
168	0.5435484235674252
169	0.5435484235674252
170	0.5435484235674252
171	0.5835649162380278
172	0.5835649162380278
173	0.5835649162380278
174	0.5835649162380278
175	0.6314017244613653
176	0.6314017244613653
177	0.6314017244613653
178	0.6314017244613653
179	0.687299569366337
180	0.687299569366337
181	0.687299569366337
182	0.687299569366337
183	0.6969783745826517
184	0.6969783745826517
185	0.6969783745826517
186	0.6969783745826517
187	0.6061417603587855
188	0.6061417603587855
189	0.6061417603587855
190	0.6061417603587855
191	0.6861136871988108
192	0.6861136871988108
193	0.6861136871988108
194	0.6861136871988108
195	0.6048425474937065
196	0.6048425474937065
197	0.6048425474937065
198	0.6048425474937065
199	0.6565468909653738
200	0.6565468909653738
201	0.6565468909653738
202	0.6565468909653738
203	0.7576526094644025
204	0.7576526094644025
205	0.7576526094644025
206	0.7576526094644025
207	0.6202425470612128
208	0.6202425470612128
209	0.6202425470612128
210	0.6202425470612128
211	0.6464084575438029
212	0.6464084575438029
213	0.6464084575438029
214	0.6464084575438029
215	0.506620084733582
216	0.506620084733582
217	0.506620084733582
218	0.506620084733582
219	0.5735559621438246
220	0.5735559621438246
221	0.5735559621438246
222	0.5735559621438246
223	0.6032040975481149
224	0.6032040975481149
225	0.6032040975481149
226	0.6032040975481149
227	0.728076788225833
228	0.728076788225833
229	0.728076788225833
230	0.728076788225833
231	0.7113851842367878
232	0.7113851842367878
233	0.7113851842367878
234	0.7113851842367878
235	0.5190021012133598
236	0.5190021012133598
237	0.5190021012133598
238	0.5190021012133598
239	0.7880976800984769
240	0.7880976800984769
241	0.7880976800984769
242	0.7880976800984769
243	0.7121500282032778
244	0.7121500282032778
245	0.7121500282032778
246	0.7121500282032778
247	0.6681247347871598
248	0.6681247347871598
249	0.6681247347871598
250	0.6681247347871598
251	0.5850986531846443
252	0.5850986531846443
253	0.5850986531846443
254	0.5850986531846443
255	2.1830766941839186
256	2.1830766941839186
257	2.1830766941839186
258	2.1830766941839186
259	2.0811601068966064
260	2.0811601068966064
261	2.0811601068966064
262	2.0811601068966064
263	2.700118133656792
264	2.700118133656792
265	2.700118133656792
266	2.700118133656792
267	2.477571162026725
268	2.477571162026725
269	2.477571162026725
270	2.477571162026725
271	2.7894287488001717
272	2.7894287488001717
273	2.7894287488001717
274	2.7894287488001717
275	2.2749129656999534
276	2.2749129656999534
277	2.2749129656999534
278	2.2749129656999534
279	2.5128533669547917
280	2.5128533669547917
281	2.5128533669547917
282	2.5128533669547917
283	2.4808151659621958
284	2.4808151659621958
285	2.4808151659621958
286	2.4808151659621958
287	1.8052482170995678
288	1.8052482170995678
289	1.8052482170995678
290	1.8052482170995678
291	2.5274977662953058
292	2.5274977662953058
293	2.5274977662953058
294	2.5274977662953058
295	2.5022715906079327
296	2.5022715906079327
297	2.5022715906079327
298	2.5022715906079327
299	2.521530516039712
300	2.521530516039712
301	2.521530516039712
302	2.521530516039712
303	1.9659578997013534
304	1.9659578997013534
305	1.9659578997013534
306	1.9659578997013534
307	2.473085114315776
308	2.473085114315776
309	2.473085114315776
310	2.473085114315776
311	2.308528200515121
312	2.308528200515121
313	2.308528200515121
314	2.308528200515121
315	2.307832312176907
316	2.307832312176907
317	2.307832312176907
318	2.307832312176907
319	2.399685929224902
320	2.399685929224902
321	2.399685929224902
322	2.399685929224902
323	2.378718599582331
324	2.378718599582331
325	2.378718599582331
326	2.378718599582331
327	2.3009011748588764
328	2.3009011748588764
329	2.3009011748588764
330	2.3009011748588764
331	2.710574170998602
332	2.710574170998602
333	2.710574170998602
334	2.710574170998602
335	2.4598427507338414
336	2.4598427507338414
337	2.4598427507338414
338	2.4598427507338414
339	2.781695918699593
340	2.781695918699593
341	2.781695918699593
342	2.781695918699593
343	2.8326719594409564
344	2.8326719594409564
345	2.8326719594409564
346	2.8326719594409564
347	2.466703679702725
348	2.466703679702725
349	2.466703679702725
350	2.466703679702725
351	2.875428340150373
352	2.875428340150373
353	2.875428340150373
354	2.875428340150373
355	2.4774512012329706
356	2.4774512012329706
357	2.4774512012329706
358	2.4774512012329706
359	2.2388506952178457
360	2.2388506952178457
361	2.2388506952178457
362	2.2388506952178457
363	2.6775002947264923
364	2.6775002947264923
365	2.6775002947264923
366	2.6775002947264923
367	2.3903698024384035
368	2.3903698024384035
369	2.3903698024384035
370	2.3903698024384035
371	2.583052139869835
372	2.583052139869835
373	2.583052139869835
374	2.583052139869835
375	2.4185791540261454
376	2.4185791540261454
377	2.4185791540261454
378	2.4185791540261454
379	2.08644519429661
380	2.08644519429661
381	2.08644519429661
382	2.08644519429661
383	2.690238910992229
384	2.690238910992229
385	2.690238910992229
386	2.690238910992229
387	2.7339892649340105
388	2.7339892649340105
389	2.7339892649340105
390	2.7339892649340105
391	2.4995773912981254
392	2.4995773912981254
393	2.4995773912981254
394	2.4995773912981254
395	2.3658051701015426
396	2.3658051701015426
397	2.3658051701015426
398	2.3658051701015426
399	2.757408092649158
400	2.757408092649158
401	2.757408092649158
402	2.757408092649158
403	2.4633731869659865
404	2.4633731869659865
405	2.4633731869659865
406	2.4633731869659865
407	2.7509164615281225
408	2.7509164615281225
409	2.7509164615281225
410	2.7509164615281225
411	2.2778284406210587
412	2.2778284406210587
413	2.2778284406210587
414	2.2778284406210587
415	2.287016823735751
416	2.287016823735751
417	2.287016823735751
418	2.287016823735751
419	2.3776684376681767
420	2.3776684376681767
421	2.3776684376681767
422	2.3776684376681767
423	2.892480720220675
424	2.892480720220675
425	2.892480720220675
426	2.892480720220675
427	2.2880225918410493
428	2.2880225918410493
429	2.2880225918410493
430	2.2880225918410493
431	2.2554753411727306
432	2.2554753411727306
433	2.2554753411727306
434	2.2554753411727306
435	2.4792701053109436
436	2.4792701053109436
437	2.4792701053109436
438	2.4792701053109436
439	2.6351686336616966
440	2.6351686336616966
441	2.6351686336616966
442	2.6351686336616966
443	2.479585443228025
444	2.479585443228025
445	2.479585443228025
446	2.479585443228025
447	2.5062054913929326
448	2.5062054913929326
449	2.5062054913929326
450	2.5062054913929326
451	2.377076964978832
452	2.377076964978832
453	2.377076964978832
454	2.377076964978832
455	2.220258929132982
456	2.220258929132982
457	2.220258929132982
458	2.220258929132982
459	2.6806012625497413
460	2.6806012625497413
461	2.6806012625497413
462	2.6806012625497413
463	2.21743217347729
464	2.21743217347729
465	2.21743217347729
466	2.21743217347729
467	2.2672523018320354
468	2.2672523018320354
469	2.2672523018320354
470	2.2672523018320354
471	2.750871539618654
472	2.750871539618654
473	2.750871539618654
474	2.750871539618654
475	2.5575915941425067
476	2.5575915941425067
477	2.5575915941425067
478	2.5575915941425067
479	2.5000774736065807
480	2.5000774736065807
481	1.4514930512794963
482	1.4514930512794963
483	1.4514930512794963
484	1.4514930512794963
485	1.8703828213475089
486	1.8703828213475089
487	1.8703828213475089
488	1.8703828213475089
489	1.4881915285735323
490	1.4881915285735323
491	1.4881915285735323
492	1.4881915285735323
493	1.816040549673125
494	0.5628823880567866
495	0.5628823880567866
496	0.5628823880567866
497	0.5628823880567866
498	0.585789197077175
499	0.585789197077175
500	0.585789197077175
501	0.585789197077175
502	0.567469209304621
503	0.567469209304621
504	0.567469209304621
505	0.567469209304621
506	0.5773084962394212
507	0.5773084962394212
508	0.5773084962394212
509	0.5773084962394212
510	0.6515585942873088
511	0.6515585942873088
512	0.6515585942873088
513	0.6515585942873088
514	0.6739079479006451
515	0.6739079479006451
516	0.6739079479006451
517	0.6739079479006451
518	0.6092877726525409
519	0.6092877726525409
520	0.6092877726525409
521	0.6092877726525409
522	0.6968015979606722
523	0.6968015979606722
524	0.6968015979606722
525	0.6968015979606722
526	0.7319530641524122
527	0.7319530641524122
528	0.7319530641524122
529	0.7319530641524122
530	0.5437617532448141
531	0.5437617532448141
532	0.5437617532448141
533	0.5437617532448141
534	0.6237473141383983
535	0.6237473141383983
536	0.6237473141383983
537	0.6237473141383983
538	0.737079880361228
539	0.737079880361228
540	0.737079880361228
541	0.737079880361228
542	0.6468526480216961
543	0.6468526480216961
544	0.6468526480216961
545	0.6468526480216961
546	0.6749626021383218
547	0.6749626021383218
548	0.6749626021383218
549	0.6749626021383218
550	0.638312230844929
551	0.638312230844929
552	0.638312230844929
553	0.638312230844929
554	0.7171938161251105
555	0.7171938161251105
556	0.7171938161251105
557	0.7171938161251105
558	0.5876179386823979
559	0.5876179386823979
560	0.5876179386823979
561	0.5876179386823979
562	0.6315250084856635
563	0.6315250084856635
564	0.6315250084856635
565	0.6315250084856635
566	0.6154284160861062
567	0.6154284160861062
568	0.6154284160861062
569	0.6154284160861062
570	0.7126176756782142
571	0.7126176756782142
572	0.7126176756782142
573	0.7126176756782142
574	0.7203049951808848
575	0.7203049951808848
576	0.7203049951808848
577	0.7203049951808848
578	0.6545390357123695
579	0.6545390357123695
580	0.6545390357123695
581	0.6545390357123695
582	0.6262986691233249
583	0.6262986691233249
584	0.6262986691233249
585	0.6262986691233249
586	0.5954928801509531
587	0.5954928801509531
588	0.5954928801509531
589	0.5954928801509531
590	0.6903715296737599
591	0.6903715296737599
592	0.6903715296737599
593	0.6903715296737599
594	0.6884258184063362
595	0.6884258184063362
596	0.6884258184063362
597	0.6884258184063362
598	0.665362992374404
599	0.665362992374404
600	0.665362992374404
601	0.665362992374404
602	0.7024003883511187
603	0.7024003883511187
604	0.7024003883511187
605	0.7024003883511187
606	0.7060498262932356
607	0.7060498262932356
608	0.7060498262932356
609	0.7060498262932356
610	0.754384755038659
611	0.754384755038659
612	0.754384755038659
613	0.754384755038659
614	0.595235536268851
615	0.595235536268851
616	0.595235536268851
617	0.595235536268851
618	0.7050821461096994
619	0.7050821461096994
620	0.7050821461096994
621	0.7050821461096994
622	0.5882145597141182
623	0.5882145597141182
624	0.5882145597141182
625	0.5882145597141182
626	0.7660027917831781
627	0.7660027917831781
628	0.7660027917831781
629	0.7660027917831781
630	0.6272560393288947
631	0.6272560393288947
632	0.6272560393288947
633	0.6272560393288947
634	0.6124009177215518
635	0.6124009177215518
636	0.6124009177215518
637	0.6124009177215518
638	0.634436051954566
639	0.634436051954566
640	0.634436051954566
641	0.634436051954566
642	0.7010981263846171
643	0.7010981263846171
644	0.7010981263846171
645	0.7010981263846171
646	0.5454712691737348
647	0.5454712691737348
648	0.5454712691737348
649	0.5454712691737348
650	0.5314426503269988
651	0.5314426503269988
652	0.5314426503269988
653	0.5314426503269988
654	0.7520085722196177
655	0.7520085722196177
656	0.7520085722196177
657	0.7520085722196177
658	0.600971086866561
659	0.600971086866561
660	0.600971086866561
661	0.600971086866561
662	0.6290878552488743
663	0.6290878552488743
664	0.6290878552488743
665	0.6290878552488743
666	0.636337799802192
667	0.636337799802192
668	0.636337799802192
669	0.636337799802192
670	0.6935155489461686
671	0.6935155489461686
672	0.6935155489461686
673	0.6935155489461686
674	0.6759080822784476
675	0.6759080822784476
676	2.946715713544528
677	2.946715713544528
678	2.946715713544528
679	2.946715713544528
680	3.058284463283967
681	3.058284463283967
682	3.058284463283967
683	3.058284463283967
684	3.6944413900345596
685	3.6944413900345596
686	3.6944413900345596
687	3.6944413900345596
688	3.5278427664674052
689	3.5278427664674052
690	3.5278427664674052
691	3.5278427664674052
692	3.289876156704757
693	3.289876156704757
694	3.289876156704757
695	3.289876156704757
696	3.408945586689234
697	3.408945586689234
698	3.408945586689234
699	3.408945586689234
700	2.5590522063872414
701	2.5590522063872414
702	2.5590522063872414
703	2.5590522063872414
704	3.1094070716677322
705	3.1094070716677322
706	3.1094070716677322
707	3.1094070716677322
708	3.3688201620590137
709	3.3688201620590137
710	3.3688201620590137
711	3.3688201620590137
712	3.5308133939655892
713	3.5308133939655892
714	3.5308133939655892
715	3.5308133939655892
716	3.7044170603216076
717	3.7044170603216076
718	3.7044170603216076
719	3.7044170603216076
720	3.2753317554193297
721	3.2753317554193297
722	3.2753317554193297
723	3.2753317554193297
724	3.536801138152752
725	3.536801138152752
726	3.536801138152752
727	3.536801138152752
728	3.249148935192026
729	3.249148935192026
730	3.249148935192026
731	3.249148935192026
732	4.16366691125085
733	4.16366691125085
734	4.16366691125085
735	4.16366691125085
736	3.6209297131729343
737	3.6209297131729343
738	3.6209297131729343
739	3.6209297131729343
740	3.2256082099589403
741	3.2256082099589403
742	3.2256082099589403
743	3.2256082099589403
744	2.8524190579103355
745	2.8524190579103355
746	2.8524190579103355
747	2.8524190579103355
748	2.427152533997252
749	2.427152533997252
750	2.427152533997252
751	2.427152533997252
752	3.6465618527528316
753	3.6465618527528316
754	3.6465618527528316
755	3.6465618527528316
756	3.6324464000025243
757	3.6324464000025243
758	3.6324464000025243
759	3.6324464000025243
760	2.7079325554256712
761	2.7079325554256712
762	2.7079325554256712
763	2.7079325554256712
764	3.74913256351946
765	3.74913256351946
766	3.74913256351946
767	3.74913256351946
768	3.1930012724882864
769	3.1930012724882864
770	3.1930012724882864
771	3.1930012724882864
772	3.1089921308902495
773	3.1089921308902495
774	3.1089921308902495
775	3.1089921308902495
776	2.7339637735091844
777	2.7339637735091844
778	2.7339637735091844
779	2.7339637735091844
780	3.323402907278231
781	3.323402907278231
782	3.323402907278231
783	3.323402907278231
784	3.2774480010188984
785	3.2774480010188984
786	3.2774480010188984
787	3.2774480010188984
788	3.371207270175685
789	3.371207270175685
790	3.371207270175685
791	3.371207270175685
792	3.392217706147169
793	3.392217706147169
794	3.392217706147169
795	3.392217706147169
796	4.324415575570426
797	4.324415575570426
798	4.324415575570426
799	4.324415575570426
800	3.640261390136543
801	3.640261390136543
802	3.640261390136543
803	3.640261390136543
804	3.558657546868059
805	3.558657546868059
806	3.558657546868059
807	3.558657546868059
808	3.6074392292674675
809	3.6074392292674675
810	3.6074392292674675
811	3.6074392292674675
812	3.5648609100323765
813	3.5648609100323765
814	3.5648609100323765
815	3.5648609100323765
816	3.1472444298494273
817	3.1472444298494273
818	3.1472444298494273
819	3.1472444298494273
820	3.317916231887429
821	3.317916231887429
822	3.317916231887429
823	3.317916231887429
824	2.8844853099571246
825	2.8844853099571246
826	2.8844853099571246
827	2.8844853099571246
828	3.3346432089145606
829	3.3346432089145606
830	3.3346432089145606
831	3.3346432089145606
832	3.6202477540621225
833	3.6202477540621225
834	3.9518060235953487
835	3.9518060235953487
836	3.9518060235953487
837	3.9518060235953487
838	4.11255695702103
839	4.11255695702103
840	4.11255695702103
841	4.11255695702103
842	3.972976689242611
843	3.972976689242611
844	3.972976689242611
845	3.972976689242611
846	3.278821437380658
847	3.278821437380658
848	3.278821437380658
849	3.278821437380658
850	4.021108002433745
851	4.021108002433745
852	4.021108002433745
853	4.021108002433745
854	3.920594688010699
855	3.920594688010699
856	3.920594688010699
857	3.920594688010699
858	4.043498299879248
859	4.043498299879248
860	4.043498299879248
861	4.043498299879248
862	4.1315738649732845
863	4.1315738649732845
864	4.1315738649732845
865	4.1315738649732845
866	3.9889991419958197
867	3.9889991419958197
868	3.9889991419958197
869	3.9889991419958197
870	3.0026640839018017
871	3.0026640839018017
872	3.0026640839018017
873	3.0026640839018017
874	3.3577597400584724
875	3.3577597400584724
876	3.3577597400584724
877	3.3577597400584724
878	3.87468948755868
879	3.87468948755868
880	3.87468948755868
881	3.87468948755868
882	3.237757370913962
883	3.237757370913962
884	3.237757370913962
885	3.237757370913962
886	4.640770556784018
887	4.640770556784018
888	4.640770556784018
889	4.640770556784018
890	3.665124162768515
891	3.665124162768515
892	3.665124162768515
893	3.665124162768515
894	4.253019349414793
895	4.253019349414793
896	4.253019349414793
897	4.253019349414793
898	3.360288533622001
899	3.360288533622001
900	3.360288533622001
901	3.360288533622001
902	3.724140972542525
903	3.724140972542525
904	3.724140972542525
905	3.724140972542525
906	3.5609952291275966
907	3.5609952291275966
908	3.5609952291275966
909	3.5609952291275966
910	3.540747579709522
911	3.540747579709522
912	3.540747579709522
913	3.540747579709522
914	4.1643509689004485
915	4.1643509689004485
916	4.1643509689004485
917	4.1643509689004485
918	4.045660332484087
919	4.045660332484087
920	4.045660332484087
921	4.045660332484087
922	3.627583117017991
923	3.627583117017991
924	3.627583117017991
925	3.627583117017991
926	3.6837026986683785
927	3.6837026986683785
928	3.6837026986683785
929	3.6837026986683785
930	4.168092963184412
931	4.168092963184412
932	4.168092963184412
933	4.168092963184412
934	3.6925183681516054
935	3.6925183681516054
936	3.6925183681516054
937	3.6925183681516054
938	3.465880559906693
939	3.465880559906693
940	3.465880559906693
941	3.465880559906693
942	3.53174549454801
943	1.526647068102753
944	1.526647068102753
945	1.526647068102753
946	1.526647068102753
947	1.5958938460934793
948	1.5958938460934793
949	1.5958938460934793
950	1.5958938460934793
951	1.4422339451164095
952	1.4422339451164095
953	1.4422339451164095
954	1.4422339451164095
955	1.5095813054793434
956	1.5095813054793434
957	1.5095813054793434
958	1.5095813054793434
959	1.2905735466853707
960	1.2905735466853707
961	1.2905735466853707
962	1.2905735466853707
963	1.5461324917297934
964	1.5461324917297934
965	1.5461324917297934
966	1.5461324917297934
967	1.671931436723779
968	1.671931436723779
969	1.671931436723779
970	1.671931436723779
971	1.5984906082745407
972	1.5984906082745407
973	1.5984906082745407
974	1.5984906082745407
975	1.2983988826969066
976	1.2983988826969066
977	1.2983988826969066
978	1.2983988826969066
979	1.8532966769449635
980	1.8532966769449635
981	1.8532966769449635
982	1.8532966769449635
983	1.40342655412077
984	1.40342655412077
985	1.40342655412077
986	1.40342655412077
987	1.2048595366824972
988	1.2048595366824972
989	1.2048595366824972
990	1.2048595366824972
991	1.5819221486784356
992	1.5819221486784356
993	1.5819221486784356
994	1.5819221486784356
995	1.5100158295547792
996	1.5100158295547792
997	1.5100158295547792
998	1.5100158295547792
999	1.6550651093160047
1000	1.6550651093160047
1001	1.6550651093160047
1002	1.6550651093160047
1003	1.6957858277693751
1004	1.6957858277693751
1005	1.6957858277693751
1006	1.6957858277693751
1007	1.259206547173295
1008	1.259206547173295
1009	1.259206547173295
1010	1.259206547173295
1011	1.6328967805201013
1012	1.6328967805201013
1013	1.6328967805201013
1014	1.6328967805201013
1015	1.3922103010791247
1016	1.3922103010791247
1017	1.3922103010791247
1018	1.3922103010791247
1019	1.5262048370047396
1020	1.5262048370047396
1021	1.5262048370047396
1022	1.5262048370047396
1023	1.5487956361761235
1024	1.5487956361761235
1025	1.5487956361761235
1026	1.5487956361761235
1027	1.5206002363471989
1028	1.5206002363471989
1029	1.5206002363471989
1030	1.5206002363471989
1031	1.6634046309777846
1032	1.6634046309777846
1033	1.6634046309777846
1034	1.6634046309777846
1035	1.834108267815989
1036	1.834108267815989
1037	1.834108267815989
1038	1.834108267815989
1039	1.7078963754948748
1040	1.7078963754948748
1041	1.7078963754948748
1042	1.7078963754948748
1043	1.4161803320693578
1044	1.4161803320693578
1045	1.4161803320693578
1046	1.4161803320693578
1047	1.5909703986540498
1048	1.5909703986540498
1049	1.5909703986540498
1050	1.5909703986540498
1051	1.7125192123032562
1052	1.7125192123032562
1053	1.7125192123032562
1054	1.7125192123032562
1055	1.5840050304567441
1056	1.5840050304567441
1057	1.5840050304567441
1058	1.5840050304567441
1059	1.5425165255544475
1060	1.5425165255544475
1061	1.5425165255544475
1062	1.5425165255544475
1063	1.5771701647858176
1064	1.5771701647858176
1065	1.5771701647858176
1066	1.5771701647858176
1067	1.5449671475853723
1068	1.5449671475853723
1069	1.5449671475853723
1070	1.5449671475853723
1071	1.4360487865787015
1072	1.4360487865787015
1073	1.4360487865787015
1074	1.4360487865787015
1075	1.568012085098529
1076	1.568012085098529
1077	1.568012085098529
1078	1.568012085098529
1079	1.6379870220563673
1080	1.6379870220563673
1081	1.6379870220563673
1082	1.6379870220563673
1083	1.4264873870163195
1084	1.4264873870163195
1085	1.4264873870163195
1086	1.4264873870163195
1087	1.3022826165694217
1088	1.3022826165694217
1089	1.3022826165694217
1090	1.3022826165694217
1091	1.314955966358307
1092	1.314955966358307
1093	1.314955966358307
1094	1.314955966358307
1095	1.9720678028326353
1096	1.9720678028326353
1097	1.9720678028326353
1098	1.9720678028326353
1099	1.3770932383212877
1100	1.3770932383212877
1101	1.3770932383212877
1102	1.3770932383212877
1103	1.6628240372152772
1104	1.6628240372152772
1105	1.6628240372152772
1106	1.6628240372152772
1107	1.3728502897252755
1108	1.3728502897252755
1109	1.3728502897252755
1110	1.3728502897252755
1111	1.7313396045039593
1112	1.7313396045039593
1113	1.7313396045039593
1114	1.7313396045039593
1115	1.570949178275094
1116	1.570949178275094
1117	1.570949178275094
1118	1.570949178275094
1119	1.5852556559618711
1120	1.5852556559618711
1121	1.31547497124187
1122	1.31547497124187
1123	1.31547497124187
1124	1.31547497124187
1125	1.0066074634154027
1126	1.0066074634154027
1127	1.0066074634154027
1128	1.0066074634154027
1129	1.0496640904895478
1130	1.0496640904895478
1131	1.0496640904895478
1132	1.0496640904895478
1133	1.0341486559378532
1134	1.0341486559378532
1135	1.0341486559378532
1136	1.0341486559378532
1137	1.1280968501593445
1138	1.1280968501593445
1139	1.1280968501593445
1140	1.1280968501593445
1141	1.0780952577394691
1142	1.0780952577394691
1143	1.0780952577394691
1144	1.0780952577394691
1145	1.1172827656249866
1146	1.1172827656249866
1147	1.1172827656249866
1148	1.1172827656249866
1149	1.195393024291719
1150	1.195393024291719
1151	1.195393024291719
1152	1.195393024291719
1153	1.045205404262251
1154	1.045205404262251
1155	1.045205404262251
1156	1.045205404262251
1157	0.9506195326315527
1158	0.9506195326315527
1159	0.9506195326315527
1160	0.9506195326315527
1161	1.1511923153940544
1162	1.1511923153940544
1163	1.1511923153940544
1164	1.1511923153940544
1165	0.8639768328755585
1166	0.8639768328755585
1167	0.8639768328755585
1168	0.8639768328755585
1169	1.130617664069606
1170	1.130617664069606
1171	1.130617664069606
1172	1.130617664069606
1173	1.028304877337739
1174	1.028304877337739
1175	1.028304877337739
1176	1.028304877337739
1177	1.1493453366380844
1178	1.1493453366380844
1179	1.1493453366380844
1180	1.1493453366380844
1181	1.1274422504624164
1182	1.1274422504624164
1183	1.1274422504624164
1184	1.1274422504624164
1185	0.8396457653033159
1186	0.8396457653033159
1187	0.8396457653033159
1188	0.8396457653033159
1189	1.090296961004229
1190	1.090296961004229
1191	1.090296961004229
1192	1.090296961004229
1193	1.3310368911756525
1194	1.3310368911756525
1195	1.3310368911756525
1196	1.3310368911756525
1197	1.1037923197315782
1198	1.1037923197315782
1199	1.1037923197315782
1200	1.1037923197315782
1201	1.0808427709337405
1202	1.0808427709337405
1203	1.0808427709337405
1204	1.0808427709337405
1205	1.0402800388294609
1206	1.0402800388294609
1207	1.0402800388294609
1208	1.0402800388294609
1209	1.1167562511403626
1210	1.1167562511403626
1211	1.1167562511403626
1212	1.1167562511403626
1213	1.231397233127904
1214	1.231397233127904
1215	1.231397233127904
1216	1.231397233127904
1217	1.0887653437090907
1218	1.0887653437090907
1219	1.0887653437090907
1220	1.0887653437090907
1221	1.3641105145234311
1222	1.3641105145234311
1223	1.3641105145234311
1224	1.3641105145234311
1225	0.962694671330202
1226	0.962694671330202
1227	0.962694671330202
1228	0.962694671330202
1229	1.058394632959237
1230	1.058394632959237
1231	1.058394632959237
1232	1.058394632959237
1233	1.2068062964624797
1234	1.2068062964624797
1235	1.2068062964624797
1236	1.2068062964624797
1237	1.2101724538487866
1238	1.2101724538487866
1239	1.2101724538487866
1240	1.2101724538487866
1241	1.0667252615585057
1242	1.0667252615585057
1243	1.0667252615585057
1244	1.0667252615585057
1245	1.291789889789852
1246	1.291789889789852
1247	1.291789889789852
1248	1.291789889789852
1249	1.0594864701090556
1250	1.0594864701090556
1251	1.0594864701090556
1252	1.0594864701090556
1253	0.8947871741363131
1254	0.8947871741363131
1255	0.8947871741363131
1256	0.8947871741363131
1257	1.1458218070708568
1258	1.1458218070708568
1259	2.164106643011127
1260	2.164106643011127
1261	2.164106643011127
1262	2.164106643011127
1263	1.9202037609978537
1264	1.9202037609978537
1265	1.9202037609978537
1266	1.9202037609978537
1267	1.8221669876502438
1268	1.8221669876502438
1269	1.8221669876502438
1270	1.8221669876502438
1271	1.992075879706849
1272	1.992075879706849
1273	1.992075879706849
1274	1.992075879706849
1275	2.04684805052856
1276	2.04684805052856
1277	2.04684805052856
1278	2.04684805052856
1279	1.8452568755492278
1280	1.8452568755492278
1281	1.8452568755492278
1282	1.8452568755492278
1283	2.404441207953924
1284	2.404441207953924
1285	2.404441207953924
1286	2.404441207953924
1287	1.6912643979886874
1288	1.6912643979886874
1289	1.6912643979886874
1290	1.6912643979886874
1291	2.125830727741425
1292	2.125830727741425
1293	2.125830727741425
1294	2.125830727741425
1295	2.1257648007599466
1296	2.1257648007599466
1297	2.1257648007599466
1298	2.1257648007599466
1299	1.7343740328848645
1300	1.7343740328848645
1301	1.7343740328848645
1302	1.7343740328848645
1303	2.339965017161676
1304	2.339965017161676
1305	2.339965017161676
1306	2.339965017161676
1307	1.8609231446804257
1308	1.8609231446804257
1309	1.8609231446804257
1310	1.8609231446804257
1311	1.9348798891985952
1312	1.9348798891985952
1313	1.9348798891985952
1314	1.9348798891985952
1315	2.2045966377820263
1316	2.2045966377820263
1317	2.2045966377820263
1318	2.2045966377820263
1319	2.0019089451017815
1320	2.0019089451017815
1321	2.0019089451017815
1322	2.0019089451017815
1323	1.8249575529964202
1324	1.8249575529964202
1325	1.8249575529964202
1326	1.8249575529964202
1327	1.9333793279548088
1328	1.9333793279548088
1329	1.9333793279548088
1330	1.9333793279548088
1331	1.8761023797246934
1332	1.8761023797246934
1333	1.8761023797246934
1334	1.8761023797246934
1335	2.2306391815482836
1336	2.2306391815482836
1337	2.2306391815482836
1338	2.2306391815482836
1339	1.9911620911752197
1340	1.9911620911752197
1341	1.9911620911752197
1342	1.9911620911752197
1343	2.13160949344186
1344	2.13160949344186
1345	2.13160949344186
1346	2.13160949344186
1347	1.8683750624545774
1348	1.8683750624545774
1349	1.8683750624545774
1350	1.8683750624545774
1351	1.468084388954837
1352	1.468084388954837
1353	1.468084388954837
1354	1.468084388954837
1355	1.4208585551233939
1356	1.4208585551233939
1357	1.4208585551233939
1358	1.4208585551233939
1359	1.5086332390175454
1360	1.5086332390175454
1361	1.5086332390175454
1362	1.5086332390175454
1363	2.019296465668206
1364	2.019296465668206
1365	2.019296465668206
1366	2.019296465668206
1367	2.0048361394108243
1368	2.0048361394108243
1369	2.0048361394108243
1370	2.0048361394108243
1371	1.9978767082050632
1372	1.9978767082050632
1373	1.9978767082050632
1374	1.9978767082050632
1375	2.0201185137391353
1376	2.0201185137391353
1377	2.0201185137391353
1378	2.0201185137391353
1379	2.181118052439142
1380	2.181118052439142
1381	2.181118052439142
1382	2.181118052439142
1383	1.7532367644799831
1384	1.7532367644799831
1385	1.7532367644799831
1386	1.7532367644799831
1387	2.0614464345878565
1388	2.0614464345878565
1389	2.0614464345878565
1390	2.0614464345878565
1391	0.7130265424483583
1392	0.7130265424483583
1393	0.7130265424483583
1394	0.7130265424483583
1395	0.6605098427977797
1396	0.6605098427977797
1397	0.6605098427977797
1398	0.6605098427977797
1399	0.7033222689002815
1400	0.7033222689002815
1401	0.7033222689002815
1402	0.7033222689002815
1403	0.48780186796199915
1404	0.48780186796199915
1405	0.48780186796199915
1406	0.48780186796199915
1407	0.5959460682288026
1408	0.5959460682288026
1409	0.5959460682288026
1410	0.5959460682288026
1411	0.5583765637379812
1412	0.5583765637379812
1413	0.5583765637379812
1414	0.5583765637379812
1415	0.7518067714003994
1416	0.7518067714003994
1417	0.7518067714003994
1418	0.7518067714003994
1419	0.6823527702759491
1420	0.6823527702759491
1421	0.6823527702759491
1422	0.6823527702759491
1423	0.17022548384735955
1424	0.17022548384735955
1425	0.17022548384735955
1426	0.17022548384735955
1427	0.19493347777945252
1428	0.19493347777945252
1429	0.19493347777945252
1430	0.19493347777945252
1431	0.16255544991642806
1432	0.16255544991642806
1433	0.16255544991642806
1434	0.16255544991642806
1435	0.1925445482189582
1436	0.1925445482189582
1437	0.1925445482189582
1438	0.1925445482189582
1439	0.22249238611301161
1440	0.22249238611301161
1441	0.22249238611301161
1442	0.22249238611301161
1443	0.20819715423287138
1444	0.20819715423287138
1445	0.20819715423287138
1446	0.20819715423287138
1447	0.1904370451819183
1448	0.1904370451819183
1449	0.1904370451819183
1450	0.1904370451819183
1451	0.20592044347276367
1452	0.20592044347276367
1453	0.20592044347276367
1454	0.20592044347276367
1455	0.19936455549141877
1456	0.19936455549141877
1457	0.19936455549141877
1458	0.19936455549141877
1459	0.20559495172569908
1460	0.20559495172569908
1461	0.20559495172569908
1462	0.20559495172569908
1463	0.21119022062810885
1464	0.21119022062810885
1465	0.21119022062810885
1466	0.21119022062810885
1467	0.16035131593508212
1468	0.16035131593508212
1469	0.16035131593508212
1470	0.16035131593508212
1471	0.202671350130433
1472	0.202671350130433
1473	0.202671350130433
1474	0.202671350130433
1475	0.17481972279908684
1476	0.17481972279908684
1477	0.17481972279908684
1478	0.17481972279908684
1479	0.21301390509679444
1480	0.21301390509679444
1481	0.21301390509679444
1482	0.21301390509679444
1483	0.19045819455652985
1484	0.19045819455652985
1485	0.19045819455652985
1486	0.19045819455652985
1487	0.22328204023022483
1488	0.22328204023022483
1489	0.22328204023022483
1490	0.22328204023022483
1491	0.19673477666774547
1492	0.19673477666774547
1493	0.19673477666774547
1494	0.19673477666774547
1495	0.1975722033872265
1496	0.1975722033872265
1497	0.1975722033872265
1498	0.1975722033872265
1499	0.19287813299727094
1500	0.19287813299727094
1501	0.19287813299727094
1502	0.19287813299727094
1503	0.18306859707058235
1504	0.18306859707058235
1505	0.18306859707058235
1506	0.18306859707058235
1507	0.21809197821189047
1508	0.21809197821189047
1509	0.21809197821189047
1510	0.7138141618148188
1511	0.7138141618148188
1512	0.7138141618148188
1513	0.7138141618148188
1514	0.5616031489224134
1515	0.5616031489224134
1516	0.5616031489224134
1517	0.5616031489224134
1518	0.5942012738326083
1519	0.5942012738326083
1520	0.5942012738326083
1521	0.5942012738326083
1522	0.605899865886721
1523	0.605899865886721
1524	0.605899865886721
1525	0.605899865886721
1526	0.6659235990079889
1527	0.6659235990079889
1528	0.6659235990079889
1529	0.6659235990079889
1530	0.5732590276158436
1531	0.5732590276158436
1532	0.5732590276158436
1533	0.5732590276158436
1534	0.6938672825215757
1535	0.6938672825215757
1536	0.6938672825215757
1537	0.6938672825215757
1538	0.7174872730761117
1539	0.7174872730761117
1540	0.7174872730761117
1541	0.7174872730761117
1542	0.6529870771309261
1543	0.6529870771309261
1544	0.6529870771309261
1545	0.6529870771309261
1546	0.6131532899845022
1547	1.910701334554659
1548	1.910701334554659
1549	1.910701334554659
1550	1.910701334554659
1551	1.7095556494828832
1552	1.7095556494828832
1553	1.7095556494828832
1554	1.7095556494828832
1555	1.9769778835924336
1556	1.9769778835924336
1557	1.9769778835924336
1558	1.9769778835924336
1559	2.108681635908221
1560	2.108681635908221
1561	2.108681635908221
1562	2.108681635908221
1563	1.9328023286279106
1564	1.9328023286279106
1565	1.9328023286279106
1566	1.9328023286279106
1567	1.9916493560861346
1568	1.9916493560861346
1569	1.9916493560861346
1570	1.9916493560861346
1571	1.6892269579450807
1572	1.6892269579450807
1573	1.6892269579450807
1574	1.6892269579450807
1575	1.943840634766007
1576	1.943840634766007
1577	1.943840634766007
1578	1.943840634766007
1579	2.1027216848990973
1580	2.1027216848990973
1581	2.1027216848990973
1582	2.1027216848990973
1583	1.7908115382358345
1584	1.7908115382358345
1585	1.7908115382358345
1586	1.7908115382358345
1587	1.919710279502523
1588	1.919710279502523
1589	1.919710279502523
1590	1.919710279502523
1591	2.3255217324553037
1592	2.3255217324553037
1593	2.3255217324553037
1594	2.3255217324553037
1595	1.6947437005425268
1596	0.1925321504827758
1597	0.1925321504827758
1598	0.1925321504827758
1599	0.1925321504827758
1600	0.25127912457121765
1601	0.25127912457121765
1602	0.25127912457121765
1603	0.25127912457121765
1604	0.20829463947103882
1605	0.20829463947103882
1606	0.20829463947103882
1607	0.20829463947103882
1608	0.20100728000628149
1609	0.20100728000628149
1610	0.20100728000628149
1611	0.20100728000628149
1612	0.19486299168542115
1613	0.19486299168542115
1614	0.19486299168542115
1615	0.19486299168542115
1616	0.21203868283964408
1617	0.21203868283964408
1618	0.21203868283964408
1619	0.21203868283964408
1620	0.19031901340889018
1621	0.19031901340889018
1622	0.19031901340889018
1623	0.19031901340889018
1624	0.7358697989944445
1625	0.7358697989944445
1626	0.7358697989944445
1627	0.7358697989944445
1628	0.6014465521426103
1629	0.6014465521426103
1630	0.6014465521426103
1631	0.6014465521426103
1632	0.6317799134042233
1633	0.6317799134042233
1634	0.6317799134042233
1635	0.6317799134042233
1636	0.5870557956404261
1637	0.5870557956404261
1638	0.5870557956404261
1639	0.5870557956404261
1640	0.619215807560448
1641	0.619215807560448
1642	0.619215807560448
1643	0.619215807560448
1644	0.7160180354036787
1645	0.7160180354036787
1646	0.7160180354036787
1647	0.7160180354036787
1648	0.7000416755636615
1649	0.7000416755636615
1650	0.7000416755636615
1651	0.7000416755636615
1652	0.643519833441107
1653	0.643519833441107
1654	0.643519833441107
1655	0.643519833441107
1656	0.6583366509207854
1657	0.6583366509207854
1658	0.6583366509207854
1659	0.6583366509207854
1660	0.6736711212408333
1661	0.6736711212408333
1662	0.6736711212408333
1663	0.6736711212408333
1664	0.5861291286117216
1665	0.5861291286117216
1666	0.5861291286117216
1667	0.5861291286117216
1668	0.6233315423541835
1669	0.6233315423541835
1670	0.6233315423541835
1671	0.6233315423541835
1672	0.603338532778719
1673	0.603338532778719
1674	0.603338532778719
1675	0.603338532778719
1676	0.49698783616655606
1677	0.49698783616655606
1678	0.49698783616655606
1679	0.49698783616655606
1680	0.8133363092024288
1681	0.8133363092024288
1682	0.8133363092024288
1683	0.8133363092024288
1684	0.6149075738553648
1685	0.6149075738553648
1686	0.6149075738553648
1687	0.6149075738553648
1688	0.683809582830877
1689	0.683809582830877
1690	0.683809582830877
1691	0.683809582830877
1692	0.688536065095068
1693	0.688536065095068
1694	0.688536065095068
1695	0.688536065095068
1696	0.7205496443662199
1697	0.7205496443662199
1698	0.7205496443662199
1699	0.7205496443662199
1700	0.6130796222253511
1701	0.6130796222253511
1702	0.6130796222253511
1703	0.6130796222253511
1704	0.5383549307132725
1705	0.5383549307132725
1706	0.5383549307132725
1707	0.5383549307132725
1708	0.6513359219611775
1709	0.6513359219611775
1710	0.6513359219611775
1711	0.6513359219611775
1712	0.7343466826824374
1713	0.7343466826824374
1714	0.7343466826824374
1715	0.7343466826824374
1716	0.6021107244811157
1717	0.6021107244811157
1718	0.6021107244811157
1719	0.6021107244811157
1720	0.6623914191724415
1721	0.6623914191724415
1722	0.6623914191724415
1723	0.6623914191724415
1724	0.6772867500446205
1725	0.6772867500446205
1726	0.6772867500446205
1727	0.6772867500446205
1728	0.7081691745639663
1729	0.7081691745639663
1730	0.7081691745639663
1731	0.7081691745639663
1732	0.579384676562839
1733	0.579384676562839
1734	0.579384676562839
1735	0.579384676562839
1736	0.6522264591091776
1737	0.6522264591091776
1738	0.6522264591091776
1739	0.6522264591091776
1740	0.7361956246239155
1741	0.7361956246239155
1742	0.7361956246239155
1743	0.7361956246239155
1744	0.551685787384061
1745	0.551685787384061
1746	0.551685787384061
1747	0.551685787384061
1748	0.6180720006987184
1749	0.6180720006987184
1750	0.6180720006987184
1751	0.6180720006987184
1752	0.6196215587215931
1753	0.6196215587215931
1754	0.6196215587215931
1755	0.6196215587215931
1756	0.7089632902209339
1757	0.7089632902209339
1758	0.7089632902209339
1759	0.7089632902209339
1760	0.6216043581472869
1761	0.6216043581472869
1762	0.6216043581472869
1763	0.6216043581472869
1764	0.6529742954354313
1765	0.6529742954354313
1766	0.6529742954354313
1767	0.6529742954354313
1768	0.5257178322980076
1769	0.5257178322980076
1770	0.5257178322980076
1771	0.5257178322980076
1772	0.6489482186615753
1773	0.6489482186615753
1774	0.6489482186615753
1775	0.6489482186615753
1776	0.655655565920649
1777	0.655655565920649
1778	0.655655565920649
1779	0.655655565920649
1780	0.7013307090663186
1781	0.7013307090663186
1782	0.7013307090663186
1783	0.7013307090663186
1784	0.6763241412720976
1785	0.6763241412720976
1786	0.6763241412720976
1787	0.6763241412720976
1788	0.6274280005588496
1789	0.6274280005588496
1790	0.6274280005588496
1791	0.6274280005588496
1792	0.5902877887080559
1793	0.5902877887080559
1794	0.5902877887080559
1795	0.5902877887080559
1796	0.7268313138788949
1797	0.7268313138788949
1798	0.7268313138788949
1799	0.7268313138788949
1800	0.7008833304655117
1801	0.7008833304655117
1802	0.7008833304655117
1803	0.7008833304655117
1804	0.7463212317391349
1805	0.7463212317391349
1806	0.7463212317391349
1807	0.7463212317391349
1808	0.6770780169331049
1809	0.6770780169331049
1810	0.6770780169331049
1811	0.6770780169331049
1812	0.6730824595355962
1813	0.6730824595355962
1814	0.6730824595355962
1815	0.6730824595355962
1816	0.7292755422320936
1817	0.7292755422320936
1818	0.7292755422320936
1819	0.7292755422320936
1820	0.6343397993044061
1821	0.6343397993044061
1822	0.6343397993044061
1823	0.6343397993044061
1824	0.5313611844170998
1825	0.5313611844170998
1826	0.5313611844170998
1827	0.5313611844170998
1828	0.5664205147352256
1829	0.5664205147352256
1830	0.5664205147352256
1831	0.5664205147352256
1832	0.746762725731518
1833	0.746762725731518
1834	0.746762725731518
1835	0.746762725731518
1836	0.7359477334871144
1837	0.7359477334871144
1838	0.7359477334871144
1839	0.7359477334871144
1840	0.7834358267636393
1841	0.7834358267636393
1842	0.7834358267636393
1843	0.7834358267636393
1844	0.5341455931090179
1845	0.5341455931090179
1846	0.5341455931090179
1847	0.5341455931090179
1848	0.8192109237334444
1849	0.8192109237334444
1850	0.8192109237334444
1851	0.8192109237334444
1852	0.7303567417130594
1853	0.7303567417130594
1854	0.7303567417130594
1855	0.7303567417130594
1856	0.7539530293159995
1857	0.7539530293159995
1858	0.7539530293159995
1859	0.7539530293159995
1860	0.7848985202895339
1861	0.7848985202895339
1862	0.7848985202895339
1863	0.7848985202895339
1864	0.6348611740605474
1865	0.6348611740605474
1866	0.6348611740605474
1867	0.6348611740605474
1868	0.7144262418251334
1869	0.7144262418251334
1870	0.7144262418251334
1871	0.7144262418251334
1872	0.6167879692537303
1873	0.6167879692537303
1874	0.6167879692537303
1875	0.6167879692537303
1876	0.6351572462704781
1877	0.6351572462704781
1878	0.6351572462704781
1879	0.6351572462704781
1880	0.6339762376611722
1881	0.6339762376611722
1882	0.6339762376611722
1883	0.6339762376611722
1884	0.7195104820605543
1885	0.7195104820605543
1886	0.7195104820605543
1887	0.7195104820605543
1888	0.6516847383269234
1889	0.6516847383269234
1890	0.6516847383269234
1891	0.6516847383269234
1892	0.5098975724024627
1893	0.5098975724024627
1894	0.5098975724024627
1895	0.5098975724024627
1896	0.5872891670805209
1897	0.5872891670805209
1898	0.5872891670805209
1899	0.5872891670805209
1900	0.6828669315920742
1901	0.6828669315920742
1902	0.6828669315920742
1903	0.6828669315920742
1904	0.44391275113151396
1905	0.44391275113151396
1906	0.44391275113151396
1907	0.44391275113151396
1908	0.6681322528913511
1909	0.6681322528913511
1910	3.6738642253494325
1911	3.6738642253494325
1912	3.6738642253494325
1913	3.6738642253494325
1914	4.103339844016938
1915	4.103339844016938
1916	4.103339844016938
1917	4.103339844016938
1918	4.282796570969244
1919	4.282796570969244
1920	4.282796570969244
1921	4.282796570969244
1922	4.052063446232892
1923	4.052063446232892
1924	4.052063446232892
1925	4.052063446232892
1926	4.164754503681231
1927	4.164754503681231
1928	4.164754503681231
1929	4.164754503681231
1930	3.96272476498189
1931	3.96272476498189
1932	3.96272476498189
1933	3.96272476498189
1934	3.8576271301969496
1935	3.8576271301969496
1936	3.8576271301969496
1937	3.8576271301969496
1938	3.764973388023182
1939	3.764973388023182
1940	3.764973388023182
1941	3.764973388023182
1942	3.900079399278846
1943	3.900079399278846
1944	3.900079399278846
1945	3.900079399278846
1946	4.051607614803815
1947	4.051607614803815
1948	4.051607614803815
1949	4.051607614803815
1950	3.885707909797256
1951	3.885707909797256
1952	3.885707909797256
1953	3.885707909797256
1954	3.8028940991137636
1955	3.8028940991137636
1956	3.8028940991137636
1957	3.8028940991137636
1958	4.334829155979159
1959	4.334829155979159
1960	4.334829155979159
1961	4.334829155979159
1962	4.440343882530842
1963	4.440343882530842
1964	4.440343882530842
1965	4.440343882530842
1966	4.199953454442321
1967	4.199953454442321
1968	4.199953454442321
1969	4.199953454442321
1970	3.580061979601167
1971	3.580061979601167
1972	3.580061979601167
1973	3.580061979601167
1974	3.653138698683575
1975	3.653138698683575
1976	3.653138698683575
1977	3.653138698683575
1978	3.530910181758939
1979	3.530910181758939
1980	3.530910181758939
1981	3.530910181758939
1982	4.192312086534154
1983	4.192312086534154
1984	4.192312086534154
1985	4.192312086534154
1986	3.6982375554247975
1987	3.6982375554247975
1988	3.6982375554247975
1989	2.268155398028008
1990	2.268155398028008
1991	2.268155398028008
1992	2.268155398028008
1993	1.7745773946299739
1994	1.7745773946299739
1995	1.7745773946299739
1996	1.7745773946299739
1997	1.8703983537365905
1998	1.8703983537365905
1999	1.8703983537365905
