0	4.16421703182161
1	4.16421703182161
2	4.16421703182161
3	4.16421703182161
4	4.741687773334845
5	4.741687773334845
6	4.741687773334845
7	4.741687773334845
8	4.6182961445687996
9	4.6182961445687996
10	4.6182961445687996
11	4.6182961445687996
12	2.384391835503988
13	2.384391835503988
14	2.384391835503988
15	2.384391835503988
16	3.4245661370416647
17	3.4245661370416647
18	3.4245661370416647
19	3.4245661370416647
20	2.4218702518608772
21	2.4218702518608772
22	2.4218702518608772
23	2.4218702518608772
24	3.2491546216636484
25	3.2491546216636484
26	3.2491546216636484
27	3.2491546216636484
28	2.9752377432742674
29	2.9752377432742674
30	2.9752377432742674
31	2.9752377432742674
32	3.029345303745153
33	3.029345303745153
34	3.029345303745153
35	3.029345303745153
36	3.0144767134109944
37	3.0144767134109944
38	3.0144767134109944
39	3.0144767134109944
40	3.4190602738207776
41	3.4190602738207776
42	3.4190602738207776
43	3.4190602738207776
44	3.4424450381604537
45	3.4424450381604537
46	3.4424450381604537
47	3.4424450381604537
48	2.6825500137566722
49	2.6825500137566722
50	2.6825500137566722
51	2.6825500137566722
52	3.866069516237119
53	3.866069516237119
54	3.866069516237119
55	3.866069516237119
56	4.046119310846007
57	4.046119310846007
58	4.046119310846007
59	4.046119310846007
60	3.828304045994955
61	3.828304045994955
62	3.828304045994955
63	3.828304045994955
64	4.24229622217814
65	4.24229622217814
66	4.24229622217814
67	4.24229622217814
68	3.0331431704526874
69	3.0331431704526874
70	3.0331431704526874
71	3.0331431704526874
72	4.4132226890086965
73	4.4132226890086965
74	4.4132226890086965
75	4.4132226890086965
76	3.8242305829366825
77	3.8242305829366825
78	3.8242305829366825
79	3.8242305829366825
80	4.018061602278406
81	4.018061602278406
82	4.018061602278406
83	4.018061602278406
84	4.995000340596491
85	4.995000340596491
86	4.995000340596491
87	4.995000340596491
88	2.8040357696078666
89	2.8040357696078666
90	2.8040357696078666
91	2.8040357696078666
92	2.8108032709995925
93	2.8108032709995925
94	2.8108032709995925
95	2.8108032709995925
96	3.9676705971584436
97	3.2110636260986705
98	3.2110636260986705
99	3.2110636260986705
100	3.2110636260986705
101	2.7530744607249047
102	2.7530744607249047
103	2.7530744607249047
104	2.7530744607249047
105	3.305139808803749
106	3.305139808803749
107	1.8368711969400517
108	1.8368711969400517
109	1.8368711969400517
110	1.8368711969400517
111	1.1783227050827731
112	1.1783227050827731
113	1.1783227050827731
114	1.1783227050827731
115	1.338139107626857
116	1.338139107626857
117	1.338139107626857
118	1.338139107626857
119	1.940959704063757
120	1.940959704063757
121	1.940959704063757
122	1.940959704063757
123	1.506015188395669
124	1.506015188395669
125	1.506015188395669
126	1.506015188395669
127	1.530085131389222
128	1.530085131389222
129	1.530085131389222
130	1.530085131389222
131	1.9757795298479794
132	1.9757795298479794
133	1.9757795298479794
134	1.9757795298479794
135	1.4462652728204155
136	1.4462652728204155
137	1.4462652728204155
138	1.4462652728204155
139	1.5157210188507801
140	1.5157210188507801
141	1.5157210188507801
142	1.5157210188507801
143	1.6818270626265548
144	1.6818270626265548
145	1.6818270626265548
146	1.6818270626265548
147	1.3515134887641485
148	1.3515134887641485
149	1.3515134887641485
150	1.3515134887641485
151	1.9102709916988516
152	1.9102709916988516
153	1.9102709916988516
154	1.9102709916988516
155	1.7088333369489932
156	3.7301287123598548
157	2.117951913358354
158	2.117951913358354
159	2.117951913358354
160	2.117951913358354
161	2.4223971928480927
162	2.2278458912099928
163	2.2278458912099928
164	2.2278458912099928
165	2.2278458912099928
166	2.597395180377229
167	2.597395180377229
168	2.597395180377229
169	2.597395180377229
170	2.46809099470476
171	2.46809099470476
172	2.46809099470476
173	2.46809099470476
174	2.0953160404767415
175	2.0953160404767415
176	2.0953160404767415
177	2.0953160404767415
178	2.5558189205060624
179	2.5558189205060624
180	2.5558189205060624
181	2.5558189205060624
182	2.2698319159806455
183	2.2698319159806455
184	2.2698319159806455
185	2.2698319159806455
186	2.591652498638964
187	2.591652498638964
188	2.591652498638964
189	2.591652498638964
190	1.075900121700124
191	1.075900121700124
192	1.075900121700124
193	1.075900121700124
194	2.231675481367516
195	2.231675481367516
196	2.231675481367516
197	2.231675481367516
198	2.039011728941686
199	2.039011728941686
200	2.039011728941686
201	2.039011728941686
202	2.1683345815226533
203	2.1683345815226533
204	2.1683345815226533
205	2.1683345815226533
206	2.078420629109221
207	2.078420629109221
208	2.078420629109221
209	2.078420629109221
210	1.9736987108075503
211	1.9736987108075503
212	1.9736987108075503
213	1.9736987108075503
214	3.10379656116854
215	3.10379656116854
216	3.10379656116854
217	3.10379656116854
218	2.9850112633619217
219	2.9850112633619217
220	2.9850112633619217
221	2.9850112633619217
222	2.944444461155107
223	2.944444461155107
224	2.944444461155107
225	2.944444461155107
226	2.6953719209847056
227	2.6953719209847056
228	2.6953719209847056
229	2.6953719209847056
230	2.845819192926595
231	2.845819192926595
232	2.845819192926595
233	2.845819192926595
234	3.7716075475181308
235	3.7716075475181308
236	3.7716075475181308
237	3.7716075475181308
238	5.083615668505753
239	5.083615668505753
240	5.083615668505753
241	5.083615668505753
242	4.40771227394417
243	4.40771227394417
244	4.40771227394417
245	4.40771227394417
246	4.571712571065628
247	4.571712571065628
248	4.571712571065628
249	4.571712571065628
250	3.0639911831329667
251	3.0639911831329667
252	3.0639911831329667
253	3.0639911831329667
254	3.5559582878100304
255	3.5559582878100304
256	3.5559582878100304
257	3.5559582878100304
258	3.5971787580969514
259	3.5971787580969514
260	3.5971787580969514
261	3.5971787580969514
262	3.4708557283668715
263	3.4708557283668715
264	3.4708557283668715
265	3.4708557283668715
266	4.3791593016499055
267	4.3791593016499055
268	4.3791593016499055
269	4.3791593016499055
270	3.9640658034285785
271	3.9640658034285785
272	3.9640658034285785
273	3.9640658034285785
274	4.371180652156575
275	4.371180652156575
276	4.371180652156575
277	4.371180652156575
278	4.367565208683151
279	4.367565208683151
280	4.367565208683151
281	4.367565208683151
282	3.942559349936058
283	3.942559349936058
284	3.942559349936058
285	3.942559349936058
286	4.227695472726474
287	4.227695472726474
288	4.227695472726474
289	4.227695472726474
290	4.451104082882685
291	4.451104082882685
292	4.451104082882685
293	4.451104082882685
294	4.08621491986115
295	4.08621491986115
296	4.08621491986115
297	4.08621491986115
298	3.6190009010343562
299	3.6190009010343562
300	3.6190009010343562
301	3.6190009010343562
302	4.286950869143808
303	4.286950869143808
304	4.286950869143808
305	4.286950869143808
306	4.20817832943815
307	4.20817832943815
308	4.20817832943815
309	4.20817832943815
310	3.577433127997078
311	3.577433127997078
312	3.577433127997078
313	3.577433127997078
314	4.830083238343292
315	4.830083238343292
316	4.830083238343292
317	4.830083238343292
318	4.179359339930254
319	4.179359339930254
320	4.179359339930254
321	4.179359339930254
322	4.420298380484557
323	4.420298380484557
324	4.420298380484557
325	4.420298380484557
326	3.741261023343645
327	3.741261023343645
328	3.741261023343645
329	3.741261023343645
330	5.0353067366807345
331	5.0353067366807345
332	5.0353067366807345
333	5.0353067366807345
334	3.7222905351033706
335	3.7222905351033706
336	3.7222905351033706
337	3.7222905351033706
338	4.155476003768165
339	4.155476003768165
340	4.155476003768165
341	4.155476003768165
342	3.999769638257097
343	3.999769638257097
344	3.999769638257097
345	3.999769638257097
346	3.9281940628561065
347	3.9281940628561065
348	3.9281940628561065
349	3.9281940628561065
350	4.917137633517824
351	4.917137633517824
352	4.917137633517824
353	4.917137633517824
354	3.7764903437564703
355	3.7764903437564703
356	3.7764903437564703
357	3.7764903437564703
358	3.418999658705498
359	3.418999658705498
360	3.418999658705498
361	3.418999658705498
362	4.761843982560064
363	4.761843982560064
364	4.761843982560064
365	4.761843982560064
366	4.086832219527895
367	4.086832219527895
368	4.086832219527895
369	4.086832219527895
370	3.6170626782659285
371	3.6170626782659285
372	3.6170626782659285
373	3.6170626782659285
374	4.811395527482298
375	4.811395527482298
376	4.811395527482298
377	4.811395527482298
378	4.246412516829784
379	4.246412516829784
380	4.246412516829784
381	4.246412516829784
382	4.904119569165844
383	4.904119569165844
384	4.904119569165844
385	4.904119569165844
386	4.494022662416991
387	4.494022662416991
388	4.494022662416991
389	4.494022662416991
390	3.487135076626085
391	3.487135076626085
392	3.487135076626085
393	3.487135076626085
394	4.983090761137479
395	4.983090761137479
396	4.983090761137479
397	4.983090761137479
398	4.491883765983356
399	4.491883765983356
400	4.491883765983356
401	4.491883765983356
402	5.170742262196272
403	5.170742262196272
404	5.170742262196272
405	5.170742262196272
406	4.567694760461788
407	4.567694760461788
408	4.567694760461788
409	4.567694760461788
410	3.779265010082113
411	3.779265010082113
412	3.779265010082113
413	3.779265010082113
414	5.4127115890704935
415	5.4127115890704935
416	5.4127115890704935
417	5.4127115890704935
418	4.013917002610401
419	4.013917002610401
420	4.013917002610401
421	4.013917002610401
422	4.773786849047205
423	4.773786849047205
424	4.773786849047205
425	4.773786849047205
426	4.57460862628887
427	4.57460862628887
428	4.57460862628887
429	4.57460862628887
430	3.7979018385008274
431	3.7979018385008274
432	3.7979018385008274
433	3.7979018385008274
434	3.700992346884727
435	3.700992346884727
436	3.700992346884727
437	3.700992346884727
438	4.982381941948793
439	4.982381941948793
440	4.982381941948793
441	4.982381941948793
442	4.500066941263224
443	4.500066941263224
444	4.500066941263224
445	3.5402413324426885
446	3.5402413324426885
447	3.5402413324426885
448	3.5402413324426885
449	3.5460667301790543
450	3.5460667301790543
451	3.5460667301790543
452	3.5460667301790543
453	3.3012679638854916
454	3.3012679638854916
455	3.3012679638854916
456	3.3012679638854916
457	3.91156493893953
458	3.91156493893953
459	3.91156493893953
460	3.91156493893953
461	3.321734349082274
462	3.321734349082274
463	3.321734349082274
464	3.321734349082274
465	3.428279117082598
466	3.428279117082598
467	3.428279117082598
468	3.428279117082598
469	5.000021572879794
470	5.000021572879794
471	5.000021572879794
472	5.000021572879794
473	4.851872125962854
474	4.851872125962854
475	4.851872125962854
476	4.851872125962854
477	3.738684750502865
478	3.738684750502865
479	3.738684750502865
480	3.738684750502865
481	5.0347467718936585
482	5.0347467718936585
483	5.0347467718936585
484	5.0347467718936585
485	4.330402687883577
486	4.330402687883577
487	4.330402687883577
488	4.330402687883577
489	3.882229123557575
490	3.882229123557575
491	3.882229123557575
492	3.882229123557575
493	2.6192302284333104
494	2.6192302284333104
495	2.6192302284333104
496	2.6192302284333104
497	3.9755925038053905
498	3.9755925038053905
499	3.9755925038053905
500	3.9755925038053905
501	2.6777289710130034
502	2.6777289710130034
503	2.6777289710130034
504	2.6777289710130034
505	4.490532085009841
506	4.490532085009841
507	4.490532085009841
508	3.978961438985902
509	3.978961438985902
510	3.978961438985902
511	3.978961438985902
512	3.7986496271423764
513	3.7986496271423764
514	3.7986496271423764
515	3.7986496271423764
516	3.6929043694604125
517	3.6929043694604125
518	3.6929043694604125
519	3.6929043694604125
520	4.184734467362015
521	4.184734467362015
522	2.245377585343004
523	2.245377585343004
524	2.245377585343004
525	2.245377585343004
526	3.374304628165142
527	3.374304628165142
528	3.374304628165142
529	3.374304628165142
530	2.659559335287664
531	2.659559335287664
532	2.659559335287664
533	2.659559335287664
534	2.662114419135681
535	2.662114419135681
536	2.662114419135681
537	2.662114419135681
538	3.839742661323993
539	3.839742661323993
540	3.839742661323993
541	3.839742661323993
542	3.41211300837719
543	3.41211300837719
544	3.41211300837719
545	3.41211300837719
546	2.818017606971183
547	2.818017606971183
548	2.818017606971183
549	2.818017606971183
550	3.0095885377394067
551	3.0095885377394067
552	3.0095885377394067
553	3.0095885377394067
554	2.9598451689599776
555	2.9598451689599776
556	2.9598451689599776
557	2.9598451689599776
558	2.4745646298007777
559	2.4745646298007777
560	2.4745646298007777
561	2.4745646298007777
562	3.1027393263098926
563	3.1027393263098926
564	3.1027393263098926
565	3.1027393263098926
566	2.6404416172024074
567	2.6404416172024074
568	2.6404416172024074
569	2.6404416172024074
570	3.1265278192521797
571	3.1265278192521797
572	3.1265278192521797
573	3.1265278192521797
574	2.594942017721703
575	2.594942017721703
576	2.594942017721703
577	2.594942017721703
578	2.728476111122855
579	2.728476111122855
580	2.728476111122855
581	2.728476111122855
582	2.382950450401884
583	2.382950450401884
584	2.382950450401884
585	2.382950450401884
586	2.876687069224271
587	2.876687069224271
588	2.876687069224271
589	2.876687069224271
590	2.4736485364152143
591	2.4736485364152143
592	2.4736485364152143
593	2.4736485364152143
594	3.3883563373091388
595	3.3883563373091388
596	3.3883563373091388
597	3.3883563373091388
598	2.2693880893070926
599	2.2693880893070926
600	2.2693880893070926
601	2.2693880893070926
602	2.258196010279241
603	2.258196010279241
604	2.258196010279241
605	2.258196010279241
606	3.3991372395499164
607	3.3991372395499164
608	3.3991372395499164
609	3.3991372395499164
610	3.1941685444425176
611	3.1941685444425176
612	3.1941685444425176
613	3.1941685444425176
614	2.5677615612860185
615	2.5677615612860185
616	2.5677615612860185
617	2.5677615612860185
618	3.0111481315416944
619	3.0111481315416944
620	3.0111481315416944
621	3.0111481315416944
622	3.2173775851676965
623	3.2173775851676965
624	3.2173775851676965
625	3.2173775851676965
626	3.2547131530638103
627	3.2547131530638103
628	3.2547131530638103
629	3.2547131530638103
630	2.984193591237284
631	2.984193591237284
632	2.984193591237284
633	2.984193591237284
634	2.882630425913491
635	2.882630425913491
636	2.882630425913491
637	2.882630425913491
638	3.353068159290946
639	3.353068159290946
640	3.353068159290946
641	3.353068159290946
642	2.717051039465763
643	2.717051039465763
644	2.717051039465763
645	2.717051039465763
646	3.1182394279633265
647	3.1182394279633265
648	3.1182394279633265
649	3.1182394279633265
650	3.138537379618552
651	3.138537379618552
652	3.138537379618552
653	3.138537379618552
654	3.299379088164635
655	3.299379088164635
656	3.299379088164635
657	3.299379088164635
658	3.1346669269587846
659	3.1346669269587846
660	3.1346669269587846
661	3.1346669269587846
662	1.3803209112345551
663	1.3803209112345551
664	1.3803209112345551
665	1.3803209112345551
666	3.764784791709033
667	3.764784791709033
668	3.764784791709033
669	3.764784791709033
670	2.1284495430491273
671	2.1284495430491273
672	2.1284495430491273
673	2.1284495430491273
674	3.2303476152306323
675	3.2303476152306323
676	3.2303476152306323
677	3.2303476152306323
678	3.0246910492584997
679	3.0246910492584997
680	3.0246910492584997
681	3.0246910492584997
682	3.5334515439118452
683	3.5334515439118452
684	3.5334515439118452
685	3.5334515439118452
686	2.475275621510948
687	2.475275621510948
688	2.475275621510948
689	1.070920510019416
690	1.070920510019416
691	1.070920510019416
692	1.070920510019416
693	0.9404475128876597
694	0.9404475128876597
695	0.9404475128876597
696	0.9404475128876597
697	0.8158855754868826
698	0.8158855754868826
699	0.8158855754868826
700	0.8158855754868826
701	1.1039613519769207
702	1.1039613519769207
703	1.1039613519769207
704	1.1039613519769207
705	1.1975686408348933
706	1.1975686408348933
707	1.1975686408348933
708	1.1975686408348933
709	1.0382218383210469
710	1.0382218383210469
711	1.0382218383210469
712	1.0382218383210469
713	1.0826105213358483
714	1.0826105213358483
715	1.0826105213358483
716	1.0826105213358483
717	0.8664278558116988
718	0.8664278558116988
719	0.8664278558116988
720	0.8664278558116988
721	1.0752990656832901
722	1.0752990656832901
723	1.0752990656832901
724	1.0752990656832901
725	1.203747786834727
726	1.203747786834727
727	1.203747786834727
728	1.203747786834727
729	0.8979804070061679
730	0.8979804070061679
731	0.8979804070061679
732	0.8979804070061679
733	0.8191662229829726
734	0.8191662229829726
735	0.8191662229829726
736	0.8191662229829726
737	1.044472527666328
738	1.044472527666328
739	1.044472527666328
740	1.044472527666328
741	0.9928151474631607
742	0.9928151474631607
743	0.9928151474631607
744	0.9928151474631607
745	2.859669459497296
746	2.859669459497296
747	2.859669459497296
748	2.859669459497296
749	2.3412389100629856
750	2.3412389100629856
751	2.3412389100629856
752	2.3412389100629856
753	2.537587516540362
754	2.537587516540362
755	2.537587516540362
756	2.537587516540362
757	2.1735759632852725
758	2.1735759632852725
759	2.1735759632852725
760	2.1735759632852725
761	2.1930377773640455
762	2.1930377773640455
763	2.1930377773640455
764	2.1930377773640455
765	2.2710692856470502
766	2.2710692856470502
767	2.2710692856470502
768	2.2710692856470502
769	2.144697659668448
770	2.144697659668448
771	2.144697659668448
772	2.144697659668448
773	3.097252186831472
774	3.097252186831472
775	3.097252186831472
776	3.097252186831472
777	3.1601131981916817
778	3.1601131981916817
779	3.1601131981916817
780	3.1601131981916817
781	1.9943187888906018
782	1.9943187888906018
783	1.9943187888906018
784	1.9943187888906018
785	1.939870085924722
786	1.939870085924722
787	1.939870085924722
788	1.939870085924722
789	2.541497916397046
790	2.541497916397046
791	2.541497916397046
792	2.541497916397046
793	1.888353772464832
794	1.888353772464832
795	1.888353772464832
796	1.888353772464832
797	2.397246667827948
798	2.397246667827948
799	2.397246667827948
800	2.397246667827948
801	2.881748923885133
802	2.881748923885133
803	2.881748923885133
804	2.881748923885133
805	1.896400583285684
806	1.896400583285684
807	1.896400583285684
808	1.896400583285684
809	2.5823335630824857
810	2.5823335630824857
811	2.5823335630824857
812	2.5823335630824857
813	1.9368695764786668
814	1.9368695764786668
815	1.9368695764786668
816	0.6524927751568121
817	0.6524927751568121
818	0.6524927751568121
819	0.6524927751568121
820	0.6319725728955842
821	0.6319725728955842
822	0.6319725728955842
823	0.6319725728955842
824	0.7744554547421588
825	0.7744554547421588
826	0.7744554547421588
827	0.7744554547421588
828	0.5923481724971134
829	0.5923481724971134
830	0.5923481724971134
831	0.5923481724971134
832	0.5237896568520358
833	0.5237896568520358
834	0.5237896568520358
835	0.5237896568520358
836	0.5717812987983818
837	0.5717812987983818
838	0.5717812987983818
839	0.5717812987983818
840	0.6754860978554018
841	0.6754860978554018
842	2.396457439532219
843	2.396457439532219
844	2.396457439532219
845	2.396457439532219
846	2.7975316927121194
847	2.7975316927121194
848	2.7975316927121194
849	2.7975316927121194
850	1.9464396353752085
851	1.9464396353752085
852	1.9464396353752085
853	1.9464396353752085
854	3.5097462618105135
855	3.5097462618105135
856	3.5097462618105135
857	3.5097462618105135
858	2.2629557431311405
859	2.2629557431311405
860	2.2629557431311405
861	2.2629557431311405
862	1.6443301484911987
863	1.6443301484911987
864	1.6443301484911987
865	1.6443301484911987
866	2.579092541330956
867	2.579092541330956
868	2.579092541330956
869	2.579092541330956
870	2.9389113938115043
871	2.9389113938115043
872	2.9389113938115043
873	2.9389113938115043
874	2.342050482338039
875	2.342050482338039
876	2.342050482338039
877	2.342050482338039
878	1.47628226178292
879	1.47628226178292
880	1.47628226178292
881	1.47628226178292
882	2.1737001870226047
883	2.1737001870226047
884	2.1737001870226047
885	2.1737001870226047
886	2.333584155722118
887	2.333584155722118
888	2.333584155722118
889	2.333584155722118
890	2.2717275429521555
891	2.2717275429521555
892	2.2717275429521555
893	2.2717275429521555
894	2.825015691955653
895	2.825015691955653
896	2.825015691955653
897	2.825015691955653
898	4.122912424428414
899	4.122912424428414
900	4.122912424428414
901	4.122912424428414
902	2.4693975668080714
903	2.4693975668080714
904	2.4693975668080714
905	2.4693975668080714
906	3.1301555131290155
907	3.1301555131290155
908	3.1301555131290155
909	3.1301555131290155
910	3.9052695967827917
911	3.9052695967827917
912	3.9052695967827917
913	3.9052695967827917
914	3.7518965940490103
915	3.7518965940490103
916	3.7518965940490103
917	3.7518965940490103
918	2.675351216270375
919	2.675351216270375
920	2.675351216270375
921	2.675351216270375
922	3.270338830476349
923	3.270338830476349
924	3.270338830476349
925	3.270338830476349
926	2.806030043726732
927	2.806030043726732
928	2.806030043726732
929	2.806030043726732
930	4.203487335677912
931	4.203487335677912
932	4.203487335677912
933	4.203487335677912
934	3.105145902472891
935	3.105145902472891
936	3.105145902472891
937	3.105145902472891
938	3.860238701825896
939	3.860238701825896
940	3.860238701825896
941	3.860238701825896
942	3.4914042293640932
943	3.4914042293640932
944	3.4914042293640932
945	3.4914042293640932
946	4.40295535923569
947	4.40295535923569
948	4.40295535923569
949	4.40295535923569
950	3.9579161690772175
951	3.9579161690772175
952	3.9579161690772175
953	3.9579161690772175
954	2.237294088469164
955	2.237294088469164
956	2.237294088469164
957	2.237294088469164
958	3.24956645375126
959	3.24956645375126
960	3.24956645375126
961	3.24956645375126
962	3.7549066928537034
963	3.7549066928537034
964	3.7549066928537034
965	3.7549066928537034
966	3.273958938058787
967	3.273958938058787
968	3.273958938058787
969	3.273958938058787
970	1.901199528530705
971	1.901199528530705
972	1.901199528530705
973	1.901199528530705
974	1.7691481253167414
975	1.7691481253167414
976	1.7691481253167414
977	1.7691481253167414
978	1.5422888130688324
979	1.5422888130688324
980	1.5422888130688324
981	1.5422888130688324
982	1.640489132461883
983	1.640489132461883
984	1.640489132461883
985	1.4150708640920586
986	1.4150708640920586
987	1.4150708640920586
988	1.4150708640920586
989	1.3518257439659644
990	1.3518257439659644
991	1.3518257439659644
992	1.3518257439659644
993	1.7331877198642702
994	1.7331877198642702
995	1.7331877198642702
996	1.7331877198642702
997	1.8781620040556333
998	1.8781620040556333
999	1.8781620040556333
1000	1.8781620040556333
1001	1.6311101856593557
1002	1.6311101856593557
1003	1.6311101856593557
1004	1.6311101856593557
1005	1.641334292929065
1006	1.641334292929065
1007	1.641334292929065
1008	1.641334292929065
1009	3.5626703278977314
1010	3.5626703278977314
1011	3.5626703278977314
1012	3.5626703278977314
1013	2.909490852012133
1014	2.909490852012133
1015	2.909490852012133
1016	2.909490852012133
1017	2.822200787667023
1018	2.822200787667023
1019	2.822200787667023
1020	2.822200787667023
1021	4.232123349403642
1022	4.232123349403642
1023	4.232123349403642
1024	4.232123349403642
1025	4.738470218532993
1026	4.738470218532993
1027	4.738470218532993
1028	4.738470218532993
1029	2.943524601491884
1030	2.943524601491884
1031	2.943524601491884
1032	2.943524601491884
1033	3.7220273995182276
1034	1.0469831690061286
1035	1.0469831690061286
1036	1.0469831690061286
1037	1.0469831690061286
1038	1.0520803610497942
1039	1.0520803610497942
1040	1.0520803610497942
1041	1.0520803610497942
1042	1.3911348413895541
1043	1.3911348413895541
1044	1.3911348413895541
1045	1.3911348413895541
1046	0.9532245620443709
1047	0.9532245620443709
1048	0.9532245620443709
1049	0.9532245620443709
1050	1.3691516640982682
1051	1.3691516640982682
1052	1.3691516640982682
1053	1.3691516640982682
1054	1.1481477853498767
1055	1.1481477853498767
1056	1.1481477853498767
1057	1.1481477853498767
1058	0.9417451558223993
1059	0.9417451558223993
1060	0.9417451558223993
1061	0.9417451558223993
1062	1.147873781131991
1063	1.147873781131991
1064	1.147873781131991
1065	1.147873781131991
1066	1.1037637792762407
1067	1.1037637792762407
1068	1.1037637792762407
1069	1.1037637792762407
1070	1.0210676640554333
1071	1.0210676640554333
1072	1.0210676640554333
1073	1.0210676640554333
1074	1.4560309626013581
1075	1.4560309626013581
1076	1.4560309626013581
1077	1.4560309626013581
1078	1.1629044977203504
1079	1.1629044977203504
1080	1.1629044977203504
1081	1.1629044977203504
1082	1.18506884495748
1083	1.18506884495748
1084	1.18506884495748
1085	1.18506884495748
1086	1.1568546674751399
1087	1.1568546674751399
1088	1.1568546674751399
1089	1.1568546674751399
1090	1.0754703557285803
1091	1.0754703557285803
1092	1.0754703557285803
1093	1.0754703557285803
1094	0.7370310387950236
1095	0.7370310387950236
1096	0.7370310387950236
1097	0.7370310387950236
1098	1.0779186404910934
1099	1.0779186404910934
1100	1.0779186404910934
1101	1.0779186404910934
1102	0.947433102120846
1103	0.947433102120846
1104	0.947433102120846
1105	0.947433102120846
1106	1.0852546888226615
1107	1.0852546888226615
1108	1.0852546888226615
1109	1.0852546888226615
1110	1.135617446165894
1111	1.135617446165894
1112	1.135617446165894
1113	1.135617446165894
1114	1.5208438372780784
1115	3.2744892974425714
1116	3.2744892974425714
1117	3.2744892974425714
1118	3.2744892974425714
1119	3.8288301342350577
1120	3.8288301342350577
1121	3.8288301342350577
1122	3.8288301342350577
1123	2.8118434945177633
1124	2.8118434945177633
1125	2.8118434945177633
1126	2.8118434945177633
1127	2.6831225763981896
1128	2.6831225763981896
1129	2.6831225763981896
1130	2.6831225763981896
1131	3.6757299325552886
1132	3.6757299325552886
1133	3.6757299325552886
1134	3.6757299325552886
1135	1.1071674616727505
1136	1.1071674616727505
1137	1.1071674616727505
1138	1.1071674616727505
1139	1.068678788002831
1140	1.068678788002831
1141	1.068678788002831
1142	1.068678788002831
1143	1.1496497306175801
1144	1.1496497306175801
1145	1.1496497306175801
1146	1.1496497306175801
1147	0.22492201574731008
1148	0.22492201574731008
1149	0.22492201574731008
1150	0.22492201574731008
1151	0.18523695631415038
1152	0.18523695631415038
1153	0.18523695631415038
1154	0.18523695631415038
1155	0.17646660426488167
1156	0.17646660426488167
1157	0.17646660426488167
1158	0.17646660426488167
1159	0.22567663299056817
1160	0.22567663299056817
1161	0.22567663299056817
1162	0.22567663299056817
1163	0.24377434562091735
1164	0.24377434562091735
1165	0.24377434562091735
1166	0.24377434562091735
1167	0.15073299387978317
1168	0.15073299387978317
1169	0.15073299387978317
1170	0.15073299387978317
1171	0.18946267090263727
1172	0.18946267090263727
1173	0.18946267090263727
1174	0.18946267090263727
1175	0.15347186314647587
1176	0.15347186314647587
1177	0.15347186314647587
1178	1.6129873852833554
1179	1.6129873852833554
1180	1.6129873852833554
1181	1.6129873852833554
1182	2.4752590757419357
1183	2.4752590757419357
1184	2.4752590757419357
1185	2.4752590757419357
1186	2.3349896447461536
1187	2.3349896447461536
1188	2.3349896447461536
1189	2.3349896447461536
1190	2.1757884101746616
1191	2.1757884101746616
1192	2.1757884101746616
1193	2.1757884101746616
1194	2.042324291553966
1195	2.042324291553966
1196	2.042324291553966
1197	2.042324291553966
1198	2.46918860832852
1199	2.46918860832852
1200	2.46918860832852
1201	2.46918860832852
1202	1.6602842317161175
1203	1.6602842317161175
1204	1.6602842317161175
1205	1.6602842317161175
1206	2.0314760970262538
1207	2.0314760970262538
1208	3.350018938925474
1209	3.350018938925474
1210	3.350018938925474
1211	3.350018938925474
1212	3.1674215166934627
1213	3.1674215166934627
1214	3.1674215166934627
1215	3.1674215166934627
1216	3.0181333412882827
1217	3.0181333412882827
1218	3.0181333412882827
1219	3.0181333412882827
1220	2.7794055459651275
1221	2.7794055459651275
1222	2.7794055459651275
1223	2.7794055459651275
1224	2.7575006321202244
1225	2.7575006321202244
1226	4.209281475942968
1227	4.209281475942968
1228	4.209281475942968
1229	4.209281475942968
1230	2.838550744191431
1231	2.838550744191431
1232	2.838550744191431
1233	2.838550744191431
1234	3.809823635338831
1235	3.809823635338831
1236	3.809823635338831
1237	3.809823635338831
1238	4.041515670291973
1239	4.041515670291973
1240	4.041515670291973
1241	4.041515670291973
1242	4.249989509134002
1243	4.249989509134002
1244	4.249989509134002
1245	4.249989509134002
1246	2.6800315907660046
1247	2.6800315907660046
1248	2.6800315907660046
1249	2.6800315907660046
1250	3.9644513715537624
1251	3.9644513715537624
1252	3.9644513715537624
1253	3.9644513715537624
1254	4.4083488368955885
1255	4.4083488368955885
1256	4.4083488368955885
1257	4.4083488368955885
1258	3.0932819147360258
1259	3.0932819147360258
1260	3.0932819147360258
1261	3.0932819147360258
1262	4.033664358748689
1263	4.033664358748689
1264	4.033664358748689
1265	4.033664358748689
1266	3.1007700162305776
1267	3.1007700162305776
1268	3.1007700162305776
1269	3.1007700162305776
1270	4.318373024239087
1271	4.318373024239087
1272	4.318373024239087
1273	4.318373024239087
1274	3.133157427896597
1275	3.133157427896597
1276	3.133157427896597
1277	3.133157427896597
1278	3.907089533525443
1279	3.907089533525443
1280	3.907089533525443
1281	3.907089533525443
1282	3.81045301557298
1283	3.81045301557298
1284	3.81045301557298
1285	3.81045301557298
1286	4.1946867893290705
1287	4.1946867893290705
1288	4.1946867893290705
1289	4.1946867893290705
1290	4.903354142440311
1291	4.903354142440311
1292	4.903354142440311
1293	4.903354142440311
1294	3.0248552167152747
1295	3.0248552167152747
1296	3.0248552167152747
1297	3.0248552167152747
1298	3.209702467931666
1299	3.209702467931666
1300	3.209702467931666
1301	3.209702467931666
1302	4.095065153274661
1303	4.095065153274661
1304	4.095065153274661
1305	4.095065153274661
1306	3.8091861667640026
1307	3.8091861667640026
1308	3.8091861667640026
1309	3.8091861667640026
1310	3.275088536279203
1311	3.275088536279203
1312	3.275088536279203
1313	3.275088536279203
1314	3.592458859963504
1315	3.592458859963504
1316	3.592458859963504
1317	3.592458859963504
1318	4.517284492932185
1319	4.517284492932185
1320	4.517284492932185
1321	4.517284492932185
1322	1.8321086542378642
1323	1.8321086542378642
1324	1.8321086542378642
1325	1.8321086542378642
1326	2.0175313174441767
1327	2.0175313174441767
1328	2.0175313174441767
1329	2.0175313174441767
1330	1.9058625424185034
1331	1.9058625424185034
1332	1.9058625424185034
1333	1.9058625424185034
1334	1.8481999141920142
1335	1.8481999141920142
1336	1.8481999141920142
1337	1.8481999141920142
1338	2.0536704396718073
1339	2.0536704396718073
1340	2.0536704396718073
1341	3.605484528121888
1342	3.605484528121888
1343	3.605484528121888
1344	3.605484528121888
1345	2.7650635542800837
1346	2.7650635542800837
1347	2.7650635542800837
1348	2.7650635542800837
1349	3.4456283754868497
1350	3.4456283754868497
1351	3.4456283754868497
1352	3.4456283754868497
1353	2.5370317772840356
1354	2.5370317772840356
1355	2.5370317772840356
1356	2.5370317772840356
1357	3.121777859440486
1358	3.121777859440486
1359	3.121777859440486
1360	3.121777859440486
1361	2.457895422774523
1362	2.457895422774523
1363	2.457895422774523
1364	2.457895422774523
1365	2.0652973172178024
1366	2.0652973172178024
1367	2.0652973172178024
1368	2.0652973172178024
1369	2.21019930635476
1370	2.21019930635476
1371	2.21019930635476
1372	2.21019930635476
1373	2.3939468346515675
1374	2.3939468346515675
1375	2.3939468346515675
1376	2.3939468346515675
1377	3.1647795530049923
1378	3.1647795530049923
1379	3.1647795530049923
1380	3.1647795530049923
1381	3.5084459109220845
1382	3.5084459109220845
1383	3.5084459109220845
1384	3.5084459109220845
1385	2.8554228114504965
1386	2.8554228114504965
1387	2.8554228114504965
1388	2.8554228114504965
1389	3.1731154352321385
1390	3.1731154352321385
1391	3.1731154352321385
1392	3.1731154352321385
1393	3.3205981125443125
1394	3.3205981125443125
1395	3.3205981125443125
1396	3.3205981125443125
1397	2.6030594457032072
1398	2.6030594457032072
1399	2.6030594457032072
1400	2.6030594457032072
1401	2.023266182041453
1402	2.023266182041453
1403	2.023266182041453
1404	2.023266182041453
1405	3.2987333528402965
1406	3.2987333528402965
1407	3.2987333528402965
1408	3.2987333528402965
1409	2.5281199223259336
1410	2.5281199223259336
1411	2.5281199223259336
1412	2.5281199223259336
1413	3.020528552069047
1414	3.020528552069047
1415	3.020528552069047
1416	3.020528552069047
1417	2.758113184827637
1418	2.758113184827637
1419	2.758113184827637
1420	2.758113184827637
1421	3.3040943045524944
1422	3.3040943045524944
1423	3.3040943045524944
1424	3.3040943045524944
1425	3.812595719714456
1426	3.812595719714456
1427	3.812595719714456
1428	3.812595719714456
1429	2.3073252088089564
1430	2.3073252088089564
1431	2.3073252088089564
1432	2.3073252088089564
1433	2.83791715981699
1434	2.83791715981699
1435	2.83791715981699
1436	2.83791715981699
1437	3.3068327306265415
1438	3.3068327306265415
1439	3.3068327306265415
1440	3.3068327306265415
1441	2.8689869533859333
1442	2.8689869533859333
1443	1.3319141075679153
1444	1.3319141075679153
1445	1.3319141075679153
1446	1.3319141075679153
1447	1.06992784251324
1448	1.06992784251324
1449	1.06992784251324
1450	1.06992784251324
1451	1.4185330471039994
1452	1.4185330471039994
1453	1.4185330471039994
1454	1.4185330471039994
1455	1.149394708546161
1456	1.149394708546161
1457	1.149394708546161
1458	1.149394708546161
1459	1.4020104679400132
1460	1.4020104679400132
1461	1.4020104679400132
1462	1.4020104679400132
1463	0.914526524807891
1464	0.914526524807891
1465	0.914526524807891
1466	0.914526524807891
1467	1.1795525775208873
1468	1.1795525775208873
1469	1.1844346009043512
1470	1.1844346009043512
1471	1.1844346009043512
1472	1.1844346009043512
1473	1.7274920182829443
1474	1.7274920182829443
1475	1.7274920182829443
1476	1.7274920182829443
1477	1.5705855536479805
1478	1.5705855536479805
1479	1.5705855536479805
1480	1.5705855536479805
1481	1.7348117925043394
1482	1.7348117925043394
1483	1.7348117925043394
1484	1.7348117925043394
1485	1.3115960269999662
1486	1.3115960269999662
1487	1.3115960269999662
1488	1.3115960269999662
1489	1.189985355653548
1490	1.189985355653548
1491	1.189985355653548
1492	1.189985355653548
1493	1.6282941068291203
1494	1.6282941068291203
1495	1.6282941068291203
1496	1.6282941068291203
1497	3.525880768951035
1498	3.525880768951035
1499	3.525880768951035
1500	3.525880768951035
1501	3.440906155646251
1502	3.440906155646251
1503	3.440906155646251
1504	3.440906155646251
1505	3.9679034976518035
1506	3.9679034976518035
1507	3.9679034976518035
1508	3.9679034976518035
1509	3.251578421758016
1510	3.251578421758016
1511	3.251578421758016
1512	3.251578421758016
1513	4.432120062226041
1514	4.432120062226041
1515	4.432120062226041
1516	4.432120062226041
1517	5.627154625844355
1518	5.627154625844355
1519	5.627154625844355
1520	5.627154625844355
1521	4.2684296228971865
1522	4.2684296228971865
1523	3.816901371272915
1524	3.816901371272915
1525	3.816901371272915
1526	3.816901371272915
1527	3.4528371772268747
1528	3.4528371772268747
1529	3.4528371772268747
1530	3.4528371772268747
1531	3.3574625642610307
1532	3.3574625642610307
1533	3.3574625642610307
1534	3.3574625642610307
1535	3.859487487149902
1536	3.859487487149902
1537	3.859487487149902
1538	3.859487487149902
1539	2.706433027468842
1540	2.706433027468842
1541	2.706433027468842
1542	2.706433027468842
1543	3.3789001803786998
1544	3.3789001803786998
1545	3.3789001803786998
1546	3.3789001803786998
1547	2.2965773603021695
1548	2.2965773603021695
1549	2.2965773603021695
1550	2.2965773603021695
1551	2.911066423814153
1552	2.911066423814153
1553	2.911066423814153
1554	2.911066423814153
1555	3.7180050519388868
1556	0.6369383586112687
1557	0.6369383586112687
1558	0.6369383586112687
1559	0.6369383586112687
1560	0.560086254707107
1561	0.560086254707107
1562	0.560086254707107
1563	0.560086254707107
1564	0.6945854697699541
1565	0.6945854697699541
1566	0.6945854697699541
1567	0.6945854697699541
1568	0.6566544813294901
1569	0.6566544813294901
1570	0.6566544813294901
1571	0.6566544813294901
1572	0.7182932262007703
1573	0.7182932262007703
1574	0.7182932262007703
1575	0.7182932262007703
1576	0.6443815701885307
1577	0.6443815701885307
1578	0.6443815701885307
1579	0.6443815701885307
1580	0.6093020946261883
1581	0.6093020946261883
1582	0.6093020946261883
1583	0.6093020946261883
1584	0.5342941807092919
1585	0.5342941807092919
1586	0.5342941807092919
1587	2.353570347825177
1588	2.353570347825177
1589	2.353570347825177
1590	2.353570347825177
1591	3.2112647763616478
1592	3.2112647763616478
1593	3.2112647763616478
1594	3.2112647763616478
1595	2.7097304733476175
1596	2.7097304733476175
1597	2.7097304733476175
1598	2.7097304733476175
1599	2.2976508893626706
1600	2.2976508893626706
1601	2.2976508893626706
1602	2.2976508893626706
1603	3.263128173650556
1604	3.263128173650556
1605	3.263128173650556
1606	3.263128173650556
1607	2.894533188750532
1608	2.894533188750532
1609	2.894533188750532
1610	2.894533188750532
1611	2.6748291189388
1612	2.6748291189388
1613	2.6748291189388
1614	2.6748291189388
1615	2.300877076037877
1616	2.300877076037877
1617	2.300877076037877
1618	2.300877076037877
1619	4.798111418119888
1620	4.798111418119888
1621	4.798111418119888
1622	4.798111418119888
1623	2.585015519832713
1624	2.585015519832713
1625	2.585015519832713
1626	2.585015519832713
1627	3.4541150898026833
1628	3.4541150898026833
1629	3.4541150898026833
1630	1.6714642769009345
1631	1.6714642769009345
1632	1.6714642769009345
1633	1.6714642769009345
1634	1.034340489150125
1635	1.034340489150125
1636	1.034340489150125
1637	1.034340489150125
1638	1.527252427142539
1639	1.527252427142539
1640	1.527252427142539
1641	3.5572376278474946
1642	3.5572376278474946
1643	3.5572376278474946
1644	3.5572376278474946
1645	3.231483887835993
1646	3.231483887835993
1647	3.231483887835993
1648	3.231483887835993
1649	4.203584001563867
1650	4.203584001563867
1651	4.203584001563867
1652	4.203584001563867
1653	3.499824310719168
1654	3.499824310719168
1655	3.499824310719168
1656	3.499824310719168
1657	4.54763715758727
1658	4.54763715758727
1659	4.54763715758727
1660	4.54763715758727
1661	3.916406949266976
1662	3.916406949266976
1663	3.916406949266976
1664	3.916406949266976
1665	4.851931712611899
1666	4.851931712611899
1667	4.851931712611899
1668	4.851931712611899
1669	3.43383032258246
1670	3.43383032258246
1671	3.43383032258246
1672	1.7378580462446136
1673	1.7378580462446136
1674	1.7378580462446136
1675	1.7378580462446136
1676	1.4696397446159983
1677	1.4696397446159983
1678	1.4696397446159983
1679	1.4696397446159983
1680	1.6485020279759992
1681	1.6485020279759992
1682	1.6485020279759992
1683	1.6485020279759992
1684	1.5731479560617783
1685	1.5731479560617783
1686	1.5731479560617783
1687	1.5731479560617783
1688	1.410580842320752
1689	1.410580842320752
1690	1.410580842320752
1691	1.410580842320752
1692	1.4318374258958515
1693	1.4318374258958515
1694	1.4318374258958515
1695	1.4318374258958515
1696	1.4581450437314476
1697	1.4581450437314476
1698	1.4581450437314476
1699	1.4581450437314476
1700	1.89115448602554
1701	1.89115448602554
1702	1.89115448602554
1703	1.89115448602554
1704	1.494086811632239
1705	0.9116446169884409
1706	0.9116446169884409
1707	0.9116446169884409
1708	0.9116446169884409
1709	0.696538191137883
1710	0.696538191137883
1711	0.696538191137883
1712	0.696538191137883
1713	0.8066208264859502
1714	0.8066208264859502
1715	0.8066208264859502
1716	0.8066208264859502
1717	0.5947339333499126
1718	0.5947339333499126
1719	0.5947339333499126
1720	0.5947339333499126
1721	0.5656969092951307
1722	0.5656969092951307
1723	0.5656969092951307
1724	0.5656969092951307
1725	0.5377016233811098
1726	0.5377016233811098
1727	0.5377016233811098
1728	0.5377016233811098
1729	0.638598850424279
1730	0.638598850424279
1731	0.638598850424279
1732	0.638598850424279
1733	0.7275867707770984
1734	0.7275867707770984
1735	0.7275867707770984
1736	0.7275867707770984
1737	0.7198971519817978
1738	0.7198971519817978
1739	1.1603062830325117
1740	1.1603062830325117
1741	1.1603062830325117
1742	1.1603062830325117
1743	0.9849497597893484
1744	0.9849497597893484
1745	0.9849497597893484
1746	0.9849497597893484
1747	1.24068771547193
1748	1.24068771547193
1749	1.24068771547193
1750	1.24068771547193
1751	1.1778310273005528
1752	1.1778310273005528
1753	1.1778310273005528
1754	1.1778310273005528
1755	1.1285077799852667
1756	1.1285077799852667
1757	1.1285077799852667
1758	1.1285077799852667
1759	1.0423540166105891
1760	1.0423540166105891
1761	1.0423540166105891
1762	1.0423540166105891
1763	1.0089937595099618
1764	1.0089937595099618
1765	1.0089937595099618
1766	1.0089937595099618
1767	0.8960474378331365
1768	0.8960474378331365
1769	0.8960474378331365
1770	0.8960474378331365
1771	1.3324015505948104
1772	0.7506813189928159
1773	0.7506813189928159
1774	0.7506813189928159
1775	0.7506813189928159
1776	0.7428853759501461
1777	0.7428853759501461
1778	0.7428853759501461
1779	0.7428853759501461
1780	0.7492193456343256
1781	0.7492193456343256
1782	0.7492193456343256
1783	0.7492193456343256
1784	0.6596645472684971
1785	0.6596645472684971
1786	0.6596645472684971
1787	0.6596645472684971
1788	0.5184821813496642
1789	0.5184821813496642
1790	0.5184821813496642
1791	0.5184821813496642
1792	0.8158232884486245
1793	0.8158232884486245
1794	0.8158232884486245
1795	0.8158232884486245
1796	0.42479186634375543
1797	0.42479186634375543
1798	0.42479186634375543
1799	0.42479186634375543
1800	0.6628711974457886
1801	0.6628711974457886
1802	0.6628711974457886
1803	0.6628711974457886
1804	0.5693003093642387
1805	0.5693003093642387
1806	0.5693003093642387
1807	0.5693003093642387
1808	0.6747983869612981
1809	4.125193615542844
1810	4.125193615542844
1811	4.125193615542844
1812	4.125193615542844
1813	2.992310269589907
1814	2.992310269589907
1815	2.992310269589907
1816	2.992310269589907
1817	2.8714203505604963
1818	2.8714203505604963
1819	2.8714203505604963
1820	2.8714203505604963
1821	3.098410668677004
1822	3.098410668677004
1823	3.098410668677004
1824	3.098410668677004
1825	3.6408189146609233
1826	3.6408189146609233
1827	3.6408189146609233
1828	3.6408189146609233
1829	4.1438971840498455
1830	4.1438971840498455
1831	4.1438971840498455
1832	4.1438971840498455
1833	2.1458445536804645
1834	2.1458445536804645
1835	2.1458445536804645
1836	2.1458445536804645
1837	4.348936936305953
1838	4.348936936305953
1839	4.348936936305953
1840	4.348936936305953
1841	3.2129497542913183
1842	3.2129497542913183
1843	3.2129497542913183
1844	3.2129497542913183
1845	3.1364337751636593
1846	3.1364337751636593
1847	3.1364337751636593
1848	3.1364337751636593
1849	4.284566081846667
1850	4.284566081846667
1851	4.284566081846667
1852	0.7278238686739817
1853	0.7278238686739817
1854	0.7278238686739817
1855	0.7278238686739817
1856	0.48402432401118345
1857	0.48402432401118345
1858	0.48402432401118345
1859	0.48402432401118345
1860	0.6507846091599745
1861	0.6507846091599745
1862	0.6507846091599745
1863	0.6507846091599745
1864	0.7883503991277283
1865	0.7883503991277283
1866	0.7883503991277283
1867	0.7883503991277283
1868	0.65582471018526
1869	0.65582471018526
1870	0.65582471018526
1871	0.65582471018526
1872	0.7049256002169044
1873	0.7049256002169044
1874	3.2661329484848443
1875	3.2661329484848443
1876	3.2661329484848443
1877	3.2661329484848443
1878	3.8085911113076802
1879	3.8085911113076802
1880	3.8085911113076802
1881	3.8085911113076802
1882	2.4710969604039934
1883	2.4710969604039934
1884	2.4710969604039934
1885	2.4710969604039934
1886	3.371781501070262
1887	3.371781501070262
1888	3.371781501070262
1889	3.371781501070262
1890	2.43581521419291
1891	2.43581521419291
1892	2.43581521419291
1893	2.43581521419291
1894	2.8991121221525136
1895	2.8991121221525136
1896	2.8991121221525136
1897	2.8991121221525136
1898	2.5329602121743084
1899	2.5329602121743084
1900	2.5329602121743084
1901	2.5329602121743084
1902	4.031091962137117
1903	4.031091962137117
1904	4.031091962137117
1905	4.031091962137117
1906	2.553860061445842
1907	2.553860061445842
1908	2.553860061445842
1909	1.4054848256825592
1910	1.4054848256825592
1911	1.4054848256825592
1912	1.4054848256825592
1913	1.1047831130657122
1914	1.1047831130657122
1915	1.1047831130657122
1916	1.1047831130657122
1917	1.1602785428658502
1918	1.1602785428658502
1919	1.1602785428658502
1920	1.1602785428658502
1921	0.9633418557057312
1922	0.9633418557057312
1923	0.9633418557057312
1924	4.854941901346595
1925	4.854941901346595
1926	4.854941901346595
1927	4.854941901346595
1928	3.9811396988523047
1929	3.9811396988523047
1930	3.9811396988523047
1931	3.9811396988523047
1932	4.582980742891035
1933	4.582980742891035
1934	4.582980742891035
1935	4.582980742891035
1936	4.465118497688371
1937	4.465118497688371
1938	4.465118497688371
1939	4.465118497688371
1940	3.9395124235255947
1941	3.9395124235255947
1942	3.9395124235255947
1943	3.9395124235255947
1944	3.620575214382871
1945	3.620575214382871
1946	1.289875450901429
1947	1.289875450901429
1948	1.289875450901429
1949	1.289875450901429
1950	0.7793079427922047
1951	0.7793079427922047
1952	0.7793079427922047
1953	0.7793079427922047
1954	0.9525424755568792
1955	0.9525424755568792
1956	0.9525424755568792
1957	0.9525424755568792
1958	0.9806833174710331
1959	0.9806833174710331
1960	0.9806833174710331
1961	0.9806833174710331
1962	1.0057041117305732
1963	1.0057041117305732
1964	1.0057041117305732
1965	1.0057041117305732
1966	1.1619588920782715
1967	1.1619588920782715
1968	1.1619588920782715
1969	1.1619588920782715
1970	1.3030059605687079
1971	1.3030059605687079
1972	1.3030059605687079
1973	1.3030059605687079
1974	1.6313402181700423
1975	1.6313402181700423
1976	1.6313402181700423
1977	1.6313402181700423
1978	0.9644603732907727
1979	0.9644603732907727
1980	1.3195101123309476
1981	1.3195101123309476
1982	1.3195101123309476
1983	1.3195101123309476
1984	1.6059123390411603
1985	1.6059123390411603
1986	1.6059123390411603
1987	1.6059123390411603
1988	3.1119168633606695
1989	3.1119168633606695
1990	3.1119168633606695
1991	3.1119168633606695
1992	4.4337397022704055
1993	4.4337397022704055
1994	4.4337397022704055
1995	4.4337397022704055
1996	3.458804095372693
1997	3.458804095372693
1998	3.458804095372693
1999	3.458804095372693
