0	0.8094490927629266
1	0.8094490927629266
2	0.8094490927629266
3	0.8094490927629266
4	0.8366538873749453
5	0.8366538873749453
6	1.8723860526693958
7	1.8723860526693958
8	1.8723860526693958
9	1.8723860526693958
10	2.9845513883691304
11	2.9845513883691304
12	2.9845513883691304
13	2.9845513883691304
14	2.6323634287854283
15	2.6323634287854283
16	2.6323634287854283
17	2.6323634287854283
18	3.0754153264200266
19	0.6405338257378065
20	0.6405338257378065
21	0.6405338257378065
22	0.6405338257378065
23	0.9851319241861645
24	0.9851319241861645
25	0.9851319241861645
26	0.9851319241861645
27	0.9595458779315772
28	0.9595458779315772
29	0.9595458779315772
30	0.9595458779315772
31	0.6797035888538671
32	0.6797035888538671
33	0.6797035888538671
34	0.6797035888538671
35	0.13931571732719072
36	0.13931571732719072
37	0.13931571732719072
38	0.13931571732719072
39	0.7458779266104858
40	0.7458779266104858
41	0.7458779266104858
42	0.7458779266104858
43	0.6616868620812151
44	0.6616868620812151
45	0.6616868620812151
46	0.6616868620812151
47	0.5692576543322952
48	0.5692576543322952
49	0.5692576543322952
50	0.5692576543322952
51	1.0344100791769564
52	1.0344100791769564
53	1.0344100791769564
54	1.0344100791769564
55	0.4331575332289695
56	0.4331575332289695
57	0.4331575332289695
58	0.4331575332289695
59	0.6181912213649179
60	0.6181912213649179
61	0.6181912213649179
62	0.6181912213649179
63	1.0420691401251205
64	1.0420691401251205
65	1.0420691401251205
66	1.0420691401251205
67	0.9542422656188123
68	0.9542422656188123
69	0.9542422656188123
70	0.9542422656188123
71	0.9189653079588787
72	0.9189653079588787
73	0.9189653079588787
74	0.9189653079588787
75	0.34083164172805663
76	0.34083164172805663
77	0.34083164172805663
78	0.34083164172805663
79	2.165389008949587
80	2.165389008949587
81	2.165389008949587
82	2.165389008949587
83	2.705772889355476
84	2.9473831019426906
85	2.9473831019426906
86	2.9473831019426906
87	2.9473831019426906
88	2.1152099744880735
89	2.1152099744880735
90	2.1152099744880735
91	2.1152099744880735
92	1.962590138648825
93	1.5013916602320494
94	1.5013916602320494
95	1.5013916602320494
96	1.5013916602320494
97	3.296590305402489
98	3.296590305402489
99	3.296590305402489
100	3.296590305402489
101	2.693954678954892
102	2.693954678954892
103	2.693954678954892
104	2.693954678954892
105	3.897413794280963
106	3.897413794280963
107	3.897413794280963
108	3.897413794280963
109	3.342031400238835
110	3.342031400238835
111	3.342031400238835
112	3.342031400238835
113	3.9400769415224124
114	3.9400769415224124
115	3.9400769415224124
116	3.9400769415224124
117	5.4270881541890095
118	5.4270881541890095
119	5.4270881541890095
120	5.4270881541890095
121	0.9209864546753792
122	0.9209864546753792
123	0.9209864546753792
124	0.9209864546753792
125	2.1720275286562027
126	2.1720275286562027
127	2.1720275286562027
128	2.1720275286562027
129	3.455809805911642
130	3.455809805911642
131	3.455809805911642
132	3.455809805911642
133	3.6450803918768826
134	3.6450803918768826
135	3.6450803918768826
136	3.6450803918768826
137	3.1772443355756628
138	3.1772443355756628
139	3.1772443355756628
140	3.1772443355756628
141	1.924293003883435
142	1.924293003883435
143	1.924293003883435
144	1.924293003883435
145	1.8063213464801302
146	1.8063213464801302
147	1.8063213464801302
148	1.8063213464801302
149	2.7253018259075725
150	2.7253018259075725
151	2.7253018259075725
152	2.7253018259075725
153	4.256035009828758
154	4.256035009828758
155	4.256035009828758
156	4.256035009828758
157	1.917142889251302
158	1.917142889251302
159	1.917142889251302
160	1.917142889251302
161	3.475683062951328
162	3.475683062951328
163	3.475683062951328
164	3.475683062951328
165	3.6835095334554158
166	3.6835095334554158
167	3.6835095334554158
168	3.6835095334554158
169	4.264898335270293
170	1.9226947290904421
171	1.9226947290904421
172	1.9226947290904421
173	1.9226947290904421
174	0.7711765894670917
175	0.7711765894670917
176	4.046049028100102
177	4.046049028100102
178	4.046049028100102
179	4.046049028100102
180	2.9400721309390603
181	2.9400721309390603
182	2.9400721309390603
183	2.9400721309390603
184	2.347027195335672
185	2.347027195335672
186	2.347027195335672
187	2.347027195335672
188	2.1559631214097
189	2.1559631214097
190	2.1559631214097
191	2.1559631214097
192	2.6883006869048316
193	2.6883006869048316
194	2.6883006869048316
195	2.6883006869048316
196	0.7738452303123002
197	0.7738452303123002
198	0.7738452303123002
199	0.7738452303123002
200	1.156428595896131
201	1.156428595896131
202	1.156428595896131
203	1.156428595896131
204	1.8709747012802405
205	1.8709747012802405
206	1.8709747012802405
207	1.8709747012802405
208	2.879029608486292
209	2.879029608486292
210	2.879029608486292
211	2.879029608486292
212	3.7123784070002888
213	3.7123784070002888
214	3.7123784070002888
215	3.7123784070002888
216	2.9705079437237165
217	2.9705079437237165
218	2.9705079437237165
219	2.9705079437237165
220	0.7863806873222623
221	0.7863806873222623
222	0.7863806873222623
223	0.7863806873222623
224	2.7591459221148686
225	2.7591459221148686
226	2.7591459221148686
227	2.7591459221148686
228	3.3220823104764023
229	3.3220823104764023
230	3.3220823104764023
231	3.3220823104764023
232	1.6573618762655518
233	1.6573618762655518
234	1.6573618762655518
235	1.6573618762655518
236	4.065569601672225
237	4.065569601672225
238	4.065569601672225
239	4.065569601672225
240	1.9652125323826706
241	1.9652125323826706
242	1.9652125323826706
243	1.9652125323826706
244	5.395927934549709
245	5.395927934549709
246	5.395927934549709
247	5.395927934549709
248	2.9669269314650593
249	2.9669269314650593
250	2.9669269314650593
251	2.9669269314650593
252	1.9514537013826962
253	1.9514537013826962
254	1.9514537013826962
255	1.9514537013826962
256	3.0142684961602053
257	3.0142684961602053
258	3.0142684961602053
259	3.0142684961602053
260	1.7254512177248496
261	1.7254512177248496
262	1.7254512177248496
263	1.7254512177248496
264	1.6881419049085347
265	1.6881419049085347
266	1.6881419049085347
267	1.6881419049085347
268	1.2798139906169255
269	1.2798139906169255
270	1.2798139906169255
271	1.2798139906169255
272	0.1
273	0.1
274	0.1
275	0.1
276	1.8914166967824315
277	1.8914166967824315
278	1.8914166967824315
279	1.8914166967824315
280	2.6413360696732764
281	2.6413360696732764
282	2.6413360696732764
283	2.6413360696732764
284	1.3525017777301684
285	1.3525017777301684
286	1.3525017777301684
287	1.3525017777301684
288	2.5864179884179688
289	2.5864179884179688
290	1.4824353369306047
291	1.4824353369306047
292	1.4824353369306047
293	1.4824353369306047
294	3.459567946664492
295	3.459567946664492
296	3.459567946664492
297	3.459567946664492
298	2.0991703033105082
299	2.0991703033105082
300	2.0991703033105082
301	2.0991703033105082
302	2.6347668992286235
303	2.6347668992286235
304	2.6347668992286235
305	2.733816638350386
306	2.733816638350386
307	2.733816638350386
308	2.733816638350386
309	1.4087196744208246
310	1.4087196744208246
311	1.4087196744208246
312	1.4087196744208246
313	0.9849860334364664
314	0.9849860334364664
315	0.9849860334364664
316	0.9849860334364664
317	1.6967654472228566
318	1.6967654472228566
319	1.6967654472228566
320	1.6967654472228566
321	1.8676768262490029
322	1.8676768262490029
323	1.8676768262490029
324	1.8676768262490029
325	2.8943964040490333
326	2.8943964040490333
327	0.9045485076728894
328	0.9045485076728894
329	0.9045485076728894
330	0.9045485076728894
331	0.1
332	0.1
333	0.1
334	0.1
335	1.354923763594256
336	1.354923763594256
337	1.354923763594256
338	1.354923763594256
339	1.1825228646864048
340	1.1825228646864048
341	1.1825228646864048
342	1.1825228646864048
343	2.2932077517278318
344	2.2932077517278318
345	2.2932077517278318
346	2.2932077517278318
347	0.6245860698735051
348	0.6245860698735051
349	0.6245860698735051
350	0.6245860698735051
351	1.4197774403943098
352	1.4197774403943098
353	1.4197774403943098
354	1.4197774403943098
355	0.5297051497902282
356	0.5297051497902282
357	0.5297051497902282
358	0.5297051497902282
359	0.6059429595798437
360	0.6059429595798437
361	0.6059429595798437
362	0.6059429595798437
363	1.3400055558450394
364	1.3400055558450394
365	1.3400055558450394
366	1.3400055558450394
367	1.0239166422867825
368	1.0239166422867825
369	1.0239166422867825
370	1.0239166422867825
371	1.2537474499660612
372	1.2537474499660612
373	1.2537474499660612
374	1.2537474499660612
375	1.7417676749077944
376	1.7417676749077944
377	1.7417676749077944
378	1.7417676749077944
379	1.5561971288797372
380	1.5561971288797372
381	1.5561971288797372
382	1.5561971288797372
383	0.9585957240659481
384	0.9585957240659481
385	0.9585957240659481
386	0.9585957240659481
387	1.336080135524581
388	1.336080135524581
389	1.336080135524581
390	1.336080135524581
391	0.8568158050004813
392	0.8568158050004813
393	0.8568158050004813
394	0.8568158050004813
395	0.9292866839839324
396	0.9292866839839324
397	0.9292866839839324
398	0.9292866839839324
399	0.7761381428892189
400	0.7761381428892189
401	0.7761381428892189
402	0.7761381428892189
403	0.8259048727729288
404	0.8259048727729288
405	0.8259048727729288
406	0.8259048727729288
407	0.8973385674901889
408	0.8973385674901889
409	4.870455744927394
410	4.870455744927394
411	4.870455744927394
412	4.870455744927394
413	4.707841606650638
414	4.707841606650638
415	4.707841606650638
416	4.707841606650638
417	3.8516606832569718
418	3.8516606832569718
419	3.8516606832569718
420	3.8516606832569718
421	1.2302966510017717
422	1.2302966510017717
423	1.2302966510017717
424	1.2302966510017717
425	2.493842769110616
426	2.493842769110616
427	2.493842769110616
428	2.493842769110616
429	3.6034214215769467
430	3.6034214215769467
431	3.6034214215769467
432	3.6034214215769467
433	2.56006339215575
434	2.56006339215575
435	2.56006339215575
436	2.56006339215575
437	3.8711014663670436
438	3.8711014663670436
439	3.8711014663670436
440	3.8711014663670436
441	2.9620178588888773
442	2.9620178588888773
443	2.9620178588888773
444	2.9620178588888773
445	3.7546706614322636
446	3.7546706614322636
447	3.7546706614322636
448	3.7546706614322636
449	8.298403494511433
450	8.298403494511433
451	8.298403494511433
452	8.298403494511433
453	1.6690178192402088
454	1.6690178192402088
455	1.6690178192402088
456	1.6690178192402088
457	5.437363953839274
458	5.437363953839274
459	5.437363953839274
460	5.437363953839274
461	3.7393736959174944
462	3.7393736959174944
463	3.7393736959174944
464	3.7393736959174944
465	3.1452676627689975
466	3.1452676627689975
467	3.1452676627689975
468	3.1452676627689975
469	3.4422726691756886
470	3.4422726691756886
471	3.4422726691756886
472	3.4422726691756886
473	2.2337843870639373
474	2.2337843870639373
475	2.2337843870639373
476	2.2337843870639373
477	2.1706527519593113
478	2.1706527519593113
479	2.1706527519593113
480	2.1706527519593113
481	0.4921642143338314
482	0.4921642143338314
483	0.4921642143338314
484	0.4921642143338314
485	2.3739356814039185
486	2.3739356814039185
487	2.3739356814039185
488	2.3739356814039185
489	3.5507315555001497
490	3.5507315555001497
491	3.5507315555001497
492	3.5507315555001497
493	4.1994548862053644
494	4.1994548862053644
495	4.1994548862053644
496	4.1994548862053644
497	1.7725306242963308
498	1.7725306242963308
499	1.7725306242963308
500	1.7725306242963308
501	4.102272276312733
502	4.102272276312733
503	4.102272276312733
504	4.102272276312733
505	2.7150880884766457
506	2.7150880884766457
507	2.7150880884766457
508	2.7150880884766457
509	3.832950675249543
510	3.832950675249543
511	3.832950675249543
512	3.832950675249543
513	3.863654738844989
514	3.863654738844989
515	3.863654738844989
516	3.863654738844989
517	3.620989666800052
518	3.620989666800052
519	3.620989666800052
520	3.620989666800052
521	3.243454654075314
522	3.243454654075314
523	3.243454654075314
524	3.243454654075314
525	3.9581294259735227
526	3.9581294259735227
527	3.9581294259735227
528	3.9581294259735227
529	1.7544732716758842
530	1.7544732716758842
531	1.7544732716758842
532	1.7544732716758842
533	2.0475845337766847
534	2.0475845337766847
535	2.0475845337766847
536	2.0475845337766847
537	3.2858510854766028
538	3.2858510854766028
539	3.2858510854766028
540	3.2858510854766028
541	2.267793619868154
542	2.267793619868154
543	2.267793619868154
544	2.267793619868154
545	3.0666207318171357
546	3.0666207318171357
547	3.0666207318171357
548	3.0666207318171357
549	1.8747849700322163
550	1.8747849700322163
551	1.8747849700322163
552	1.8747849700322163
553	4.785973742057244
554	4.785973742057244
555	4.785973742057244
556	4.785973742057244
557	1.4362877205528741
558	1.4362877205528741
559	1.4362877205528741
560	1.4362877205528741
561	2.0756575154907835
562	2.0756575154907835
563	2.0756575154907835
564	2.0756575154907835
565	1.3645325936915893
566	1.3645325936915893
567	1.3645325936915893
568	1.3645325936915893
569	1.3954276960571104
570	1.3954276960571104
571	1.3954276960571104
572	1.3954276960571104
573	3.043095547295189
574	3.043095547295189
575	3.043095547295189
576	3.043095547295189
577	3.6761263970327613
578	3.6761263970327613
579	3.6761263970327613
580	3.6761263970327613
581	2.1176516028266783
582	2.1176516028266783
583	2.1176516028266783
584	2.1176516028266783
585	0.7378449449259912
586	0.7378449449259912
587	0.7378449449259912
588	0.7378449449259912
589	3.911899886159439
590	3.911899886159439
591	3.911899886159439
592	3.911899886159439
593	0.9953486396341846
594	0.9953486396341846
595	0.9953486396341846
596	0.9953486396341846
597	3.7550576120294674
598	3.7550576120294674
599	3.7550576120294674
600	3.7550576120294674
601	4.006764599834232
602	4.006764599834232
603	4.006764599834232
604	4.006764599834232
605	1.7768876194583445
606	1.7768876194583445
607	1.7768876194583445
608	1.7768876194583445
609	2.410269287897796
610	2.410269287897796
611	2.410269287897796
612	2.410269287897796
613	2.6200013963500615
614	2.6200013963500615
615	2.6200013963500615
616	2.6200013963500615
617	6.045020038745924
618	6.045020038745924
619	6.045020038745924
620	6.045020038745924
621	3.1776283074144067
622	3.1776283074144067
623	3.1776283074144067
624	3.1776283074144067
625	4.934085603193714
626	4.934085603193714
627	4.934085603193714
628	4.934085603193714
629	1.3783946562921856
630	1.3783946562921856
631	1.3783946562921856
632	1.3783946562921856
633	3.5895780230366805
634	3.5895780230366805
635	3.5895780230366805
636	3.5895780230366805
637	2.48919090123025
638	2.48919090123025
639	2.48919090123025
640	2.48919090123025
641	1.1688122299876673
642	1.1688122299876673
643	1.1688122299876673
644	1.1688122299876673
645	3.6505772794982807
646	3.6505772794982807
647	3.6505772794982807
648	3.6505772794982807
649	3.686108172306257
650	3.686108172306257
651	3.686108172306257
652	3.686108172306257
653	5.544966353110324
654	5.544966353110324
655	5.544966353110324
656	5.544966353110324
657	2.7087699257936113
658	2.7087699257936113
659	2.7087699257936113
660	2.7087699257936113
661	2.7385898194738436
662	2.7385898194738436
663	2.7385898194738436
664	2.7385898194738436
665	3.1816785523088686
666	3.1816785523088686
667	3.1816785523088686
668	3.1816785523088686
669	3.0820138701894972
670	3.0820138701894972
671	3.0820138701894972
672	3.0820138701894972
673	3.93725482334127
674	3.93725482334127
675	3.93725482334127
676	3.93725482334127
677	2.4375349723474686
678	2.4375349723474686
679	2.4375349723474686
680	2.4375349723474686
681	4.187945594795016
682	4.187945594795016
683	4.187945594795016
684	4.187945594795016
685	6.083515475896814
686	6.083515475896814
687	6.083515475896814
688	6.083515475896814
689	2.5811178718577827
690	2.5811178718577827
691	2.5811178718577827
692	2.5811178718577827
693	3.895570084950501
694	3.895570084950501
695	3.895570084950501
696	3.895570084950501
697	2.1681577450090908
698	2.1681577450090908
699	2.1681577450090908
700	2.1681577450090908
701	3.2080736799944263
702	3.2080736799944263
703	3.2080736799944263
704	3.2080736799944263
705	3.817199955773579
706	3.817199955773579
707	3.817199955773579
708	3.817199955773579
709	4.237661715585462
710	4.237661715585462
711	4.237661715585462
712	4.237661715585462
713	6.038392838413837
714	6.038392838413837
715	6.038392838413837
716	6.038392838413837
717	2.974649091790115
718	2.974649091790115
719	2.974649091790115
720	2.974649091790115
721	2.3337969209368685
722	2.3337969209368685
723	2.3337969209368685
724	2.3337969209368685
725	3.5389265176344593
726	3.5389265176344593
727	3.5389265176344593
728	3.5389265176344593
729	0.1
730	0.1
731	0.1
732	0.1
733	1.8954690918432875
734	1.8954690918432875
735	1.8954690918432875
736	1.8954690918432875
737	3.5763916739113024
738	3.5763916739113024
739	3.5763916739113024
740	3.5763916739113024
741	3.761890721427905
742	3.761890721427905
743	3.761890721427905
744	3.761890721427905
745	1.7550540859882007
746	1.7550540859882007
747	1.7550540859882007
748	1.7550540859882007
749	4.162055208879061
750	4.162055208879061
751	4.162055208879061
752	4.162055208879061
753	1.4227671130065846
754	4.092415638148114
755	4.092415638148114
756	4.092415638148114
757	4.092415638148114
758	7.0252123261045
759	7.0252123261045
760	7.0252123261045
761	7.0252123261045
762	3.9954822044327054
763	3.9954822044327054
764	3.9954822044327054
765	3.9954822044327054
766	1.4132602962143639
767	1.4132602962143639
768	1.4132602962143639
769	1.4132602962143639
770	3.5744308715018076
771	3.5744308715018076
772	3.5744308715018076
773	3.5744308715018076
774	2.603674750312229
775	2.603674750312229
776	2.603674750312229
777	2.603674750312229
778	3.4161674207376134
779	3.4161674207376134
780	3.4161674207376134
781	3.4161674207376134
782	3.7783269146605107
783	3.7783269146605107
784	3.7783269146605107
785	3.7783269146605107
786	3.495933568220395
787	3.495933568220395
788	3.495933568220395
789	3.495933568220395
790	2.4011068127741066
791	2.4011068127741066
792	2.4011068127741066
793	2.4011068127741066
794	5.093738856871622
795	5.093738856871622
796	1.1545539214124823
797	1.1545539214124823
798	1.1545539214124823
799	1.1545539214124823
800	1.396500065836152
801	1.396500065836152
802	1.396500065836152
803	1.396500065836152
804	0.8245041996688359
805	0.8245041996688359
806	0.8245041996688359
807	0.8245041996688359
808	1.9742901851595778
809	1.9742901851595778
810	1.9742901851595778
811	1.9742901851595778
812	1.0875822686301386
813	1.0875822686301386
814	1.0875822686301386
815	1.0875822686301386
816	1.3264479144889179
817	1.3264479144889179
818	1.3264479144889179
819	1.3264479144889179
820	1.720189477593635
821	1.720189477593635
822	1.720189477593635
823	0.18317370435351385
824	0.18317370435351385
825	0.18317370435351385
826	0.18317370435351385
827	0.17423598819968117
828	0.17423598819968117
829	0.17423598819968117
830	0.17423598819968117
831	0.22297120715662025
832	0.22297120715662025
833	0.22297120715662025
834	0.22297120715662025
835	0.19191496500094937
836	0.19191496500094937
837	0.19191496500094937
838	0.19191496500094937
839	0.3158134189819357
840	0.3158134189819357
841	0.3158134189819357
842	0.3158134189819357
843	0.2605105564526345
844	0.2605105564526345
845	0.2605105564526345
846	0.2605105564526345
847	0.18013899724942248
848	0.18013899724942248
849	0.18013899724942248
850	0.18013899724942248
851	0.24128993227226578
852	1.7112138606050924
853	1.7112138606050924
854	1.7112138606050924
855	1.7112138606050924
856	1.973824427321075
857	1.973824427321075
858	1.973824427321075
859	1.973824427321075
860	1.762937760276499
861	1.762937760276499
862	1.762937760276499
863	1.762937760276499
864	2.8970009029376946
865	2.8970009029376946
866	2.8970009029376946
867	2.8970009029376946
868	1.4872712253291351
869	1.4872712253291351
870	1.4872712253291351
871	1.4872712253291351
872	2.782071245291093
873	2.782071245291093
874	2.782071245291093
875	2.782071245291093
876	0.9047358979133402
877	0.9047358979133402
878	0.9047358979133402
879	0.9047358979133402
880	3.865153048647243
881	3.865153048647243
882	3.865153048647243
883	3.865153048647243
884	3.626865383042931
885	3.626865383042931
886	3.626865383042931
887	3.626865383042931
888	3.349669464328813
889	3.349669464328813
890	3.349669464328813
891	3.349669464328813
892	1.4325951127695358
893	1.4325951127695358
894	1.4325951127695358
895	1.4325951127695358
896	1.7968358730322394
897	1.7968358730322394
898	1.7968358730322394
899	1.7968358730322394
900	2.2445290204249613
901	2.2445290204249613
902	2.2445290204249613
903	2.2445290204249613
904	3.5812500873364477
905	3.5812500873364477
906	3.5812500873364477
907	3.5812500873364477
908	3.7771264736584396
909	3.7771264736584396
910	3.7771264736584396
911	3.7771264736584396
912	0.8076960553786632
913	0.4796104117807421
914	0.4796104117807421
915	0.4796104117807421
916	0.4796104117807421
917	0.9665136181476319
918	0.9665136181476319
919	0.9665136181476319
920	0.9665136181476319
921	0.6722552092841724
922	0.6722552092841724
923	0.6722552092841724
924	0.6722552092841724
925	0.554707375417782
926	0.554707375417782
927	0.554707375417782
928	0.554707375417782
929	0.3654741488443262
930	0.3654741488443262
931	0.3654741488443262
932	0.3654741488443262
933	0.1
934	0.1
935	0.1
936	0.1
937	1.0289109309124433
938	1.0289109309124433
939	1.0289109309124433
940	1.0289109309124433
941	0.266026462951509
942	0.266026462951509
943	0.266026462951509
944	0.266026462951509
945	0.6748005500985839
946	0.6748005500985839
947	0.6748005500985839
948	0.6748005500985839
949	0.29388352921754884
950	0.29388352921754884
951	0.29388352921754884
952	0.29388352921754884
953	0.5455443430316371
954	0.5455443430316371
955	0.5455443430316371
956	0.5455443430316371
957	0.692626236245757
958	0.692626236245757
959	0.692626236245757
960	0.692626236245757
961	0.7715258787245666
962	0.7715258787245666
963	0.7715258787245666
964	0.7715258787245666
965	0.7780161228474393
966	0.7780161228474393
967	0.7780161228474393
968	0.7780161228474393
969	1.0371173997399445
970	1.0371173997399445
971	1.0371173997399445
972	1.0371173997399445
973	1.0476972981795465
974	1.0476972981795465
975	1.0476972981795465
976	1.0476972981795465
977	0.40941381021597434
978	0.40941381021597434
979	0.40941381021597434
980	0.40941381021597434
981	0.48272350075231385
982	0.48272350075231385
983	0.48272350075231385
984	0.48272350075231385
985	0.1
986	0.1
987	0.1
988	0.1
989	0.3493769225028347
990	0.3493769225028347
991	0.3493769225028347
992	0.3493769225028347
993	0.29832006681276646
994	0.29832006681276646
995	0.29832006681276646
996	0.29832006681276646
997	0.5465838348193967
998	0.5465838348193967
999	1.4765731127935047
1000	1.4765731127935047
1001	1.4765731127935047
1002	1.4765731127935047
1003	1.8123304314235984
1004	1.8123304314235984
1005	1.8123304314235984
1006	1.8123304314235984
1007	2.0524830742196594
1008	2.0524830742196594
1009	2.0524830742196594
1010	2.0524830742196594
1011	1.4322194458012394
1012	1.4322194458012394
1013	1.4322194458012394
1014	1.4322194458012394
1015	1.2647766113292245
1016	1.2647766113292245
1017	1.2647766113292245
1018	1.2647766113292245
1019	1.773944254554355
1020	1.773944254554355
1021	1.773944254554355
1022	1.773944254554355
1023	1.9424685964221635
1024	1.9424685964221635
1025	1.9424685964221635
1026	2.4379201193622144
1027	2.4379201193622144
1028	2.4379201193622144
1029	2.4379201193622144
1030	4.145698934285027
1031	4.145698934285027
1032	4.145698934285027
1033	4.145698934285027
1034	0.9791085312861332
1035	0.9791085312861332
1036	0.9791085312861332
1037	0.9791085312861332
1038	2.154119649921051
1039	2.154119649921051
1040	2.154119649921051
1041	2.154119649921051
1042	3.9597719956154807
1043	3.9597719956154807
1044	3.9597719956154807
1045	3.9597719956154807
1046	3.40496719986163
1047	3.40496719986163
1048	3.40496719986163
1049	3.40496719986163
1050	3.89051478881927
1051	3.89051478881927
1052	3.89051478881927
1053	3.89051478881927
1054	2.57521484951014
1055	2.57521484951014
1056	0.7131653261806715
1057	0.7131653261806715
1058	0.7131653261806715
1059	0.7131653261806715
1060	1.4994284743403317
1061	1.4994284743403317
1062	1.350555186342144
1063	1.350555186342144
1064	1.350555186342144
1065	1.350555186342144
1066	3.6040464432704216
1067	3.6040464432704216
1068	3.6040464432704216
1069	3.6040464432704216
1070	2.376927313356875
1071	2.376927313356875
1072	2.376927313356875
1073	2.376927313356875
1074	1.722500720631055
1075	1.722500720631055
1076	1.722500720631055
1077	1.722500720631055
1078	4.415832656858509
1079	4.415832656858509
1080	4.415832656858509
1081	4.415832656858509
1082	1.0161399921949616
1083	1.0161399921949616
1084	1.0161399921949616
1085	1.0161399921949616
1086	0.6322138578973422
1087	0.6322138578973422
1088	0.6322138578973422
1089	0.6322138578973422
1090	1.352272503190327
1091	1.352272503190327
1092	1.352272503190327
1093	1.352272503190327
1094	1.9918153918350487
1095	1.9918153918350487
1096	1.9918153918350487
1097	1.9918153918350487
1098	1.2674352084162819
1099	1.2674352084162819
1100	1.2674352084162819
1101	1.2674352084162819
1102	1.9537220742401191
1103	1.9537220742401191
1104	1.9537220742401191
1105	1.9537220742401191
1106	0.1
1107	0.1
1108	0.1
1109	0.1
1110	1.5520776003404357
1111	1.5520776003404357
1112	1.5520776003404357
1113	1.5520776003404357
1114	3.2743688888238704
1115	3.2743688888238704
1116	3.2743688888238704
1117	3.2743688888238704
1118	2.3977747883748375
1119	2.3977747883748375
1120	2.3977747883748375
1121	2.3977747883748375
1122	2.2459696122714035
1123	2.2459696122714035
1124	2.2459696122714035
1125	2.2459696122714035
1126	2.437307282748635
1127	2.437307282748635
1128	2.437307282748635
1129	2.437307282748635
1130	1.6954674256353965
1131	1.6954674256353965
1132	1.6954674256353965
1133	1.6954674256353965
1134	3.6820750572424426
1135	3.6820750572424426
1136	3.6820750572424426
1137	3.6820750572424426
1138	2.613727238411389
1139	0.7119343563101503
1140	0.7119343563101503
1141	0.7119343563101503
1142	0.7119343563101503
1143	1.8853590696560527
1144	1.8853590696560527
1145	1.8853590696560527
1146	1.8853590696560527
1147	1.9861517958812303
1148	1.9861517958812303
1149	1.9861517958812303
1150	1.9861517958812303
1151	1.207647502084864
1152	1.207647502084864
1153	1.207647502084864
1154	1.207647502084864
1155	1.9613023893882935
1156	1.9613023893882935
1157	1.9613023893882935
1158	1.9613023893882935
1159	1.473917833317194
1160	1.473917833317194
1161	1.473917833317194
1162	1.473917833317194
1163	2.2968107538103486
1164	2.2968107538103486
1165	2.2968107538103486
1166	2.2968107538103486
1167	1.94665691934862
1168	1.94665691934862
1169	1.94665691934862
1170	1.94665691934862
1171	1.449011505940717
1172	1.449011505940717
1173	1.449011505940717
1174	1.449011505940717
1175	1.1634725339233034
1176	1.1634725339233034
1177	1.1634725339233034
1178	1.1634725339233034
1179	1.9314908211852728
1180	1.9314908211852728
1181	1.9314908211852728
1182	1.9314908211852728
1183	1.739032248540159
1184	1.739032248540159
1185	1.739032248540159
1186	1.739032248540159
1187	1.3175643066238192
1188	1.3175643066238192
1189	1.3175643066238192
1190	1.3175643066238192
1191	1.3303684512138503
1192	1.3303684512138503
1193	1.3303684512138503
1194	1.3303684512138503
1195	1.9930064499394278
1196	3.9394815973509303
1197	3.9394815973509303
1198	3.9394815973509303
1199	3.9394815973509303
1200	6.125103248631385
1201	6.125103248631385
1202	6.057869930568845
1203	6.057869930568845
1204	6.057869930568845
1205	6.057869930568845
1206	5.703653063915534
1207	5.703653063915534
1208	5.703653063915534
1209	5.703653063915534
1210	6.345564701269547
1211	6.345564701269547
1212	6.345564701269547
1213	6.345564701269547
1214	4.607806734004401
1215	4.607806734004401
1216	4.607806734004401
1217	4.607806734004401
1218	8.990108957535783
1219	8.990108957535783
1220	8.990108957535783
1221	8.990108957535783
1222	3.9652547133721705
1223	3.9652547133721705
1224	3.9652547133721705
1225	3.9652547133721705
1226	4.9264525139656445
1227	4.9264525139656445
1228	4.9264525139656445
1229	4.9264525139656445
1230	5.073201333186022
1231	5.073201333186022
1232	5.073201333186022
1233	5.073201333186022
1234	5.655799462264879
1235	5.655799462264879
1236	5.655799462264879
1237	5.655799462264879
1238	6.001164584083552
1239	6.001164584083552
1240	6.001164584083552
1241	6.001164584083552
1242	4.451492941861037
1243	4.451492941861037
1244	4.451492941861037
1245	4.451492941861037
1246	2.829889150924857
1247	2.829889150924857
1248	2.829889150924857
1249	2.829889150924857
1250	4.547750161164971
1251	4.547750161164971
1252	4.547750161164971
1253	4.547750161164971
1254	2.8285038191683642
1255	2.8285038191683642
1256	2.8285038191683642
1257	2.8285038191683642
1258	3.4054960583945255
1259	3.4054960583945255
1260	3.4054960583945255
1261	2.6971988118771275
1262	2.6971988118771275
1263	2.6971988118771275
1264	2.6971988118771275
1265	2.2022202814100487
1266	2.2022202814100487
1267	2.2022202814100487
1268	2.2022202814100487
1269	2.5121552736710906
1270	2.5121552736710906
1271	2.5121552736710906
1272	2.5121552736710906
1273	2.6942351494942205
1274	2.6942351494942205
1275	2.6942351494942205
1276	2.6942351494942205
1277	2.4222853032993634
1278	2.4222853032993634
1279	2.4222853032993634
1280	2.4222853032993634
1281	0.8038472632040887
1282	0.8038472632040887
1283	0.8038472632040887
1284	0.8038472632040887
1285	2.419622479458077
1286	2.419622479458077
1287	2.419622479458077
1288	2.419622479458077
1289	2.9764930363656292
1290	2.9764930363656292
1291	2.9764930363656292
1292	2.9764930363656292
1293	2.0320142184629506
1294	2.0320142184629506
1295	2.0320142184629506
1296	2.0320142184629506
1297	2.7176018583873485
1298	2.7176018583873485
1299	2.7176018583873485
1300	2.7176018583873485
1301	2.1065471470881394
1302	2.1065471470881394
1303	2.1065471470881394
1304	2.1065471470881394
1305	1.7196281656615442
1306	1.7196281656615442
1307	1.7196281656615442
1308	1.7196281656615442
1309	1.7793936923468636
1310	1.7793936923468636
1311	1.7793936923468636
1312	1.7793936923468636
1313	2.422559759872672
1314	2.422559759872672
1315	2.422559759872672
1316	2.422559759872672
1317	1.7998185424258837
1318	1.7998185424258837
1319	1.7998185424258837
1320	1.7998185424258837
1321	1.9015223378028079
1322	1.9015223378028079
1323	1.9015223378028079
1324	1.9015223378028079
1325	2.1729533685865867
1326	2.1729533685865867
1327	2.1729533685865867
1328	2.1729533685865867
1329	2.5681758810785515
1330	2.5681758810785515
1331	2.5681758810785515
1332	2.5681758810785515
1333	1.8719425032296086
1334	1.8719425032296086
1335	1.8719425032296086
1336	1.8719425032296086
1337	1.1507749105214478
1338	1.1507749105214478
1339	1.1507749105214478
1340	1.1507749105214478
1341	2.3398446271467077
1342	2.3398446271467077
1343	2.3398446271467077
1344	2.3398446271467077
1345	2.9390987054965336
1346	2.9390987054965336
1347	2.9390987054965336
1348	3.2071483060071406
1349	3.2071483060071406
1350	3.2071483060071406
1351	3.2071483060071406
1352	1.8097257431599747
1353	1.8097257431599747
1354	1.8097257431599747
1355	1.8097257431599747
1356	1.056087037677584
1357	1.056087037677584
1358	1.056087037677584
1359	1.056087037677584
1360	1.5312440887423522
1361	1.5312440887423522
1362	1.5312440887423522
1363	1.5312440887423522
1364	1.808007095815232
1365	1.808007095815232
1366	1.808007095815232
1367	1.808007095815232
1368	1.5056809145259142
1369	1.5056809145259142
1370	1.5056809145259142
1371	1.5056809145259142
1372	0.9599868463100097
1373	0.9599868463100097
1374	0.9599868463100097
1375	0.9599868463100097
1376	0.8448961289940042
1377	0.8448961289940042
1378	0.8448961289940042
1379	0.8448961289940042
1380	0.9667112120674449
1381	0.9667112120674449
1382	0.9667112120674449
1383	0.9667112120674449
1384	0.528802078097478
1385	0.528802078097478
1386	0.528802078097478
1387	0.528802078097478
1388	2.217014225003158
1389	2.217014225003158
1390	2.217014225003158
1391	2.217014225003158
1392	2.142429283210976
1393	2.142429283210976
1394	2.142429283210976
1395	2.142429283210976
1396	1.9496927000758597
1397	1.9496927000758597
1398	1.9496927000758597
1399	1.9496927000758597
1400	2.141999740734364
1401	2.141999740734364
1402	2.141999740734364
1403	2.141999740734364
1404	2.0304081309544015
1405	2.0304081309544015
1406	2.0304081309544015
1407	2.0304081309544015
1408	2.0063982848178243
1409	2.0063982848178243
1410	2.0063982848178243
1411	2.0063982848178243
1412	1.1726261919035614
1413	1.1726261919035614
1414	1.1726261919035614
1415	1.1726261919035614
1416	1.8129435228536384
1417	1.8129435228536384
1418	1.8129435228536384
1419	1.8129435228536384
1420	1.403953873799947
1421	1.403953873799947
1422	1.403953873799947
1423	1.403953873799947
1424	2.0608649438622586
1425	2.0608649438622586
1426	2.0608649438622586
1427	2.0608649438622586
1428	1.1700088298431754
1429	1.1700088298431754
1430	1.1700088298431754
1431	1.1700088298431754
1432	0.1
1433	0.1
1434	0.1
1435	0.1
1436	1.153599573751174
1437	1.153599573751174
1438	1.153599573751174
1439	1.153599573751174
1440	2.104455533418845
1441	2.104455533418845
1442	2.104455533418845
1443	2.104455533418845
1444	2.1965791609547582
1445	2.1965791609547582
1446	2.1965791609547582
1447	2.1965791609547582
1448	1.491770018641125
1449	1.491770018641125
1450	1.491770018641125
1451	1.491770018641125
1452	1.5093580574851448
1453	1.5093580574851448
1454	1.5093580574851448
1455	1.5093580574851448
1456	0.5193089618427842
1457	0.5193089618427842
1458	0.5193089618427842
1459	2.67509596291404
1460	2.67509596291404
1461	2.67509596291404
1462	2.67509596291404
1463	4.48543800438614
1464	4.48543800438614
1465	4.48543800438614
1466	4.48543800438614
1467	3.0863787127506006
1468	3.0863787127506006
1469	3.0863787127506006
1470	3.0863787127506006
1471	6.7382659283702075
1472	6.7382659283702075
1473	6.7382659283702075
1474	6.7382659283702075
1475	5.3008253318797784
1476	5.3008253318797784
1477	5.3008253318797784
1478	5.3008253318797784
1479	3.6596025813407596
1480	3.6596025813407596
1481	3.6596025813407596
1482	3.6596025813407596
1483	6.005911970984843
1484	6.005911970984843
1485	6.005911970984843
1486	6.005911970984843
1487	3.268055140820782
1488	3.268055140820782
1489	3.268055140820782
1490	3.268055140820782
1491	0.6348928787921619
1492	0.6348928787921619
1493	0.6348928787921619
1494	0.6348928787921619
1495	3.7783074789250413
1496	3.7783074789250413
1497	3.7783074789250413
1498	3.7783074789250413
1499	4.398232679429937
1500	4.398232679429937
1501	4.398232679429937
1502	4.398232679429937
1503	2.230150013600724
1504	2.230150013600724
1505	2.230150013600724
1506	2.230150013600724
1507	6.062217840486245
1508	6.062217840486245
1509	6.062217840486245
1510	6.062217840486245
1511	1.2415113478781583
1512	2.5422137516475027
1513	2.5422137516475027
1514	2.5422137516475027
1515	2.5422137516475027
1516	2.1562918662057973
1517	2.1562918662057973
1518	2.1562918662057973
1519	2.1562918662057973
1520	1.9301736774565323
1521	1.9301736774565323
1522	1.9301736774565323
1523	1.9301736774565323
1524	2.0276615197394587
1525	2.0276615197394587
1526	2.0276615197394587
1527	2.0276615197394587
1528	1.7346876474848587
1529	1.7346876474848587
1530	1.7346876474848587
1531	1.7346876474848587
1532	1.8357406190947037
1533	1.8357406190947037
1534	1.8357406190947037
1535	1.8357406190947037
1536	1.0844538839539317
1537	1.0844538839539317
1538	1.0844538839539317
1539	1.0844538839539317
1540	2.303039718631249
1541	2.303039718631249
1542	2.303039718631249
1543	2.303039718631249
1544	3.381850453663842
1545	3.381850453663842
1546	3.381850453663842
1547	3.381850453663842
1548	2.8912578798991855
1549	2.8912578798991855
1550	2.8912578798991855
1551	2.8912578798991855
1552	0.8724408362841396
1553	0.8724408362841396
1554	0.8724408362841396
1555	0.8724408362841396
1556	1.780949855577877
1557	1.780949855577877
1558	1.780949855577877
1559	1.780949855577877
1560	0.25745447364144036
1561	0.25745447364144036
1562	0.25745447364144036
1563	0.25745447364144036
1564	1.9456009172931414
1565	1.9456009172931414
1566	1.9456009172931414
1567	1.9456009172931414
1568	1.5568514955926531
1569	1.5568514955926531
1570	1.5568514955926531
1571	1.5568514955926531
1572	1.9556866146152814
1573	1.9556866146152814
1574	1.9556866146152814
1575	1.9556866146152814
1576	3.8506352491751596
1577	3.8506352491751596
1578	3.8506352491751596
1579	3.8506352491751596
1580	2.2623211876465605
1581	2.2623211876465605
1582	2.2623211876465605
1583	2.2623211876465605
1584	3.5622491817046233
1585	3.5622491817046233
1586	3.5622491817046233
1587	3.5622491817046233
1588	3.577582879059671
1589	3.577582879059671
1590	3.577582879059671
1591	3.577582879059671
1592	1.55125131189355
1593	1.55125131189355
1594	1.55125131189355
1595	1.55125131189355
1596	3.1223718804628233
1597	3.1223718804628233
1598	3.1223718804628233
1599	3.1223718804628233
1600	1.3374961378754917
1601	1.3374961378754917
1602	1.3374961378754917
1603	1.3374961378754917
1604	2.466913382447795
1605	2.466913382447795
1606	2.466913382447795
1607	2.466913382447795
1608	1.7726415952639425
1609	1.7726415952639425
1610	1.7726415952639425
1611	1.7726415952639425
1612	3.067892923319017
1613	3.067892923319017
1614	3.067892923319017
1615	3.067892923319017
1616	1.5199924108212057
1617	1.5199924108212057
1618	1.5199924108212057
1619	1.5199924108212057
1620	2.1853364434623077
1621	2.1853364434623077
1622	2.1853364434623077
1623	2.1853364434623077
1624	3.7113901467221564
1625	3.7113901467221564
1626	3.7113901467221564
1627	3.7113901467221564
1628	2.1915535887352524
1629	2.1915535887352524
1630	2.1915535887352524
1631	2.1915535887352524
1632	0.1
1633	0.1
1634	0.1
1635	0.1
1636	1.3401481749021096
1637	1.3401481749021096
1638	1.3401481749021096
1639	1.3401481749021096
1640	2.493185130896583
1641	2.493185130896583
1642	2.493185130896583
1643	2.493185130896583
1644	2.6498721109201124
1645	2.6498721109201124
1646	2.6498721109201124
1647	2.6498721109201124
1648	1.973871796040648
1649	1.973871796040648
1650	1.973871796040648
1651	1.973871796040648
1652	2.491342725415356
1653	2.491342725415356
1654	2.491342725415356
1655	2.491342725415356
1656	1.8616363844189143
1657	1.8616363844189143
1658	1.8616363844189143
1659	1.8616363844189143
1660	1.7847812266438834
1661	1.7847812266438834
1662	1.7847812266438834
1663	1.7847812266438834
1664	3.3915001532207287
1665	3.3915001532207287
1666	3.3915001532207287
1667	3.3915001532207287
1668	1.3971039134505905
1669	1.3971039134505905
1670	1.3971039134505905
1671	1.3971039134505905
1672	1.9795171810565726
1673	1.9795171810565726
1674	1.9795171810565726
1675	1.9795171810565726
1676	3.023297710597764
1677	3.023297710597764
1678	3.023297710597764
1679	3.023297710597764
1680	2.669721735061058
1681	2.669721735061058
1682	2.669721735061058
1683	2.669721735061058
1684	3.286289484802804
1685	3.286289484802804
1686	3.286289484802804
1687	3.286289484802804
1688	2.011331354153134
1689	2.011331354153134
1690	2.011331354153134
1691	2.011331354153134
1692	1.9271390393255374
1693	1.9271390393255374
1694	1.9271390393255374
1695	1.9271390393255374
1696	1.5600974039567026
1697	1.5600974039567026
1698	1.5600974039567026
1699	1.5600974039567026
1700	2.135809755401292
1701	2.135809755401292
1702	2.135809755401292
1703	2.135809755401292
1704	3.8089544691237562
1705	3.8089544691237562
1706	3.8089544691237562
1707	3.8089544691237562
1708	3.2640795504778675
1709	3.2640795504778675
1710	3.2640795504778675
1711	3.2640795504778675
1712	0.7623131137248087
1713	0.7623131137248087
1714	0.7623131137248087
1715	0.7623131137248087
1716	2.4085942816260135
1717	2.4085942816260135
1718	2.4085942816260135
1719	2.4085942816260135
1720	2.301852538718542
1721	2.301852538718542
1722	2.301852538718542
1723	2.301852538718542
1724	2.4537121850711983
1725	2.4537121850711983
1726	2.4537121850711983
1727	0.8340613242323043
1728	0.8340613242323043
1729	0.8340613242323043
1730	0.8340613242323043
1731	0.7822487677554775
1732	0.7822487677554775
1733	0.7822487677554775
1734	0.7822487677554775
1735	1.4357827907612535
1736	1.4357827907612535
1737	1.4357827907612535
1738	1.4357827907612535
1739	1.5065349547347775
1740	1.5065349547347775
1741	1.5065349547347775
1742	1.5065349547347775
1743	0.29749317464833613
1744	0.29749317464833613
1745	0.29749317464833613
1746	0.29749317464833613
1747	1.0215076515046588
1748	1.0215076515046588
1749	1.0215076515046588
1750	1.0215076515046588
1751	1.280110985755038
1752	1.280110985755038
1753	1.280110985755038
1754	1.280110985755038
1755	1.1770410806295237
1756	1.1770410806295237
1757	1.1770410806295237
1758	1.1770410806295237
1759	1.2318724125064349
1760	1.2318724125064349
1761	1.2318724125064349
1762	2.2260334321769886
1763	2.2260334321769886
1764	2.2260334321769886
1765	2.2260334321769886
1766	1.8628385855433902
1767	1.8628385855433902
1768	1.8628385855433902
1769	1.8628385855433902
1770	1.5305764496888836
1771	1.5305764496888836
1772	1.5305764496888836
1773	1.5305764496888836
1774	1.7643967142985892
1775	1.7643967142985892
1776	1.7643967142985892
1777	1.1616166134320416
1778	1.1616166134320416
1779	1.1616166134320416
1780	1.1616166134320416
1781	2.081173213760933
1782	2.081173213760933
1783	2.081173213760933
1784	2.081173213760933
1785	0.4890918246152476
1786	0.4890918246152476
1787	0.4890918246152476
1788	0.4890918246152476
1789	2.039206296609537
1790	2.039206296609537
1791	2.039206296609537
1792	2.039206296609537
1793	1.9064163875383018
1794	1.9064163875383018
1795	1.9064163875383018
1796	1.9064163875383018
1797	1.2793633687876997
1798	1.2793633687876997
1799	1.2793633687876997
1800	1.2793633687876997
1801	1.8498200741842514
1802	1.8498200741842514
1803	1.8498200741842514
1804	1.8498200741842514
1805	1.853502113717426
1806	1.853502113717426
1807	1.853502113717426
1808	1.853502113717426
1809	0.6378328617089792
1810	0.6378328617089792
1811	0.6378328617089792
1812	0.6378328617089792
1813	2.005987666344677
1814	2.005987666344677
1815	2.005987666344677
1816	2.005987666344677
1817	1.4984279553642255
1818	1.4984279553642255
1819	1.4984279553642255
1820	1.4984279553642255
1821	1.2487384617426667
1822	1.2487384617426667
1823	1.2487384617426667
1824	1.2487384617426667
1825	0.9532472577331228
1826	0.9532472577331228
1827	0.9532472577331228
1828	0.9532472577331228
1829	1.6751811450219303
1830	1.6751811450219303
1831	1.6751811450219303
1832	1.6751811450219303
1833	1.4106837745219236
1834	1.4106837745219236
1835	1.4106837745219236
1836	1.4106837745219236
1837	1.6588325930586845
1838	1.6588325930586845
1839	1.6588325930586845
1840	1.6588325930586845
1841	1.1770503017569078
1842	1.1770503017569078
1843	1.1770503017569078
1844	1.1770503017569078
1845	1.9219779502413072
1846	1.9219779502413072
1847	1.9219779502413072
1848	1.9219779502413072
1849	0.6594880404834268
1850	0.6594880404834268
1851	0.6594880404834268
1852	0.6594880404834268
1853	1.7812492428632398
1854	1.7812492428632398
1855	1.7812492428632398
1856	1.7812492428632398
1857	1.401061063369031
1858	1.401061063369031
1859	1.401061063369031
1860	1.401061063369031
1861	1.9041097919456338
1862	1.9041097919456338
1863	1.9041097919456338
1864	1.9041097919456338
1865	1.6387374830532628
1866	1.6387374830532628
1867	1.6387374830532628
1868	1.6387374830532628
1869	1.1523567600895335
1870	1.1523567600895335
1871	1.1523567600895335
1872	1.1523567600895335
1873	1.0961996558022384
1874	1.0961996558022384
1875	1.0961996558022384
1876	1.0961996558022384
1877	1.48509718545317
1878	1.48509718545317
1879	1.48509718545317
1880	1.48509718545317
1881	0.7149157770972286
1882	0.7149157770972286
1883	0.7149157770972286
1884	0.7149157770972286
1885	1.2754051639945625
1886	1.2754051639945625
1887	1.2754051639945625
1888	1.2754051639945625
1889	2.2711081034928675
1890	2.2711081034928675
1891	2.2711081034928675
1892	2.2711081034928675
1893	1.4534874210089805
1894	1.4534874210089805
1895	1.4534874210089805
1896	1.4534874210089805
1897	1.296235271210309
1898	1.296235271210309
1899	1.296235271210309
1900	1.296235271210309
1901	0.8113220252009502
1902	0.8113220252009502
1903	0.8113220252009502
1904	0.8113220252009502
1905	2.7693342844507036
1906	2.7693342844507036
1907	2.7693342844507036
1908	2.7693342844507036
1909	4.708565053839263
1910	4.708565053839263
1911	4.708565053839263
1912	4.708565053839263
1913	3.1133319374584385
1914	3.1133319374584385
1915	3.1133319374584385
1916	3.1133319374584385
1917	5.702903253591999
1918	5.702903253591999
1919	5.702903253591999
1920	5.702903253591999
1921	3.949648483153027
1922	3.949648483153027
1923	3.949648483153027
1924	3.949648483153027
1925	5.229574046492904
1926	5.229574046492904
1927	5.229574046492904
1928	5.229574046492904
1929	0.5416147365936927
1930	0.5416147365936927
1931	1.5152186756284594
1932	1.5152186756284594
1933	1.5152186756284594
1934	1.5152186756284594
1935	2.0548567452088125
1936	2.0548567452088125
1937	2.0548567452088125
1938	2.0548567452088125
1939	4.4675939598478145
1940	4.4675939598478145
1941	4.4675939598478145
1942	4.4675939598478145
1943	3.007004566915178
1944	3.007004566915178
1945	3.007004566915178
1946	3.007004566915178
1947	1.6665165421859114
1948	1.6665165421859114
1949	1.6665165421859114
1950	1.6665165421859114
1951	1.2410020244966793
1952	1.2410020244966793
1953	1.2410020244966793
1954	1.2410020244966793
1955	1.9097057499414003
1956	1.9097057499414003
1957	1.9097057499414003
1958	1.9097057499414003
1959	2.509258232865081
1960	2.509258232865081
1961	2.509258232865081
1962	2.509258232865081
1963	1.0513798078791552
1964	1.0513798078791552
1965	1.0513798078791552
1966	1.0513798078791552
1967	1.9711753448449079
1968	1.9711753448449079
1969	1.9711753448449079
1970	1.9711753448449079
1971	2.3881068412834283
1972	2.3881068412834283
1973	2.3881068412834283
1974	2.3881068412834283
1975	1.1079798675713655
1976	1.1079798675713655
1977	1.1079798675713655
1978	1.1079798675713655
1979	1.7057427915692238
1980	1.7057427915692238
1981	1.7057427915692238
1982	1.7057427915692238
1983	3.9467685283469622
1984	3.9467685283469622
1985	3.9467685283469622
1986	3.9467685283469622
1987	3.0052556301738615
1988	3.0052556301738615
1989	3.0052556301738615
1990	3.0052556301738615
1991	2.88037867289439
1992	2.88037867289439
1993	2.88037867289439
1994	2.88037867289439
1995	3.8734348518807495
1996	3.8734348518807495
1997	3.8734348518807495
1998	3.8734348518807495
1999	2.6022453432108437
