0	5.807159687771133
1	5.807159687771133
2	0.8789933944681794
3	0.8789933944681794
4	0.8789933944681794
5	0.6101434033430202
6	0.6101434033430202
7	0.6101434033430202
8	1.140521541848181
9	1.140521541848181
10	1.140521541848181
11	1.4666504900304742
12	1.4666504900304742
13	1.4666504900304742
14	1.1058966357146232
15	1.1058966357146232
16	1.1058966357146232
17	1.0500298959841352
18	1.0500298959841352
19	1.0500298959841352
20	0.7434402996622895
21	0.7434402996622895
22	0.7434402996622895
23	1.2066913913381367
24	1.2066913913381367
25	1.2066913913381367
26	1.420430801473501
27	1.420430801473501
28	1.420430801473501
29	1.0837028776469537
30	1.0837028776469537
31	1.0837028776469537
32	0.5604207800926982
33	0.5604207800926982
34	0.5604207800926982
35	1.1794792840685098
36	1.1794792840685098
37	1.1794792840685098
38	1.5476047078312976
39	1.5476047078312976
40	4.02152889690486
41	4.02152889690486
42	4.02152889690486
43	3.5160990818412765
44	3.5160990818412765
45	3.5160990818412765
46	3.6344314485796643
47	3.6344314485796643
48	3.6344314485796643
49	0.7752559343541927
50	0.7752559343541927
51	0.7752559343541927
52	4.993001020147675
53	4.993001020147675
54	4.993001020147675
55	4.325420944357407
56	4.325420944357407
57	4.325420944357407
58	3.881682423513836
59	3.881682423513836
60	3.881682423513836
61	3.6232407072740065
62	3.6232407072740065
63	3.6232407072740065
64	5.0554595700273905
65	5.0554595700273905
66	5.0554595700273905
67	3.0283138799411433
68	3.0283138799411433
69	3.0283138799411433
70	4.832676216657514
71	4.832676216657514
72	4.832676216657514
73	2.4670756120117616
74	2.4670756120117616
75	2.4670756120117616
76	4.812372990170338
77	4.812372990170338
78	4.812372990170338
79	2.2815662921215276
80	2.2815662921215276
81	2.2815662921215276
82	1.6877599325945787
83	1.6877599325945787
84	1.6877599325945787
85	2.0855684395249687
86	2.0855684395249687
87	2.0855684395249687
88	2.6362796724223685
89	2.6362796724223685
90	2.6362796724223685
91	4.20663600306134
92	4.20663600306134
93	4.20663600306134
94	3.460161490390025
95	2.0808020356956294
96	2.0808020356956294
97	2.0808020356956294
98	1.6008587491589306
99	1.6008587491589306
100	1.6008587491589306
101	2.452515174810005
102	2.452515174810005
103	2.452515174810005
104	1.5674309301434546
105	1.5674309301434546
106	1.5674309301434546
107	1.3123211235157326
108	1.3123211235157326
109	1.3123211235157326
110	2.1832278411464108
111	2.1832278411464108
112	2.1832278411464108
113	1.888775556803244
114	1.888775556803244
115	1.888775556803244
116	2.656195369233985
117	2.656195369233985
118	2.656195369233985
119	2.505460029656316
120	2.505460029656316
121	2.505460029656316
122	1.9080595493760524
123	1.9080595493760524
124	1.9080595493760524
125	1.1824766880068849
126	1.1824766880068849
127	1.1824766880068849
128	2.0309835622328847
129	2.0309835622328847
130	2.0309835622328847
131	1.9168677354284684
132	1.9168677354284684
133	1.9168677354284684
134	1.6403440266084641
135	1.6403440266084641
136	1.6403440266084641
137	2.2501918050114673
138	2.2501918050114673
139	2.2501918050114673
140	2.3480924643970917
141	2.3480924643970917
142	2.3480924643970917
143	1.981825903771587
144	1.981825903771587
145	1.981825903771587
146	1.7314419723965566
147	1.7314419723965566
148	1.7314419723965566
149	2.4611701247742763
150	2.4611701247742763
151	2.4611701247742763
152	1.8739525456167236
153	1.8739525456167236
154	1.8739525456167236
155	2.2742158748712975
156	2.2742158748712975
157	2.2742158748712975
158	1.803466280450973
159	1.1727109691570021
160	1.1727109691570021
161	1.1727109691570021
162	1.5019845821766076
163	1.5019845821766076
164	1.5019845821766076
165	0.7774436738064533
166	0.7774436738064533
167	0.7774436738064533
168	1.2440774937100316
169	1.2440774937100316
170	1.2440774937100316
171	0.7949677433804863
172	0.7949677433804863
173	0.7949677433804863
174	1.0343334685074825
175	2.580124282398089
176	2.580124282398089
177	2.580124282398089
178	3.0690984707088607
179	3.0690984707088607
180	3.0690984707088607
181	2.3283436932094315
182	2.3283436932094315
183	2.3283436932094315
184	2.593698024651358
185	2.593698024651358
186	2.593698024651358
187	2.6403958111799315
188	2.6403958111799315
189	2.6403958111799315
190	1.9198357707303173
191	1.9198357707303173
192	1.9198357707303173
193	1.845088822143301
194	1.845088822143301
195	1.845088822143301
196	2.0890272309906974
197	2.0890272309906974
198	2.0890272309906974
199	2.5379420338977305
200	2.5379420338977305
201	2.5379420338977305
202	3.31437604212947
203	3.31437604212947
204	3.31437604212947
205	1.8337371203769743
206	1.8337371203769743
207	1.8337371203769743
208	2.611327218635833
209	2.611327218635833
210	2.611327218635833
211	1.8109738245236144
212	1.8109738245236144
213	1.8109738245236144
214	2.2418006229603202
215	2.2418006229603202
216	2.2418006229603202
217	2.893228942759383
218	2.893228942759383
219	2.893228942759383
220	1.93084539767785
221	1.93084539767785
222	1.93084539767785
223	2.7532607116267607
224	2.7532607116267607
225	2.7532607116267607
226	2.6266928947650525
227	2.6266928947650525
228	2.6266928947650525
229	1.9401886313447234
230	1.9401886313447234
231	1.9401886313447234
232	2.830323823343529
233	2.830323823343529
234	2.830323823343529
235	2.7867786886142714
236	2.7867786886142714
237	2.7867786886142714
238	1.6400087003616144
239	1.6400087003616144
240	1.6400087003616144
241	1.7236581227671337
242	1.7236581227671337
243	1.7236581227671337
244	1.9975126027157106
245	1.9975126027157106
246	1.9975126027157106
247	2.581857726596927
248	2.581857726596927
249	2.581857726596927
250	2.668824981746953
251	2.668824981746953
252	2.668824981746953
253	2.376071530645077
254	2.376071530645077
255	2.376071530645077
256	2.510070864545881
257	2.510070864545881
258	2.510070864545881
259	2.0900518074860055
260	2.0900518074860055
261	2.0900518074860055
262	4.368885395290952
263	4.368885395290952
264	4.368885395290952
265	2.4125670789850155
266	2.4125670789850155
267	2.4125670789850155
268	2.4074703561857955
269	2.4074703561857955
270	2.4074703561857955
271	1.8135869020950737
272	1.8135869020950737
273	1.8135869020950737
274	2.9080654159059836
275	2.9080654159059836
276	2.9080654159059836
277	2.273798562832187
278	2.273798562832187
279	2.273798562832187
280	2.01611105632903
281	2.01611105632903
282	2.01611105632903
283	1.8961833966225137
284	1.8961833966225137
285	1.8961833966225137
286	2.5451472866492018
287	2.5451472866492018
288	2.5451472866492018
289	2.9589112127562487
290	2.9589112127562487
291	2.9589112127562487
292	2.1875341634187073
293	2.1875341634187073
294	2.1875341634187073
295	1.8104283221329829
296	1.8104283221329829
297	1.8104283221329829
298	2.9596397873649956
299	2.9596397873649956
300	2.9596397873649956
301	3.303049314737465
302	3.303049314737465
303	3.303049314737465
304	2.223217820662934
305	2.223217820662934
306	2.223217820662934
307	2.456463515902264
308	2.456463515902264
309	2.456463515902264
310	3.461551645331161
311	3.461551645331161
312	3.461551645331161
313	2.9664288045042677
314	2.9664288045042677
315	2.9664288045042677
316	1.1994632869141817
317	1.1994632869141817
318	1.1994632869141817
319	2.2639790893852036
320	2.2639790893852036
321	2.2639790893852036
322	2.88680428966273
323	2.88680428966273
324	2.88680428966273
325	2.2275856098609683
326	2.2275856098609683
327	2.2275856098609683
328	2.9566762797016493
329	2.9566762797016493
330	2.9566762797016493
331	3.286750971064058
332	3.286750971064058
333	3.286750971064058
334	3.101039716995659
335	3.101039716995659
336	3.101039716995659
337	2.652448801153647
338	2.652448801153647
339	2.652448801153647
340	2.3064475330028062
341	2.3064475330028062
342	2.3064475330028062
343	3.6263161379258726
344	3.6263161379258726
345	3.6263161379258726
346	2.0465882104308344
347	2.0465882104308344
348	2.0465882104308344
349	2.121920100461443
350	2.121920100461443
351	2.121920100461443
352	2.3117763807607057
353	2.3117763807607057
354	2.3117763807607057
355	1.988645564627671
356	1.988645564627671
357	1.988645564627671
358	2.0148015115242277
359	2.0148015115242277
360	2.0148015115242277
361	2.3076298592687823
362	2.3076298592687823
363	2.3076298592687823
364	2.2481676578685073
365	2.2481676578685073
366	2.2481676578685073
367	3.0358375716937394
368	3.0358375716937394
369	3.0358375716937394
370	2.1339832642076972
371	2.1339832642076972
372	2.1339832642076972
373	1.9628582189104953
374	1.9628582189104953
375	1.9628582189104953
376	1.9781553417382984
377	1.9781553417382984
378	1.9781553417382984
379	1.6728169208564174
380	1.6728169208564174
381	1.6728169208564174
382	1.6230848201299746
383	1.6230848201299746
384	1.6230848201299746
385	2.905077540788036
386	2.905077540788036
387	2.905077540788036
388	2.851269692012584
389	2.851269692012584
390	2.851269692012584
391	2.4767400171009397
392	2.4767400171009397
393	2.4767400171009397
394	2.635651443616501
395	2.635651443616501
396	2.635651443616501
397	2.0165305783534144
398	2.0165305783534144
399	2.0165305783534144
400	4.294335701084117
401	4.294335701084117
402	4.294335701084117
403	2.5335248850339607
404	2.5335248850339607
405	2.5335248850339607
406	3.2420072228152788
407	3.2420072228152788
408	3.2420072228152788
409	1.8818742638919284
410	1.8818742638919284
411	1.8818742638919284
412	1.7153792709314106
413	1.7153792709314106
414	1.7153792709314106
415	3.2924818599315735
416	3.2924818599315735
417	3.2924818599315735
418	2.467949715358813
419	2.467949715358813
420	2.467949715358813
421	1.6830544595872463
422	1.6830544595872463
423	1.6830544595872463
424	2.933277369554673
425	2.933277369554673
426	2.933277369554673
427	3.167274577032876
428	3.167274577032876
429	3.167274577032876
430	3.0522187809883228
431	3.0522187809883228
432	3.0522187809883228
433	2.9728190298223502
434	2.9728190298223502
435	2.9728190298223502
436	2.174198529288402
437	2.174198529288402
438	2.174198529288402
439	2.6736929418881434
440	2.6736929418881434
441	2.6736929418881434
442	2.3596238151624918
443	2.3596238151624918
444	2.3596238151624918
445	3.4017877207324467
446	3.4017877207324467
447	3.4017877207324467
448	2.7543627565698436
449	2.7543627565698436
450	2.7543627565698436
451	2.0564302964058423
452	2.0564302964058423
453	2.0564302964058423
454	2.3304319387424703
455	2.3304319387424703
456	2.3304319387424703
457	1.60714555584808
458	1.60714555584808
459	1.60714555584808
460	2.6467361244940877
461	2.6467361244940877
462	2.6467361244940877
463	3.8407993219874617
464	3.8407993219874617
465	3.8407993219874617
466	2.6092726656423713
467	2.6092726656423713
468	2.6092726656423713
469	2.8645333531355
470	2.8645333531355
471	2.8645333531355
472	2.418687913414255
473	2.418687913414255
474	2.418687913414255
475	3.3625714462414873
476	3.3625714462414873
477	3.3625714462414873
478	2.6971363213431894
479	2.6971363213431894
480	2.6971363213431894
481	3.155457122355866
482	3.155457122355866
483	3.155457122355866
484	3.1106867402400935
485	3.1106867402400935
486	3.1106867402400935
487	3.5881975992777204
488	3.5881975992777204
489	3.5881975992777204
490	1.8195285074200624
491	1.8195285074200624
492	1.8195285074200624
493	2.6880115410072087
494	2.6880115410072087
495	2.6880115410072087
496	1.8576871344331565
497	1.8576871344331565
498	1.8576871344331565
499	2.8488133775167315
500	2.8488133775167315
501	2.8488133775167315
502	1.7168454523356247
503	1.7168454523356247
504	1.7168454523356247
505	1.317233068658878
506	1.317233068658878
507	1.317233068658878
508	2.0698336632587155
509	2.0698336632587155
510	2.0698336632587155
511	2.471607357022813
512	2.471607357022813
513	2.471607357022813
514	2.722119256441355
515	2.722119256441355
516	2.722119256441355
517	2.5469801213460075
518	2.5469801213460075
519	2.5469801213460075
520	2.24081567567661
521	2.24081567567661
522	2.24081567567661
523	1.6703586527484253
524	1.6703586527484253
525	1.6703586527484253
526	2.7942013697337886
527	2.7942013697337886
528	2.7942013697337886
529	2.028271105082479
530	2.028271105082479
531	2.028271105082479
532	2.8275695827911447
533	2.8275695827911447
534	2.8275695827911447
535	2.213159733097813
536	2.213159733097813
537	2.213159733097813
538	2.3420014002233525
539	2.3420014002233525
540	2.3420014002233525
541	2.6086760956517008
542	2.6086760956517008
543	2.6086760956517008
544	2.8606281463408223
545	2.8606281463408223
546	2.8606281463408223
547	2.325772060259212
548	2.325772060259212
549	2.325772060259212
550	2.9195366301653567
551	2.9195366301653567
552	2.9195366301653567
553	2.992734882534063
554	2.992734882534063
555	2.992734882534063
556	2.873775722212222
557	2.873775722212222
558	2.873775722212222
559	1.9986086582855394
560	1.9986086582855394
561	1.9986086582855394
562	3.0079012998192955
563	3.0079012998192955
564	3.0079012998192955
565	2.751567310854863
566	2.751567310854863
567	2.751567310854863
568	2.9787760822967
569	2.9787760822967
570	2.9787760822967
571	2.928895816760164
572	2.928895816760164
573	2.928895816760164
574	1.6567835964882276
575	1.6567835964882276
576	1.6567835964882276
577	2.0058502074339475
578	2.0058502074339475
579	2.0058502074339475
580	3.3508860715687687
581	3.3508860715687687
582	3.3508860715687687
583	3.2338228337854904
584	3.2338228337854904
585	3.2338228337854904
586	1.8194039863799265
587	1.8194039863799265
588	1.8194039863799265
589	2.8404082965739295
590	2.8404082965739295
591	2.8404082965739295
592	2.209087182703005
593	2.209087182703005
594	2.209087182703005
595	2.071099964932268
596	2.071099964932268
597	2.071099964932268
598	3.4218400701869767
599	3.4218400701869767
600	3.4218400701869767
601	2.4807736038949906
602	2.4807736038949906
603	2.4807736038949906
604	2.257758599839025
605	2.257758599839025
606	2.257758599839025
607	2.390601625755655
608	2.390601625755655
609	2.390601625755655
610	2.220029843349036
611	2.220029843349036
612	2.220029843349036
613	1.993356885440793
614	1.993356885440793
615	1.993356885440793
616	2.327657761868845
617	2.327657761868845
618	2.327657761868845
619	3.035167451724753
620	3.035167451724753
621	3.035167451724753
622	1.8980320091363403
623	1.8980320091363403
624	1.8980320091363403
625	2.150920016819221
626	2.150920016819221
627	2.150920016819221
628	3.132214421527155
629	3.132214421527155
630	3.132214421527155
631	2.4948054925773966
632	2.4948054925773966
633	2.4948054925773966
634	1.9223068743001812
635	1.9223068743001812
636	1.9223068743001812
637	3.152050936645315
638	3.152050936645315
639	3.152050936645315
640	1.546998662006268
641	1.546998662006268
642	1.546998662006268
643	2.7564697273819116
644	2.7564697273819116
645	2.7564697273819116
646	1.6149653793483623
647	1.6149653793483623
648	1.6149653793483623
649	2.561405306695618
650	2.561405306695618
651	2.561405306695618
652	2.500952305577932
653	2.500952305577932
654	2.500952305577932
655	2.4821466928631906
656	2.4821466928631906
657	2.4821466928631906
658	2.9648021673771106
659	2.9648021673771106
660	2.9648021673771106
661	2.2827347777336104
662	2.2827347777336104
663	2.2827347777336104
664	3.0452804451740154
665	3.0452804451740154
666	3.0452804451740154
667	1.7034558355168492
668	1.7034558355168492
669	1.7034558355168492
670	2.949983209958916
671	2.949983209958916
672	2.949983209958916
673	2.4478025197568467
674	2.4478025197568467
675	2.4478025197568467
676	1.8743342161600023
677	1.8743342161600023
678	1.8743342161600023
679	3.0224255755210545
680	3.0224255755210545
681	3.0224255755210545
682	3.069191725228229
683	0.7762644022790588
684	0.7762644022790588
685	0.7762644022790588
686	1.2383619691828291
687	1.2383619691828291
688	1.2383619691828291
689	1.1318539771460874
690	1.1318539771460874
691	1.1318539771460874
692	1.4992401492618777
693	1.4992401492618777
694	1.4992401492618777
695	1.6797844419899794
696	1.6797844419899794
697	1.6797844419899794
698	0.9413232148261068
699	0.9413232148261068
700	0.9413232148261068
701	1.7956218426165986
702	1.7956218426165986
703	1.7956218426165986
704	1.1647826060844506
705	1.1647826060844506
706	1.1647826060844506
707	1.2236576990296735
708	1.2236576990296735
709	1.2236576990296735
710	0.6198054721096594
711	0.6198054721096594
712	0.6198054721096594
713	0.47711515845895436
714	0.47711515845895436
715	0.47711515845895436
716	0.603363521998924
717	0.603363521998924
718	0.603363521998924
719	0.7984600151997795
720	0.7984600151997795
721	0.7984600151997795
722	0.9805685236676498
723	0.9805685236676498
724	0.9805685236676498
725	0.5356029178452005
726	0.5356029178452005
727	0.5356029178452005
728	0.5483220409215136
729	0.5483220409215136
730	0.5483220409215136
731	0.7647293008125896
732	0.7647293008125896
733	0.7647293008125896
734	0.6193417488257615
735	0.6193417488257615
736	0.6193417488257615
737	0.7637432813795434
738	0.7637432813795434
739	0.7637432813795434
740	0.7276417917918627
741	0.7276417917918627
742	0.7276417917918627
743	0.5060450221418414
744	0.5060450221418414
745	0.5060450221418414
746	0.557536763719341
747	0.557536763719341
748	0.557536763719341
749	0.6064089916944266
750	0.6064089916944266
751	0.6064089916944266
752	0.8722124896263999
753	0.8722124896263999
754	0.8722124896263999
755	0.6087127835682083
756	0.6087127835682083
757	0.6087127835682083
758	0.2783761568729095
759	0.2783761568729095
760	0.2783761568729095
761	0.47597981696520825
762	0.47597981696520825
763	0.47597981696520825
764	0.2820539908939568
765	0.2820539908939568
766	0.2820539908939568
767	0.7399757102067184
768	0.7399757102067184
769	0.7399757102067184
770	0.8016573733372396
771	0.8016573733372396
772	2.768156500362422
773	2.768156500362422
774	2.768156500362422
775	2.351416352454524
776	2.351416352454524
777	2.351416352454524
778	1.0052524143654415
779	1.0052524143654415
780	1.0052524143654415
781	2.966086480027701
782	2.966086480027701
783	2.966086480027701
784	2.187741216425127
785	2.187741216425127
786	2.187741216425127
787	2.677384532450353
788	2.677384532450353
789	2.677384532450353
790	2.6088064063000327
791	2.6088064063000327
792	2.6088064063000327
793	2.1678093776006113
794	2.1678093776006113
795	2.1678093776006113
796	1.5898688051333836
797	1.5898688051333836
798	1.5898688051333836
799	2.2703231630085217
800	2.2703231630085217
801	2.2703231630085217
802	2.153213537748051
803	2.153213537748051
804	2.153213537748051
805	1.8882305664414214
806	1.8882305664414214
807	1.8882305664414214
808	1.9440124192097663
809	1.9440124192097663
810	1.9440124192097663
811	2.6837703321040065
812	2.6837703321040065
813	2.6837703321040065
814	2.3786473367055065
815	2.3786473367055065
816	2.3786473367055065
817	2.1654769603677524
818	2.1654769603677524
819	2.1654769603677524
820	1.3154595111108853
821	1.3154595111108853
822	1.3154595111108853
823	2.595261715845963
824	2.595261715845963
825	2.595261715845963
826	2.081899738575648
827	2.081899738575648
828	2.081899738575648
829	2.0275965177956174
830	2.0275965177956174
831	2.0275965177956174
832	2.9327393996836655
833	2.9327393996836655
834	2.9327393996836655
835	2.7361289981822776
836	2.7361289981822776
837	2.7361289981822776
838	3.067494951750284
839	3.067494951750284
840	3.067494951750284
841	3.831587689045952
842	3.831587689045952
843	3.831587689045952
844	2.674513728226547
845	2.674513728226547
846	2.674513728226547
847	2.9851100661087018
848	2.9851100661087018
849	2.9851100661087018
850	2.302946235307224
851	2.302946235307224
852	2.302946235307224
853	1.6603142614439108
854	1.6603142614439108
855	1.6603142614439108
856	1.878125402113809
857	1.878125402113809
858	1.878125402113809
859	1.4799154714207297
860	1.4799154714207297
861	1.4799154714207297
862	2.3077535257963855
863	2.3077535257963855
864	2.3077535257963855
865	3.674877532256623
866	3.674877532256623
867	3.674877532256623
868	2.5650032211393614
869	2.5650032211393614
870	2.5650032211393614
871	3.1582181633973656
872	3.1582181633973656
873	3.1582181633973656
874	2.745581301289956
875	2.745581301289956
876	2.745581301289956
877	2.6772133563398004
878	2.6772133563398004
879	2.6772133563398004
880	2.0608212548284697
881	2.0608212548284697
882	2.0608212548284697
883	2.785274922218944
884	2.785274922218944
885	2.785274922218944
886	0.9157411763658112
887	0.9157411763658112
888	0.9157411763658112
889	3.448528439037536
890	3.448528439037536
891	3.448528439037536
892	2.57456420773509
893	2.57456420773509
894	2.57456420773509
895	2.9575751240000527
896	2.9575751240000527
897	2.9575751240000527
898	2.3083370359281457
899	2.3083370359281457
900	2.3083370359281457
901	2.258851398206711
902	2.258851398206711
903	2.258851398206711
904	1.1040391558189806
905	1.1040391558189806
906	1.1040391558189806
907	1.9957738414517237
908	1.9957738414517237
909	1.9957738414517237
910	2.8298180478717083
911	2.8298180478717083
912	2.8298180478717083
913	2.4607188732934175
914	2.4607188732934175
915	2.4607188732934175
916	2.401101178567498
917	2.401101178567498
918	2.401101178567498
919	1.9277658990596653
920	1.9277658990596653
921	1.9277658990596653
922	2.2425855577085136
923	2.2425855577085136
924	2.2425855577085136
925	2.1153791727513034
926	2.1153791727513034
927	2.1153791727513034
928	2.712150417355762
929	2.712150417355762
930	2.712150417355762
931	2.4141421275557637
932	2.4141421275557637
933	2.4141421275557637
934	2.1535866299707065
935	2.1535866299707065
936	2.1535866299707065
937	3.2122490307803875
938	3.2122490307803875
939	3.2122490307803875
940	1.4330945430128117
941	1.4330945430128117
942	1.4330945430128117
943	2.9275706750067267
944	2.9275706750067267
945	2.9275706750067267
946	2.4867370028440114
947	2.4867370028440114
948	2.4867370028440114
949	5.423705008255658
950	5.423705008255658
951	5.423705008255658
952	4.597507586938058
953	4.597507586938058
954	4.597507586938058
955	3.6320936938791526
956	3.6320936938791526
957	3.6320936938791526
958	3.588569393839377
959	3.588569393839377
960	3.588569393839377
961	2.1257443584404125
962	2.1257443584404125
963	2.1257443584404125
964	3.440831099460259
965	3.440831099460259
966	3.440831099460259
967	2.0643534084280026
968	2.0643534084280026
969	2.0643534084280026
970	2.8176452010167305
971	2.8176452010167305
972	2.8176452010167305
973	2.0413977308853983
974	2.0413977308853983
975	2.0413977308853983
976	2.9154644900795468
977	2.9154644900795468
978	2.9154644900795468
979	2.6290839646623523
980	2.6290839646623523
981	2.6290839646623523
982	2.229160573945186
983	2.229160573945186
984	2.229160573945186
985	2.6705167194541395
986	2.6705167194541395
987	2.6705167194541395
988	1.1394171986587955
989	1.1394171986587955
990	1.1394171986587955
991	2.7452468169620214
992	2.7452468169620214
993	2.7452468169620214
994	1.9534054068273508
995	1.9534054068273508
996	1.9534054068273508
997	3.3583934110078157
998	3.3583934110078157
999	3.3583934110078157
1000	2.9104365579324782
1001	2.9104365579324782
1002	2.9104365579324782
1003	2.7552839382304875
1004	2.7552839382304875
1005	2.7552839382304875
1006	3.221459973197855
1007	3.221459973197855
1008	3.221459973197855
1009	2.307009357304529
1010	2.307009357304529
1011	2.307009357304529
1012	2.9140510682747665
1013	2.9140510682747665
1014	2.9140510682747665
1015	2.390992762387255
1016	2.390992762387255
1017	2.390992762387255
1018	2.9933269769944273
1019	2.9933269769944273
1020	2.9933269769944273
1021	1.9100024466171326
1022	1.9100024466171326
1023	1.9100024466171326
1024	2.27277578898226
1025	2.27277578898226
1026	2.27277578898226
1027	2.890990673887392
1028	2.890990673887392
1029	2.890990673887392
1030	2.285937390376168
1031	2.285937390376168
1032	2.285937390376168
1033	0.4820776345377462
1034	0.4820776345377462
1035	0.4820776345377462
1036	2.716114947620697
1037	2.716114947620697
1038	2.716114947620697
1039	2.218551880174758
1040	2.218551880174758
1041	2.218551880174758
1042	3.3630320724661154
1043	3.3630320724661154
1044	3.3630320724661154
1045	5.241416870531971
1046	5.241416870531971
1047	5.241416870531971
1048	5.211029494309324
1049	5.211029494309324
1050	5.211029494309324
1051	3.1411523793138016
1052	3.1411523793138016
1053	3.1411523793138016
1054	3.5114982365817307
1055	3.5114982365817307
1056	3.5114982365817307
1057	1.4174129632358095
1058	1.4174129632358095
1059	1.737682071683126
1060	1.737682071683126
1061	0.7780365287198354
1062	0.7780365287198354
1063	0.7780365287198354
1064	0.46267029005827087
1065	0.46267029005827087
1066	0.46267029005827087
1067	0.8329332434750506
1068	0.8329332434750506
1069	0.8329332434750506
1070	0.6019015233760916
1071	0.6019015233760916
1072	0.6019015233760916
1073	0.6949238473382663
1074	0.6949238473382663
1075	0.6949238473382663
1076	0.5245321549540409
1077	0.5245321549540409
1078	0.5245321549540409
1079	0.7842251702846679
1080	0.7842251702846679
1081	0.7842251702846679
1082	0.5769463479463601
1083	0.5769463479463601
1084	0.5769463479463601
1085	0.49943117408640636
1086	0.49943117408640636
1087	0.49943117408640636
1088	0.6910846089550533
1089	0.6910846089550533
1090	0.6910846089550533
1091	0.5533923552403246
1092	0.5533923552403246
1093	0.5533923552403246
1094	0.5144836856137343
1095	0.5144836856137343
1096	0.5144836856137343
1097	0.6534070199214473
1098	0.6534070199214473
1099	0.6534070199214473
1100	0.6009257511448868
1101	0.6009257511448868
1102	0.6009257511448868
1103	0.35266513586382603
1104	0.35266513586382603
1105	0.35266513586382603
1106	1.0033426170294497
1107	1.0033426170294497
1108	1.0033426170294497
1109	0.7339130280783797
1110	0.7339130280783797
1111	0.7339130280783797
1112	0.6945435650944994
1113	0.6945435650944994
1114	0.6945435650944994
1115	0.8586124443553593
1116	0.8586124443553593
1117	0.8586124443553593
1118	0.5955765943150869
1119	0.5955765943150869
1120	0.5955765943150869
1121	0.6760507240620399
1122	0.6760507240620399
1123	0.6760507240620399
1124	0.29878788523112376
1125	0.29878788523112376
1126	0.29878788523112376
1127	0.6193385757616762
1128	0.6193385757616762
1129	0.6193385757616762
1130	0.724020180368295
1131	0.724020180368295
1132	0.724020180368295
1133	0.6440173888595851
1134	0.6440173888595851
1135	0.6440173888595851
1136	0.7080931427036828
1137	0.7080931427036828
1138	0.7080931427036828
1139	0.5146448516425768
1140	0.5146448516425768
1141	0.5146448516425768
1142	0.40756389058385956
1143	0.40756389058385956
1144	0.40756389058385956
1145	0.7391550141778337
1146	0.7391550141778337
1147	0.7391550141778337
1148	0.6887826347423232
1149	0.6887826347423232
1150	0.6887826347423232
1151	0.8750512850825728
1152	0.8750512850825728
1153	0.8750512850825728
1154	0.7572875156633069
1155	0.7572875156633069
1156	0.7572875156633069
1157	0.7534305659444235
1158	0.7534305659444235
1159	0.7534305659444235
1160	0.847739195137128
1161	0.847739195137128
1162	0.847739195137128
1163	0.8651986330462617
1164	0.8651986330462617
1165	0.8651986330462617
1166	0.757867684422922
1167	0.757867684422922
1168	0.757867684422922
1169	0.4956422349042531
1170	0.4956422349042531
1171	0.4956422349042531
1172	0.8032439265705522
1173	0.8032439265705522
1174	0.8032439265705522
1175	0.6165148805611499
1176	0.6165148805611499
1177	0.6165148805611499
1178	0.5152862562379293
1179	0.5152862562379293
1180	0.5152862562379293
1181	0.6208229361133848
1182	0.6208229361133848
1183	0.6208229361133848
1184	0.6613595317454967
1185	0.6613595317454967
1186	0.6613595317454967
1187	0.6341921883653188
1188	0.6341921883653188
1189	0.6341921883653188
1190	0.4309116457535248
1191	0.4309116457535248
1192	0.4309116457535248
1193	0.553376622563211
1194	0.553376622563211
1195	0.553376622563211
1196	0.7696530422232868
1197	0.7696530422232868
1198	0.7696530422232868
1199	0.8887666496405693
1200	0.8887666496405693
1201	0.8887666496405693
1202	0.8824709519527029
1203	0.8824709519527029
1204	0.8824709519527029
1205	0.6931318810420289
1206	0.6931318810420289
1207	0.6931318810420289
1208	0.7378320558769101
1209	0.7378320558769101
1210	0.7378320558769101
1211	0.5498091646993138
1212	0.5498091646993138
1213	0.5498091646993138
1214	0.5059663208997832
1215	0.5059663208997832
1216	0.5059663208997832
1217	0.46675341849445695
1218	0.46675341849445695
1219	0.46675341849445695
1220	0.4617560740070131
1221	0.4617560740070131
1222	0.4617560740070131
1223	0.3969715260218851
1224	0.3969715260218851
1225	0.3969715260218851
1226	0.6265007699619337
1227	0.6265007699619337
1228	0.6265007699619337
1229	0.6659998179874954
1230	0.6659998179874954
1231	0.6659998179874954
1232	0.8562303890724792
1233	0.8562303890724792
1234	0.8562303890724792
1235	0.8229878805957744
1236	0.8229878805957744
1237	0.8229878805957744
1238	0.48365218791527737
1239	0.48365218791527737
1240	0.48365218791527737
1241	0.6172688066851808
1242	0.6172688066851808
1243	0.6172688066851808
1244	0.6003329752385049
1245	0.6003329752385049
1246	0.6003329752385049
1247	0.689385413687238
1248	0.689385413687238
1249	0.689385413687238
1250	0.6615616782889131
1251	0.6615616782889131
1252	0.6615616782889131
1253	0.6952458357131903
1254	0.6952458357131903
1255	0.6952458357131903
1256	0.5103788906025579
1257	0.5103788906025579
1258	0.5103788906025579
1259	0.6412859291280031
1260	0.6412859291280031
1261	0.6412859291280031
1262	0.4109650270854857
1263	0.4109650270854857
1264	0.4109650270854857
1265	0.6954901092530785
1266	0.6954901092530785
1267	0.6954901092530785
1268	0.7365693446570516
1269	0.7365693446570516
1270	0.7365693446570516
1271	0.7862807705632598
1272	0.7862807705632598
1273	0.7862807705632598
1274	0.7855196853214587
1275	0.7855196853214587
1276	0.7855196853214587
1277	0.3875509628328826
1278	0.3875509628328826
1279	0.3875509628328826
1280	0.6424245208423808
1281	0.6424245208423808
1282	0.6424245208423808
1283	0.7716230246825285
1284	0.7716230246825285
1285	0.7716230246825285
1286	0.7052530986140161
1287	0.7052530986140161
1288	0.7052530986140161
1289	0.8696394197313408
1290	0.8696394197313408
1291	0.8696394197313408
1292	0.5479638903254941
1293	0.5479638903254941
1294	0.5479638903254941
1295	0.611145470193921
1296	0.611145470193921
1297	0.611145470193921
1298	0.8276438173487715
1299	0.8276438173487715
1300	0.8276438173487715
1301	0.7708928371578505
1302	0.7708928371578505
1303	0.7708928371578505
1304	0.778919119300422
1305	0.778919119300422
1306	0.778919119300422
1307	0.5439987293843158
1308	0.5439987293843158
1309	0.5439987293843158
1310	0.6057056130572833
1311	0.6057056130572833
1312	0.6057056130572833
1313	0.5873926027215305
1314	0.5873926027215305
1315	0.5873926027215305
1316	0.5965773451805438
1317	0.5965773451805438
1318	0.5965773451805438
1319	0.6128096316605348
1320	0.6128096316605348
1321	0.6128096316605348
1322	0.3043853852094276
1323	0.3043853852094276
1324	0.3043853852094276
1325	3.171577467884501
1326	3.171577467884501
1327	3.171577467884501
1328	4.060659713403917
1329	4.060659713403917
1330	4.060659713403917
1331	0.9813067699567923
1332	0.9813067699567923
1333	0.9813067699567923
1334	1.176136394698724
1335	1.176136394698724
1336	1.176136394698724
1337	1.0739312202921263
1338	1.0739312202921263
1339	1.0739312202921263
1340	0.8156297597126728
1341	0.8156297597126728
1342	0.8156297597126728
1343	0.9637542897661262
1344	0.9637542897661262
1345	0.9637542897661262
1346	1.2319725936069128
1347	1.2319725936069128
1348	1.2319725936069128
1349	1.0236972143566454
1350	1.0236972143566454
1351	1.0236972143566454
1352	1.1625571609955467
1353	1.1625571609955467
1354	1.1625571609955467
1355	1.4845254110165589
1356	1.4845254110165589
1357	1.4845254110165589
1358	1.1231608682029979
1359	1.1231608682029979
1360	1.1231608682029979
1361	1.3176998782831948
1362	1.3176998782831948
1363	1.3176998782831948
1364	0.8704304633639695
1365	0.8704304633639695
1366	0.8704304633639695
1367	0.9444405493692936
1368	0.9444405493692936
1369	0.9444405493692936
1370	1.1488086100312316
1371	1.1488086100312316
1372	1.1488086100312316
1373	0.8582713695723994
1374	0.8582713695723994
1375	0.8582713695723994
1376	0.7077857269482848
1377	0.7077857269482848
1378	0.7077857269482848
1379	0.6356125299113868
1380	0.6356125299113868
1381	0.6356125299113868
1382	1.399553590039817
1383	1.399553590039817
1384	1.399553590039817
1385	1.0302835978339262
1386	1.0302835978339262
1387	1.0302835978339262
1388	0.8329254399782807
1389	0.8329254399782807
1390	0.8329254399782807
1391	0.5836706829568309
1392	0.5836706829568309
1393	0.5836706829568309
1394	1.824752483054687
1395	1.824752483054687
1396	1.824752483054687
1397	1.3094068621855532
1398	1.3094068621855532
1399	1.3094068621855532
1400	1.015167803192117
1401	1.015167803192117
1402	1.015167803192117
1403	0.964063279543635
1404	0.964063279543635
1405	0.964063279543635
1406	1.056276463922888
1407	1.056276463922888
1408	1.056276463922888
1409	0.4932350708183817
1410	0.4932350708183817
1411	0.4932350708183817
1412	1.0479163178565336
1413	1.0479163178565336
1414	0.7134000131978708
1415	0.7134000131978708
1416	0.7134000131978708
1417	0.5352029847246894
1418	0.5352029847246894
1419	0.5352029847246894
1420	0.6822870091182821
1421	0.6822870091182821
1422	0.6822870091182821
1423	0.6585173321404465
1424	0.6585173321404465
1425	0.6585173321404465
1426	0.5096670839500693
1427	0.5096670839500693
1428	0.5096670839500693
1429	0.5043236618861016
1430	0.5043236618861016
1431	0.5043236618861016
1432	0.8538785804904597
1433	0.8538785804904597
1434	0.8538785804904597
1435	0.3170207869318924
1436	0.3170207869318924
1437	0.3170207869318924
1438	0.6249807817980813
1439	0.6249807817980813
1440	0.6249807817980813
1441	0.6054217794207482
1442	0.6054217794207482
1443	0.6054217794207482
1444	0.43230992212643776
1445	0.43230992212643776
1446	0.43230992212643776
1447	0.7955733371382525
1448	0.7955733371382525
1449	0.7955733371382525
1450	0.9064833156890231
1451	0.9064833156890231
1452	0.9064833156890231
1453	0.5465006361073375
1454	0.5465006361073375
1455	0.5465006361073375
1456	0.6342097708865154
1457	0.6342097708865154
1458	0.6342097708865154
1459	0.8235285226982563
1460	0.8235285226982563
1461	0.8235285226982563
1462	0.764043939612036
1463	0.764043939612036
1464	0.764043939612036
1465	0.710150575438331
1466	0.710150575438331
1467	0.710150575438331
1468	0.4290750530845262
1469	0.4290750530845262
1470	0.4290750530845262
1471	0.8325112612405974
1472	0.8325112612405974
1473	0.8325112612405974
1474	0.7920643119711247
1475	0.7920643119711247
1476	0.7920643119711247
1477	0.6111672409517485
1478	0.6111672409517485
1479	0.6111672409517485
1480	0.6291836265393341
1481	0.6291836265393341
1482	0.6291836265393341
1483	0.7232009979408851
1484	0.7232009979408851
1485	0.7232009979408851
1486	0.659048876615352
1487	0.659048876615352
1488	0.659048876615352
1489	0.4453782016793266
1490	0.4453782016793266
1491	0.4453782016793266
1492	0.7198383976614018
1493	0.7198383976614018
1494	0.7198383976614018
1495	0.8390774558880849
1496	0.8390774558880849
1497	0.8390774558880849
1498	0.9009238801821362
1499	2.711570825147901
1500	2.711570825147901
1501	2.711570825147901
1502	3.1329745944515377
1503	3.1329745944515377
1504	3.1329745944515377
1505	3.2876977476877998
1506	3.2876977476877998
1507	3.2876977476877998
1508	3.4721084501723123
1509	3.4721084501723123
1510	3.4721084501723123
1511	2.6100620038096025
1512	2.6100620038096025
1513	2.6100620038096025
1514	3.561203944392746
1515	3.561203944392746
1516	3.561203944392746
1517	2.7012188992321478
1518	2.7012188992321478
1519	2.7012188992321478
1520	2.8512724808129333
1521	2.8512724808129333
1522	2.8512724808129333
1523	2.3046844313032726
1524	2.3046844313032726
1525	2.3046844313032726
1526	3.6511477303820112
1527	3.6511477303820112
1528	4.1876124917894595
1529	4.1876124917894595
1530	4.1876124917894595
1531	3.0688466272194153
1532	3.0688466272194153
1533	3.0688466272194153
1534	5.1894222620122585
1535	5.1894222620122585
1536	5.1894222620122585
1537	4.692048977801593
1538	4.692048977801593
1539	4.692048977801593
1540	3.3694549125577646
1541	3.3694549125577646
1542	3.3694549125577646
1543	6.35315329813403
1544	6.35315329813403
1545	6.35315329813403
1546	5.057564897656564
1547	5.057564897656564
1548	5.057564897656564
1549	4.97074726107938
1550	4.97074726107938
1551	4.97074726107938
1552	2.1735923799307986
1553	2.1735923799307986
1554	2.1735923799307986
1555	2.4571989165552566
1556	2.4571989165552566
1557	2.4571989165552566
1558	4.567099090079286
1559	4.567099090079286
1560	4.567099090079286
1561	4.58812506322397
1562	4.58812506322397
1563	4.58812506322397
1564	4.141121313039096
1565	4.141121313039096
1566	4.141121313039096
1567	5.675904124528107
1568	5.675904124528107
1569	5.675904124528107
1570	3.7711685735551805
1571	3.7711685735551805
1572	3.7711685735551805
1573	1.7302277203515737
1574	1.7302277203515737
1575	1.7302277203515737
1576	3.9958080390864987
1577	3.9958080390864987
1578	3.9958080390864987
1579	5.350474461721015
1580	5.350474461721015
1581	5.350474461721015
1582	2.9868688207704244
1583	2.9868688207704244
1584	2.9868688207704244
1585	4.688593657435913
1586	4.688593657435913
1587	4.688593657435913
1588	4.593919411646915
1589	4.593919411646915
1590	4.593919411646915
1591	6.154909146115568
1592	6.154909146115568
1593	6.154909146115568
1594	5.211790738439255
1595	5.211790738439255
1596	5.211790738439255
1597	5.844683061355282
1598	5.844683061355282
1599	5.844683061355282
1600	6.0147770447062205
1601	6.0147770447062205
1602	6.0147770447062205
1603	3.0977038319592483
1604	3.0977038319592483
1605	3.0977038319592483
1606	3.382151476842776
1607	3.382151476842776
1608	3.382151476842776
1609	5.611065048582399
1610	5.611065048582399
1611	5.611065048582399
1612	5.1795090171564935
1613	5.1795090171564935
1614	5.1795090171564935
1615	3.7310650039845767
1616	3.7310650039845767
1617	3.7310650039845767
1618	4.418405177438744
1619	4.418405177438744
1620	4.418405177438744
1621	3.2501426367551414
1622	3.2501426367551414
1623	3.2501426367551414
1624	1.7454911158778554
1625	1.7454911158778554
1626	1.7454911158778554
1627	2.6627567909226286
1628	2.6627567909226286
1629	2.6627567909226286
1630	4.118152236717453
1631	4.118152236717453
1632	4.118152236717453
1633	3.7390661692442015
1634	3.7390661692442015
1635	3.7390661692442015
1636	2.834517316701505
1637	2.834517316701505
1638	2.834517316701505
1639	2.4085102694063014
1640	2.4085102694063014
1641	2.4085102694063014
1642	3.078549196581971
1643	3.078549196581971
1644	3.078549196581971
1645	4.410159435297424
1646	4.410159435297424
1647	4.410159435297424
1648	2.8087772215204403
1649	2.8087772215204403
1650	2.8087772215204403
1651	3.4945036700117833
1652	3.4945036700117833
1653	3.4945036700117833
1654	3.8810909991351648
1655	3.8810909991351648
1656	3.8810909991351648
1657	3.2747358735151635
1658	3.2747358735151635
1659	3.2747358735151635
1660	3.035311459181973
1661	3.035311459181973
1662	3.035311459181973
1663	2.601653157053454
1664	2.601653157053454
1665	2.601653157053454
1666	3.0015136410985543
1667	3.0015136410985543
1668	3.0015136410985543
1669	2.0825598556156573
1670	2.0825598556156573
1671	2.0825598556156573
1672	3.083389186769629
1673	3.083389186769629
1674	3.083389186769629
1675	2.9176560835098906
1676	2.9176560835098906
1677	2.9176560835098906
1678	3.9488550011269146
1679	3.9488550011269146
1680	3.9488550011269146
1681	2.7935422515951585
1682	2.7935422515951585
1683	2.7935422515951585
1684	2.6401950212721492
1685	2.6401950212721492
1686	2.6401950212721492
1687	2.040092703862479
1688	2.040092703862479
1689	2.040092703862479
1690	2.995629662259654
1691	2.995629662259654
1692	2.995629662259654
1693	3.1880822716942134
1694	3.1880822716942134
1695	3.1880822716942134
1696	2.8442201195611942
1697	2.8442201195611942
1698	2.8442201195611942
1699	2.939912024581852
1700	2.939912024581852
1701	2.939912024581852
1702	2.204556793320892
1703	2.204556793320892
1704	2.204556793320892
1705	3.1146551091591115
1706	3.1146551091591115
1707	3.1146551091591115
1708	2.288428327142159
1709	2.288428327142159
1710	0.7447992878665046
1711	0.7447992878665046
1712	0.7447992878665046
1713	0.7899801141476523
1714	0.7899801141476523
1715	0.7899801141476523
1716	0.8897910125327237
1717	0.8897910125327237
1718	0.8897910125327237
1719	0.6186425466998816
1720	0.6186425466998816
1721	0.6186425466998816
1722	0.854046021096892
1723	0.854046021096892
1724	0.854046021096892
1725	0.8638972273718557
1726	0.8638972273718557
1727	0.8638972273718557
1728	0.5540882762254696
1729	0.5540882762254696
1730	0.5540882762254696
1731	0.7776074253683447
1732	0.7776074253683447
1733	0.7776074253683447
1734	0.7736185742639052
1735	0.7736185742639052
1736	0.7736185742639052
1737	0.7839916830114015
1738	0.7839916830114015
1739	0.7839916830114015
1740	0.6456415845737082
1741	0.6456415845737082
1742	0.6456415845737082
1743	0.5108875398085455
1744	0.5108875398085455
1745	0.5108875398085455
1746	0.5432479357772804
1747	0.5432479357772804
1748	0.5432479357772804
1749	0.6554074661435981
1750	0.6554074661435981
1751	0.6554074661435981
1752	0.32265639622761355
1753	0.32265639622761355
1754	0.32265639622761355
1755	0.9433441852840886
1756	0.9433441852840886
1757	0.9433441852840886
1758	0.7866663837505417
1759	0.7866663837505417
1760	0.7866663837505417
1761	0.7827559925486897
1762	0.7827559925486897
1763	0.7827559925486897
1764	0.5679397064796942
1765	0.5679397064796942
1766	0.5679397064796942
1767	0.6358075372869366
1768	0.6358075372869366
1769	0.6358075372869366
1770	0.6228438555461897
1771	0.6228438555461897
1772	0.6228438555461897
1773	0.42659057658602495
1774	0.42659057658602495
1775	0.42659057658602495
1776	0.24026539731586682
1777	0.24026539731586682
1778	0.24026539731586682
1779	0.6369158995558075
1780	0.6369158995558075
1781	0.6369158995558075
1782	0.6817017156465545
1783	0.6817017156465545
1784	0.6817017156465545
1785	0.5253761551128908
1786	0.5253761551128908
1787	0.5253761551128908
1788	0.6075325779757202
1789	0.6075325779757202
1790	0.6075325779757202
1791	0.625432988984258
1792	0.625432988984258
1793	0.625432988984258
1794	0.4267579973201725
1795	0.4267579973201725
1796	0.4267579973201725
1797	0.7260064737822554
1798	0.7260064737822554
1799	0.7260064737822554
1800	0.5161826158079167
1801	0.5161826158079167
1802	0.5161826158079167
1803	0.41557654541830713
1804	0.41557654541830713
1805	0.41557654541830713
1806	0.8220514705711026
1807	0.8220514705711026
1808	0.8220514705711026
1809	0.38589133562575895
1810	0.38589133562575895
1811	0.38589133562575895
1812	0.7762838360843847
1813	0.7762838360843847
1814	0.7762838360843847
1815	0.436003635927972
1816	0.436003635927972
1817	0.436003635927972
1818	0.6766844934962654
1819	0.6766844934962654
1820	0.6766844934962654
1821	0.7595694714101036
1822	0.7595694714101036
1823	0.7595694714101036
1824	0.8870627695499742
1825	0.8870627695499742
1826	0.8870627695499742
1827	0.6673600811337995
1828	0.6673600811337995
1829	0.6673600811337995
1830	0.6324037669865574
1831	0.6324037669865574
1832	0.6324037669865574
1833	0.5569099460404385
1834	0.5569099460404385
1835	0.5569099460404385
1836	0.9523776483692922
1837	1.376515645859452
1838	1.376515645859452
1839	1.376515645859452
1840	2.9566805948487813
1841	2.9566805948487813
1842	2.9566805948487813
1843	3.43345132650873
1844	3.43345132650873
1845	3.43345132650873
1846	4.592938243542294
1847	4.592938243542294
1848	4.592938243542294
1849	1.9166848028884245
1850	1.9166848028884245
1851	1.9166848028884245
1852	3.7679627141350975
1853	3.7679627141350975
1854	3.7679627141350975
1855	3.6275919949621347
1856	3.6275919949621347
1857	3.6275919949621347
1858	3.388848694886599
1859	3.388848694886599
1860	3.388848694886599
1861	1.9808531219107364
1862	1.9808531219107364
1863	1.9808531219107364
1864	1.9278177586056793
1865	1.9278177586056793
1866	1.9278177586056793
1867	4.626585310331675
1868	0.3575553256529095
1869	0.3575553256529095
1870	0.3575553256529095
1871	0.549877919441879
1872	0.549877919441879
1873	0.549877919441879
1874	0.6321869161021721
1875	0.6321869161021721
1876	0.6321869161021721
1877	0.6856787905086652
1878	0.6856787905086652
1879	0.6856787905086652
1880	0.6031478035916202
1881	0.6031478035916202
1882	0.6031478035916202
1883	0.8029830378942148
1884	0.8029830378942148
1885	0.8029830378942148
1886	0.8105254826419601
1887	0.8105254826419601
1888	0.8105254826419601
1889	0.3847531753812384
1890	0.3847531753812384
1891	0.3847531753812384
1892	0.41371442738577924
1893	0.41371442738577924
1894	0.41371442738577924
1895	0.6201305075323019
1896	0.6201305075323019
1897	0.6201305075323019
1898	0.5449034253771006
1899	0.5449034253771006
1900	0.5449034253771006
1901	0.6121048804616586
1902	0.6121048804616586
1903	0.6121048804616586
1904	0.5104868965595615
1905	0.5104868965595615
1906	0.5104868965595615
1907	0.8574389047235836
1908	0.8574389047235836
1909	0.8574389047235836
1910	0.48521566318296816
1911	0.48521566318296816
1912	0.48521566318296816
1913	1.1886723346566002
1914	1.1886723346566002
1915	1.1886723346566002
1916	0.628891439789297
1917	0.628891439789297
1918	0.628891439789297
1919	0.6542827891471528
1920	0.6542827891471528
1921	0.6542827891471528
1922	0.6068997684037766
1923	0.6068997684037766
1924	0.6068997684037766
1925	0.6659713214099334
1926	0.6659713214099334
1927	0.6659713214099334
1928	0.673101049985508
1929	0.673101049985508
1930	0.673101049985508
1931	0.795606779266346
1932	0.795606779266346
1933	0.795606779266346
1934	0.37279031829435955
1935	0.37279031829435955
1936	0.37279031829435955
1937	0.4368230265846831
1938	0.4368230265846831
1939	0.4368230265846831
1940	0.43721243627848916
1941	0.43721243627848916
1942	0.43721243627848916
1943	0.25391608929951465
1944	0.25391608929951465
1945	0.25391608929951465
1946	0.6600850637670749
1947	0.6600850637670749
1948	0.6600850637670749
1949	0.6723241917759334
1950	0.6723241917759334
1951	0.6723241917759334
1952	0.6240149385050316
1953	0.6240149385050316
1954	0.6240149385050316
1955	0.48605366479766865
1956	0.48605366479766865
1957	0.48605366479766865
1958	0.7679369877186241
1959	0.7679369877186241
1960	0.7679369877186241
1961	0.5504147479681111
1962	0.5504147479681111
1963	0.5504147479681111
1964	0.9628377317943908
1965	0.9628377317943908
1966	0.9628377317943908
1967	1.0008161374076077
1968	1.0008161374076077
1969	1.0008161374076077
1970	0.7987663137617296
1971	0.7987663137617296
1972	0.7987663137617296
1973	1.2599515657822804
1974	1.2599515657822804
1975	1.2599515657822804
1976	0.9519036818302278
1977	0.9519036818302278
1978	0.9519036818302278
1979	1.1579815743655886
1980	1.1579815743655886
1981	1.1579815743655886
1982	1.6602760185976055
1983	1.6602760185976055
1984	1.6602760185976055
1985	1.6922328989766993
1986	1.6922328989766993
1987	1.6922328989766993
1988	1.392373514434177
1989	1.392373514434177
1990	1.392373514434177
1991	1.9719641042093556
1992	1.9719641042093556
1993	1.9719641042093556
1994	2.1378489314855593
1995	2.1378489314855593
1996	2.1378489314855593
1997	1.8065701250026458
1998	1.8065701250026458
1999	1.8065701250026458
