0	1.232763235381012
1	1.232763235381012
2	1.232763235381012
3	1.6253239281092888
4	1.6253239281092888
5	1.6253239281092888
6	1.462686668265769
7	1.462686668265769
8	1.462686668265769
9	1.7845200083507877
10	1.7845200083507877
11	1.7845200083507877
12	2.3957617068893744
13	2.3957617068893744
14	2.3957617068893744
15	0.7581928830195345
16	0.7581928830195345
17	0.7581928830195345
18	1.6229851366434258
19	1.6229851366434258
20	1.6229851366434258
21	1.3670693320723895
22	1.3670693320723895
23	1.3670693320723895
24	1.6542001486349909
25	1.6542001486349909
26	1.6542001486349909
27	1.763623026029796
28	1.763623026029796
29	1.763623026029796
30	0.9609064996601944
31	0.9609064996601944
32	0.9609064996601944
33	1.5850958556590278
34	1.5850958556590278
35	1.5850958556590278
36	1.201076614739742
37	1.201076614739742
38	1.201076614739742
39	2.189619718337662
40	2.189619718337662
41	2.189619718337662
42	2.3064404577563797
43	2.3064404577563797
44	0.8933228177402622
45	0.8933228177402622
46	0.8933228177402622
47	0.5478395544346654
48	0.5478395544346654
49	0.5478395544346654
50	0.8530430338643911
51	0.8530430338643911
52	0.8530430338643911
53	0.3610907498581089
54	0.3610907498581089
55	0.3610907498581089
56	0.6310907862349725
57	0.6310907862349725
58	0.6310907862349725
59	0.6400622982542739
60	0.6400622982542739
61	0.6400622982542739
62	0.6799979638253797
63	0.6799979638253797
64	0.6799979638253797
65	0.45396792088326643
66	0.45396792088326643
67	0.45396792088326643
68	0.594256818798138
69	0.594256818798138
70	0.594256818798138
71	0.9611902375866951
72	0.9611902375866951
73	0.9611902375866951
74	0.6145179220037829
75	0.6145179220037829
76	0.6145179220037829
77	5.8762916180267295
78	5.8762916180267295
79	5.8762916180267295
80	4.023198022020287
81	4.023198022020287
82	4.023198022020287
83	1.4146761793731741
84	1.4146761793731741
85	1.4146761793731741
86	4.756987152063699
87	4.756987152063699
88	4.756987152063699
89	4.48439836951222
90	4.48439836951222
91	4.48439836951222
92	2.1556309066250194
93	2.1556309066250194
94	2.1556309066250194
95	2.1041127578468504
96	2.1041127578468504
97	2.1041127578468504
98	1.398683616874783
99	1.398683616874783
100	1.398683616874783
101	2.0461684267567577
102	2.0461684267567577
103	2.0461684267567577
104	1.7220088768972088
105	1.7220088768972088
106	1.7220088768972088
107	2.281097571468134
108	2.281097571468134
109	2.281097571468134
110	1.5107415992127065
111	1.5107415992127065
112	1.5107415992127065
113	0.6705576246152367
114	0.6705576246152367
115	0.6705576246152367
116	2.465170396886284
117	2.465170396886284
118	2.465170396886284
119	2.726227053306321
120	2.726227053306321
121	2.726227053306321
122	2.921449478308963
123	2.921449478308963
124	2.921449478308963
125	0.9053768688743435
126	0.9053768688743435
127	0.9053768688743435
128	1.5249141263591222
129	1.5249141263591222
130	1.5249141263591222
131	2.633422148029246
132	2.633422148029246
133	2.633422148029246
134	2.6617522711144797
135	2.6617522711144797
136	2.6617522711144797
137	2.086392694634067
138	2.086392694634067
139	2.086392694634067
140	1.492132816010821
141	1.492132816010821
142	1.492132816010821
143	1.6670284282752608
144	1.6670284282752608
145	1.6670284282752608
146	0.7296235743868082
147	0.7296235743868082
148	0.7296235743868082
149	0.8584867903225162
150	0.8584867903225162
151	0.8584867903225162
152	2.312832178961628
153	2.312832178961628
154	2.312832178961628
155	2.7127940574559046
156	2.7127940574559046
157	2.7127940574559046
158	1.0985715420685525
159	1.0985715420685525
160	1.0985715420685525
161	1.7076228820024537
162	1.7076228820024537
163	1.7076228820024537
164	2.318701083360688
165	2.318701083360688
166	2.318701083360688
167	1.8711923603361487
168	1.8711923603361487
169	1.8711923603361487
170	1.513865164450647
171	1.513865164450647
172	1.513865164450647
173	2.1579419503974084
174	2.1579419503974084
175	2.1579419503974084
176	2.6034089460784315
177	2.6034089460784315
178	2.6034089460784315
179	2.7776742809505133
180	2.7776742809505133
181	2.7776742809505133
182	1.1821175786007134
183	1.1821175786007134
184	1.1821175786007134
185	1.2486397342963917
186	1.2486397342963917
187	1.2486397342963917
188	1.7806481859565597
189	1.7806481859565597
190	1.7806481859565597
191	0.1
192	0.1
193	0.1
194	2.104186911522075
195	2.104186911522075
196	2.104186911522075
197	2.1187901750269145
198	2.1187901750269145
199	2.1187901750269145
200	2.0551423190253932
201	2.0551423190253932
202	2.0551423190253932
203	3.38208471057723
204	3.38208471057723
205	3.38208471057723
206	1.7561966962242566
207	1.7561966962242566
208	1.7561966962242566
209	0.6540383449629867
210	6.353673620795683
211	6.353673620795683
212	6.353673620795683
213	5.78554343862991
214	5.78554343862991
215	5.78554343862991
216	2.030258727310991
217	2.030258727310991
218	2.030258727310991
219	3.9574393650226884
220	3.9574393650226884
221	3.9574393650226884
222	1.885034412488217
223	1.885034412488217
224	1.885034412488217
225	2.94857689185697
226	2.94857689185697
227	2.94857689185697
228	2.994344502293219
229	2.994344502293219
230	2.994344502293219
231	2.462632534341583
232	2.462632534341583
233	2.462632534341583
234	4.456865540023574
235	4.456865540023574
236	4.456865540023574
237	3.5462984473124277
238	3.5462984473124277
239	3.5462984473124277
240	4.098417293103385
241	4.098417293103385
242	4.098417293103385
243	3.7690426441322824
244	3.7690426441322824
245	3.7690426441322824
246	3.3142808037488156
247	3.3142808037488156
248	3.3142808037488156
249	2.769902045749927
250	2.769902045749927
251	2.769902045749927
252	4.22162121836333
253	4.22162121836333
254	4.22162121836333
255	3.1545209785925965
256	3.1545209785925965
257	3.1545209785925965
258	5.168168589034422
259	5.168168589034422
260	5.168168589034422
261	4.259543437201472
262	4.259543437201472
263	4.259543437201472
264	2.0995376570421262
265	2.0995376570421262
266	2.0995376570421262
267	2.418478535181992
268	2.418478535181992
269	2.418478535181992
270	4.142628120979488
271	4.142628120979488
272	4.142628120979488
273	3.3370299024663868
274	3.3370299024663868
275	3.3370299024663868
276	2.4601946591902064
277	2.4601946591902064
278	2.4601946591902064
279	3.235138295265595
280	3.235138295265595
281	3.235138295265595
282	5.1338161180787
283	5.1338161180787
284	5.1338161180787
285	3.1340180053178823
286	3.1340180053178823
287	3.1340180053178823
288	3.4849059488038603
289	3.4849059488038603
290	3.4849059488038603
291	5.222314130785085
292	5.222314130785085
293	5.222314130785085
294	3.078561003110029
295	3.078561003110029
296	3.078561003110029
297	3.696581489037568
298	3.696581489037568
299	3.696581489037568
300	2.8256512799040308
301	2.8256512799040308
302	2.8256512799040308
303	3.589555702932511
304	3.589555702932511
305	3.589555702932511
306	2.9986131797286433
307	2.9986131797286433
308	2.9986131797286433
309	0.1
310	0.1
311	0.1
312	1.5598745026153382
313	1.5598745026153382
314	1.5598745026153382
315	2.901021666265397
316	2.901021666265397
317	2.901021666265397
318	3.170245329309554
319	3.170245329309554
320	3.170245329309554
321	4.976895949182672
322	4.976895949182672
323	4.976895949182672
324	3.2085109867196717
325	3.2085109867196717
326	3.2085109867196717
327	2.582589180663739
328	2.582589180663739
329	2.582589180663739
330	2.57749286650489
331	2.57749286650489
332	2.57749286650489
333	1.5116636209641297
334	1.5116636209641297
335	1.5116636209641297
336	2.0214658068014115
337	2.0214658068014115
338	2.0214658068014115
339	2.6804322988689577
340	2.6804322988689577
341	2.6804322988689577
342	3.9561825020085384
343	3.9561825020085384
344	3.9561825020085384
345	3.2127310886930394
346	3.2127310886930394
347	3.2127310886930394
348	2.6962521992015622
349	2.6962521992015622
350	2.6962521992015622
351	2.538878763249883
352	2.538878763249883
353	2.538878763249883
354	3.821344456802773
355	3.821344456802773
356	3.821344456802773
357	3.1827881629953922
358	3.1827881629953922
359	3.1827881629953922
360	3.5276334048916578
361	3.5276334048916578
362	3.5276334048916578
363	5.025374194809096
364	5.025374194809096
365	5.025374194809096
366	3.4180828563435703
367	3.4180828563435703
368	3.4180828563435703
369	3.5915787424299106
370	3.5915787424299106
371	3.5915787424299106
372	2.943731012679798
373	2.943731012679798
374	2.943731012679798
375	2.766851054522582
376	2.766851054522582
377	2.766851054522582
378	2.3057192738518255
379	2.3057192738518255
380	2.3057192738518255
381	4.036188269486992
382	4.036188269486992
383	4.036188269486992
384	1.9539509674580535
385	1.9539509674580535
386	1.9539509674580535
387	4.771129385599132
388	4.771129385599132
389	4.771129385599132
390	2.904760556450469
391	2.904760556450469
392	2.904760556450469
393	3.6143640908497465
394	3.6143640908497465
395	3.6143640908497465
396	3.7529395566444252
397	3.7529395566444252
398	3.7529395566444252
399	2.7320703029777884
400	2.7320703029777884
401	2.7320703029777884
402	4.0011171914708274
403	4.0011171914708274
404	4.0011171914708274
405	3.3600958397377774
406	3.3600958397377774
407	3.3600958397377774
408	5.157248032353546
409	5.157248032353546
410	5.157248032353546
411	4.621551553714275
412	4.621551553714275
413	4.621551553714275
414	4.019251470549052
415	4.019251470549052
416	4.019251470549052
417	4.000710435977226
418	4.000710435977226
419	4.000710435977226
420	4.302347238009701
421	4.302347238009701
422	4.302347238009701
423	3.8862531769878284
424	3.8862531769878284
425	3.8862531769878284
426	3.7696780473741196
427	3.7696780473741196
428	3.7696780473741196
429	1.7128372171977562
430	1.7128372171977562
431	1.7128372171977562
432	4.563291368212203
433	4.563291368212203
434	4.563291368212203
435	4.08806143186677
436	4.08806143186677
437	4.08806143186677
438	3.5160284370029937
439	3.5160284370029937
440	3.5160284370029937
441	2.1817198448409867
442	2.1817198448409867
443	2.1817198448409867
444	3.2587760113065753
445	3.2587760113065753
446	3.2587760113065753
447	4.017663821683888
448	4.017663821683888
449	4.017663821683888
450	1.4966853825019248
451	1.4966853825019248
452	1.4966853825019248
453	3.5094692253915416
454	3.5094692253915416
455	3.5094692253915416
456	3.7945456188943387
457	3.7945456188943387
458	0.7235431435084269
459	0.7235431435084269
460	0.7235431435084269
461	1.5271210891752904
462	1.5271210891752904
463	1.5271210891752904
464	1.3380279059218416
465	1.3380279059218416
466	1.3380279059218416
467	1.5192631184343068
468	1.5192631184343068
469	1.5192631184343068
470	0.31163154400294346
471	0.31163154400294346
472	0.31163154400294346
473	1.2860290259319187
474	1.2860290259319187
475	1.2860290259319187
476	0.4159708060798699
477	0.4159708060798699
478	0.4159708060798699
479	1.1972246882884945
480	1.1972246882884945
481	1.1972246882884945
482	1.0432365527427772
483	1.0432365527427772
484	1.0432365527427772
485	1.5190644110770468
486	1.5190644110770468
487	1.5190644110770468
488	1.131990902892225
489	1.131990902892225
490	1.131990902892225
491	1.3277175360745905
492	1.3277175360745905
493	1.3277175360745905
494	1.1252424062994768
495	1.1252424062994768
496	1.1252424062994768
497	2.694062377824594
498	2.694062377824594
499	2.694062377824594
500	2.4403005708356975
501	2.4403005708356975
502	2.4403005708356975
503	1.6294218326454226
504	1.6294218326454226
505	1.6294218326454226
506	1.641491550067114
507	1.641491550067114
508	1.641491550067114
509	2.068786284900503
510	2.068786284900503
511	2.068786284900503
512	2.5844620894169146
513	2.5844620894169146
514	2.5844620894169146
515	2.0473142784110228
516	2.0473142784110228
517	2.0473142784110228
518	1.4423740966952527
519	1.4423740966952527
520	1.4423740966952527
521	2.258641707592486
522	2.258641707592486
523	2.258641707592486
524	2.1912920636412614
525	2.1912920636412614
526	2.1912920636412614
527	2.902478018300636
528	2.902478018300636
529	2.902478018300636
530	1.7544329744216416
531	1.7544329744216416
532	1.7544329744216416
533	2.1175158200617563
534	2.1175158200617563
535	2.1175158200617563
536	2.046574745061988
537	2.046574745061988
538	2.046574745061988
539	1.9231135133359503
540	1.9231135133359503
541	1.9231135133359503
542	1.3006566254942733
543	1.3006566254942733
544	1.5023222400713283
545	1.5023222400713283
546	1.5023222400713283
547	1.2843905624263503
548	1.2843905624263503
549	1.2843905624263503
550	2.809978758670353
551	2.809978758670353
552	2.809978758670353
553	3.0220859192441463
554	3.0220859192441463
555	3.0220859192441463
556	1.1688640027854718
557	1.1688640027854718
558	1.1688640027854718
559	4.740836246476385
560	4.740836246476385
561	4.740836246476385
562	2.2360500547354434
563	2.2360500547354434
564	2.2360500547354434
565	2.952694010856448
566	2.952694010856448
567	2.952694010856448
568	3.5604731229712074
569	3.5604731229712074
570	3.5604731229712074
571	4.7822830027323535
572	4.7822830027323535
573	4.7822830027323535
574	4.246320608918605
575	4.246320608918605
576	4.246320608918605
577	2.82752972203648
578	2.82752972203648
579	2.82752972203648
580	2.444132228981538
581	2.444132228981538
582	2.444132228981538
583	2.7069678012127336
584	2.7069678012127336
585	2.7069678012127336
586	3.1779883621400993
587	3.1779883621400993
588	1.4300748685416722
589	1.4300748685416722
590	1.4300748685416722
591	3.0119554194263585
592	3.0119554194263585
593	3.0119554194263585
594	5.383308658048057
595	5.383308658048057
596	5.383308658048057
597	0.8442843303211759
598	0.8442843303211759
599	0.8442843303211759
600	2.316854328628274
601	0.39296729102082395
602	0.39296729102082395
603	0.39296729102082395
604	0.31212410532788687
605	0.31212410532788687
606	0.31212410532788687
607	0.23455215524806336
608	0.23455215524806336
609	0.23455215524806336
610	0.16829887727540485
611	0.16829887727540485
612	0.16829887727540485
613	0.21334463890557487
614	2.739567637305952
615	2.739567637305952
616	2.739567637305952
617	1.8043227308358327
618	1.8043227308358327
619	1.8043227308358327
620	4.030286904743701
621	4.030286904743701
622	4.030286904743701
623	2.687867244022048
624	2.687867244022048
625	2.687867244022048
626	3.654436873309846
627	3.654436873309846
628	3.654436873309846
629	3.3941634191097565
630	3.3941634191097565
631	3.3941634191097565
632	1.4680574990813289
633	1.4680574990813289
634	1.4680574990813289
635	1.0944225820817755
636	1.0944225820817755
637	1.0944225820817755
638	3.534723062996231
639	3.534723062996231
640	3.534723062996231
641	1.4033692541014793
642	1.4033692541014793
643	1.4033692541014793
644	2.5469320310457837
645	2.5469320310457837
646	2.5469320310457837
647	2.9314469029512646
648	2.9314469029512646
649	2.9314469029512646
650	3.6280675386341006
651	3.6280675386341006
652	3.6280675386341006
653	0.6208929527660518
654	0.6208929527660518
655	0.6208929527660518
656	3.1156245977598567
657	3.1156245977598567
658	3.1156245977598567
659	1.6858421874647476
660	1.6858421874647476
661	1.6858421874647476
662	1.7504152492459397
663	1.7504152492459397
664	1.7504152492459397
665	1.7693685289663719
666	1.7693685289663719
667	1.7693685289663719
668	1.4266900604701092
669	1.4266900604701092
670	1.4266900604701092
671	2.77496484090825
672	2.77496484090825
673	2.77496484090825
674	1.563960349070514
675	1.563960349070514
676	1.563960349070514
677	2.7433460459575665
678	2.7433460459575665
679	2.7433460459575665
680	3.4152354849350735
681	3.4152354849350735
682	3.4152354849350735
683	4.265920842144703
684	4.265920842144703
685	4.265920842144703
686	2.888691912484079
687	2.888691912484079
688	2.888691912484079
689	0.1
690	0.1
691	0.1
692	0.8757220263613639
693	0.8757220263613639
694	0.8757220263613639
695	2.1873303886797104
696	2.1873303886797104
697	2.1873303886797104
698	3.273220304385304
699	3.273220304385304
700	3.273220304385304
701	3.105865528982609
702	3.105865528982609
703	3.105865528982609
704	3.135238465891728
705	3.135238465891728
706	3.135238465891728
707	1.5469335272862086
708	1.5469335272862086
709	1.5469335272862086
710	1.608651379681574
711	1.608651379681574
712	1.608651379681574
713	2.6678574121366228
714	2.6678574121366228
715	2.6678574121366228
716	2.548966844422242
717	2.548966844422242
718	2.548966844422242
719	2.4053483809462293
720	2.4053483809462293
721	2.4053483809462293
722	0.7696168475003935
723	0.7696168475003935
724	0.7696168475003935
725	2.6766462416731147
726	2.6766462416731147
727	0.5419191188029173
728	0.5419191188029173
729	0.5419191188029173
730	0.36701835526767634
731	0.36701835526767634
732	0.36701835526767634
733	0.9083337165056359
734	0.9083337165056359
735	0.9083337165056359
736	0.5503461325769233
737	0.5503461325769233
738	0.5503461325769233
739	0.553713925976052
740	0.553713925976052
741	0.553713925976052
742	0.6348379425923775
743	0.6348379425923775
744	0.6348379425923775
745	0.1
746	0.1
747	0.1
748	0.374007106718688
749	0.374007106718688
750	0.374007106718688
751	0.6994570945962207
752	0.6994570945962207
753	0.6994570945962207
754	0.707818118923497
755	0.707818118923497
756	0.707818118923497
757	0.1595629231013746
758	0.1595629231013746
759	0.1595629231013746
760	3.476824524174629
761	3.476824524174629
762	3.476824524174629
763	4.371397694186528
764	4.371397694186528
765	4.371397694186528
766	3.052632982361149
767	3.052632982361149
768	3.052632982361149
769	4.880107857257247
770	4.880107857257247
771	4.880107857257247
772	2.751552392434135
773	2.751552392434135
774	2.751552392434135
775	4.4331224470534405
776	4.4331224470534405
777	4.4331224470534405
778	2.6507978474674383
779	2.6507978474674383
780	2.6507978474674383
781	5.526799148581946
782	5.526799148581946
783	5.526799148581946
784	3.652728045103074
785	3.652728045103074
786	3.652728045103074
787	2.5907734169805705
788	2.5907734169805705
789	2.5907734169805705
790	3.2922323988906115
791	3.2922323988906115
792	3.2922323988906115
793	2.4741396185870883
794	2.4741396185870883
795	2.4741396185870883
796	4.2409615681005945
797	4.2409615681005945
798	4.2409615681005945
799	0.36272117891699196
800	0.36272117891699196
801	0.36272117891699196
802	2.724995136381808
803	2.724995136381808
804	2.724995136381808
805	2.984105626014344
806	2.984105626014344
807	2.984105626014344
808	4.904467438082418
809	4.904467438082418
810	4.904467438082418
811	5.616039128153727
812	5.616039128153727
813	5.616039128153727
814	5.80138064312931
815	5.80138064312931
816	5.80138064312931
817	2.866919296881588
818	2.866919296881588
819	2.866919296881588
820	3.3178222892178253
821	3.3178222892178253
822	3.3178222892178253
823	2.4922070764739104
824	2.4922070764739104
825	2.4922070764739104
826	4.369658901091755
827	4.369658901091755
828	4.369658901091755
829	2.985437847076744
830	2.985437847076744
831	2.985437847076744
832	3.306416644058548
833	3.306416644058548
834	3.306416644058548
835	4.384629129206366
836	4.384629129206366
837	4.384629129206366
838	2.8721122492831057
839	2.8721122492831057
840	2.8721122492831057
841	1.893017385537925
842	1.893017385537925
843	1.893017385537925
844	4.099525492982281
845	4.099525492982281
846	4.099525492982281
847	4.060478100283186
848	4.060478100283186
849	4.060478100283186
850	2.661770377052672
851	2.661770377052672
852	2.661770377052672
853	6.734498078239664
854	6.734498078239664
855	6.734498078239664
856	2.6237823184878852
857	2.6237823184878852
858	2.6237823184878852
859	3.760597421705458
860	3.760597421705458
861	3.760597421705458
862	3.647542643321605
863	3.647542643321605
864	3.647542643321605
865	2.0119437018223882
866	2.0119437018223882
867	2.0119437018223882
868	3.74898789105754
869	3.74898789105754
870	3.74898789105754
871	6.078376564147663
872	6.078376564147663
873	6.078376564147663
874	4.149218348463851
875	4.149218348463851
876	4.149218348463851
877	4.024587620486074
878	4.024587620486074
879	4.024587620486074
880	5.765679543519609
881	5.765679543519609
882	5.765679543519609
883	3.2013487535214633
884	3.2013487535214633
885	3.2013487535214633
886	5.051855375376519
887	5.051855375376519
888	5.051855375376519
889	2.0420124002384394
890	2.0420124002384394
891	2.0420124002384394
892	0.8843990994573605
893	0.8843990994573605
894	0.8843990994573605
895	2.7255124546092944
896	2.7255124546092944
897	2.7255124546092944
898	3.114916140529935
899	3.114916140529935
900	3.114916140529935
901	2.7499851102563926
902	2.7499851102563926
903	2.7499851102563926
904	2.0953046857669793
905	2.0953046857669793
906	2.0953046857669793
907	1.2960009105914239
908	1.2960009105914239
909	1.2960009105914239
910	2.49173223589334
911	2.49173223589334
912	2.49173223589334
913	2.264932877505708
914	2.264932877505708
915	2.264932877505708
916	1.0571648652571888
917	1.0571648652571888
918	1.0571648652571888
919	3.0108278176584773
920	3.0108278176584773
921	3.0108278176584773
922	1.499700751035617
923	1.499700751035617
924	1.499700751035617
925	3.1388241519318965
926	3.1388241519318965
927	3.1388241519318965
928	2.4479044836382045
929	2.4479044836382045
930	2.4479044836382045
931	1.9231588784493485
932	1.9231588784493485
933	1.9231588784493485
934	3.6476630695060246
935	3.6476630695060246
936	3.6476630695060246
937	3.1059196422214566
938	3.1059196422214566
939	3.1059196422214566
940	2.939834818228354
941	2.939834818228354
942	2.939834818228354
943	2.3303099641960086
944	2.3303099641960086
945	2.3303099641960086
946	3.0773227177767035
947	3.0773227177767035
948	3.0773227177767035
949	1.9069583918910031
950	1.9069583918910031
951	1.9069583918910031
952	2.6244380715266824
953	2.6244380715266824
954	2.6244380715266824
955	1.5489729852345924
956	1.5489729852345924
957	1.5489729852345924
958	5.015562155374569
959	5.015562155374569
960	5.015562155374569
961	3.2013406119842776
962	3.2013406119842776
963	3.2013406119842776
964	2.972205781138389
965	2.972205781138389
966	2.972205781138389
967	2.8643322856947266
968	2.8643322856947266
969	2.8643322856947266
970	2.900882658973274
971	2.900882658973274
972	2.900882658973274
973	2.78168454485983
974	2.78168454485983
975	2.78168454485983
976	1.8150364447999068
977	1.8150364447999068
978	1.8150364447999068
979	1.9343946675009027
980	1.9343946675009027
981	1.9343946675009027
982	3.0517184584453836
983	3.0517184584453836
984	3.0517184584453836
985	3.405810707892994
986	3.405810707892994
987	3.405810707892994
988	3.043958163620747
989	3.043958163620747
990	3.043958163620747
991	2.6691425700236215
992	2.6691425700236215
993	2.6691425700236215
994	2.5624940708660806
995	2.5624940708660806
996	2.5624940708660806
997	0.7398777122170701
998	0.7398777122170701
999	0.7398777122170701
1000	2.966022222266425
1001	2.966022222266425
1002	2.966022222266425
1003	2.541873957385409
1004	2.541873957385409
1005	2.541873957385409
1006	2.5916807665520856
1007	2.5916807665520856
1008	2.5916807665520856
1009	1.3947893966396925
1010	1.3947893966396925
1011	1.3947893966396925
1012	2.549240437589478
1013	2.549240437589478
1014	2.549240437589478
1015	3.806791963209273
1016	3.806791963209273
1017	3.806791963209273
1018	3.24588592732446
1019	3.24588592732446
1020	3.24588592732446
1021	1.547000784101534
1022	1.547000784101534
1023	1.547000784101534
1024	2.6520119672246016
1025	2.6520119672246016
1026	2.6520119672246016
1027	1.4067158057498743
1028	1.4067158057498743
1029	1.4067158057498743
1030	3.709183611100889
1031	3.709183611100889
1032	3.709183611100889
1033	0.7826652237405132
1034	0.7826652237405132
1035	0.7826652237405132
1036	2.779301069222047
1037	2.779301069222047
1038	2.779301069222047
1039	2.5694918495346886
1040	2.5694918495346886
1041	2.5694918495346886
1042	1.834758865411593
1043	1.834758865411593
1044	1.834758865411593
1045	1.4633225433869594
1046	1.4633225433869594
1047	1.4633225433869594
1048	2.029529336552217
1049	2.029529336552217
1050	2.029529336552217
1051	1.8508652224693243
1052	1.8508652224693243
1053	1.8508652224693243
1054	0.6708664481110433
1055	0.6708664481110433
1056	0.6708664481110433
1057	1.6701128027633916
1058	1.6701128027633916
1059	1.6701128027633916
1060	0.9106170365342987
1061	0.9106170365342987
1062	0.9106170365342987
1063	1.2512373707740736
1064	1.2512373707740736
1065	1.2512373707740736
1066	4.034113923314179
1067	4.034113923314179
1068	4.034113923314179
1069	3.0984035348361636
1070	3.0984035348361636
1071	3.0984035348361636
1072	1.0536059176582808
1073	1.0536059176582808
1074	1.0536059176582808
1075	1.9150067174040875
1076	1.9150067174040875
1077	1.9150067174040875
1078	2.562072886977105
1079	2.562072886977105
1080	2.562072886977105
1081	1.867483181186933
1082	1.867483181186933
1083	1.867483181186933
1084	2.762814055582905
1085	2.762814055582905
1086	2.762814055582905
1087	3.8925776206703895
1088	3.8925776206703895
1089	3.8925776206703895
1090	1.4757053561522173
1091	1.4757053561522173
1092	1.4757053561522173
1093	2.0373828338221336
1094	2.0373828338221336
1095	2.0373828338221336
1096	3.2558991226236493
1097	3.2558991226236493
1098	3.2558991226236493
1099	3.3666777373534917
1100	3.3666777373534917
1101	3.3666777373534917
1102	3.5504931541167286
1103	3.5504931541167286
1104	3.5504931541167286
1105	3.0647657789123506
1106	3.0647657789123506
1107	3.0647657789123506
1108	1.9476290867431532
1109	1.9476290867431532
1110	1.9476290867431532
1111	3.0088388012384044
1112	3.0088388012384044
1113	3.0088388012384044
1114	2.209226184753007
1115	2.209226184753007
1116	2.209226184753007
1117	3.950099495353912
1118	3.950099495353912
1119	3.950099495353912
1120	3.115252650518233
1121	3.115252650518233
1122	3.115252650518233
1123	1.8318397365080243
1124	1.8318397365080243
1125	1.8318397365080243
1126	2.945309981907245
1127	2.945309981907245
1128	2.945309981907245
1129	3.3073026731184743
1130	3.3073026731184743
1131	3.3073026731184743
1132	1.7369258235314184
1133	1.7369258235314184
1134	1.7369258235314184
1135	4.0818130904947925
1136	4.0818130904947925
1137	4.0818130904947925
1138	2.489055632064326
1139	2.489055632064326
1140	2.489055632064326
1141	2.5298843774561734
1142	2.5298843774561734
1143	2.5298843774561734
1144	2.499528665091133
1145	2.499528665091133
1146	2.499528665091133
1147	2.8651095718959736
1148	2.8651095718959736
1149	2.8651095718959736
1150	2.334917013873572
1151	2.334917013873572
1152	2.334917013873572
1153	2.135324674636704
1154	2.135324674636704
1155	2.135324674636704
1156	2.5863463027228177
1157	2.5863463027228177
1158	2.5863463027228177
1159	2.248812532988154
1160	2.248812532988154
1161	2.248812532988154
1162	2.7608358858903923
1163	2.7608358858903923
1164	2.7608358858903923
1165	4.253718306163436
1166	4.253718306163436
1167	4.253718306163436
1168	2.9837933118909294
1169	2.346804550306482
1170	2.346804550306482
1171	2.346804550306482
1172	2.3756626941147885
1173	2.3756626941147885
1174	2.3756626941147885
1175	1.5292447920569043
1176	1.5292447920569043
1177	1.5292447920569043
1178	0.9409763853708756
1179	0.9409763853708756
1180	0.9409763853708756
1181	1.0419223142288945
1182	1.0419223142288945
1183	1.0419223142288945
1184	0.5262309615178262
1185	0.5262309615178262
1186	0.5262309615178262
1187	0.7307542094896621
1188	0.7307542094896621
1189	0.7307542094896621
1190	0.8532329081487041
1191	0.8532329081487041
1192	0.8532329081487041
1193	1.5737635586826135
1194	1.5737635586826135
1195	1.5737635586826135
1196	0.6995782576135097
1197	0.6995782576135097
1198	0.6995782576135097
1199	1.2629107446084322
1200	1.2629107446084322
1201	1.2629107446084322
1202	0.98580055933306
1203	0.98580055933306
1204	0.98580055933306
1205	2.0463287699690293
1206	2.0463287699690293
1207	2.0463287699690293
1208	2.404767295533431
1209	2.404767295533431
1210	2.404767295533431
1211	1.5182494164409817
1212	1.5182494164409817
1213	1.5182494164409817
1214	1.5664168688182498
1215	1.5664168688182498
1216	1.5664168688182498
1217	0.9953705343852914
1218	0.9953705343852914
1219	0.9953705343852914
1220	1.9378608974002864
1221	1.9378608974002864
1222	1.9378608974002864
1223	1.8003541681073154
1224	1.8003541681073154
1225	1.8003541681073154
1226	1.216210001120698
1227	1.216210001120698
1228	1.216210001120698
1229	1.2215984275971938
1230	1.2215984275971938
1231	1.2215984275971938
1232	1.9469703470228876
1233	1.9469703470228876
1234	1.9469703470228876
1235	0.6092253592444529
1236	0.6092253592444529
1237	0.6092253592444529
1238	1.7419871729910317
1239	1.7419871729910317
1240	1.7419871729910317
1241	0.6440322525915079
1242	0.6440322525915079
1243	0.6440322525915079
1244	1.9355761921247923
1245	1.9355761921247923
1246	1.9355761921247923
1247	2.292802548908418
1248	2.292802548908418
1249	2.292802548908418
1250	1.6429843106289574
1251	1.6429843106289574
1252	1.6429843106289574
1253	1.7402823995997607
1254	1.7402823995997607
1255	1.7402823995997607
1256	0.6175093858136149
1257	0.6175093858136149
1258	0.6175093858136149
1259	1.9310183740470221
1260	1.9310183740470221
1261	1.9310183740470221
1262	2.01836655775909
1263	2.01836655775909
1264	2.01836655775909
1265	1.3367795253307497
1266	3.1571418453244715
1267	3.1571418453244715
1268	2.593070526259142
1269	2.593070526259142
1270	2.593070526259142
1271	1.3382406638744335
1272	1.3382406638744335
1273	1.3382406638744335
1274	2.1706233357461313
1275	2.1706233357461313
1276	2.1706233357461313
1277	0.8131274919705481
1278	0.8131274919705481
1279	0.8131274919705481
1280	1.9792007105552916
1281	1.9792007105552916
1282	1.9792007105552916
1283	2.114667391064513
1284	2.114667391064513
1285	2.114667391064513
1286	0.6521104518417946
1287	0.6521104518417946
1288	0.6521104518417946
1289	2.392375277895825
1290	2.392375277895825
1291	2.392375277895825
1292	1.5479628629643734
1293	1.5479628629643734
1294	1.5479628629643734
1295	2.6724718169325152
1296	2.6724718169325152
1297	2.6724718169325152
1298	1.2434174299749254
1299	1.2434174299749254
1300	1.2434174299749254
1301	1.701032167822782
1302	1.701032167822782
1303	1.701032167822782
1304	0.6798656263823931
1305	0.6798656263823931
1306	0.6798656263823931
1307	1.0928502259042507
1308	1.0928502259042507
1309	1.0928502259042507
1310	0.6482889564661104
1311	0.6482889564661104
1312	0.6482889564661104
1313	2.378496868745923
1314	2.378496868745923
1315	2.378496868745923
1316	1.6237094086448556
1317	1.6237094086448556
1318	1.6237094086448556
1319	2.194701433901672
1320	2.194701433901672
1321	2.194701433901672
1322	1.300066073868813
1323	1.300066073868813
1324	1.300066073868813
1325	1.170420762285485
1326	1.170420762285485
1327	1.170420762285485
1328	1.5098988891412304
1329	1.5098988891412304
1330	1.5098988891412304
1331	1.9323770363976307
1332	1.9323770363976307
1333	1.9323770363976307
1334	1.8947148666799536
1335	1.8947148666799536
1336	1.8947148666799536
1337	1.0068809660666185
1338	1.0068809660666185
1339	1.0068809660666185
1340	2.350299362326376
1341	2.350299362326376
1342	2.350299362326376
1343	1.540528651363548
1344	1.540528651363548
1345	1.540528651363548
1346	1.3798835068886242
1347	1.3798835068886242
1348	1.3798835068886242
1349	1.8875036847149465
1350	1.8875036847149465
1351	1.8875036847149465
1352	2.0995733181486695
1353	2.0995733181486695
1354	2.0995733181486695
1355	1.6763420464764436
1356	1.6763420464764436
1357	1.6763420464764436
1358	1.9124894315683896
1359	1.9124894315683896
1360	1.9124894315683896
1361	1.353768860904416
1362	1.353768860904416
1363	1.353768860904416
1364	1.7944953665378507
1365	1.7944953665378507
1366	1.7944953665378507
1367	1.0035184534803796
1368	1.0035184534803796
1369	1.0035184534803796
1370	1.5357073425692196
1371	1.5357073425692196
1372	1.5357073425692196
1373	1.1346061243787229
1374	1.1346061243787229
1375	1.1346061243787229
1376	1.71795243803588
1377	1.71795243803588
1378	1.71795243803588
1379	1.074009033596717
1380	1.074009033596717
1381	1.074009033596717
1382	0.9833765370136979
1383	0.9833765370136979
1384	0.9833765370136979
1385	1.4736863454873925
1386	1.4736863454873925
1387	1.4736863454873925
1388	1.6444079783601833
1389	1.6444079783601833
1390	1.6444079783601833
1391	1.378716466684728
1392	1.378716466684728
1393	1.378716466684728
1394	2.6579620068589724
1395	2.6579620068589724
1396	2.6579620068589724
1397	1.6660067676932069
1398	1.6660067676932069
1399	1.6660067676932069
1400	0.8321535002758516
1401	0.8321535002758516
1402	0.8321535002758516
1403	2.0761309018741265
1404	2.0761309018741265
1405	2.0761309018741265
1406	1.789478317447268
1407	1.789478317447268
1408	1.789478317447268
1409	0.22056761221545962
1410	0.22056761221545962
1411	0.22056761221545962
1412	1.9513505116400656
1413	1.9513505116400656
1414	1.9513505116400656
1415	2.298754539008181
1416	2.298754539008181
1417	2.298754539008181
1418	1.7848228913363142
1419	1.7848228913363142
1420	1.7848228913363142
1421	1.4826376884809103
1422	1.4826376884809103
1423	1.4826376884809103
1424	2.2211950965352494
1425	2.2211950965352494
1426	2.2211950965352494
1427	0.8669887983040926
1428	0.8669887983040926
1429	0.8669887983040926
1430	1.3228339792841037
1431	1.3228339792841037
1432	1.3228339792841037
1433	1.7721395287593222
1434	1.7721395287593222
1435	1.7721395287593222
1436	1.4345690365082693
1437	1.4345690365082693
1438	1.4345690365082693
1439	1.9616477143084652
1440	1.9616477143084652
1441	1.9616477143084652
1442	1.0595058489898652
1443	1.0595058489898652
1444	1.0595058489898652
1445	1.5276445068704667
1446	1.5276445068704667
1447	1.5276445068704667
1448	0.7514278207515234
1449	0.7514278207515234
1450	0.7514278207515234
1451	2.169256605667057
1452	2.169256605667057
1453	2.169256605667057
1454	0.9859662588849593
1455	0.9859662588849593
1456	0.9859662588849593
1457	1.1319180834372766
1458	1.1319180834372766
1459	1.1319180834372766
1460	1.4593106345554574
1461	1.4593106345554574
1462	1.4593106345554574
1463	1.4187685599633268
1464	1.4187685599633268
1465	1.4187685599633268
1466	1.7715372050009897
1467	1.7715372050009897
1468	1.7715372050009897
1469	1.8860341184933405
1470	1.8860341184933405
1471	1.8860341184933405
1472	1.6169592943210234
1473	1.6169592943210234
1474	1.6169592943210234
1475	1.1991752708621646
1476	1.1991752708621646
1477	1.1991752708621646
1478	2.1993515315406515
1479	2.1993515315406515
1480	2.1993515315406515
1481	2.331467118381214
1482	2.331467118381214
1483	2.331467118381214
1484	1.5827195038745097
1485	1.5827195038745097
1486	1.5827195038745097
1487	1.3843385347787058
1488	1.3843385347787058
1489	1.3843385347787058
1490	2.235558233721132
1491	2.235558233721132
1492	2.235558233721132
1493	1.3237017118019292
1494	1.3237017118019292
1495	1.3237017118019292
1496	0.8058403599332566
1497	0.8058403599332566
1498	0.8058403599332566
1499	1.7785022392088952
1500	1.7785022392088952
1501	1.7785022392088952
1502	2.1836419084235157
1503	2.1836419084235157
1504	2.1836419084235157
1505	0.9932064550723219
1506	0.9932064550723219
1507	0.9932064550723219
1508	2.2933198925034914
1509	2.2933198925034914
1510	2.2933198925034914
1511	2.369954047503435
1512	2.369954047503435
1513	2.369954047503435
1514	1.1622027777107853
1515	1.1622027777107853
1516	1.1622027777107853
1517	1.957983372478708
1518	1.957983372478708
1519	1.957983372478708
1520	0.8276394031351166
1521	0.8276394031351166
1522	0.8276394031351166
1523	1.6853208200075334
1524	1.6853208200075334
1525	1.6853208200075334
1526	2.2647983196419803
1527	2.2647983196419803
1528	2.2647983196419803
1529	2.3446801115577633
1530	2.3446801115577633
1531	2.3446801115577633
1532	2.1026263237699387
1533	2.1026263237699387
1534	2.1026263237699387
1535	2.1023682349805988
1536	2.1023682349805988
1537	2.1023682349805988
1538	0.9020634946715084
1539	0.9020634946715084
1540	0.9020634946715084
1541	2.553621285431326
1542	2.553621285431326
1543	2.553621285431326
1544	1.28272171355562
1545	1.28272171355562
1546	1.28272171355562
1547	0.7931929616446942
1548	0.7931929616446942
1549	0.7931929616446942
1550	0.8858102701592581
1551	0.8858102701592581
1552	0.8858102701592581
1553	1.0475601894140536
1554	1.0475601894140536
1555	1.0475601894140536
1556	1.3968158814026586
1557	1.3968158814026586
1558	1.3968158814026586
1559	1.7184571456323647
1560	1.7184571456323647
1561	1.7184571456323647
1562	2.192052272172636
1563	2.192052272172636
1564	2.192052272172636
1565	0.7014915856863408
1566	0.7014915856863408
1567	0.6188685657930366
1568	0.6188685657930366
1569	0.6188685657930366
1570	0.8130696847081961
1571	0.8130696847081961
1572	0.8130696847081961
1573	0.6883022614730085
1574	0.6883022614730085
1575	0.6883022614730085
1576	1.1962189447565268
1577	1.1962189447565268
1578	1.1962189447565268
1579	0.7703985442990103
1580	0.7703985442990103
1581	0.7703985442990103
1582	1.091955589392751
1583	1.091955589392751
1584	0.7370781195855967
1585	0.7370781195855967
1586	0.7370781195855967
1587	1.0022803106322016
1588	1.0022803106322016
1589	1.0022803106322016
1590	0.9292400513709885
1591	0.9292400513709885
1592	0.9292400513709885
1593	0.5580551847839181
1594	0.5580551847839181
1595	0.5580551847839181
1596	1.673810196588886
1597	1.673810196588886
1598	1.673810196588886
1599	0.9514807524294744
1600	0.9514807524294744
1601	0.9514807524294744
1602	0.8098139409747931
1603	0.8098139409747931
1604	0.8098139409747931
1605	0.7429421421176751
1606	0.7429421421176751
1607	0.7429421421176751
1608	1.495720662544243
1609	1.495720662544243
1610	1.495720662544243
1611	1.027287424078753
1612	1.027287424078753
1613	1.027287424078753
1614	1.1083108585908663
1615	1.1083108585908663
1616	1.1083108585908663
1617	1.5076549998175612
1618	1.5076549998175612
1619	1.5076549998175612
1620	1.263773095593264
1621	1.263773095593264
1622	1.263773095593264
1623	1.2016588249720512
1624	1.2016588249720512
1625	1.2016588249720512
1626	0.2092636236865032
1627	0.2092636236865032
1628	0.2092636236865032
1629	0.8879037382178068
1630	0.8879037382178068
1631	0.8879037382178068
1632	1.0053855504537006
1633	1.0053855504537006
1634	1.0053855504537006
1635	0.7558584429116201
1636	0.7558584429116201
1637	0.7558584429116201
1638	0.843208671050077
1639	0.843208671050077
1640	0.843208671050077
1641	1.2867305515185468
1642	1.2867305515185468
1643	1.2867305515185468
1644	1.247341158970186
1645	1.247341158970186
1646	1.247341158970186
1647	1.3281444835533438
1648	1.3281444835533438
1649	1.3281444835533438
1650	1.5723109378635902
1651	1.5723109378635902
1652	1.5723109378635902
1653	0.3661647634753725
1654	0.3661647634753725
1655	0.3661647634753725
1656	0.9919763648513443
1657	0.9919763648513443
1658	0.9919763648513443
1659	0.22270150489262197
1660	0.22270150489262197
1661	0.22270150489262197
1662	0.18947037232330424
1663	0.18947037232330424
1664	0.18947037232330424
1665	0.1966873915201445
1666	0.1966873915201445
1667	0.1966873915201445
1668	0.10207158362057289
1669	0.10207158362057289
1670	0.10207158362057289
1671	0.3344817409909151
1672	0.3344817409909151
1673	0.3344817409909151
1674	0.15673617189382494
1675	0.15673617189382494
1676	0.15673617189382494
1677	0.2520414525719917
1678	0.2520414525719917
1679	0.2520414525719917
1680	0.302734234918939
1681	0.302734234918939
1682	0.302734234918939
1683	0.12025168611741019
1684	0.12025168611741019
1685	0.12025168611741019
1686	0.23761721977399441
1687	0.23761721977399441
1688	0.23761721977399441
1689	0.33825730651128916
1690	0.33825730651128916
1691	0.33825730651128916
1692	0.1795448020494961
1693	0.1795448020494961
1694	0.1795448020494961
1695	0.11432290565116185
1696	0.11432290565116185
1697	0.11432290565116185
1698	0.3223462304560565
1699	0.3223462304560565
1700	0.3223462304560565
1701	0.12511024315190464
1702	0.12511024315190464
1703	0.12511024315190464
1704	0.28568569863536764
1705	0.28568569863536764
1706	0.28568569863536764
1707	0.15888948085702198
1708	0.15888948085702198
1709	0.15888948085702198
1710	0.30132509798055557
1711	0.30132509798055557
1712	0.30132509798055557
1713	0.24121554019648955
1714	0.24121554019648955
1715	0.24121554019648955
1716	0.25792587520184207
1717	0.25792587520184207
1718	0.25792587520184207
1719	0.2620507661378312
1720	0.2620507661378312
1721	0.2620507661378312
1722	0.23459117554322576
1723	0.23459117554322576
1724	0.23459117554322576
1725	0.20737987836220795
1726	0.20737987836220795
1727	0.20737987836220795
1728	0.16016316262424277
1729	0.16016316262424277
1730	0.16016316262424277
1731	0.18656059461347377
1732	2.9035725745076753
1733	2.9035725745076753
1734	2.9035725745076753
1735	1.224989070084667
1736	1.224989070084667
1737	1.224989070084667
1738	2.7513987226591805
1739	2.7513987226591805
1740	2.7513987226591805
1741	2.774597725343641
1742	2.774597725343641
1743	2.774597725343641
1744	1.2094640194116097
1745	1.2094640194116097
1746	1.2094640194116097
1747	1.5039180205350053
1748	1.5039180205350053
1749	1.5039180205350053
1750	2.580154203387898
1751	2.580154203387898
1752	2.580154203387898
1753	2.8670740014282026
1754	2.8670740014282026
1755	2.8670740014282026
1756	1.7090058267536519
1757	1.7090058267536519
1758	1.7090058267536519
1759	2.1687319721395806
1760	2.1687319721395806
1761	2.1687319721395806
1762	2.1776844657179097
1763	2.1776844657179097
1764	2.1776844657179097
1765	2.609313319778551
1766	2.609313319778551
1767	2.609313319778551
1768	2.9982496675451706
1769	2.9982496675451706
1770	2.9982496675451706
1771	1.5835390434178316
1772	1.5835390434178316
1773	1.5835390434178316
1774	2.1580311133803813
1775	2.1580311133803813
1776	2.1580311133803813
1777	3.9583895786318433
1778	3.9583895786318433
1779	3.9583895786318433
1780	1.6402876394696404
1781	1.6402876394696404
1782	1.6402876394696404
1783	1.8119314939173645
1784	1.8119314939173645
1785	1.8119314939173645
1786	1.4576901395397721
1787	1.4576901395397721
1788	1.4576901395397721
1789	2.2185816477147626
1790	2.2185816477147626
1791	2.2185816477147626
1792	1.567413115410481
1793	1.567413115410481
1794	1.567413115410481
1795	1.382004983806478
1796	1.382004983806478
1797	1.382004983806478
1798	1.5221053707183814
1799	1.5221053707183814
1800	1.5221053707183814
1801	1.3847014317102038
1802	1.3847014317102038
1803	1.3847014317102038
1804	2.190252189592162
1805	2.190252189592162
1806	2.190252189592162
1807	1.6764395728509698
1808	1.6764395728509698
1809	1.6764395728509698
1810	1.9098804742612083
1811	1.9098804742612083
1812	1.9098804742612083
1813	2.504992804127755
1814	2.504992804127755
1815	2.504992804127755
1816	1.7606913978328382
1817	1.7606913978328382
1818	1.7606913978328382
1819	2.5597228280534003
1820	2.5597228280534003
1821	2.5597228280534003
1822	2.0959984807095697
1823	2.0959984807095697
1824	2.0959984807095697
1825	1.5508995240125607
1826	3.3415618997870773
1827	3.3415618997870773
1828	3.3415618997870773
1829	3.447802149720972
1830	3.447802149720972
1831	3.447802149720972
1832	5.615424880039936
1833	5.615424880039936
1834	1.635037279197455
1835	1.635037279197455
1836	0.6935132302334208
1837	0.6935132302334208
1838	0.6935132302334208
1839	0.4550275681736211
1840	0.4550275681736211
1841	0.4550275681736211
1842	0.3752332436223011
1843	0.3752332436223011
1844	0.3752332436223011
1845	0.8001028650998611
1846	0.8001028650998611
1847	0.8001028650998611
1848	0.561438517035559
1849	0.561438517035559
1850	0.561438517035559
1851	0.4011317621101027
1852	0.4011317621101027
1853	0.4011317621101027
1854	0.6207303401620964
1855	0.6207303401620964
1856	0.6207303401620964
1857	0.3014686928192445
1858	0.3014686928192445
1859	0.3014686928192445
1860	0.5720577045789714
1861	0.5720577045789714
1862	0.5720577045789714
1863	1.1309037543128901
1864	1.1309037543128901
1865	1.1309037543128901
1866	0.9324413059746408
1867	0.9324413059746408
1868	0.9324413059746408
1869	0.294350820263535
1870	0.294350820263535
1871	0.294350820263535
1872	0.557931790827959
1873	0.557931790827959
1874	0.557931790827959
1875	0.5236693958642247
1876	0.5236693958642247
1877	0.5236693958642247
1878	5.923165710354021
1879	5.550686421008166
1880	5.550686421008166
1881	5.550686421008166
1882	1.3144921639176435
1883	1.3144921639176435
1884	1.3144921639176435
1885	3.3225269233769508
1886	3.3225269233769508
1887	3.3225269233769508
1888	4.170635431287825
1889	4.170635431287825
1890	4.170635431287825
1891	4.310780335114568
1892	4.310780335114568
1893	4.310780335114568
1894	3.5543437211339137
1895	3.5543437211339137
1896	3.5543437211339137
1897	2.0996228841604974
1898	2.0996228841604974
1899	2.0996228841604974
1900	3.77724212993542
1901	3.77724212993542
1902	3.77724212993542
1903	5.25245728798401
1904	5.25245728798401
1905	5.25245728798401
1906	1.4718988139726354
1907	1.4718988139726354
1908	1.4718988139726354
1909	4.30324281236064
1910	4.30324281236064
1911	4.30324281236064
1912	2.5317150880511927
1913	2.7798411317449485
1914	2.7798411317449485
1915	2.7798411317449485
1916	3.0388026469802334
1917	3.0388026469802334
1918	3.0388026469802334
1919	1.950603613228262
1920	1.950603613228262
1921	1.950603613228262
1922	1.8897848915430209
1923	1.8897848915430209
1924	1.8897848915430209
1925	1.3162622043058971
1926	1.3162622043058971
1927	1.3162622043058971
1928	2.3706176749944206
1929	2.3706176749944206
1930	2.3706176749944206
1931	0.9550394200568796
1932	0.9550394200568796
1933	0.9550394200568796
1934	0.8304022679728947
1935	0.8304022679728947
1936	0.8304022679728947
1937	0.8099248910130299
1938	0.8099248910130299
1939	0.8099248910130299
1940	1.5489801116684114
1941	1.5489801116684114
1942	1.5489801116684114
1943	1.3291529885335756
1944	1.3291529885335756
1945	1.3291529885335756
1946	1.0363882749049753
1947	1.0363882749049753
1948	1.0363882749049753
1949	1.4616344607401173
1950	1.4616344607401173
1951	1.4616344607401173
1952	0.5192212044139346
1953	0.5192212044139346
1954	0.5192212044139346
1955	1.0590374064290957
1956	1.0590374064290957
1957	1.0590374064290957
1958	1.3343100332462976
1959	1.3343100332462976
1960	1.3343100332462976
1961	0.25838339683405165
1962	0.25838339683405165
1963	0.25838339683405165
1964	1.498685843886577
1965	1.498685843886577
1966	1.498685843886577
1967	1.6751417331446428
1968	1.6751417331446428
1969	1.6751417331446428
1970	0.8093410601831775
1971	0.8093410601831775
1972	0.8093410601831775
1973	0.6760442788352846
1974	0.6760442788352846
1975	0.6760442788352846
1976	1.1201437573664736
1977	1.1201437573664736
1978	1.1201437573664736
1979	1.054862721706421
1980	1.054862721706421
1981	1.054862721706421
1982	0.6295586906828159
1983	0.6295586906828159
1984	0.6295586906828159
1985	1.0704370529646474
1986	1.0704370529646474
1987	1.0704370529646474
1988	1.6206795889107748
1989	1.6206795889107748
1990	1.6206795889107748
1991	1.2437476333567015
1992	1.2437476333567015
1993	1.2437476333567015
1994	0.5222106221532186
1995	0.5222106221532186
1996	0.5222106221532186
1997	0.6194007676050122
1998	0.6194007676050122
1999	0.6194007676050122
