0	1.3881270844349405
1	1.3881270844349405
2	4.432642435487246
3	4.432642435487246
4	2.916135530969828
5	2.916135530969828
6	3.1438198194712785
7	3.1438198194712785
8	1.8588981224500365
9	1.8588981224500365
10	2.757414499188617
11	2.757414499188617
12	4.310236183297559
13	4.310236183297559
14	3.182840835125631
15	3.182840835125631
16	0.6617001334058203
17	0.6617001334058203
18	3.4246923691952427
19	3.4246923691952427
20	3.7385243150735796
21	3.7385243150735796
22	2.6138514175157406
23	2.6138514175157406
24	0.794384845043036
25	0.794384845043036
26	0.680165050971703
27	0.680165050971703
28	1.3952292377549744
29	1.3952292377549744
30	3.6374146086633257
31	3.6374146086633257
32	1.277981970097393
33	1.277981970097393
34	2.8093159145592996
35	2.8093159145592996
36	1.9226259906548364
37	1.9226259906548364
38	2.8866705038425216
39	2.8866705038425216
40	2.4102576251338554
41	2.4102576251338554
42	3.1854180323445913
43	3.1854180323445913
44	3.6823045810471013
45	3.6823045810471013
46	2.764017962230376
47	2.764017962230376
48	4.519967233385405
49	4.519967233385405
50	1.8968968879084163
51	1.8968968879084163
52	2.6088804507251755
53	2.6088804507251755
54	2.9835742367989133
55	2.9835742367989133
56	3.4493372199222265
57	3.4493372199222265
58	0.7124859761827489
59	0.7124859761827489
60	2.1459461027131277
61	2.1459461027131277
62	3.916861913311812
63	3.916861913311812
64	4.9049357202938655
65	4.9049357202938655
66	1.6269296518261558
67	1.6269296518261558
68	4.473233752678065
69	4.473233752678065
70	1.884580186857698
71	1.884580186857698
72	3.0039852701044194
73	3.0039852701044194
74	3.382179263436849
75	3.382179263436849
76	3.0576717014141837
77	3.0576717014141837
78	2.1337622932119222
79	2.1337622932119222
80	2.74075513275139
81	2.74075513275139
82	2.746314387175367
83	2.746314387175367
84	4.979524713382782
85	4.979524713382782
86	1.803377954846105
87	1.803377954846105
88	3.147456835460514
89	3.147456835460514
90	2.467021465692728
91	2.467021465692728
92	4.509605440680121
93	4.509605440680121
94	2.8551171741328627
95	2.8551171741328627
96	4.222712122438892
97	4.222712122438892
98	2.1417815164519216
99	2.1417815164519216
100	1.6300850109266982
101	1.6300850109266982
102	3.84678894039245
103	3.84678894039245
104	2.331319287775582
105	2.331319287775582
106	3.9104202140487874
107	3.9104202140487874
108	3.632395526569123
109	3.632395526569123
110	1.0075349782256249
111	1.0075349782256249
112	3.970391909722112
113	3.970391909722112
114	2.4798230009420754
115	2.4798230009420754
116	2.767503434835193
117	2.767503434835193
118	0.9632577430042062
119	0.9632577430042062
120	1.5139079999923484
121	1.5139079999923484
122	4.4844436464838875
123	4.4844436464838875
124	3.890726048997131
125	3.890726048997131
126	3.636821884479583
127	3.636821884479583
128	1.4864388267214066
129	1.4864388267214066
130	2.612850508295731
131	2.612850508295731
132	3.4667837480533454
133	3.4667837480533454
134	5.174757317216166
135	5.174757317216166
136	4.184076409478518
137	4.184076409478518
138	3.716783885284036
139	3.716783885284036
140	4.105742416220449
141	4.105742416220449
142	3.7294849907217977
143	3.7294849907217977
144	5.607193555919984
145	5.607193555919984
146	5.036192240258359
147	5.036192240258359
148	2.0831175984070263
149	2.0831175984070263
150	3.9505616506323857
151	3.9505616506323857
152	4.211788944616778
153	4.211788944616778
154	4.999838577985043
155	4.999838577985043
156	6.511342079658242
157	6.511342079658242
158	0.9289319942373475
159	0.9289319942373475
160	2.9633165679764346
161	2.9633165679764346
162	4.23740763967736
163	4.23740763967736
164	3.60442704012891
165	3.60442704012891
166	3.6360721257055246
167	3.6360721257055246
168	3.392567728378568
169	3.392567728378568
170	5.911590394756365
171	5.911590394756365
172	4.56613060394391
173	4.56613060394391
174	5.181367964966844
175	5.181367964966844
176	3.3376723795198684
177	3.3376723795198684
178	4.3453255520808
179	4.3453255520808
180	4.107998464748283
181	4.107998464748283
182	3.1673699433459443
183	3.1673699433459443
184	3.204095051269357
185	3.204095051269357
186	4.1010090507391785
187	4.1010090507391785
188	5.547742033666043
189	5.547742033666043
190	1.7065590780216051
191	1.7065590780216051
192	5.378713529757886
193	5.378713529757886
194	4.4534916331708905
195	4.4534916331708905
196	3.1213291361114774
197	3.1213291361114774
198	5.425294942308193
199	5.425294942308193
200	4.128003562557397
201	4.128003562557397
202	4.163897072659687
203	4.163897072659687
204	4.235488321365844
205	4.235488321365844
206	3.2365456684198386
207	3.2365456684198386
208	2.2044119882404063
209	2.2044119882404063
210	0.8828844591531366
211	0.8828844591531366
212	3.5438938718502904
213	3.5438938718502904
214	2.6308925729874266
215	2.6308925729874266
216	5.971460763090933
217	5.971460763090933
218	2.732694714299363
219	2.732694714299363
220	2.036950191383376
221	2.036950191383376
222	4.985198705894726
223	4.985198705894726
224	2.465733710537547
225	2.465733710537547
226	3.050452382299762
227	3.050452382299762
228	3.7546446914555274
229	3.7546446914555274
230	1.2044369591695405
231	1.2044369591695405
232	1.5331435551868489
233	1.5331435551868489
234	0.3255606736094485
235	0.3255606736094485
236	2.8848919718993318
237	2.8848919718993318
238	1.8828770654300846
239	1.8828770654300846
240	3.4985251537864794
241	3.4985251537864794
242	1.1750041555928383
243	1.1750041555928383
244	1.2402783880264832
245	1.2402783880264832
246	1.6106908496590895
247	1.6106908496590895
248	1.989261656646473
249	1.989261656646473
250	3.0229874027089907
251	3.0229874027089907
252	1.8529088491477101
253	1.8529088491477101
254	2.205808480398215
255	2.205808480398215
256	1.8969112182460943
257	1.8969112182460943
258	1.808539555614332
259	1.808539555614332
260	3.51261376607997
261	3.51261376607997
262	2.7081128087259163
263	2.7081128087259163
264	2.486816133139141
265	2.486816133139141
266	1.7953523885361071
267	1.7953523885361071
268	2.819749118287334
269	2.819749118287334
270	1.4072989509921077
271	1.4072989509921077
272	1.2936690301920581
273	1.2936690301920581
274	1.4681204363129992
275	1.4681204363129992
276	2.4758576651893307
277	2.4758576651893307
278	2.34286608034448
279	2.34286608034448
280	4.299829805217655
281	4.299829805217655
282	2.8680827608208688
283	2.8680827608208688
284	2.2049113786388026
285	2.2049113786388026
286	1.763450581645544
287	1.763450581645544
288	4.087194243502633
289	4.087194243502633
290	2.073156768473085
291	2.073156768473085
292	3.2427478635473816
293	3.2427478635473816
294	1.5340932973884702
295	1.5340932973884702
296	2.9013397022040346
297	2.9013397022040346
298	0.7714023452620935
299	0.7714023452620935
300	1.986288624003848
301	1.986288624003848
302	0.11129086593777426
303	0.11129086593777426
304	1.0285292036764262
305	1.0285292036764262
306	3.7253570332307024
307	3.7253570332307024
308	2.5758551836536983
309	2.5758551836536983
310	1.8773350752749516
311	1.8773350752749516
312	4.326696012380394
313	4.326696012380394
314	3.0343148069454315
315	3.0343148069454315
316	4.3101162945984814
317	4.3101162945984814
318	0.9506472665810464
319	0.9506472665810464
320	2.2794820220792036
321	2.2794820220792036
322	2.070676427287618
323	2.070676427287618
324	2.4294963031496675
325	2.4294963031496675
326	3.3416802916649493
327	3.3416802916649493
328	1.880034104269161
329	1.880034104269161
330	3.189592666800771
331	3.189592666800771
332	3.1009841929318442
333	3.1009841929318442
334	2.448646849389497
335	2.448646849389497
336	2.326823428610467
337	2.326823428610467
338	3.48909914785325
339	3.48909914785325
340	3.0589492102595828
341	3.0589492102595828
342	1.4716730438423398
343	1.4716730438423398
344	2.459882551197897
345	2.459882551197897
346	3.0283233437286725
347	3.0283233437286725
348	1.8631842152120632
349	1.8631842152120632
350	2.4439626119632405
351	2.4439626119632405
352	2.4374912397119677
353	2.4374912397119677
354	3.430989015665231
355	3.430989015665231
356	0.5821610129355597
357	0.5821610129355597
358	0.7543772116958061
359	0.7543772116958061
360	2.537127642929309
361	2.537127642929309
362	2.1698130825432305
363	2.1698130825432305
364	3.5817957583382642
365	3.5817957583382642
366	1.567310860028736
367	1.567310860028736
368	2.7118484016749167
369	2.7118484016749167
370	2.647979123390165
371	2.647979123390165
372	0.729125562164491
373	0.729125562164491
374	2.4498701621027528
375	2.4498701621027528
376	2.914962381877894
377	2.914962381877894
378	2.886462889215629
379	2.886462889215629
380	2.323325330481451
381	2.323325330481451
382	1.2313753347734957
383	1.2313753347734957
384	0.6045372901295105
385	0.6045372901295105
386	2.419377756481105
387	2.419377756481105
388	3.4009500314864205
389	3.4009500314864205
390	2.76965882974637
391	2.76965882974637
392	1.1654562349566102
393	1.1654562349566102
394	2.8174084784710174
395	2.8174084784710174
396	2.328119303182538
397	2.328119303182538
398	1.6540277373121606
399	1.6540277373121606
400	2.9316967497934447
401	2.9316967497934447
402	2.8565367822259877
403	2.8565367822259877
404	3.365167038993795
405	3.365167038993795
406	3.187473378474432
407	3.187473378474432
408	3.119629691293578
409	3.119629691293578
410	2.097169757024584
411	2.097169757024584
412	2.9525823643862363
413	2.9525823643862363
414	2.278172401718884
415	2.278172401718884
416	2.550770254081338
417	2.550770254081338
418	2.987343535541399
419	2.987343535541399
420	2.326287656999232
421	2.326287656999232
422	2.0998144271125807
423	2.0998144271125807
424	2.4072847634114414
425	2.4072847634114414
426	3.232645259020171
427	3.232645259020171
428	3.6303498405341346
429	3.6303498405341346
430	3.3226828093748
431	3.3226828093748
432	3.222516862667094
433	3.222516862667094
434	2.430035119012188
435	2.430035119012188
436	1.9204916998442134
437	1.9204916998442134
438	3.998554937318864
439	3.998554937318864
440	2.1931902334387616
441	2.1931902334387616
442	1.6912165716689185
443	1.6912165716689185
444	0.9855409692401269
445	0.9855409692401269
446	2.613066757063256
447	2.613066757063256
448	3.1038223153579096
449	3.1038223153579096
450	2.687978650768161
451	2.687978650768161
452	3.379733151568232
453	3.379733151568232
454	2.5618330063324395
455	2.5618330063324395
456	2.6890886444451736
457	2.6890886444451736
458	1.963329747667044
459	1.963329747667044
460	2.9692037819866726
461	2.9692037819866726
462	3.4764853233667403
463	3.4764853233667403
464	1.374957828115083
465	1.374957828115083
466	3.8838057258376852
467	3.8838057258376852
468	2.6070408648550014
469	2.6070408648550014
470	1.057959979983528
471	1.057959979983528
472	2.362649928533314
473	2.362649928533314
474	0.47974812339567574
475	0.47974812339567574
476	2.568673667654465
477	2.568673667654465
478	3.1498777276043404
479	3.1498777276043404
480	0.4981483427626936
481	0.4981483427626936
482	2.3630953947720195
483	2.3630953947720195
484	2.2331943859049344
485	2.2331943859049344
486	2.9028203645196533
487	2.9028203645196533
488	0.6279674526697105
489	0.6279674526697105
490	2.9378658154809734
491	2.9378658154809734
492	2.4453022176764403
493	2.4453022176764403
494	0.6679129343510248
495	0.6679129343510248
496	1.2240242792749425
497	1.2240242792749425
498	3.45032472177697
499	3.45032472177697
500	2.178955807958215
501	2.178955807958215
502	3.0025066816830197
503	3.0025066816830197
504	3.0676120040601047
505	3.0676120040601047
506	3.012599726591121
507	3.012599726591121
508	2.322130009729766
509	2.322130009729766
510	3.053227665074752
511	3.053227665074752
512	1.4341032369763795
513	1.4341032369763795
514	2.22053960588977
515	2.22053960588977
516	2.310251159225508
517	2.310251159225508
518	0.9124673834545285
519	0.9124673834545285
520	3.329124234518133
521	3.329124234518133
522	2.001315592199295
523	2.001315592199295
524	3.111274930160348
525	3.111274930160348
526	2.507763127279308
527	2.507763127279308
528	2.234928566896051
529	2.234928566896051
530	3.319287797530897
531	3.319287797530897
532	3.0492246861621606
533	3.0492246861621606
534	2.0717907320968885
535	2.0717907320968885
536	1.9335395658690169
537	1.9335395658690169
538	4.719853702278112
539	4.719853702278112
540	3.4395043645856864
541	3.4395043645856864
542	3.167999932224112
543	3.167999932224112
544	1.7147448372574405
545	1.7147448372574405
546	1.3379751043510866
547	1.3379751043510866
548	2.714437326147247
549	2.714437326147247
550	3.798036063685178
551	3.798036063685178
552	2.139840604214077
553	2.139840604214077
554	3.290505737394723
555	3.290505737394723
556	4.979850484971651
557	4.979850484971651
558	4.5873843683519935
559	4.5873843683519935
560	2.989917498834827
561	2.989917498834827
562	2.6529194390751374
563	2.6529194390751374
564	3.342024744280004
565	3.342024744280004
566	2.9492769575623425
567	2.9492769575623425
568	2.5066667032375385
569	2.5066667032375385
570	2.6787100113162263
571	2.6787100113162263
572	1.7733441706769324
573	1.7733441706769324
574	2.3087012464101075
575	2.3087012464101075
576	2.47474415771009
577	1.5249850088878871
578	1.5249850088878871
579	1.4559542939954675
580	1.4559542939954675
581	1.7106036230551078
582	1.7106036230551078
583	2.4307086386265957
584	2.4307086386265957
585	1.1427327857657068
586	1.1427327857657068
587	1.3042601558360936
588	1.3042601558360936
589	1.2095011559684412
590	1.2095011559684412
591	1.6407245932710148
592	1.6407245932710148
593	1.8610403858776101
594	1.8610403858776101
595	0.7392999981351365
596	0.7392999981351365
597	0.7391749138956681
598	0.7391749138956681
599	1.923854949892046
600	1.923854949892046
601	2.4841660870349718
602	2.4841660870349718
603	1.5512495483673532
604	1.5512495483673532
605	1.3500304986375316
606	1.3500304986375316
607	0.83825982095917
608	0.83825982095917
609	1.7217982756608243
610	1.7217982756608243
611	1.6332901956628203
612	1.6332901956628203
613	0.9396695992753531
614	0.9396695992753531
615	0.8930342452046245
616	0.8930342452046245
617	0.3785616289262482
618	0.3785616289262482
619	1.0219906936376604
620	1.0219906936376604
621	0.8420838604987069
622	0.8420838604987069
623	0.5523565893108344
624	0.5523565893108344
625	0.8261509460283727
626	0.8261509460283727
627	0.674996821957828
628	0.674996821957828
629	0.8273536554375047
630	0.8273536554375047
631	0.2653935516543948
632	0.2653935516543948
633	0.6384606971532165
634	0.6384606971532165
635	0.6694749867096094
636	0.6694749867096094
637	0.6427218915507871
638	0.6427218915507871
639	1.1787143045681159
640	1.1787143045681159
641	0.7399331793127218
642	0.7399331793127218
643	0.6531544003037268
644	0.6531544003037268
645	0.8323750086445039
646	0.8323750086445039
647	1.1695995153567715
648	1.1695995153567715
649	1.0473204901737585
650	1.0473204901737585
651	0.7261487522436271
652	0.7261487522436271
653	0.8738174870750247
654	0.8738174870750247
655	0.5552658797272427
656	0.5552658797272427
657	0.6065333428942763
658	0.6065333428942763
659	1.0502105233596948
660	1.0502105233596948
661	0.6807749588641502
662	0.6807749588641502
663	0.4972337564274355
664	0.4972337564274355
665	0.9543562996389592
666	0.9543562996389592
667	0.546074209665443
668	0.546074209665443
669	0.4533675709251851
670	0.4533675709251851
671	0.85229691015147
672	0.85229691015147
673	0.7384280464312845
674	0.7384280464312845
675	0.6780446243684667
676	0.6780446243684667
677	0.5182651534909782
678	0.5182651534909782
679	0.7997120749887501
680	0.7997120749887501
681	0.8096159174751707
682	0.8096159174751707
683	0.48410658607850515
684	0.48410658607850515
685	0.9355612197271991
686	0.9355612197271991
687	0.8032414806211676
688	0.8032414806211676
689	0.5411445162175393
690	0.5411445162175393
691	0.36131817467122357
692	0.36131817467122357
693	0.8078921249854374
694	0.8078921249854374
695	0.4011015218351194
696	0.4011015218351194
697	0.5789568032220465
698	0.5789568032220465
699	0.9659043938890621
700	0.9659043938890621
701	2.2798701464873257
702	2.2798701464873257
703	1.8185025521392728
704	1.8185025521392728
705	0.8371350281897657
706	0.8371350281897657
707	1.472362297202564
708	1.472362297202564
709	1.7174223754550932
710	1.7174223754550932
711	2.5210291937880704
712	2.5210291937880704
713	1.6477177097907338
714	1.6477177097907338
715	2.287812433887318
716	2.287812433887318
717	1.987549719190667
718	1.987549719190667
719	1.6715034504987571
720	1.6715034504987571
721	1.3801241085377465
722	1.3801241085377465
723	2.5539908983301904
724	2.5539908983301904
725	1.4287323270366348
726	1.4287323270366348
727	2.3454638594084645
728	2.3454638594084645
729	1.8572367399803924
730	1.8572367399803924
731	1.1841964742302755
732	1.1841964742302755
733	1.0479446940515058
734	1.0479446940515058
735	2.746587047048533
736	2.746587047048533
737	0.5486301079320277
738	0.5486301079320277
739	1.8407018442017031
740	1.8407018442017031
741	1.3015566779539707
742	1.3015566779539707
743	2.4849699285099236
744	2.4849699285099236
745	0.8828116623380831
746	0.8828116623380831
747	1.011864852460901
748	1.011864852460901
749	1.7331780153351655
750	1.7331780153351655
751	1.3272122255356362
752	1.3272122255356362
753	1.4654370317458025
754	1.4654370317458025
755	1.0960733884396696
756	1.0960733884396696
757	0.5476613442219047
758	0.5476613442219047
759	1.0161214486864545
760	1.0161214486864545
761	1.4788599039484498
762	1.4788599039484498
763	1.7137203714245683
764	1.7137203714245683
765	1.2947159944652629
766	1.2947159944652629
767	1.9880662916554992
768	1.9880662916554992
769	0.8537981357532403
770	0.8537981357532403
771	1.311803332766195
772	1.311803332766195
773	1.346307588051219
774	1.346307588051219
775	2.176609775135413
776	2.176609775135413
777	2.281192075499472
778	2.281192075499472
779	0.9758322832206564
780	0.9758322832206564
781	1.6971253598303553
782	1.6971253598303553
783	2.202936477855684
784	2.202936477855684
785	1.219685871578395
786	1.219685871578395
787	0.9798705289586198
788	0.9798705289586198
789	1.072983728533229
790	1.072983728533229
791	1.509956908735059
792	1.509956908735059
793	1.7059456605102394
794	1.7059456605102394
795	2.260278298244896
796	2.260278298244896
797	0.961489687497235
798	0.961489687497235
799	1.1160764312061717
800	1.1160764312061717
801	1.1181281552585705
802	1.1181281552585705
803	1.9153971462269856
804	1.9153971462269856
805	2.126964252025137
806	2.126964252025137
807	1.1149468203666013
808	1.1149468203666013
809	3.72050029966376
810	3.72050029966376
811	2.2727441604091445
812	2.2727441604091445
813	1.957456420834161
814	1.957456420834161
815	2.0959136073661555
816	2.0959136073661555
817	1.8963680239836438
818	1.8963680239836438
819	2.7783517495914243
820	2.7783517495914243
821	1.751372296882641
822	1.751372296882641
823	2.8758927056266073
824	2.8758927056266073
825	2.30585978838986
826	2.30585978838986
827	2.6621545429686315
828	2.6621545429686315
829	2.3731220732759586
830	2.3731220732759586
831	3.003998805360898
832	3.003998805360898
833	3.5752210932455433
834	3.5752210932455433
835	1.8760566131320222
836	1.8760566131320222
837	2.1417374893974968
838	2.1417374893974968
839	3.1391199733440405
840	3.1391199733440405
841	1.0286344016106281
842	1.0286344016106281
843	3.38824461779539
844	3.38824461779539
845	1.9621859767294763
846	1.9621859767294763
847	2.237239315273864
848	2.237239315273864
849	2.7425788038075205
850	2.7425788038075205
851	2.0235976689730717
852	2.0235976689730717
853	2.2122421194757638
854	2.2122421194757638
855	3.3002942655856553
856	3.3002942655856553
857	2.5594676663807583
858	2.5594676663807583
859	1.4753295514940832
860	1.4753295514940832
861	2.0794928789870215
862	2.0794928789870215
863	3.11858351658934
864	3.11858351658934
865	1.4017079991990227
866	1.4017079991990227
867	2.582421555827954
868	2.582421555827954
869	0.736444441548666
870	0.736444441548666
871	2.235114696326661
872	2.235114696326661
873	0.7945997106006542
874	0.7945997106006542
875	3.372257994553301
876	3.372257994553301
877	2.014340703156595
878	2.014340703156595
879	1.648680464876136
880	1.648680464876136
881	1.89563502818923
882	1.89563502818923
883	1.6531637441665956
884	1.6531637441665956
885	1.555077095209239
886	1.555077095209239
887	2.378690984738323
888	2.378690984738323
889	2.416884662664829
890	2.416884662664829
891	2.981685734637016
892	2.981685734637016
893	1.8746993032509054
894	1.8746993032509054
895	2.3598331493276263
896	2.3598331493276263
897	0.37385536084048887
898	0.37385536084048887
899	1.8874003912068322
900	1.8874003912068322
901	2.123349753301017
902	2.123349753301017
903	1.3639605519798992
904	1.3639605519798992
905	1.0926903660793
906	1.0926903660793
907	2.619040466815377
908	2.619040466815377
909	1.3925224530539821
910	1.3925224530539821
911	2.2687523899547513
912	2.2687523899547513
913	3.639362353245159
914	3.639362353245159
915	2.9999989709001005
916	2.9999989709001005
917	2.687280186159445
918	2.687280186159445
919	0.1
920	0.1
921	2.2514952425391073
922	2.2514952425391073
923	2.927183102705571
924	2.927183102705571
925	2.169566146040489
926	2.169566146040489
927	2.551239345064696
928	2.551239345064696
929	0.5985573450218451
930	0.5985573450218451
931	1.8968247633693953
932	1.8968247633693953
933	1.3819171580946121
934	1.3819171580946121
935	2.155261187338256
936	2.155261187338256
937	1.8037986785634732
938	1.8037986785634732
939	2.4843751207382527
940	2.4843751207382527
941	2.0650773665967463
942	2.0650773665967463
943	1.0956179678956142
944	1.0956179678956142
945	2.10593888532565
946	2.10593888532565
947	2.9610349710288952
948	2.9610349710288952
949	1.5719911298508569
950	1.5719911298508569
951	1.5399824814815921
952	1.5399824814815921
953	2.260619568788451
954	2.260619568788451
955	1.5302460115718783
956	1.5302460115718783
957	2.715170824406866
958	2.715170824406866
959	1.5076149336258744
960	1.5076149336258744
961	1.7525176639338962
962	1.7525176639338962
963	2.6130579675517343
964	2.6130579675517343
965	1.6719018124950324
966	1.6719018124950324
967	1.4294406893521419
968	1.4294406893521419
969	0.7766934030210627
970	0.7766934030210627
971	1.7596717077854183
972	1.7596717077854183
973	1.4970799539976507
974	1.4970799539976507
975	1.3169134666476543
976	1.3169134666476543
977	2.332860666732928
978	2.332860666732928
979	1.3741252885349298
980	1.3741252885349298
981	1.746410241022041
982	1.746410241022041
983	0.41185057945576364
984	0.41185057945576364
985	1.161418228166991
986	1.161418228166991
987	0.9424763029975562
988	0.9424763029975562
989	0.3230453196088282
990	0.3230453196088282
991	0.741686874253645
992	0.741686874253645
993	0.1691615547374824
994	0.1691615547374824
995	0.9787504376082461
996	0.9787504376082461
997	1.5924779354325302
998	1.5924779354325302
999	0.1037054302193321
1000	0.1037054302193321
1001	0.7997654413169504
1002	0.7997654413169504
1003	0.9322506911752239
1004	0.9322506911752239
1005	1.4220971172578212
1006	1.4220971172578212
1007	0.9758460029061402
1008	0.9758460029061402
1009	1.1659991504250673
1010	3.3738128264064233
1011	3.3738128264064233
1012	3.0701037841709984
1013	3.0701037841709984
1014	2.0750952232365654
1015	2.0750952232365654
1016	2.5424811302972454
1017	2.5424811302972454
1018	2.954229299848472
1019	2.954229299848472
1020	2.6894400403093464
1021	2.6894400403093464
1022	1.7704885757949878
1023	1.7704885757949878
1024	4.374261819056971
1025	4.374261819056971
1026	3.087762328769559
1027	3.087762328769559
1028	4.050989128398069
1029	4.050989128398069
1030	3.604578996866908
1031	3.604578996866908
1032	2.9172777600052484
1033	2.9172777600052484
1034	2.9267826903324203
1035	2.9267826903324203
1036	3.9709059798722666
1037	3.9709059798722666
1038	4.733788767246622
1039	4.733788767246622
1040	2.767122025966995
1041	2.767122025966995
1042	3.7568612210237444
1043	3.7568612210237444
1044	3.367516460347645
1045	3.367516460347645
1046	5.725803201152902
1047	5.725803201152902
1048	6.542042059799442
1049	6.542042059799442
1050	1.7035199784538502
1051	1.7035199784538502
1052	2.412600765213752
1053	2.412600765213752
1054	3.8498248003658135
1055	3.8498248003658135
1056	3.6461082664441826
1057	3.6461082664441826
1058	2.7803163513924654
1059	2.7803163513924654
1060	3.5657816054776537
1061	3.5657816054776537
1062	1.5934230239182687
1063	1.5934230239182687
1064	2.0170609489257494
1065	2.0170609489257494
1066	1.6370878645678502
1067	1.6370878645678502
1068	3.4626627016210945
1069	3.4626627016210945
1070	4.73387265419565
1071	4.73387265419565
1072	6.087939003400929
1073	6.087939003400929
1074	1.7239070463533044
1075	1.7239070463533044
1076	1.0488524305475306
1077	1.0488524305475306
1078	6.3481286907227625
1079	6.3481286907227625
1080	4.519820610057888
1081	4.519820610057888
1082	4.213217120179343
1083	4.213217120179343
1084	1.7519864445948603
1085	1.7519864445948603
1086	2.8750989989174305
1087	2.8750989989174305
1088	2.7947411346634228
1089	2.7947411346634228
1090	2.101290931027081
1091	2.101290931027081
1092	0.1
1093	0.1
1094	3.9892187773609624
1095	1.2418972052950437
1096	1.2418972052950437
1097	1.2398928523365922
1098	2.7982748527725976
1099	2.7982748527725976
1100	1.9505602261148218
1101	1.9505602261148218
1102	0.7274366680669617
1103	0.7274366680669617
1104	0.8534493023306826
1105	0.8534493023306826
1106	3.1328617325435744
1107	3.1328617325435744
1108	1.2672840460333457
1109	1.2672840460333457
1110	3.7946947252802357
1111	3.7946947252802357
1112	3.940824319671618
1113	3.940824319671618
1114	3.1422080182034895
1115	3.1422080182034895
1116	2.4196212242442603
1117	2.4196212242442603
1118	1.0898775105546523
1119	1.0898775105546523
1120	2.2412410322352243
1121	2.2412410322352243
1122	2.38211150624552
1123	2.38211150624552
1124	2.875182320961362
1125	2.875182320961362
1126	2.776649686890445
1127	2.776649686890445
1128	2.1220788487013023
1129	2.1220788487013023
1130	2.2824919917320465
1131	2.2824919917320465
1132	1.1408374172284537
1133	1.1408374172284537
1134	3.4192794457187836
1135	3.4192794457187836
1136	3.672203113997961
1137	3.672203113997961
1138	3.0005736605119813
1139	3.0005736605119813
1140	3.4759532613414805
1141	3.4759532613414805
1142	1.585565107440596
1143	1.585565107440596
1144	2.5470584908662093
1145	2.5470584908662093
1146	3.8891117825988903
1147	3.8891117825988903
1148	2.2211329451443893
1149	2.2211329451443893
1150	2.2360974498932595
1151	2.2360974498932595
1152	3.022645024007834
1153	3.022645024007834
1154	2.6563970452454666
1155	2.6563970452454666
1156	2.3102001861210333
1157	2.3102001861210333
1158	2.364121116051444
1159	2.364121116051444
1160	2.4992205269438896
1161	2.4992205269438896
1162	1.8473273439293862
1163	1.8473273439293862
1164	1.2488226552163844
1165	1.2488226552163844
1166	5.225590273605995
1167	5.225590273605995
1168	3.142463327435587
1169	3.142463327435587
1170	1.2917227286478128
1171	1.2917227286478128
1172	4.244241802531895
1173	4.244241802531895
1174	3.97124256273954
1175	3.97124256273954
1176	3.457214302071011
1177	3.457214302071011
1178	2.8666424170281632
1179	2.8666424170281632
1180	3.989859977269689
1181	3.989859977269689
1182	1.2579278163012866
1183	1.2579278163012866
1184	1.29882482355579
1185	1.29882482355579
1186	3.880430675948198
1187	3.880430675948198
1188	4.135794928579752
1189	4.135794928579752
1190	4.432922423838198
1191	4.432922423838198
1192	2.400345925096168
1193	2.400345925096168
1194	1.8306306482805377
1195	1.8306306482805377
1196	3.1969277135701883
1197	3.1969277135701883
1198	5.070987819904666
1199	5.070987819904666
1200	4.432047329488111
1201	4.432047329488111
1202	2.1865937412332586
1203	2.1865937412332586
1204	1.3129823566776169
1205	1.3129823566776169
1206	2.8283605546667596
1207	2.8283605546667596
1208	2.0381814340264217
1209	2.0381814340264217
1210	1.6180994471674437
1211	1.6180994471674437
1212	0.9683640004771861
1213	5.751467027412607
1214	5.751467027412607
1215	4.228583882833878
1216	4.228583882833878
1217	3.5831285861995714
1218	3.5831285861995714
1219	4.973876566523225
1220	0.8080508979134375
1221	4.522192888928585
1222	4.522192888928585
1223	2.935463400262582
1224	2.935463400262582
1225	2.9221293456441106
1226	2.9221293456441106
1227	2.834353516503537
1228	2.834353516503537
1229	1.073192461175355
1230	1.073192461175355
1231	2.3820214953666494
1232	2.3820214953666494
1233	1.6076427743958146
1234	1.6076427743958146
1235	1.0197847848082628
1236	1.0197847848082628
1237	0.30598079759841856
1238	0.30598079759841856
1239	1.5795708403372128
1240	1.5795708403372128
1241	0.14569325489430662
1242	0.14569325489430662
1243	2.2083353853655456
1244	2.2083353853655456
1245	2.3160453518859234
1246	2.3160453518859234
1247	0.7662196766946374
1248	0.7662196766946374
1249	1.6445285121000643
1250	1.6445285121000643
1251	1.1038912764200157
1252	1.1038912764200157
1253	1.3164355934307743
1254	1.3164355934307743
1255	1.6677660169940127
1256	1.6677660169940127
1257	1.6755152137726612
1258	1.6755152137726612
1259	1.3722463280850485
1260	1.3722463280850485
1261	0.4979837593543974
1262	0.4979837593543974
1263	1.8706306748407004
1264	1.8706306748407004
1265	1.4724082220518337
1266	1.4724082220518337
1267	1.4835058589678152
1268	1.4835058589678152
1269	2.094573772390624
1270	2.094573772390624
1271	2.347242666036426
1272	2.347242666036426
1273	1.5586380410897678
1274	1.5586380410897678
1275	1.8420046834790849
1276	1.8420046834790849
1277	0.7778805755922333
1278	0.7778805755922333
1279	1.7447865752531853
1280	1.7447865752531853
1281	1.537931609127706
1282	1.537931609127706
1283	1.2989510228366068
1284	1.2989510228366068
1285	1.1977939253081529
1286	1.1977939253081529
1287	1.4397029324198316
1288	1.4397029324198316
1289	1.1868735759364069
1290	1.1868735759364069
1291	0.8951768321117641
1292	0.8951768321117641
1293	0.9117212364433886
1294	0.9117212364433886
1295	0.49622288284764127
1296	0.49622288284764127
1297	1.569747676254337
1298	1.569747676254337
1299	1.8003810793046173
1300	1.8003810793046173
1301	0.6591537863427015
1302	0.6591537863427015
1303	1.6081128834842917
1304	1.6081128834842917
1305	1.3468599555789738
1306	1.3468599555789738
1307	1.0579353763174448
1308	1.0579353763174448
1309	0.7812083342996319
1310	0.7812083342996319
1311	0.8006739351130492
1312	0.8006739351130492
1313	1.5281755752266895
1314	1.5281755752266895
1315	1.014187768090309
1316	1.014187768090309
1317	1.617908459666038
1318	1.617908459666038
1319	0.9405690861772845
1320	0.9405690861772845
1321	1.1161783456284085
1322	1.1161783456284085
1323	0.41656324423656865
1324	0.41656324423656865
1325	1.3178503952727358
1326	1.3178503952727358
1327	1.6858827920675918
1328	1.6858827920675918
1329	1.5786756065406307
1330	1.5786756065406307
1331	1.1383434039242166
1332	1.1383434039242166
1333	0.6994342541723022
1334	0.6994342541723022
1335	1.302974957299387
1336	1.302974957299387
1337	1.6472589925491254
1338	1.6472589925491254
1339	1.2810569625492145
1340	1.2810569625492145
1341	1.3655326183143757
1342	1.3655326183143757
1343	1.245402356001415
1344	1.245402356001415
1345	1.2982938709779337
1346	1.2982938709779337
1347	1.4072771073374004
1348	1.4072771073374004
1349	1.0487557812422383
1350	1.0487557812422383
1351	1.2807575682067014
1352	1.2807575682067014
1353	0.43083528416179684
1354	0.43083528416179684
1355	0.893781115344113
1356	0.893781115344113
1357	1.6440066818441226
1358	2.20702956916468
1359	2.20702956916468
1360	2.1080970401548464
1361	2.1080970401548464
1362	2.8387456482125373
1363	2.8387456482125373
1364	2.7439860096024082
1365	2.7439860096024082
1366	1.4490034861961156
1367	1.4490034861961156
1368	2.5765518201265385
1369	2.5765518201265385
1370	3.374244639747779
1371	3.374244639747779
1372	1.2731627274964346
1373	1.2731627274964346
1374	1.930701250825626
1375	1.930701250825626
1376	1.3855851277720639
1377	1.3855851277720639
1378	2.3354022742146983
1379	2.3354022742146983
1380	1.948940643759772
1381	2.7850999257107185
1382	2.7850999257107185
1383	4.487445975775116
1384	4.487445975775116
1385	3.218448258330035
1386	3.218448258330035
1387	4.771214970281496
1388	4.771214970281496
1389	5.82899011275364
1390	5.82899011275364
1391	2.0797374726124116
1392	2.0797374726124116
1393	2.68024224070247
1394	2.68024224070247
1395	5.289775421110645
1396	5.00247951334849
1397	5.00247951334849
1398	4.738810182918962
1399	2.603968858517626
1400	2.603968858517626
1401	2.3569309301309063
1402	2.3569309301309063
1403	4.898287737448721
1404	4.898287737448721
1405	3.138865030283903
1406	3.138865030283903
1407	0.42418761305244024
1408	0.42418761305244024
1409	2.6405593101967484
1410	2.6405593101967484
1411	4.313939015323638
1412	4.360014700257784
1413	4.360014700257784
1414	2.493368112594658
1415	2.493368112594658
1416	2.8394932996508024
1417	2.8394932996508024
1418	3.252547006052703
1419	3.252547006052703
1420	3.1550362382839414
1421	3.1550362382839414
1422	3.572569261197216
1423	3.572569261197216
1424	2.4355879608184177
1425	2.4355879608184177
1426	1.0644657648426565
1427	1.0644657648426565
1428	3.2554093346168704
1429	3.2554093346168704
1430	2.7633698898555337
1431	2.7633698898555337
1432	1.4440582982104038
1433	1.4440582982104038
1434	2.408437698139273
1435	2.408437698139273
1436	0.6086449850015461
1437	0.6086449850015461
1438	0.1
1439	0.1
1440	3.5262068007724006
1441	3.5262068007724006
1442	5.16993706654587
1443	1.296404864796278
1444	1.296404864796278
1445	1.0966984110079545
1446	3.6140086663628854
1447	3.6140086663628854
1448	1.323695200192291
1449	1.323695200192291
1450	4.165530769415913
1451	4.165530769415913
1452	1.664819632393439
1453	1.664819632393439
1454	5.519757529108169
1455	5.519757529108169
1456	2.23536208061752
1457	2.23536208061752
1458	1.6888793114697938
1459	1.6888793114697938
1460	4.161709066571416
1461	4.161709066571416
1462	3.1133264080838132
1463	3.1133264080838132
1464	4.077229075333332
1465	4.077229075333332
1466	3.5874323143615947
1467	3.5874323143615947
1468	2.5130393665120776
1469	2.5130393665120776
1470	3.23075896105309
1471	3.23075896105309
1472	3.859700304727351
1473	3.859700304727351
1474	4.471591614628779
1475	4.471591614628779
1476	2.6694608789005123
1477	2.6694608789005123
1478	5.025177650253566
1479	5.025177650253566
1480	2.987362041911494
1481	2.987362041911494
1482	3.7510841740615617
1483	3.7510841740615617
1484	3.7628056630812323
1485	3.7628056630812323
1486	4.236086176529237
1487	4.236086176529237
1488	2.8872862966749446
1489	2.8872862966749446
1490	2.1629459633648116
1491	2.1629459633648116
1492	4.732318277519041
1493	4.732318277519041
1494	1.5676375076606859
1495	1.5676375076606859
1496	2.078184785739735
1497	2.078184785739735
1498	4.3153785582053255
1499	4.3153785582053255
1500	1.774735124022795
1501	1.774735124022795
1502	4.319522122266335
1503	4.319522122266335
1504	4.6203480133142
1505	4.6203480133142
1506	3.20259477452328
1507	3.20259477452328
1508	2.590205492672139
1509	2.590205492672139
1510	4.104548614743029
1511	4.104548614743029
1512	4.818856687749106
1513	4.818856687749106
1514	2.9692549045535053
1515	2.9692549045535053
1516	5.407097541211
1517	5.407097541211
1518	3.8128261827011447
1519	3.8128261827011447
1520	2.4531403790813124
1521	2.4531403790813124
1522	4.047884805801692
1523	1.0323610781658799
1524	1.0323610781658799
1525	1.5195496093726626
1526	1.5195496093726626
1527	1.2106144420643037
1528	1.2106144420643037
1529	0.8658166985825053
1530	0.8658166985825053
1531	0.8195585119560249
1532	0.8195585119560249
1533	0.5479328068336282
1534	0.5479328068336282
1535	0.5449241438571282
1536	0.5449241438571282
1537	1.9975269482877285
1538	1.9975269482877285
1539	1.3686601084417824
1540	1.3686601084417824
1541	0.602698483757533
1542	0.602698483757533
1543	1.1455510038079602
1544	1.1455510038079602
1545	1.3691912772799464
1546	1.3691912772799464
1547	1.2761635338215491
1548	1.2761635338215491
1549	1.6887626747334217
1550	1.6887626747334217
1551	1.3948810668897669
1552	1.3948810668897669
1553	0.8964803077494303
1554	0.8964803077494303
1555	1.2795164174726352
1556	1.2795164174726352
1557	1.571585746201158
1558	1.571585746201158
1559	1.183908851482629
1560	1.183908851482629
1561	0.6737707374960104
1562	0.6737707374960104
1563	0.628902464851054
1564	0.628902464851054
1565	1.0144348567021413
1566	1.0144348567021413
1567	0.7807026857326962
1568	0.7807026857326962
1569	1.2942144466275403
1570	1.2942144466275403
1571	1.7002300753423065
1572	1.7002300753423065
1573	1.6201058747984025
1574	1.6201058747984025
1575	0.829082662425822
1576	0.829082662425822
1577	1.8636517194173705
1578	1.8636517194173705
1579	4.928839833272994
1580	4.928839833272994
1581	2.9721162415685995
1582	2.9721162415685995
1583	4.6189398407364
1584	4.6189398407364
1585	3.0872125968131408
1586	1.600012599103649
1587	1.600012599103649
1588	1.7792069579468526
1589	1.7792069579468526
1590	1.2977448504934674
1591	1.2977448504934674
1592	1.7559499438662896
1593	1.7559499438662896
1594	0.9769128409226687
1595	0.9769128409226687
1596	1.7004921525366439
1597	1.7004921525366439
1598	1.1601299376538745
1599	1.1601299376538745
1600	1.246360382468046
1601	1.246360382468046
1602	2.064675655031617
1603	2.064675655031617
1604	1.5768141365058868
1605	1.5768141365058868
1606	0.8989670887716369
1607	0.8989670887716369
1608	1.6635754373168505
1609	1.6635754373168505
1610	1.5500116761078837
1611	1.5500116761078837
1612	0.5405773020543736
1613	0.5405773020543736
1614	1.5712510963264645
1615	1.5712510963264645
1616	1.8006441457329065
1617	1.8006441457329065
1618	1.8018341975203198
1619	1.8018341975203198
1620	1.6026780354199321
1621	1.6026780354199321
1622	3.073418621980713
1623	3.073418621980713
1624	0.3834461122551951
1625	0.3834461122551951
1626	0.8386820969761013
1627	0.8386820969761013
1628	1.8517033410677506
1629	1.8517033410677506
1630	1.831317100977433
1631	1.831317100977433
1632	1.070048921855812
1633	1.070048921855812
1634	1.7088215413767667
1635	1.7088215413767667
1636	1.0622054027702648
1637	1.0622054027702648
1638	1.3116252081908482
1639	1.3116252081908482
1640	0.4281642663774865
1641	0.4281642663774865
1642	2.519707196821798
1643	2.519707196821798
1644	1.6082729595042724
1645	1.6082729595042724
1646	1.4905056769860692
1647	1.4905056769860692
1648	1.275392265165698
1649	1.275392265165698
1650	1.3881813478390241
1651	1.3881813478390241
1652	1.6991311384674397
1653	1.6991311384674397
1654	0.7681176738901595
1655	0.7681176738901595
1656	2.002895281730015
1657	2.002895281730015
1658	2.7559718076680744
1659	2.7559718076680744
1660	1.6062197778423135
1661	1.6062197778423135
1662	1.3357284073728748
1663	1.3357284073728748
1664	2.424758969608135
1665	2.424758969608135
1666	0.8294220876068766
1667	0.8294220876068766
1668	1.4782572331768071
1669	1.4782572331768071
1670	1.3110606066500283
1671	1.3110606066500283
1672	2.168961413043277
1673	2.168961413043277
1674	1.9163102843047326
1675	1.9163102843047326
1676	1.4379626351688157
1677	1.4379626351688157
1678	0.745287141282523
1679	0.745287141282523
1680	1.3816424176125068
1681	1.3816424176125068
1682	2.3110684412352507
1683	2.3110684412352507
1684	0.7441190753556034
1685	0.7441190753556034
1686	2.5711455600824733
1687	2.5711455600824733
1688	1.6585998614675794
1689	1.6585998614675794
1690	1.5336556479253798
1691	1.5336556479253798
1692	1.8688619326204396
1693	1.8688619326204396
1694	1.2019818364005108
1695	1.2019818364005108
1696	1.432555368841291
1697	1.432555368841291
1698	0.6493952632293043
1699	0.6493952632293043
1700	1.4936818765546755
1701	1.4936818765546755
1702	0.9750750160290657
1703	0.9750750160290657
1704	2.763174917566769
1705	2.763174917566769
1706	2.091644531388486
1707	2.091644531388486
1708	0.5704650048949806
1709	0.5704650048949806
1710	1.3418992258803333
1711	1.3418992258803333
1712	2.210504902079685
1713	2.210504902079685
1714	1.9369101508368454
1715	1.9369101508368454
1716	0.7559561489213702
1717	0.7559561489213702
1718	1.6765793360615855
1719	1.6765793360615855
1720	2.292004202481941
1721	2.292004202481941
1722	2.1701916342948673
1723	2.1701916342948673
1724	2.3621391362574586
1725	2.3621391362574586
1726	1.2627128390277824
1727	1.2627128390277824
1728	1.1181006819244046
1729	1.1181006819244046
1730	2.5988760007552196
1731	2.5988760007552196
1732	1.7480763650389768
1733	1.7480763650389768
1734	1.6005419338819213
1735	1.6005419338819213
1736	1.791721168598475
1737	1.791721168598475
1738	1.1347514933402145
1739	1.1347514933402145
1740	1.1643415148161582
1741	1.1643415148161582
1742	2.6550330731193568
1743	2.6550330731193568
1744	1.4553200167186917
1745	1.4553200167186917
1746	3.452686121623501
1747	2.5508250014577847
1748	2.5508250014577847
1749	1.6632659142454616
1750	1.6632659142454616
1751	1.5074769723209478
1752	1.5074769723209478
1753	3.059839362829787
1754	3.059839362829787
1755	0.9979664594887592
1756	0.9979664594887592
1757	1.5975050346302202
1758	1.5975050346302202
1759	3.2458288876247563
1760	3.2458288876247563
1761	2.073281034107242
1762	2.073281034107242
1763	4.339998335546039
1764	4.339998335546039
1765	2.072540399687232
1766	2.072540399687232
1767	4.514409657303713
1768	4.514409657303713
1769	3.050168563213536
1770	3.050168563213536
1771	0.8542701070098684
1772	0.8542701070098684
1773	1.2957400051968384
1774	1.2957400051968384
1775	2.288659691373444
1776	2.288659691373444
1777	3.086654514442156
1778	3.086654514442156
1779	3.6816519600146926
1780	3.6816519600146926
1781	1.6380098094603
1782	1.6380098094603
1783	5.363475327077518
1784	7.109519538068819
1785	7.109519538068819
1786	2.681985385837309
1787	2.681985385837309
1788	2.8365836264744844
1789	2.8365836264744844
1790	4.004993129275988
1791	1.8019041469410264
1792	1.8019041469410264
1793	2.1041247348866903
1794	2.1041247348866903
1795	1.8308122953551962
1796	1.8308122953551962
1797	2.0011087643925314
1798	2.0011087643925314
1799	2.1049604126290586
1800	2.1049604126290586
1801	2.6787640840163354
1802	2.6787640840163354
1803	1.4311711972465548
1804	1.4311711972465548
1805	1.1394173374846066
1806	1.1394173374846066
1807	2.818932711189194
1808	2.818932711189194
1809	1.8638480199325016
1810	1.8638480199325016
1811	2.209232850618667
1812	2.209232850618667
1813	2.2541408738193707
1814	2.2541408738193707
1815	3.066231077709246
1816	3.066231077709246
1817	2.211964520371879
1818	2.211964520371879
1819	2.80428561437092
1820	2.80428561437092
1821	2.282192006155531
1822	2.282192006155531
1823	2.1808732791305396
1824	2.1808732791305396
1825	1.5391378861738843
1826	1.5391378861738843
1827	0.9375576997623649
1828	0.9375576997623649
1829	2.2726200623397266
1830	2.2726200623397266
1831	1.4541346312963261
1832	1.4541346312963261
1833	1.643859488696079
1834	1.643859488696079
1835	2.3197492308418277
1836	2.3197492308418277
1837	2.9959754947950348
1838	2.9959754947950348
1839	3.76343932576909
1840	3.76343932576909
1841	1.8083796929312974
1842	1.8083796929312974
1843	2.1466259233936977
1844	2.1466259233936977
1845	1.4045758978750773
1846	1.4045758978750773
1847	1.9198023785000884
1848	1.9198023785000884
1849	2.612345114618625
1850	2.612345114618625
1851	2.9516104576078566
1852	2.9516104576078566
1853	1.4095676550450555
1854	1.4095676550450555
1855	2.491984296559197
1856	2.491984296559197
1857	2.1344673076053415
1858	2.1344673076053415
1859	3.6330146674069845
1860	3.6330146674069845
1861	2.0344606991597374
1862	2.0344606991597374
1863	2.077446660384513
1864	2.077446660384513
1865	3.1088977923285186
1866	3.1088977923285186
1867	2.2879295012269045
1868	2.2879295012269045
1869	1.9092487323546843
1870	1.9092487323546843
1871	2.860870611670511
1872	2.860870611670511
1873	1.2043834296073923
1874	1.2043834296073923
1875	2.9379156633674857
1876	2.9379156633674857
1877	2.2004933911839615
1878	2.2004933911839615
1879	3.1935865392279186
1880	3.1935865392279186
1881	0.9565677516541764
1882	0.9565677516541764
1883	0.1
1884	0.1
1885	2.9833777581414
1886	2.9833777581414
1887	1.683624554543876
1888	1.683624554543876
1889	2.4838661764700123
1890	2.4838661764700123
1891	1.4392518244133172
1892	1.4392518244133172
1893	1.8498072545771667
1894	1.8498072545771667
1895	1.6480019443411291
1896	1.6480019443411291
1897	2.1603860716491403
1898	2.1603860716491403
1899	1.5089632685194896
1900	0.9495972720572801
1901	0.9495972720572801
1902	4.10981698813247
1903	4.10981698813247
1904	4.310891605815802
1905	4.310891605815802
1906	3.6488308973305954
1907	3.6488308973305954
1908	1.931884827038853
1909	1.931884827038853
1910	3.6809244027413217
1911	3.6809244027413217
1912	4.134844944014642
1913	4.134844944014642
1914	2.9287262910640326
1915	2.9287262910640326
1916	2.557689702469
1917	2.557689702469
1918	3.69946989942936
1919	3.69946989942936
1920	2.6867963729451603
1921	2.6867963729451603
1922	1.8007175215110771
1923	1.8007175215110771
1924	4.572707793469405
1925	4.572707793469405
1926	2.7118865496556186
1927	2.7118865496556186
1928	0.38720715238271974
1929	0.38720715238271974
1930	0.43584744873433395
1931	0.43584744873433395
1932	0.8519315312148552
1933	0.8519315312148552
1934	0.6275535108213188
1935	0.6275535108213188
1936	0.7786177059237667
1937	0.7786177059237667
1938	0.3437203973073344
1939	0.3437203973073344
1940	0.6302723494302506
1941	0.6302723494302506
1942	0.5049136596353567
1943	0.5049136596353567
1944	0.417816051912573
1945	0.417816051912573
1946	0.15939396743736195
1947	0.15939396743736195
1948	0.7925825912449996
1949	0.7925825912449996
1950	0.43578845897333635
1951	0.43578845897333635
1952	0.7227141372225917
1953	0.7227141372225917
1954	0.6326255768740581
1955	0.6326255768740581
1956	1.5566591112754113
1957	1.5566591112754113
1958	1.9635148189489395
1959	1.9635148189489395
1960	1.8151369938977258
1961	1.8151369938977258
1962	2.331207282241016
1963	2.331207282241016
1964	2.0651481068611175
1965	2.0651481068611175
1966	1.1368236125735096
1967	1.1368236125735096
1968	1.1886622011042114
1969	1.1886622011042114
1970	3.2510783670201278
1971	3.2510783670201278
1972	2.1216345012164295
1973	2.1216345012164295
1974	2.403005148342462
1975	2.403005148342462
1976	1.5381206655701136
1977	1.5381206655701136
1978	1.9611271166414581
1979	1.9611271166414581
1980	2.744178383777752
1981	2.744178383777752
1982	1.009433324700018
1983	1.009433324700018
1984	2.021787319603159
1985	2.021787319603159
1986	0.7976955051629836
1987	0.7976955051629836
1988	1.1368791009954742
1989	1.1368791009954742
1990	1.6874327613151405
1991	1.6874327613151405
1992	2.200767947437275
1993	2.200767947437275
1994	0.496671816229626
1995	0.496671816229626
1996	1.8343340798341963
1997	1.8343340798341963
1998	1.4431612229006978
1999	1.4431612229006978
