0	2.4697932981069854
1	2.4697932981069854
2	0.7174845404426025
3	0.7174845404426025
4	0.7174845404426025
5	0.7174845404426025
6	0.7174845404426025
7	0.703451506629494
8	1.5929364931929497
9	1.5929364931929497
10	1.5929364931929497
11	1.5929364931929497
12	1.5929364931929497
13	1.447275715912692
14	1.447275715912692
15	1.447275715912692
16	1.447275715912692
17	1.447275715912692
18	1.685940631780437
19	1.685940631780437
20	1.685940631780437
21	1.685940631780437
22	1.685940631780437
23	1.5361690719646004
24	1.5361690719646004
25	1.5361690719646004
26	1.307201669091036
27	1.307201669091036
28	1.307201669091036
29	1.307201669091036
30	1.307201669091036
31	1.1644583922107914
32	1.1644583922107914
33	1.4017386859514582
34	1.4017386859514582
35	1.4017386859514582
36	1.4017386859514582
37	1.4017386859514582
38	1.7029459085343048
39	1.7029459085343048
40	1.7029459085343048
41	1.7029459085343048
42	1.7029459085343048
43	1.4190518032155224
44	1.4190518032155224
45	1.4190518032155224
46	1.4190518032155224
47	1.4190518032155224
48	1.1696108927440334
49	1.1696108927440334
50	1.1696108927440334
51	1.1696108927440334
52	1.1696108927440334
53	1.4525967754144922
54	1.4525967754144922
55	1.4525967754144922
56	1.4525967754144922
57	1.4525967754144922
58	0.20123356606119439
59	0.20123356606119439
60	1.06879777057046
61	1.06879777057046
62	1.06879777057046
63	1.06879777057046
64	1.06879777057046
65	1.1761207393160302
66	1.1761207393160302
67	1.1761207393160302
68	1.1761207393160302
69	1.1761207393160302
70	0.9738532847399435
71	0.9738532847399435
72	0.9738532847399435
73	0.9738532847399435
74	0.9738532847399435
75	0.5856796921045127
76	0.5856796921045127
77	0.5856796921045127
78	0.5856796921045127
79	0.5856796921045127
80	0.5685291394011475
81	0.5685291394011475
82	0.5685291394011475
83	0.5685291394011475
84	0.5685291394011475
85	0.5946189212281154
86	0.5946189212281154
87	0.5946189212281154
88	0.5946189212281154
89	0.5946189212281154
90	1.365996152295826
91	1.365996152295826
92	1.365996152295826
93	1.365996152295826
94	1.365996152295826
95	1.664161429357745
96	1.664161429357745
97	3.080031575157466
98	3.080031575157466
99	3.080031575157466
100	3.080031575157466
101	3.080031575157466
102	2.443959864108945
103	2.443959864108945
104	2.443959864108945
105	2.443959864108945
106	2.443959864108945
107	2.642549813520787
108	2.642549813520787
109	2.642549813520787
110	2.642549813520787
111	2.642549813520787
112	4.131965501859203
113	4.131965501859203
114	4.131965501859203
115	4.131965501859203
116	4.131965501859203
117	3.8692580839822988
118	3.8692580839822988
119	3.8692580839822988
120	3.8692580839822988
121	3.8692580839822988
122	4.262376328373418
123	4.262376328373418
124	4.262376328373418
125	4.262376328373418
126	4.262376328373418
127	3.346656143460781
128	3.346656143460781
129	3.346656143460781
130	3.346656143460781
131	3.346656143460781
132	3.5620042566187116
133	3.5620042566187116
134	3.5620042566187116
135	3.5620042566187116
136	1.4045433829151648
137	1.4045433829151648
138	1.4045433829151648
139	1.4045433829151648
140	1.4045433829151648
141	1.4707179615722668
142	1.4707179615722668
143	1.4707179615722668
144	1.4707179615722668
145	1.4707179615722668
146	1.4186780613754537
147	1.4186780613754537
148	1.4186780613754537
149	1.4186780613754537
150	3.825877119830095
151	3.825877119830095
152	3.825877119830095
153	3.825877119830095
154	3.825877119830095
155	3.551578386588737
156	3.551578386588737
157	3.551578386588737
158	3.551578386588737
159	3.551578386588737
160	3.335377633666303
161	3.335377633666303
162	3.335377633666303
163	3.335377633666303
164	3.335377633666303
165	3.4481920862005735
166	3.4481920862005735
167	3.4481920862005735
168	3.4481920862005735
169	3.4481920862005735
170	3.396802803788967
171	3.518070104288207
172	3.518070104288207
173	3.518070104288207
174	3.518070104288207
175	3.3812899949661133
176	3.3812899949661133
177	3.3812899949661133
178	3.3812899949661133
179	3.3812899949661133
180	3.398034640618063
181	3.398034640618063
182	1.1312710159445178
183	4.108531850857132
184	4.108531850857132
185	4.108531850857132
186	4.108531850857132
187	4.108531850857132
188	3.0788596320817003
189	3.0788596320817003
190	3.0788596320817003
191	3.0788596320817003
192	3.0788596320817003
193	3.579485069426674
194	3.579485069426674
195	3.579485069426674
196	3.579485069426674
197	3.579485069426674
198	3.958893129360161
199	3.958893129360161
200	3.958893129360161
201	3.958893129360161
202	3.958893129360161
203	4.044282062765943
204	4.044282062765943
205	4.044282062765943
206	4.044282062765943
207	4.044282062765943
208	3.344122744316313
209	3.344122744316313
210	3.344122744316313
211	3.344122744316313
212	3.344122744316313
213	4.801884476228621
214	4.801884476228621
215	4.801884476228621
216	4.801884476228621
217	4.801884476228621
218	4.546033833543468
219	4.546033833543468
220	4.546033833543468
221	4.546033833543468
222	4.546033833543468
223	4.64192478326652
224	4.64192478326652
225	4.64192478326652
226	4.64192478326652
227	4.64192478326652
228	3.7959608091303814
229	2.8108236556608364
230	2.8108236556608364
231	2.8108236556608364
232	2.8108236556608364
233	2.8108236556608364
234	2.918374361269525
235	2.918374361269525
236	2.918374361269525
237	2.918374361269525
238	3.774477076533167
239	3.774477076533167
240	3.774477076533167
241	3.774477076533167
242	3.774477076533167
243	3.880416998746411
244	3.880416998746411
245	3.880416998746411
246	3.880416998746411
247	3.880416998746411
248	3.725364529238977
249	3.725364529238977
250	3.725364529238977
251	3.725364529238977
252	3.725364529238977
253	3.8556426607517347
254	3.8556426607517347
255	0.6880136628382993
256	0.6880136628382993
257	0.6880136628382993
258	0.6880136628382993
259	0.6880136628382993
260	0.6041968076353429
261	0.6041968076353429
262	0.6041968076353429
263	0.6041968076353429
264	0.6041968076353429
265	0.679311544235492
266	0.679311544235492
267	0.679311544235492
268	0.679311544235492
269	0.679311544235492
270	0.7049481646794138
271	0.7049481646794138
272	0.7049481646794138
273	0.7049481646794138
274	0.7049481646794138
275	0.7274341562589657
276	0.7274341562589657
277	0.7274341562589657
278	0.7274341562589657
279	0.7274341562589657
280	0.6165377788089362
281	0.6165377788089362
282	4.189134255958463
283	4.189134255958463
284	1.1761770211376565
285	1.1761770211376565
286	1.1761770211376565
287	1.1761770211376565
288	1.1761770211376565
289	3.2917790830839424
290	3.2917790830839424
291	3.2917790830839424
292	3.2917790830839424
293	3.2917790830839424
294	4.225688686134254
295	4.225688686134254
296	4.225688686134254
297	4.225688686134254
298	4.225688686134254
299	3.8987708319590526
300	3.8987708319590526
301	3.8987708319590526
302	0.7278521145752881
303	0.7278521145752881
304	0.7278521145752881
305	0.7278521145752881
306	2.068235159925039
307	2.068235159925039
308	2.068235159925039
309	2.068235159925039
310	2.068235159925039
311	1.7961685132568388
312	1.7961685132568388
313	1.7961685132568388
314	1.7961685132568388
315	1.7961685132568388
316	2.084737638996343
317	2.084737638996343
318	0.9927723922079079
319	0.9927723922079079
320	0.9927723922079079
321	0.9927723922079079
322	0.9927723922079079
323	1.1974889919031635
324	1.1974889919031635
325	1.1974889919031635
326	1.1974889919031635
327	1.1974889919031635
328	1.2271693079965174
329	1.2271693079965174
330	1.2271693079965174
331	1.2271693079965174
332	1.2271693079965174
333	1.2119084759847836
334	1.2119084759847836
335	1.2119084759847836
336	1.2119084759847836
337	1.2119084759847836
338	1.1763136869558646
339	1.1763136869558646
340	1.1763136869558646
341	2.2369365484736132
342	2.2369365484736132
343	2.2369365484736132
344	2.2369365484736132
345	2.2369365484736132
346	2.565291627525622
347	2.565291627525622
348	2.565291627525622
349	2.565291627525622
350	2.565291627525622
351	2.5049623428015604
352	2.5049623428015604
353	2.5049623428015604
354	2.5049623428015604
355	3.240140870157626
356	3.240140870157626
357	1.1773316451482319
358	1.1773316451482319
359	1.1773316451482319
360	1.1773316451482319
361	1.1773316451482319
362	0.9138242860517026
363	0.9138242860517026
364	0.9138242860517026
365	0.9138242860517026
366	0.9138242860517026
367	1.1006874861237823
368	1.1006874861237823
369	1.1006874861237823
370	1.1006874861237823
371	1.1006874861237823
372	1.1813506802597025
373	1.1813506802597025
374	1.1813506802597025
375	1.1813506802597025
376	1.1813506802597025
377	1.0495934295761788
378	1.0495934295761788
379	1.0495934295761788
380	1.0495934295761788
381	1.0495934295761788
382	1.4921675338205893
383	1.4921675338205893
384	1.4921675338205893
385	1.4921675338205893
386	1.4921675338205893
387	1.6708365752452985
388	1.6708365752452985
389	1.6708365752452985
390	1.6708365752452985
391	1.6708365752452985
392	1.4141560465615137
393	1.4141560465615137
394	2.793758669131248
395	2.793758669131248
396	2.793758669131248
397	2.793758669131248
398	2.793758669131248
399	2.785522234211735
400	2.785522234211735
401	2.785522234211735
402	2.785522234211735
403	2.785522234211735
404	3.278596299844287
405	3.278596299844287
406	3.278596299844287
407	3.278596299844287
408	3.278596299844287
409	3.618284590804776
410	3.618284590804776
411	3.618284590804776
412	3.618284590804776
413	3.618284590804776
414	3.631650422447679
415	3.631650422447679
416	3.631650422447679
417	3.631650422447679
418	3.631650422447679
419	3.6399973915226274
420	3.6399973915226274
421	3.6399973915226274
422	3.6399973915226274
423	3.6399973915226274
424	3.5308977687500676
425	3.5308977687500676
426	3.5308977687500676
427	3.5308977687500676
428	2.013764694983295
429	2.013764694983295
430	2.013764694983295
431	2.013764694983295
432	2.013764694983295
433	1.934961166880992
434	1.934961166880992
435	0.21673817489528557
436	0.21673817489528557
437	0.21673817489528557
438	0.21673817489528557
439	0.21673817489528557
440	0.24884592592095234
441	0.24884592592095234
442	0.24884592592095234
443	0.24884592592095234
444	0.24884592592095234
445	0.18603359362754207
446	0.18603359362754207
447	0.18603359362754207
448	0.18603359362754207
449	0.18603359362754207
450	0.17377730369715919
451	0.17377730369715919
452	0.17377730369715919
453	0.17377730369715919
454	0.17377730369715919
455	0.18514656699305984
456	1.2337162398767751
457	1.2337162398767751
458	1.2337162398767751
459	1.2337162398767751
460	1.2337162398767751
461	1.2591648736196328
462	1.2591648736196328
463	1.2591648736196328
464	1.2591648736196328
465	1.2591648736196328
466	1.1235677362641348
467	1.1235677362641348
468	1.1235677362641348
469	1.1235677362641348
470	1.1235677362641348
471	0.9959635923094645
472	0.9959635923094645
473	0.9959635923094645
474	0.9959635923094645
475	0.9959635923094645
476	1.1429510751714405
477	1.1429510751714405
478	1.1429510751714405
479	1.1429510751714405
480	1.1429510751714405
481	1.2392783208749025
482	1.2392783208749025
483	1.2392783208749025
484	1.2392783208749025
485	1.2392783208749025
486	1.1227940948200315
487	1.1227940948200315
488	1.1227940948200315
489	1.1227940948200315
490	1.1227940948200315
491	1.0401646208358368
492	1.0401646208358368
493	1.0401646208358368
494	1.0401646208358368
495	1.0401646208358368
496	1.0880872816264355
497	1.0880872816264355
498	1.0880872816264355
499	1.0880872816264355
500	1.0880872816264355
501	1.2639990218305046
502	1.2639990218305046
503	1.2639990218305046
504	1.2639990218305046
505	1.2639990218305046
506	0.9236875915439429
507	0.9236875915439429
508	0.9236875915439429
509	0.9236875915439429
510	0.9236875915439429
511	0.9729969982593976
512	0.9729969982593976
513	0.9729969982593976
514	0.9729969982593976
515	0.9729969982593976
516	1.1681504612268667
517	1.1681504612268667
518	1.1681504612268667
519	1.1681504612268667
520	1.1681504612268667
521	1.080455468998015
522	1.080455468998015
523	1.080455468998015
524	1.080455468998015
525	1.080455468998015
526	1.0278886243351526
527	1.0278886243351526
528	1.0278886243351526
529	1.0278886243351526
530	1.0278886243351526
531	1.2574108174621053
532	1.2574108174621053
533	1.2574108174621053
534	1.2574108174621053
535	1.2574108174621053
536	1.156049488566955
537	1.156049488566955
538	1.156049488566955
539	1.156049488566955
540	1.156049488566955
541	0.877368342849706
542	0.877368342849706
543	0.877368342849706
544	2.0884019571598262
545	2.0884019571598262
546	2.0884019571598262
547	2.0884019571598262
548	2.0884019571598262
549	1.9302734995049433
550	1.9302734995049433
551	1.9302734995049433
552	1.9302734995049433
553	0.8956518689919968
554	0.8956518689919968
555	0.8956518689919968
556	0.8956518689919968
557	0.8956518689919968
558	1.2905527509299746
559	1.2905527509299746
560	1.2905527509299746
561	1.2905527509299746
562	1.2905527509299746
563	1.2277272169877218
564	1.2277272169877218
565	1.2277272169877218
566	1.2277272169877218
567	1.2277272169877218
568	1.203705085041847
569	1.203705085041847
570	1.203705085041847
571	1.203705085041847
572	1.203705085041847
573	0.9385187264279442
574	3.9475711742570567
575	3.9475711742570567
576	3.9475711742570567
577	3.9475711742570567
578	3.9475711742570567
579	3.6971911034522638
580	3.6971911034522638
581	3.6971911034522638
582	3.6971911034522638
583	3.6971911034522638
584	3.5161017525067875
585	3.5161017525067875
586	3.5161017525067875
587	3.5161017525067875
588	3.5161017525067875
589	4.497859020934234
590	4.497859020934234
591	4.497859020934234
592	4.497859020934234
593	4.497859020934234
594	3.5512808910753906
595	3.5512808910753906
596	3.5512808910753906
597	3.5512808910753906
598	3.5512808910753906
599	3.6955261881810433
600	3.6955261881810433
601	3.6955261881810433
602	3.6955261881810433
603	3.6955261881810433
604	2.745975202454173
605	2.745975202454173
606	3.558034884817339
607	3.558034884817339
608	3.558034884817339
609	3.558034884817339
610	3.558034884817339
611	3.4841085325466437
612	3.4841085325466437
613	1.00846556606924
614	1.00846556606924
615	1.00846556606924
616	1.00846556606924
617	1.00846556606924
618	1.0678787451158667
619	3.1130994113731965
620	3.1130994113731965
621	3.1130994113731965
622	3.1130994113731965
623	3.1130994113731965
624	3.6769506544240946
625	3.6769506544240946
626	3.6769506544240946
627	3.6769506544240946
628	3.6769506544240946
629	3.0986321120049074
630	3.0986321120049074
631	3.0986321120049074
632	3.0986321120049074
633	3.0986321120049074
634	2.385643186856561
635	2.385643186856561
636	2.385643186856561
637	2.385643186856561
638	2.385643186856561
639	1.6935646505773407
640	1.6935646505773407
641	1.6935646505773407
642	1.6935646505773407
643	1.6935646505773407
644	2.153598581430368
645	2.153598581430368
646	2.153598581430368
647	2.153598581430368
648	2.153598581430368
649	2.2031252266460752
650	2.2031252266460752
651	2.2031252266460752
652	2.2031252266460752
653	2.2031252266460752
654	2.4061387160755663
655	2.4061387160755663
656	2.4061387160755663
657	2.4061387160755663
658	2.4061387160755663
659	1.7918305174716966
660	1.7918305174716966
661	1.7918305174716966
662	1.7918305174716966
663	1.7918305174716966
664	2.0164905171853937
665	2.0164905171853937
666	2.0164905171853937
667	3.6779002570097905
668	3.6779002570097905
669	3.6779002570097905
670	3.6779002570097905
671	3.6779002570097905
672	4.572112995311604
673	4.572112995311604
674	4.572112995311604
675	4.572112995311604
676	4.572112995311604
677	3.5661375098687604
678	3.5661375098687604
679	3.5661375098687604
680	3.5661375098687604
681	3.5661375098687604
682	3.98930403502126
683	3.98930403502126
684	3.98930403502126
685	4.69401852440066
686	4.69401852440066
687	4.69401852440066
688	1.732875313545696
689	1.732875313545696
690	1.732875313545696
691	1.732875313545696
692	1.732875313545696
693	2.489001057489395
694	2.489001057489395
695	2.489001057489395
696	2.489001057489395
697	2.489001057489395
698	4.165469209457769
699	4.165469209457769
700	4.165469209457769
701	4.165469209457769
702	4.165469209457769
703	3.3951047111989237
704	3.3951047111989237
705	3.3951047111989237
706	3.3951047111989237
707	3.3951047111989237
708	3.896156887682488
709	3.896156887682488
710	3.896156887682488
711	3.896156887682488
712	2.704953614959513
713	2.704953614959513
714	2.704953614959513
715	2.704953614959513
716	2.704953614959513
717	2.242119950677062
718	2.242119950677062
719	2.242119950677062
720	2.242119950677062
721	2.242119950677062
722	4.328754476696034
723	4.328754476696034
724	4.328754476696034
725	4.328754476696034
726	3.6895162513634476
727	3.6895162513634476
728	3.6895162513634476
729	3.6895162513634476
730	3.6895162513634476
731	2.7403577231200016
732	2.7403577231200016
733	2.7403577231200016
734	2.7403577231200016
735	2.7403577231200016
736	1.5916699676834212
737	1.5916699676834212
738	1.5916699676834212
739	1.5916699676834212
740	1.5916699676834212
741	1.5314535363026807
742	1.5314535363026807
743	1.5314535363026807
744	1.5314535363026807
745	1.5314535363026807
746	1.5055063630233105
747	1.5055063630233105
748	1.5055063630233105
749	1.5055063630233105
750	1.5055063630233105
751	1.5290213945577151
752	1.5290213945577151
753	1.5290213945577151
754	1.5290213945577151
755	1.5290213945577151
756	1.4346416180980996
757	1.4346416180980996
758	1.4346416180980996
759	1.4346416180980996
760	1.4346416180980996
761	1.2507225734844278
762	1.2507225734844278
763	1.2507225734844278
764	1.2507225734844278
765	1.2507225734844278
766	1.8479619006759251
767	1.8479619006759251
768	1.8479619006759251
769	1.8479619006759251
770	1.8479619006759251
771	1.5189474571418868
772	1.5189474571418868
773	1.5189474571418868
774	1.5189474571418868
775	1.5189474571418868
776	1.681384229955129
777	1.681384229955129
778	3.32823738413568
779	4.9793722535365905
780	4.9793722535365905
781	4.9793722535365905
782	4.9793722535365905
783	4.9793722535365905
784	4.330648723360132
785	4.330648723360132
786	4.330648723360132
787	4.330648723360132
788	4.330648723360132
789	3.5321375357598708
790	3.5321375357598708
791	3.5321375357598708
792	3.5321375357598708
793	3.5321375357598708
794	4.800723701522054
795	4.800723701522054
796	4.800723701522054
797	4.800723701522054
798	4.800723701522054
799	2.8018548834557846
800	2.8018548834557846
801	2.8018548834557846
802	2.8018548834557846
803	2.0593399429226396
804	2.0593399429226396
805	2.0593399429226396
806	2.0593399429226396
807	2.0593399429226396
808	2.2253912763766674
809	2.2253912763766674
810	2.2253912763766674
811	2.2253912763766674
812	2.2253912763766674
813	1.8637104750039593
814	1.8637104750039593
815	1.8637104750039593
816	1.8637104750039593
817	1.8637104750039593
818	3.064930665227837
819	3.064930665227837
820	3.064930665227837
821	3.064930665227837
822	3.064930665227837
823	1.4862382110818506
824	1.4862382110818506
825	1.4862382110818506
826	1.4862382110818506
827	1.4862382110818506
828	1.73748329813137
829	1.73748329813137
830	1.73748329813137
831	1.73748329813137
832	1.73748329813137
833	1.609150157834077
834	1.609150157834077
835	1.609150157834077
836	1.609150157834077
837	1.609150157834077
838	3.3308908842937086
839	3.3308908842937086
840	3.3308908842937086
841	3.3308908842937086
842	3.3308908842937086
843	2.9887841409279927
844	2.9887841409279927
845	2.9887841409279927
846	2.9887841409279927
847	2.9887841409279927
848	3.771840794098945
849	3.771840794098945
850	3.771840794098945
851	3.771840794098945
852	3.771840794098945
853	3.620619744285561
854	3.620619744285561
855	3.620619744285561
856	3.620619744285561
857	3.620619744285561
858	3.090591290266144
859	2.6995720768302793
860	2.6995720768302793
861	2.6995720768302793
862	3.4567805458112666
863	3.4567805458112666
864	3.4567805458112666
865	3.4567805458112666
866	3.4567805458112666
867	2.9160157484178826
868	2.5278369516151833
869	2.5278369516151833
870	2.5278369516151833
871	2.5278369516151833
872	2.5278369516151833
873	2.063520384837825
874	2.063520384837825
875	2.063520384837825
876	2.063520384837825
877	2.063520384837825
878	2.239106553313772
879	2.239106553313772
880	2.239106553313772
881	2.239106553313772
882	2.239106553313772
883	2.3306147828949886
884	2.3306147828949886
885	2.3306147828949886
886	2.3306147828949886
887	2.3306147828949886
888	2.5848621531273333
889	2.5848621531273333
890	2.5848621531273333
891	2.5848621531273333
892	2.5848621531273333
893	2.2844053153515276
894	2.2844053153515276
895	2.2844053153515276
896	2.2844053153515276
897	2.2844053153515276
898	2.753975404383946
899	2.753975404383946
900	2.753975404383946
901	2.753975404383946
902	2.753975404383946
903	2.412497397340374
904	2.412497397340374
905	2.412497397340374
906	2.412497397340374
907	2.412497397340374
908	2.7615278658306637
909	2.7615278658306637
910	2.7615278658306637
911	2.7615278658306637
912	2.7615278658306637
913	2.5652980044410585
914	2.5652980044410585
915	2.5652980044410585
916	2.5652980044410585
917	2.5652980044410585
918	2.6002324363581133
919	2.6002324363581133
920	2.6002324363581133
921	2.6002324363581133
922	2.6002324363581133
923	2.328710704506166
924	2.328710704506166
925	2.328710704506166
926	2.328710704506166
927	2.328710704506166
928	2.7804939000223365
929	2.7804939000223365
930	2.7804939000223365
931	2.7804939000223365
932	2.7804939000223365
933	2.1700775165696338
934	2.1700775165696338
935	4.059513757507336
936	4.059513757507336
937	2.505243331679079
938	2.505243331679079
939	2.505243331679079
940	2.505243331679079
941	2.505243331679079
942	2.8547807105413012
943	2.8547807105413012
944	2.8547807105413012
945	2.8547807105413012
946	2.8547807105413012
947	2.624568017062996
948	2.624568017062996
949	2.624568017062996
950	2.624568017062996
951	2.624568017062996
952	2.508912658248127
953	2.508912658248127
954	2.508912658248127
955	2.508912658248127
956	2.508912658248127
957	2.115112667806953
958	2.115112667806953
959	2.115112667806953
960	2.115112667806953
961	2.115112667806953
962	2.213111477009991
963	2.213111477009991
964	2.213111477009991
965	2.213111477009991
966	2.213111477009991
967	0.6522294765143949
968	0.6522294765143949
969	0.6522294765143949
970	2.2860045248918874
971	2.2860045248918874
972	2.2860045248918874
973	2.2860045248918874
974	2.2860045248918874
975	3.2195109456487274
976	3.2195109456487274
977	3.2195109456487274
978	3.2195109456487274
979	3.2195109456487274
980	2.829038894843013
981	1.6957868039781911
982	1.6957868039781911
983	1.6957868039781911
984	1.6957868039781911
985	1.6957868039781911
986	1.7408681580665213
987	1.7408681580665213
988	1.7408681580665213
989	1.7408681580665213
990	1.7408681580665213
991	1.7741811711715907
992	1.7741811711715907
993	1.7741811711715907
994	1.7741811711715907
995	1.7741811711715907
996	1.5503464468206845
997	1.5503464468206845
998	1.5503464468206845
999	1.5503464468206845
1000	1.5503464468206845
1001	1.7905795275972554
1002	1.7905795275972554
1003	1.7905795275972554
1004	1.7905795275972554
1005	1.7905795275972554
1006	1.5483798877745303
1007	1.5483798877745303
1008	1.5483798877745303
1009	1.5483798877745303
1010	1.5483798877745303
1011	1.528442184417309
1012	1.528442184417309
1013	1.528442184417309
1014	1.528442184417309
1015	1.528442184417309
1016	1.4587314867745467
1017	1.4587314867745467
1018	1.4587314867745467
1019	1.4587314867745467
1020	1.4587314867745467
1021	1.2606227176898013
1022	1.2606227176898013
1023	1.2606227176898013
1024	1.2606227176898013
1025	1.2606227176898013
1026	1.4117395242240036
1027	1.4117395242240036
1028	1.4117395242240036
1029	1.4117395242240036
1030	1.4117395242240036
1031	1.6087688971602034
1032	1.6087688971602034
1033	1.6087688971602034
1034	1.9248317326782154
1035	1.9248317326782154
1036	1.9248317326782154
1037	1.9248317326782154
1038	1.9248317326782154
1039	2.1089857061428914
1040	2.1089857061428914
1041	2.1089857061428914
1042	2.1089857061428914
1043	2.1089857061428914
1044	1.7021558073734813
1045	1.7021558073734813
1046	1.7021558073734813
1047	1.7021558073734813
1048	1.7021558073734813
1049	2.0564577369065695
1050	2.0564577369065695
1051	2.0564577369065695
1052	2.0564577369065695
1053	2.0564577369065695
1054	1.9226470641499591
1055	1.9226470641499591
1056	1.9226470641499591
1057	1.9226470641499591
1058	1.9226470641499591
1059	1.9919559285957784
1060	1.9919559285957784
1061	1.9919559285957784
1062	1.9919559285957784
1063	1.9919559285957784
1064	2.3349535008573
1065	2.3349535008573
1066	2.3349535008573
1067	2.3349535008573
1068	2.3349535008573
1069	2.2172353704659513
1070	2.2172353704659513
1071	2.2172353704659513
1072	2.2172353704659513
1073	2.2172353704659513
1074	2.3092136843912163
1075	2.3092136843912163
1076	0.2303315439693217
1077	0.2303315439693217
1078	0.2303315439693217
1079	0.2303315439693217
1080	0.2303315439693217
1081	0.1822596245846842
1082	0.1822596245846842
1083	0.1822596245846842
1084	1.7192960297278423
1085	1.7192960297278423
1086	1.7192960297278423
1087	1.7192960297278423
1088	2.2625775960838683
1089	2.2625775960838683
1090	2.2625775960838683
1091	2.2625775960838683
1092	2.2625775960838683
1093	2.3630000680391077
1094	2.3630000680391077
1095	2.3630000680391077
1096	2.3630000680391077
1097	2.3630000680391077
1098	2.3161238586937323
1099	2.3161238586937323
1100	2.3161238586937323
1101	2.3161238586937323
1102	2.3161238586937323
1103	2.7724671708901583
1104	2.7724671708901583
1105	2.7724671708901583
1106	2.7724671708901583
1107	2.7724671708901583
1108	2.59340145108969
1109	2.59340145108969
1110	2.59340145108969
1111	2.59340145108969
1112	2.59340145108969
1113	4.401717369065341
1114	4.401717369065341
1115	4.401717369065341
1116	4.401717369065341
1117	4.401717369065341
1118	3.386345744453306
1119	3.386345744453306
1120	3.386345744453306
1121	3.386345744453306
1122	3.386345744453306
1123	3.1723249029078366
1124	3.1723249029078366
1125	3.1723249029078366
1126	3.1723249029078366
1127	3.1723249029078366
1128	3.8621691729943968
1129	3.8621691729943968
1130	3.8621691729943968
1131	3.8621691729943968
1132	3.8621691729943968
1133	4.0040145119702215
1134	4.0040145119702215
1135	4.0040145119702215
1136	4.0040145119702215
1137	4.0040145119702215
1138	4.0121702922883085
1139	4.0121702922883085
1140	4.0121702922883085
1141	4.0121702922883085
1142	4.0121702922883085
1143	4.187078817242066
1144	4.187078817242066
1145	4.187078817242066
1146	4.187078817242066
1147	4.187078817242066
1148	3.70878099020815
1149	3.70878099020815
1150	3.70878099020815
1151	3.70878099020815
1152	3.70878099020815
1153	4.149228142021498
1154	4.149228142021498
1155	4.149228142021498
1156	4.149228142021498
1157	4.149228142021498
1158	3.9268687373392575
1159	3.9268687373392575
1160	3.9268687373392575
1161	3.9268687373392575
1162	3.9268687373392575
1163	3.633180271842216
1164	3.633180271842216
1165	3.633180271842216
1166	3.633180271842216
1167	3.633180271842216
1168	3.510854129182723
1169	3.510854129182723
1170	3.510854129182723
1171	3.510854129182723
1172	3.510854129182723
1173	3.5687743734214488
1174	3.5687743734214488
1175	3.5687743734214488
1176	3.5687743734214488
1177	3.5687743734214488
1178	3.034716894272662
1179	3.034716894272662
1180	3.034716894272662
1181	3.034716894272662
1182	3.034716894272662
1183	3.7084925765164427
1184	3.7084925765164427
1185	3.7084925765164427
1186	3.7084925765164427
1187	3.7084925765164427
1188	3.911476842195589
1189	3.911476842195589
1190	3.911476842195589
1191	3.911476842195589
1192	3.911476842195589
1193	3.5850428272259296
1194	3.5850428272259296
1195	3.5850428272259296
1196	3.5850428272259296
1197	3.5850428272259296
1198	4.223627502316502
1199	4.223627502316502
1200	4.223627502316502
1201	4.223627502316502
1202	4.223627502316502
1203	3.7947240526077386
1204	3.7947240526077386
1205	3.7947240526077386
1206	3.7947240526077386
1207	3.7947240526077386
1208	3.5049483413582414
1209	3.5049483413582414
1210	3.5049483413582414
1211	3.5049483413582414
1212	3.5049483413582414
1213	3.1808456479143707
1214	3.1808456479143707
1215	3.1808456479143707
1216	3.1808456479143707
1217	3.1808456479143707
1218	3.7675684090784443
1219	3.7675684090784443
1220	1.9956174104771185
1221	1.9956174104771185
1222	1.9956174104771185
1223	1.9956174104771185
1224	1.9956174104771185
1225	1.7122797554690272
1226	1.7122797554690272
1227	1.7122797554690272
1228	1.7122797554690272
1229	1.7122797554690272
1230	1.855068732854628
1231	1.855068732854628
1232	1.855068732854628
1233	1.855068732854628
1234	1.855068732854628
1235	2.5529397101978346
1236	2.5529397101978346
1237	2.5529397101978346
1238	1.5828910745037361
1239	1.5828910745037361
1240	1.5828910745037361
1241	2.1112290763309836
1242	2.1112290763309836
1243	2.1112290763309836
1244	2.1112290763309836
1245	2.1112290763309836
1246	1.3805267219500403
1247	1.3805267219500403
1248	1.3805267219500403
1249	1.3805267219500403
1250	1.3805267219500403
1251	1.784637322082479
1252	1.784637322082479
1253	1.784637322082479
1254	1.784637322082479
1255	1.784637322082479
1256	1.9076061528422332
1257	1.9076061528422332
1258	1.9076061528422332
1259	0.709959125375205
1260	0.709959125375205
1261	0.709959125375205
1262	0.709959125375205
1263	0.709959125375205
1264	0.645715727517654
1265	0.645715727517654
1266	0.645715727517654
1267	0.645715727517654
1268	0.645715727517654
1269	0.6499731161726373
1270	0.6499731161726373
1271	0.6499731161726373
1272	0.6499731161726373
1273	0.6499731161726373
1274	0.542207280484514
1275	0.542207280484514
1276	1.0115734405888022
1277	1.0115734405888022
1278	1.0115734405888022
1279	1.0115734405888022
1280	1.0115734405888022
1281	1.1802011727266657
1282	1.1802011727266657
1283	1.1802011727266657
1284	1.1802011727266657
1285	4.169717303003172
1286	4.169717303003172
1287	4.169717303003172
1288	4.169717303003172
1289	4.169717303003172
1290	3.7283800262620095
1291	3.7283800262620095
1292	3.7283800262620095
1293	3.7283800262620095
1294	3.7283800262620095
1295	4.00818155454291
1296	4.00818155454291
1297	4.00818155454291
1298	4.00818155454291
1299	4.00818155454291
1300	3.402177243656442
1301	3.402177243656442
1302	3.402177243656442
1303	3.402177243656442
1304	3.402177243656442
1305	3.626196518243518
1306	3.626196518243518
1307	3.3791905844318544
1308	3.3791905844318544
1309	3.3791905844318544
1310	3.3791905844318544
1311	3.3791905844318544
1312	4.241192614823241
1313	4.241192614823241
1314	4.241192614823241
1315	4.241192614823241
1316	4.241192614823241
1317	4.728661948408339
1318	4.728661948408339
1319	4.728661948408339
1320	1.2534616837232426
1321	1.2534616837232426
1322	1.2534616837232426
1323	1.2534616837232426
1324	1.2534616837232426
1325	1.5443336828004166
1326	1.5443336828004166
1327	1.5443336828004166
1328	1.5443336828004166
1329	1.5443336828004166
1330	1.5084936672346227
1331	1.5084936672346227
1332	1.5084936672346227
1333	1.5084936672346227
1334	1.5084936672346227
1335	1.4465093870479282
1336	1.4465093870479282
1337	1.4465093870479282
1338	1.4465093870479282
1339	1.4465093870479282
1340	1.5661799053029621
1341	1.5661799053029621
1342	1.5661799053029621
1343	1.5661799053029621
1344	1.5661799053029621
1345	1.6410386040075464
1346	1.6410386040075464
1347	1.6410386040075464
1348	1.6410386040075464
1349	1.6410386040075464
1350	1.701631933810385
1351	1.701631933810385
1352	1.701631933810385
1353	1.701631933810385
1354	1.701631933810385
1355	1.8508822005621823
1356	1.8508822005621823
1357	1.8508822005621823
1358	1.8508822005621823
1359	1.8508822005621823
1360	1.3493961872683198
1361	1.3493961872683198
1362	1.3493961872683198
1363	1.3493961872683198
1364	1.3493961872683198
1365	1.2763456333813397
1366	1.2763456333813397
1367	1.2763456333813397
1368	1.2763456333813397
1369	1.2763456333813397
1370	1.6984487834288962
1371	1.6984487834288962
1372	1.6984487834288962
1373	1.6984487834288962
1374	1.6984487834288962
1375	1.7287259454361448
1376	1.7287259454361448
1377	1.7287259454361448
1378	1.7287259454361448
1379	1.7287259454361448
1380	1.4074922266303873
1381	1.4074922266303873
1382	1.4074922266303873
1383	1.4074922266303873
1384	1.4074922266303873
1385	1.3701671978655439
1386	1.3701671978655439
1387	1.3701671978655439
1388	1.3701671978655439
1389	1.3701671978655439
1390	1.70558269676264
1391	1.70558269676264
1392	1.70558269676264
1393	1.70558269676264
1394	1.70558269676264
1395	1.5490229596184544
1396	1.5490229596184544
1397	1.5490229596184544
1398	1.5490229596184544
1399	1.5490229596184544
1400	1.6757951626195238
1401	1.6757951626195238
1402	1.6757951626195238
1403	1.6757951626195238
1404	1.6757951626195238
1405	1.4365350106459605
1406	1.4365350106459605
1407	1.4365350106459605
1408	1.4365350106459605
1409	1.4365350106459605
1410	1.4062713567538745
1411	1.4062713567538745
1412	0.22095391010665866
1413	0.22095391010665866
1414	0.22095391010665866
1415	0.22095391010665866
1416	0.22095391010665866
1417	0.23674610243425892
1418	0.23674610243425892
1419	0.23674610243425892
1420	0.23674610243425892
1421	2.306327526203074
1422	2.306327526203074
1423	2.306327526203074
1424	1.864804900821913
1425	1.864804900821913
1426	1.864804900821913
1427	1.864804900821913
1428	1.864804900821913
1429	1.8491656153721856
1430	1.8491656153721856
1431	1.8491656153721856
1432	0.6477380764607245
1433	0.6477380764607245
1434	0.6477380764607245
1435	0.6477380764607245
1436	0.6477380764607245
1437	0.7859679917753977
1438	0.7859679917753977
1439	0.7859679917753977
1440	0.7859679917753977
1441	0.7859679917753977
1442	0.7585556427219323
1443	0.7585556427219323
1444	0.7585556427219323
1445	0.7585556427219323
1446	2.409860496083049
1447	2.409860496083049
1448	2.409860496083049
1449	2.409860496083049
1450	2.409860496083049
1451	2.430203281531616
1452	3.4526712377987643
1453	3.4526712377987643
1454	3.4526712377987643
1455	3.4526712377987643
1456	3.4526712377987643
1457	3.373316578202359
1458	3.373316578202359
1459	3.373316578202359
1460	3.373316578202359
1461	3.373316578202359
1462	3.972601594089538
1463	3.972601594089538
1464	1.7548144653843198
1465	1.7548144653843198
1466	0.21668795625549273
1467	0.21668795625549273
1468	2.3229679926509474
1469	2.3229679926509474
1470	2.3229679926509474
1471	2.3229679926509474
1472	0.6969004616655161
1473	0.6969004616655161
1474	0.6969004616655161
1475	0.6969004616655161
1476	0.6969004616655161
1477	0.6226785384957387
1478	0.6226785384957387
1479	0.6226785384957387
1480	0.6226785384957387
1481	0.6226785384957387
1482	1.5788135003565476
1483	1.5788135003565476
1484	1.83685768932284
1485	1.83685768932284
1486	1.83685768932284
1487	1.83685768932284
1488	1.83685768932284
1489	2.064830271855608
1490	2.064830271855608
1491	2.064830271855608
1492	2.064830271855608
1493	2.064830271855608
1494	2.830167562850888
1495	2.830167562850888
1496	2.830167562850888
1497	2.830167562850888
1498	2.830167562850888
1499	3.3104903706785263
1500	3.3104903706785263
1501	3.3104903706785263
1502	3.3104903706785263
1503	1.280501354950181
1504	1.280501354950181
1505	1.280501354950181
1506	1.280501354950181
1507	1.280501354950181
1508	1.1745867939275747
1509	1.1745867939275747
1510	1.1745867939275747
1511	1.1745867939275747
1512	1.1745867939275747
1513	1.1767058195156839
1514	1.1767058195156839
1515	1.1767058195156839
1516	3.0204202236205244
1517	3.0204202236205244
1518	2.3811379909547385
1519	2.3811379909547385
1520	2.3811379909547385
1521	2.3811379909547385
1522	2.3811379909547385
1523	2.1067405402092296
1524	2.1067405402092296
1525	2.1067405402092296
1526	2.1067405402092296
1527	2.1067405402092296
1528	1.9966343509688937
1529	1.9966343509688937
1530	1.9966343509688937
1531	0.7004717185183861
1532	0.7004717185183861
1533	0.7004717185183861
1534	0.7004717185183861
1535	0.7004717185183861
1536	0.7091363223888846
1537	0.7091363223888846
1538	0.7091363223888846
1539	3.634001150502272
1540	3.634001150502272
1541	3.634001150502272
1542	1.4463466716482558
1543	1.4463466716482558
1544	1.4463466716482558
1545	1.4463466716482558
1546	1.4463466716482558
1547	1.7944218015284945
1548	1.7944218015284945
1549	1.7944218015284945
1550	1.7944218015284945
1551	1.7944218015284945
1552	1.4601204458353765
1553	1.4601204458353765
1554	1.4601204458353765
1555	1.4601204458353765
1556	1.4601204458353765
1557	1.62622890721271
1558	1.62622890721271
1559	1.62622890721271
1560	1.62622890721271
1561	1.62622890721271
1562	1.727409409659412
1563	1.727409409659412
1564	1.727409409659412
1565	1.727409409659412
1566	1.727409409659412
1567	1.4298349133387411
1568	1.4298349133387411
1569	1.4298349133387411
1570	1.4298349133387411
1571	1.4298349133387411
1572	1.4652150537249742
1573	0.19400763184448996
1574	0.19400763184448996
1575	0.19400763184448996
1576	0.19400763184448996
1577	0.19400763184448996
1578	0.19634154899930067
1579	0.19634154899930067
1580	0.19634154899930067
1581	0.19634154899930067
1582	0.19634154899930067
1583	0.19222673334472382
1584	0.19222673334472382
1585	0.19222673334472382
1586	0.19222673334472382
1587	0.19222673334472382
1588	0.20717966176042352
1589	0.20717966176042352
1590	0.20717966176042352
1591	0.20717966176042352
1592	0.20717966176042352
1593	0.19097594642183793
1594	0.19097594642183793
1595	0.19097594642183793
1596	0.19097594642183793
1597	0.19097594642183793
1598	0.2072178205139446
1599	0.2072178205139446
1600	0.2072178205139446
1601	0.2072178205139446
1602	0.2072178205139446
1603	0.18327320333437572
1604	0.18327320333437572
1605	0.18327320333437572
1606	0.18327320333437572
1607	0.18327320333437572
1608	0.18898965445356916
1609	0.18898965445356916
1610	0.18898965445356916
1611	0.18898965445356916
1612	0.18898965445356916
1613	0.19736487806764333
1614	0.19736487806764333
1615	0.19736487806764333
1616	0.19736487806764333
1617	0.19736487806764333
1618	0.18616379775456726
1619	0.18616379775456726
1620	0.6175697153624444
1621	0.6175697153624444
1622	0.6175697153624444
1623	0.6175697153624444
1624	0.6175697153624444
1625	0.6195697768932547
1626	0.6195697768932547
1627	0.6195697768932547
1628	1.8323539846696673
1629	1.8323539846696673
1630	1.8323539846696673
1631	1.8323539846696673
1632	1.8323539846696673
1633	1.6761924092781095
1634	3.4353246289433508
1635	3.4353246289433508
1636	3.4353246289433508
1637	3.4353246289433508
1638	3.4353246289433508
1639	2.702982029247618
1640	2.702982029247618
1641	2.702982029247618
1642	2.702982029247618
1643	2.702982029247618
1644	2.84034281815097
1645	2.84034281815097
1646	2.84034281815097
1647	2.84034281815097
1648	2.84034281815097
1649	3.098435806279356
1650	0.7633932064198086
1651	0.7633932064198086
1652	0.7633932064198086
1653	0.7633932064198086
1654	0.7633932064198086
1655	3.337794035346321
1656	3.337794035346321
1657	3.337794035346321
1658	3.337794035346321
1659	3.337794035346321
1660	3.2462295073958263
1661	0.6271497813076468
1662	1.6092885653795357
1663	1.6092885653795357
1664	1.6092885653795357
1665	1.6092885653795357
1666	1.6092885653795357
1667	1.374346812057349
1668	1.374346812057349
1669	1.374346812057349
1670	1.374346812057349
1671	1.374346812057349
1672	1.3638928736103622
1673	1.3638928736103622
1674	3.0935449999361855
1675	3.0935449999361855
1676	3.0935449999361855
1677	3.0935449999361855
1678	3.0935449999361855
1679	2.995085006710689
1680	2.995085006710689
1681	2.995085006710689
1682	2.995085006710689
1683	2.995085006710689
1684	3.292919579383866
1685	3.292919579383866
1686	3.292919579383866
1687	3.292919579383866
1688	3.292919579383866
1689	2.880864716283279
1690	2.880864716283279
1691	2.880864716283279
1692	2.880864716283279
1693	2.880864716283279
1694	3.7363560198106693
1695	3.7363560198106693
1696	3.7363560198106693
1697	3.7363560198106693
1698	0.5126612684901322
1699	0.5126612684901322
1700	1.8485774296895987
1701	1.8485774296895987
1702	1.8485774296895987
1703	1.8485774296895987
1704	1.8485774296895987
1705	1.477046644242451
1706	1.477046644242451
1707	1.477046644242451
1708	1.477046644242451
1709	1.477046644242451
1710	1.507861279179974
1711	1.507861279179974
1712	2.4575668628531444
1713	2.4575668628531444
1714	2.4575668628531444
1715	2.4575668628531444
1716	2.4575668628531444
1717	2.5395767046724242
1718	2.5395767046724242
1719	1.3381657913833034
1720	1.3381657913833034
1721	2.618971285267193
1722	2.618971285267193
1723	2.618971285267193
1724	2.618971285267193
1725	2.618971285267193
1726	2.496776886527319
1727	2.496776886527319
1728	2.496776886527319
1729	2.496776886527319
1730	2.496776886527319
1731	2.556375752538217
1732	2.556375752538217
1733	2.556375752538217
1734	2.556375752538217
1735	2.556375752538217
1736	2.4285997452629506
1737	2.4285997452629506
1738	2.4285997452629506
1739	2.4285997452629506
1740	2.4285997452629506
1741	4.5248378638824
1742	4.5248378638824
1743	4.5248378638824
1744	4.5248378638824
1745	4.5248378638824
1746	3.631958461628818
1747	1.3530378336833606
1748	1.3530378336833606
1749	1.3530378336833606
1750	1.3530378336833606
1751	1.3530378336833606
1752	1.4819933239146224
1753	1.4819933239146224
1754	1.4819933239146224
1755	1.4819933239146224
1756	1.4819933239146224
1757	1.8099457912712886
1758	1.8099457912712886
1759	1.8099457912712886
1760	1.8099457912712886
1761	1.8099457912712886
1762	1.5186535161638963
1763	1.5186535161638963
1764	1.5186535161638963
1765	1.5186535161638963
1766	1.5186535161638963
1767	1.674443405523597
1768	1.674443405523597
1769	1.674443405523597
1770	1.674443405523597
1771	1.674443405523597
1772	1.595116394557053
1773	1.595116394557053
1774	1.595116394557053
1775	1.595116394557053
1776	4.0651972374637735
1777	4.0651972374637735
1778	4.0651972374637735
1779	4.0651972374637735
1780	4.0651972374637735
1781	3.6758913602053434
1782	3.6758913602053434
1783	3.6758913602053434
1784	3.6758913602053434
1785	3.6758913602053434
1786	3.9860299727509063
1787	3.9860299727509063
1788	3.9860299727509063
1789	3.9860299727509063
1790	3.9860299727509063
1791	3.589526585118558
1792	3.589526585118558
1793	3.589526585118558
1794	3.589526585118558
1795	3.589526585118558
1796	3.573156360956198
1797	3.573156360956198
1798	3.573156360956198
1799	3.573156360956198
1800	3.573156360956198
1801	4.065113033632511
1802	4.065113033632511
1803	4.065113033632511
1804	4.065113033632511
1805	4.065113033632511
1806	3.7550936434931472
1807	3.7550936434931472
1808	1.9580686274625534
1809	1.9580686274625534
1810	1.9580686274625534
1811	1.9580686274625534
1812	1.9580686274625534
1813	1.8550742175214605
1814	1.8550742175214605
1815	1.8550742175214605
1816	1.8550742175214605
1817	1.8550742175214605
1818	1.9017510676531661
1819	1.9017510676531661
1820	1.9017510676531661
1821	1.9017510676531661
1822	1.9017510676531661
1823	1.7945893691338406
1824	1.7945893691338406
1825	1.7945893691338406
1826	1.7945893691338406
1827	1.7945893691338406
1828	2.080621366117118
1829	2.080621366117118
1830	2.080621366117118
1831	2.080621366117118
1832	2.080621366117118
1833	1.965786669719144
1834	1.965786669719144
1835	1.965786669719144
1836	3.33203675340035
1837	3.33203675340035
1838	3.33203675340035
1839	3.33203675340035
1840	3.33203675340035
1841	2.8597036622635246
1842	2.8597036622635246
1843	2.8597036622635246
1844	2.8597036622635246
1845	2.8597036622635246
1846	3.6000030380843704
1847	3.6000030380843704
1848	3.6000030380843704
1849	3.6000030380843704
1850	3.6000030380843704
1851	2.7487737698289014
1852	2.7487737698289014
1853	1.5979721861720237
1854	1.5979721861720237
1855	0.19386941675247232
1856	0.19386941675247232
1857	0.19386941675247232
1858	0.19386941675247232
1859	0.19386941675247232
1860	0.16951075928292378
1861	0.16951075928292378
1862	0.16951075928292378
1863	0.16951075928292378
1864	0.16951075928292378
1865	0.21715317687829883
1866	1.9288770249145804
1867	1.9288770249145804
1868	1.9288770249145804
1869	1.9288770249145804
1870	1.9288770249145804
1871	1.068440579349422
1872	1.068440579349422
1873	1.068440579349422
1874	4.385499389217082
1875	4.385499389217082
1876	4.385499389217082
1877	4.385499389217082
1878	4.385499389217082
1879	3.6477880139763417
1880	3.6477880139763417
1881	2.318742604855315
1882	2.318742604855315
1883	2.318742604855315
1884	2.318742604855315
1885	2.318742604855315
1886	2.4251563984600706
1887	2.4251563984600706
1888	2.4251563984600706
1889	2.4251563984600706
1890	2.4251563984600706
1891	2.1636278837806477
1892	2.1636278837806477
1893	2.1636278837806477
1894	2.1636278837806477
1895	2.1636278837806477
1896	1.9960596199381877
1897	1.9960596199381877
1898	1.9960596199381877
1899	1.9960596199381877
1900	1.9960596199381877
1901	2.259909455899777
1902	2.259909455899777
1903	2.259909455899777
1904	2.259909455899777
1905	2.259909455899777
1906	2.1318641095981574
1907	2.1318641095981574
1908	2.1318641095981574
1909	2.1318641095981574
1910	2.1318641095981574
1911	2.5277982292692873
1912	2.5277982292692873
1913	2.5277982292692873
1914	2.5277982292692873
1915	2.5277982292692873
1916	2.1950331187897048
1917	3.328230066326912
1918	3.328230066326912
1919	3.328230066326912
1920	3.328230066326912
1921	3.328230066326912
1922	2.97927930091886
1923	2.97927930091886
1924	2.97927930091886
1925	2.97927930091886
1926	2.97927930091886
1927	2.7340907081853056
1928	2.7340907081853056
1929	2.7340907081853056
1930	2.7340907081853056
1931	2.7340907081853056
1932	2.5866554498084855
1933	2.5866554498084855
1934	1.0447756676752495
1935	1.0447756676752495
1936	1.0447756676752495
1937	1.0447756676752495
1938	2.930202752217994
1939	0.7465253001079912
1940	0.7465253001079912
1941	0.7465253001079912
1942	0.7465253001079912
1943	0.7465253001079912
1944	0.7167783046997012
1945	0.7167783046997012
1946	0.7167783046997012
1947	0.7167783046997012
1948	0.7167783046997012
1949	0.5885377304228315
1950	0.5885377304228315
1951	0.5885377304228315
1952	0.5885377304228315
1953	0.5885377304228315
1954	0.638674592034416
1955	0.638674592034416
1956	0.638674592034416
1957	0.638674592034416
1958	0.638674592034416
1959	0.7209504966819715
1960	0.7209504966819715
1961	0.7209504966819715
1962	0.7209504966819715
1963	0.7209504966819715
1964	0.698895147468264
1965	0.698895147468264
1966	0.698895147468264
1967	0.698895147468264
1968	0.698895147468264
1969	0.22406094629093548
1970	3.554346050514382
1971	3.554346050514382
1972	3.554346050514382
1973	3.554346050514382
1974	3.554346050514382
1975	3.5039216206070125
1976	3.5039216206070125
1977	3.5039216206070125
1978	3.5039216206070125
1979	3.5039216206070125
1980	3.534973065864357
1981	3.534973065864357
1982	3.534973065864357
1983	3.534973065864357
1984	3.534973065864357
1985	3.495658808956331
1986	3.495658808956331
1987	3.495658808956331
1988	3.495658808956331
1989	3.495658808956331
1990	3.898194041642681
1991	3.898194041642681
1992	3.898194041642681
1993	3.898194041642681
1994	3.898194041642681
1995	2.981742456633361
1996	2.981742456633361
1997	2.981742456633361
1998	2.981742456633361
1999	2.981742456633361
