0	1.5925679330864726
1	1.5925679330864726
2	1.5925679330864726
3	1.470005230261734
4	1.470005230261734
5	1.470005230261734
6	1.5720767810903726
7	1.5720767810903726
8	1.5720767810903726
9	1.7014594100862594
10	1.7014594100862594
11	1.7014594100862594
12	1.356620015148169
13	1.356620015148169
14	1.356620015148169
15	1.7651666797269763
16	1.7651666797269763
17	1.7651666797269763
18	1.8605569941045754
19	1.8605569941045754
20	1.8605569941045754
21	1.4999936309588657
22	1.4999936309588657
23	1.4999936309588657
24	1.4918187232234057
25	1.4918187232234057
26	1.4918187232234057
27	1.6973671100675232
28	1.6973671100675232
29	1.6973671100675232
30	1.3800594515578086
31	1.3800594515578086
32	1.3800594515578086
33	1.8835118851409536
34	1.8835118851409536
35	1.8835118851409536
36	1.6588773558396996
37	1.6588773558396996
38	1.6588773558396996
39	1.37598471112348
40	1.37598471112348
41	1.37598471112348
42	1.7016431300662773
43	1.7016431300662773
44	1.7016431300662773
45	1.5408207451419875
46	1.5408207451419875
47	1.5408207451419875
48	1.4647623381049046
49	1.4647623381049046
50	1.4647623381049046
51	1.746017356283547
52	1.746017356283547
53	1.746017356283547
54	1.7019563153241473
55	1.7019563153241473
56	1.7019563153241473
57	1.6939615082141928
58	1.6939615082141928
59	1.6939615082141928
60	1.5367889031776678
61	1.5367889031776678
62	1.5367889031776678
63	1.8414508427575134
64	1.8414508427575134
65	1.8414508427575134
66	1.457881433801332
67	1.457881433801332
68	1.457881433801332
69	1.5904631518940522
70	1.5904631518940522
71	1.5904631518940522
72	1.6183170632276054
73	1.6183170632276054
74	1.6183170632276054
75	1.5032953358111847
76	1.5032953358111847
77	1.5032953358111847
78	1.4414055370222225
79	1.4414055370222225
80	1.4414055370222225
81	1.779251575724868
82	1.779251575724868
83	1.779251575724868
84	1.6396039588910947
85	1.6396039588910947
86	1.6396039588910947
87	1.6874886096695338
88	1.6874886096695338
89	1.6874886096695338
90	1.821559223165849
91	1.821559223165849
92	1.821559223165849
93	1.4067032673515951
94	1.4067032673515951
95	1.4067032673515951
96	1.6643964691514057
97	1.6643964691514057
98	1.6643964691514057
99	1.7624057274699503
100	1.7624057274699503
101	1.7624057274699503
102	1.7226587906253343
103	1.7226587906253343
104	1.7226587906253343
105	1.7789519903972042
106	1.7789519903972042
107	1.7789519903972042
108	1.7139258234945915
109	1.7139258234945915
110	1.7139258234945915
111	1.3647505327570695
112	1.3647505327570695
113	1.3647505327570695
114	1.6026199096002784
115	1.6026199096002784
116	1.6026199096002784
117	1.5406500434192176
118	1.5406500434192176
119	1.5406500434192176
120	1.3005556698424015
121	1.3005556698424015
122	1.3005556698424015
123	1.302043792419366
124	1.302043792419366
125	1.302043792419366
126	1.5699592679026557
127	1.5699592679026557
128	1.5699592679026557
129	1.8247910886867151
130	1.8247910886867151
131	1.8247910886867151
132	1.5278920478355649
133	1.5278920478355649
134	1.5278920478355649
135	1.5391612813169988
136	1.5391612813169988
137	1.5391612813169988
138	1.6126009990407026
139	1.6126009990407026
140	1.6126009990407026
141	1.820398246481396
142	1.820398246481396
143	1.820398246481396
144	1.5784658349523892
145	1.5784658349523892
146	1.5784658349523892
147	1.7152887054112897
148	1.7152887054112897
149	1.7152887054112897
150	1.1942335430085318
151	1.1942335430085318
152	1.1942335430085318
153	1.6210397728615993
154	1.6210397728615993
155	1.6210397728615993
156	1.52555027049415
157	1.52555027049415
158	1.52555027049415
159	1.2008101649852194
160	1.2008101649852194
161	1.2008101649852194
162	1.6962688980629572
163	1.6962688980629572
164	1.6962688980629572
165	1.6621612244629684
166	1.6621612244629684
167	1.6621612244629684
168	1.4279066177643152
169	1.4279066177643152
170	1.4279066177643152
171	1.8584325066029783
172	1.8584325066029783
173	1.8584325066029783
174	1.683645689380224
175	1.683645689380224
176	1.683645689380224
177	1.7553629603921026
178	1.7553629603921026
179	1.7553629603921026
180	1.7957606401833037
181	1.7957606401833037
182	1.7957606401833037
183	1.5473184748214868
184	1.5473184748214868
185	1.5473184748214868
186	1.9332227729392388
187	1.9332227729392388
188	1.9332227729392388
189	1.5524684774767656
190	1.5524684774767656
191	1.5524684774767656
192	1.4993115912251258
193	1.4993115912251258
194	1.4993115912251258
195	1.5770391803848898
196	1.5770391803848898
197	1.5770391803848898
198	1.687465384751486
199	1.687465384751486
200	1.687465384751486
201	1.6017719534502015
202	1.6017719534502015
203	1.6017719534502015
204	1.7101418891724642
205	1.7101418891724642
206	1.7101418891724642
207	1.6117156265196526
208	1.6117156265196526
209	1.6117156265196526
210	1.3122004500338955
211	1.3122004500338955
212	1.3122004500338955
213	1.9913110333426298
214	1.9913110333426298
215	1.9913110333426298
216	1.725461746717648
217	1.725461746717648
218	1.725461746717648
219	1.599170102632703
220	1.599170102632703
221	2.7497936264280423
222	2.7497936264280423
223	2.7497936264280423
224	2.324496091471075
225	2.324496091471075
226	2.324496091471075
227	2.534722354585327
228	2.534722354585327
229	2.534722354585327
230	2.47452762004832
231	2.47452762004832
232	2.47452762004832
233	2.20415546533013
234	2.20415546533013
235	2.20415546533013
236	2.5515770482728266
237	2.5515770482728266
238	2.5515770482728266
239	2.4451198291692253
240	2.4451198291692253
241	2.4451198291692253
242	2.897291074427024
243	2.897291074427024
244	2.897291074427024
245	2.9280756817221483
246	2.9280756817221483
247	2.9280756817221483
248	2.467378802320245
249	2.467378802320245
250	2.467378802320245
251	2.4439582312313584
252	2.4439582312313584
253	2.4439582312313584
254	2.433218387066434
255	2.433218387066434
256	2.433218387066434
257	2.3841338427959724
258	2.3841338427959724
259	2.3841338427959724
260	2.2150423955752236
261	2.2150423955752236
262	2.2150423955752236
263	2.4874660973538965
264	2.4874660973538965
265	2.4874660973538965
266	1.8708411937867737
267	1.8708411937867737
268	1.8708411937867737
269	2.457817349359922
270	2.457817349359922
271	2.457817349359922
272	2.2121767469670046
273	2.2121767469670046
274	2.2121767469670046
275	2.579750615592936
276	2.579750615592936
277	2.579750615592936
278	2.5125582800313153
279	2.5125582800313153
280	2.5125582800313153
281	2.40190523203406
282	2.40190523203406
283	2.40190523203406
284	2.5070509695539065
285	2.5070509695539065
286	2.5070509695539065
287	2.3571633132508376
288	2.3571633132508376
289	2.3571633132508376
290	2.409020958832095
291	2.409020958832095
292	2.409020958832095
293	2.490947869351701
294	2.490947869351701
295	2.490947869351701
296	2.084089822006989
297	2.084089822006989
298	2.084089822006989
299	2.420520773352364
300	2.420520773352364
301	2.420520773352364
302	2.607759066111313
303	2.607759066111313
304	2.607759066111313
305	2.592384974285737
306	2.592384974285737
307	2.592384974285737
308	2.3419534604510037
309	2.3419534604510037
310	2.3419534604510037
311	2.7016567872931057
312	2.7016567872931057
313	2.7016567872931057
314	2.40789486661357
315	2.40789486661357
316	2.40789486661357
317	2.4726523184634592
318	2.4726523184634592
319	2.4726523184634592
320	2.9685753148890566
321	2.9685753148890566
322	2.9685753148890566
323	2.4866525334105463
324	2.4866525334105463
325	2.4866525334105463
326	2.225916621264306
327	2.225916621264306
328	2.225916621264306
329	2.1062160558450107
330	2.1062160558450107
331	2.1062160558450107
332	2.1014898099939763
333	2.1014898099939763
334	2.1014898099939763
335	2.1745480814039455
336	2.1745480814039455
337	2.1745480814039455
338	2.1463450171851797
339	2.1463450171851797
340	2.1463450171851797
341	2.382097019673048
342	2.382097019673048
343	2.382097019673048
344	2.473561326400668
345	2.473561326400668
346	2.473561326400668
347	2.490410522153858
348	2.490410522153858
349	2.490410522153858
350	2.7101323793091026
351	2.7101323793091026
352	2.7101323793091026
353	2.617769800228261
354	2.617769800228261
355	2.617769800228261
356	2.541186789192037
357	2.541186789192037
358	2.541186789192037
359	2.490654576500135
360	2.490654576500135
361	2.490654576500135
362	2.610105470652624
363	2.610105470652624
364	2.610105470652624
365	2.767164053715125
366	2.767164053715125
367	2.767164053715125
368	2.652343006741132
369	2.652343006741132
370	2.652343006741132
371	2.2382735139871595
372	2.2382735139871595
373	2.2382735139871595
374	2.4431228115526156
375	2.4431228115526156
376	2.4431228115526156
377	2.202178964825534
378	2.202178964825534
379	2.202178964825534
380	2.1966347593758413
381	2.1966347593758413
382	2.1966347593758413
383	2.434398786827736
384	2.434398786827736
385	2.434398786827736
386	1.9586189086633798
387	1.9586189086633798
388	1.9586189086633798
389	2.8352330981159426
390	2.8352330981159426
391	2.8352330981159426
392	2.4557230523548768
393	2.4557230523548768
394	2.4557230523548768
395	2.639239076374592
396	2.639239076374592
397	2.639239076374592
398	2.7437281444653836
399	2.7437281444653836
400	2.7437281444653836
401	2.4294943778070746
402	2.4294943778070746
403	2.4294943778070746
404	2.644713565353358
405	2.644713565353358
406	2.644713565353358
407	2.3016332301816997
408	2.3016332301816997
409	2.3016332301816997
410	2.7047542283873804
411	2.7047542283873804
412	2.7047542283873804
413	2.3479137236184195
414	2.3479137236184195
415	2.3479137236184195
416	2.281693009865632
417	2.281693009865632
418	2.281693009865632
419	2.7482036832614494
420	2.7482036832614494
421	2.7482036832614494
422	2.4619925358804142
423	2.4619925358804142
424	2.4619925358804142
425	2.169005159312087
426	2.169005159312087
427	2.169005159312087
428	2.7809262110295303
429	2.7809262110295303
430	2.7809262110295303
431	2.7242446009110224
432	2.7242446009110224
433	2.7242446009110224
434	2.9285471129812617
435	2.9285471129812617
436	2.9285471129812617
437	2.4563656510402683
438	2.4563656510402683
439	2.4563656510402683
440	2.4508083634238247
441	2.4508083634238247
442	2.4508083634238247
443	2.6218974533374975
444	2.6218974533374975
445	2.6218974533374975
446	2.473197975792746
447	2.473197975792746
448	2.473197975792746
449	2.9828517533207624
450	2.9828517533207624
451	2.9828517533207624
452	1.9006978899936953
453	1.9006978899936953
454	1.9006978899936953
455	2.686494115032732
456	2.686494115032732
457	2.686494115032732
458	2.4113293870261043
459	2.4113293870261043
460	2.4113293870261043
461	2.886106960015018
462	2.886106960015018
463	2.886106960015018
464	2.450123982626762
465	2.450123982626762
466	2.450123982626762
467	2.5878262501444445
468	2.5878262501444445
469	2.5878262501444445
470	2.867490184430668
471	2.867490184430668
472	2.867490184430668
473	2.428683613132739
474	2.428683613132739
475	2.428683613132739
476	2.4388045877052273
477	2.4388045877052273
478	2.4388045877052273
479	2.5419692319435803
480	2.5419692319435803
481	2.5419692319435803
482	2.257679465822018
483	2.257679465822018
484	2.257679465822018
485	2.0605057187996927
486	2.0605057187996927
487	2.0605057187996927
488	2.4445610112391494
489	2.4445610112391494
490	2.4445610112391494
491	2.5915745867882376
492	2.5915745867882376
493	2.5915745867882376
494	2.480793334154327
495	2.480793334154327
496	2.480793334154327
497	2.536200473150437
498	2.536200473150437
499	2.536200473150437
500	2.5256258865008245
501	2.5256258865008245
502	2.5256258865008245
503	2.184074800920516
504	2.184074800920516
505	2.184074800920516
506	2.2226883237099937
507	2.2226883237099937
508	2.2226883237099937
509	2.198517838297405
510	2.198517838297405
511	2.198517838297405
512	2.1652401744742384
513	2.1652401744742384
514	2.1652401744742384
515	3.0318089887836916
516	3.0318089887836916
517	3.0318089887836916
518	2.475422141039098
519	2.475422141039098
520	2.475422141039098
521	2.4864086188453647
522	2.4864086188453647
523	2.4864086188453647
524	0.6197137428137377
525	0.6197137428137377
526	0.6197137428137377
527	0.6773621361601844
528	0.6773621361601844
529	0.6773621361601844
530	0.680147469858951
531	0.680147469858951
532	0.680147469858951
533	0.6719001747705655
534	0.6719001747705655
535	0.6719001747705655
536	0.6571916125275588
537	0.6571916125275588
538	0.6571916125275588
539	0.7503500595728654
540	0.7503500595728654
541	0.7503500595728654
542	0.6329858003876231
543	0.6329858003876231
544	0.6329858003876231
545	0.6646512165204402
546	0.6646512165204402
547	0.6646512165204402
548	0.571711776981409
549	0.571711776981409
550	0.571711776981409
551	0.7067385519057298
552	0.7067385519057298
553	0.7067385519057298
554	0.5624910735191067
555	2.0012609834607176
556	2.0012609834607176
557	2.0012609834607176
558	1.8905809304343841
559	1.8905809304343841
560	1.8905809304343841
561	1.9892305319772496
562	1.9892305319772496
563	1.9892305319772496
564	1.9871897489060448
565	1.9871897489060448
566	1.9871897489060448
567	2.0150777815179137
568	2.0150777815179137
569	2.0150777815179137
570	1.8688612984082933
571	1.8688612984082933
572	1.8688612984082933
573	1.851097193537054
574	1.851097193537054
575	1.851097193537054
576	2.0264078258573854
577	2.0264078258573854
578	2.0264078258573854
579	1.9983995639002718
580	3.8797227642621666
581	3.8797227642621666
582	3.8797227642621666
583	3.3077447423489446
584	3.3077447423489446
585	3.3077447423489446
586	3.7131241205259533
587	3.7131241205259533
588	3.7131241205259533
589	3.540855474864964
590	3.540855474864964
591	3.540855474864964
592	3.7496723185368164
593	3.7496723185368164
594	3.7496723185368164
595	3.8478515628370342
596	3.8478515628370342
597	3.8478515628370342
598	4.200717848835295
599	4.200717848835295
600	4.200717848835295
601	3.0334564254925924
602	3.0334564254925924
603	3.0334564254925924
604	3.9975011380493477
605	3.9975011380493477
606	3.9975011380493477
607	3.8096171013306273
608	3.8096171013306273
609	3.8096171013306273
610	3.7204394783391392
611	3.7204394783391392
612	3.7204394783391392
613	4.24740813969606
614	4.24740813969606
615	4.24740813969606
616	3.4583467772363203
617	3.4583467772363203
618	3.4583467772363203
619	3.4458305323271
620	3.4458305323271
621	3.4458305323271
622	4.332604175888688
623	4.332604175888688
624	4.332604175888688
625	3.9129077815710986
626	3.9129077815710986
627	3.9129077815710986
628	4.532822592683705
629	4.532822592683705
630	4.532822592683705
631	3.6657555591947166
632	3.6657555591947166
633	3.6657555591947166
634	3.9008107440282065
635	3.9008107440282065
636	3.9008107440282065
637	4.168546086629476
638	4.168546086629476
639	4.168546086629476
640	3.449267561271522
641	3.449267561271522
642	3.449267561271522
643	3.5237696518846704
644	3.5237696518846704
645	3.5237696518846704
646	3.77955760414656
647	3.77955760414656
648	3.77955760414656
649	3.664938730314554
650	3.664938730314554
651	3.664938730314554
652	4.284647095041218
653	4.284647095041218
654	4.284647095041218
655	4.107426436744082
656	4.107426436744082
657	4.107426436744082
658	4.491278807445925
659	4.491278807445925
660	4.491278807445925
661	4.453015166543464
662	4.453015166543464
663	4.453015166543464
664	3.896920918405317
665	3.896920918405317
666	3.896920918405317
667	3.620133304507892
668	3.620133304507892
669	3.620133304507892
670	3.5593454874849884
671	3.5593454874849884
672	3.5593454874849884
673	3.7547412352143956
674	3.7547412352143956
675	3.7547412352143956
676	4.165217396665051
677	4.165217396665051
678	4.165217396665051
679	3.144541897234453
680	3.144541897234453
681	3.144541897234453
682	2.87374973651483
683	2.87374973651483
684	2.87374973651483
685	4.624369672013431
686	4.624369672013431
687	4.624369672013431
688	3.7539671098850156
689	3.7539671098850156
690	3.7539671098850156
691	4.036742533943445
692	4.036742533943445
693	4.036742533943445
694	3.6918168662409085
695	3.6918168662409085
696	3.6918168662409085
697	4.3160845183338665
698	2.174241733422512
699	2.174241733422512
700	2.174241733422512
701	2.429050904459057
702	2.429050904459057
703	2.429050904459057
704	2.253459907697777
705	2.253459907697777
706	2.253459907697777
707	1.9691208482755767
708	1.9691208482755767
709	1.9691208482755767
710	2.016349520889307
711	2.016349520889307
712	4.173039446072882
713	4.173039446072882
714	4.173039446072882
715	4.219743722164778
716	4.219743722164778
717	4.219743722164778
718	3.7677967025270456
719	3.7677967025270456
720	3.7677967025270456
721	3.317049615574585
722	3.317049615574585
723	3.317049615574585
724	4.086648378128535
725	4.086648378128535
726	4.086648378128535
727	4.125739939268204
728	4.125739939268204
729	4.125739939268204
730	4.425932311080793
731	4.425932311080793
732	4.425932311080793
733	3.7514440936030224
734	3.7514440936030224
735	3.7514440936030224
736	4.075238089106135
737	4.075238089106135
738	4.075238089106135
739	3.634211848210171
740	3.634211848210171
741	1.5220204962313983
742	1.5220204962313983
743	1.5220204962313983
744	1.4098356172951794
745	1.4098356172951794
746	1.4098356172951794
747	1.5031665385434279
748	1.5031665385434279
749	1.5031665385434279
750	1.6953718125289214
751	1.6953718125289214
752	1.6953718125289214
753	1.4826197419647769
754	1.4826197419647769
755	1.4826197419647769
756	1.601466443834708
757	1.601466443834708
758	1.601466443834708
759	1.5068762924462744
760	1.5068762924462744
761	1.5068762924462744
762	1.5619726775025375
763	1.5619726775025375
764	1.5619726775025375
765	1.4654397293227295
766	1.4654397293227295
767	1.4654397293227295
768	1.615428158883772
769	1.615428158883772
770	1.615428158883772
771	1.5336937540718036
772	1.5336937540718036
773	1.5336937540718036
774	1.2456781319894188
775	1.2456781319894188
776	1.2456781319894188
777	1.6569998419451013
778	1.6569998419451013
779	1.6569998419451013
780	1.691224832753289
781	1.691224832753289
782	1.691224832753289
783	1.5391578575502884
784	1.5391578575502884
785	1.5391578575502884
786	1.5846672863502063
787	1.5846672863502063
788	1.5846672863502063
789	1.5864573168892788
790	1.5864573168892788
791	1.5864573168892788
792	1.6605742379207387
793	1.6605742379207387
794	1.6605742379207387
795	1.8593137255877874
796	1.8593137255877874
797	1.8593137255877874
798	1.6007916777873834
799	1.6007916777873834
800	1.6007916777873834
801	1.5640520353172152
802	1.5640520353172152
803	1.5640520353172152
804	1.2221817730837405
805	1.2221817730837405
806	1.2221817730837405
807	1.704253280520844
808	1.704253280520844
809	1.704253280520844
810	1.6135798722945158
811	1.6135798722945158
812	1.6135798722945158
813	1.7407067170552004
814	1.7407067170552004
815	1.7407067170552004
816	1.74571127147957
817	1.74571127147957
818	1.74571127147957
819	1.5980125481465075
820	1.5980125481465075
821	1.5980125481465075
822	1.6048437728431337
823	1.6048437728431337
824	1.6048437728431337
825	1.5722426332421566
826	1.5722426332421566
827	1.5722426332421566
828	1.7240154342325964
829	1.7240154342325964
830	1.7240154342325964
831	1.3639856105347965
832	1.3639856105347965
833	3.1434526964624196
834	3.1434526964624196
835	3.1434526964624196
836	3.204119982656139
837	3.204119982656139
838	3.204119982656139
839	3.9326995053921925
840	3.9326995053921925
841	3.9326995053921925
842	2.94927147663603
843	2.94927147663603
844	2.94927147663603
845	3.262805339572615
846	3.262805339572615
847	3.262805339572615
848	3.7059716263530857
849	3.7059716263530857
850	3.7059716263530857
851	3.2314467248596643
852	3.2314467248596643
853	3.2314467248596643
854	3.911746848273797
855	3.911746848273797
856	3.911746848273797
857	3.416981944131929
858	3.416981944131929
859	3.416981944131929
860	3.089365697614033
861	3.089365697614033
862	3.089365697614033
863	3.388867790904909
864	3.388867790904909
865	3.388867790904909
866	3.140112357129232
867	0.5726923067323231
868	0.5726923067323231
869	0.5726923067323231
870	0.8214172566886321
871	0.8214172566886321
872	0.8214172566886321
873	0.5964212744120285
874	0.5964212744120285
875	0.5964212744120285
876	0.7125864456231521
877	0.7125864456231521
878	0.7125864456231521
879	0.5877907165458763
880	0.5877907165458763
881	0.5877907165458763
882	0.6464195667352802
883	0.6464195667352802
884	0.6464195667352802
885	0.631540221950182
886	0.631540221950182
887	0.631540221950182
888	0.7250356050184676
889	0.7250356050184676
890	0.7250356050184676
891	0.612338864395494
892	0.612338864395494
893	0.612338864395494
894	0.607394950525357
895	0.607394950525357
896	0.607394950525357
897	0.6893356649993692
898	0.6893356649993692
899	0.6893356649993692
900	0.6846714776078614
901	0.6846714776078614
902	0.6846714776078614
903	0.5624620207342272
904	0.5624620207342272
905	0.5624620207342272
906	0.6269191434607323
907	0.6269191434607323
908	0.6269191434607323
909	0.6753488686711623
910	0.6753488686711623
911	0.6753488686711623
912	0.6017405605516472
913	0.6017405605516472
914	0.6017405605516472
915	0.5440556830068641
916	0.5440556830068641
917	0.5440556830068641
918	0.6782517053529075
919	0.6782517053529075
920	0.6782517053529075
921	0.6200036384201615
922	0.6200036384201615
923	0.6200036384201615
924	0.6422121722879338
925	0.6422121722879338
926	0.6422121722879338
927	0.6533758760620195
928	0.6533758760620195
929	0.6533758760620195
930	0.6374118892356141
931	0.6374118892356141
932	0.6374118892356141
933	0.6979684982923927
934	0.6979684982923927
935	0.6979684982923927
936	0.6043236613650969
937	0.6043236613650969
938	0.6043236613650969
939	0.7551558484735968
940	0.7551558484735968
941	0.7551558484735968
942	0.6669085030037167
943	0.6669085030037167
944	0.6669085030037167
945	0.6452016452804141
946	0.6452016452804141
947	0.6452016452804141
948	0.6176100896032163
949	0.6176100896032163
950	0.6176100896032163
951	2.3781534880165327
952	2.3781534880165327
953	2.3781534880165327
954	2.088743931319685
955	2.088743931319685
956	2.088743931319685
957	2.5109703458816983
958	2.5109703458816983
959	2.5109703458816983
960	2.179774931444464
961	2.179774931444464
962	2.179774931444464
963	2.563641184446784
964	2.563641184446784
965	2.563641184446784
966	1.9387017382670346
967	1.9387017382670346
968	1.9387017382670346
969	2.2405249282342243
970	2.2405249282342243
971	2.2405249282342243
972	2.716142189050564
973	2.716142189050564
974	2.716142189050564
975	2.3499598348762945
976	2.3499598348762945
977	2.3499598348762945
978	2.25117732561712
979	2.25117732561712
980	2.25117732561712
981	2.4342381767238437
982	2.4342381767238437
983	2.4342381767238437
984	2.812019021713242
985	2.812019021713242
986	2.812019021713242
987	2.484203131554629
988	2.484203131554629
989	2.484203131554629
990	2.0738015070455433
991	2.0738015070455433
992	2.0738015070455433
993	2.0631309883869577
994	2.0631309883869577
995	2.0631309883869577
996	2.240600201621315
997	2.240600201621315
998	2.240600201621315
999	2.4966887783492195
1000	2.4966887783492195
1001	2.4966887783492195
1002	2.5320082966187614
1003	2.5320082966187614
1004	2.5320082966187614
1005	2.245906269745579
1006	2.245906269745579
1007	2.245906269745579
1008	2.295959315465097
1009	2.295959315465097
1010	2.295959315465097
1011	2.333607691743882
1012	2.333607691743882
1013	2.333607691743882
1014	2.3466150046964027
1015	2.3466150046964027
1016	2.3466150046964027
1017	2.687280947090552
1018	2.687280947090552
1019	2.687280947090552
1020	2.2513888605663475
1021	2.2513888605663475
1022	2.2513888605663475
1023	3.0023466879744047
1024	3.0023466879744047
1025	3.0023466879744047
1026	2.202699384060756
1027	2.202699384060756
1028	2.202699384060756
1029	2.418634032072033
1030	2.418634032072033
1031	2.418634032072033
1032	2.331275989970686
1033	2.331275989970686
1034	2.331275989970686
1035	2.061273828873645
1036	2.061273828873645
1037	2.061273828873645
1038	2.9412221844603152
1039	2.9412221844603152
1040	2.9412221844603152
1041	2.539208971937376
1042	2.539208971937376
1043	2.539208971937376
1044	2.6507983590531037
1045	2.6507983590531037
1046	2.6507983590531037
1047	2.267448895965692
1048	2.267448895965692
1049	2.267448895965692
1050	2.832018156519556
1051	2.832018156519556
1052	2.832018156519556
1053	2.3626260257406284
1054	2.3626260257406284
1055	2.3626260257406284
1056	2.705722862571736
1057	2.705722862571736
1058	2.705722862571736
1059	2.1768930771615738
1060	2.1768930771615738
1061	2.1768930771615738
1062	2.7741931209961006
1063	2.7741931209961006
1064	2.7741931209961006
1065	2.2266076727604407
1066	2.2266076727604407
1067	2.2266076727604407
1068	2.434626153914437
1069	2.434626153914437
1070	2.434626153914437
1071	2.4306348961108184
1072	2.4306348961108184
1073	2.4306348961108184
1074	2.7572765675207536
1075	2.7572765675207536
1076	2.7572765675207536
1077	2.3807414127304383
1078	2.3807414127304383
1079	2.3807414127304383
1080	2.447346385837938
1081	2.447346385837938
1082	2.447346385837938
1083	2.5049521031459148
1084	2.5049521031459148
1085	2.5049521031459148
1086	2.5947685415047874
1087	2.5947685415047874
1088	2.5947685415047874
1089	3.0054377181258647
1090	3.0054377181258647
1091	3.0054377181258647
1092	2.0869302724274466
1093	2.0869302724274466
1094	2.0869302724274466
1095	2.11581286089964
1096	2.11581286089964
1097	2.11581286089964
1098	2.939671885032866
1099	2.939671885032866
1100	2.939671885032866
1101	2.34380643822441
1102	2.34380643822441
1103	2.34380643822441
1104	2.166919321128886
1105	2.166919321128886
1106	2.166919321128886
1107	2.582654908091191
1108	2.582654908091191
1109	2.582654908091191
1110	2.3097002346189885
1111	2.3097002346189885
1112	2.3097002346189885
1113	2.7266311942194226
1114	0.6824179354187417
1115	0.6824179354187417
1116	0.6824179354187417
1117	0.6396484669833002
1118	0.6396484669833002
1119	0.6396484669833002
1120	0.5653306771972862
1121	0.5653306771972862
1122	0.5653306771972862
1123	0.5794872369725703
1124	0.5794872369725703
1125	0.5794872369725703
1126	0.6736946928480724
1127	0.6736946928480724
1128	0.6736946928480724
1129	4.273472121262901
1130	4.273472121262901
1131	4.273472121262901
1132	4.2576353108985
1133	4.2576353108985
1134	4.2576353108985
1135	3.7298872410214696
1136	3.7298872410214696
1137	3.7298872410214696
1138	3.899978041021402
1139	3.899978041021402
1140	3.899978041021402
1141	3.06688405359498
1142	3.06688405359498
1143	3.06688405359498
1144	3.918294213497073
1145	3.918294213497073
1146	3.918294213497073
1147	3.7535629937111974
1148	3.7535629937111974
1149	3.7535629937111974
1150	4.048639949584965
1151	4.048639949584965
1152	4.048639949584965
1153	4.2968585957360474
1154	4.2968585957360474
1155	4.2968585957360474
1156	3.9621610921769195
1157	3.9621610921769195
1158	3.5728090949008964
1159	3.5728090949008964
1160	3.5728090949008964
1161	3.1368280438771006
1162	3.1368280438771006
1163	3.1368280438771006
1164	2.756042185978687
1165	2.756042185978687
1166	2.756042185978687
1167	3.035737844597979
1168	3.035737844597979
1169	3.035737844597979
1170	3.061214823150577
1171	3.061214823150577
1172	3.061214823150577
1173	3.334746759735158
1174	3.334746759735158
1175	3.334746759735158
1176	2.963550422323386
1177	2.963550422323386
1178	2.963550422323386
1179	2.270321747652474
1180	2.270321747652474
1181	2.270321747652474
1182	2.9431262463872976
1183	2.9431262463872976
1184	2.9431262463872976
1185	2.643838691762923
1186	2.643838691762923
1187	2.643838691762923
1188	2.5338269338884314
1189	2.5338269338884314
1190	2.5338269338884314
1191	2.6553915904519227
1192	2.6553915904519227
1193	2.6553915904519227
1194	2.7424599722402685
1195	2.7424599722402685
1196	2.7424599722402685
1197	2.749941893099155
1198	2.749941893099155
1199	2.749941893099155
1200	2.767393893028048
1201	2.767393893028048
1202	2.767393893028048
1203	2.6023500996661757
1204	2.6023500996661757
1205	2.6023500996661757
1206	3.179774574445696
1207	3.179774574445696
1208	3.179774574445696
1209	3.1840554598579835
1210	3.1840554598579835
1211	3.1840554598579835
1212	2.978250735924669
1213	2.978250735924669
1214	2.978250735924669
1215	2.936878006370715
1216	2.936878006370715
1217	2.936878006370715
1218	3.026305048315545
1219	3.026305048315545
1220	3.026305048315545
1221	2.700913426181422
1222	2.700913426181422
1223	2.700913426181422
1224	2.198012473429863
1225	2.198012473429863
1226	2.198012473429863
1227	2.8386395036937695
1228	2.8386395036937695
1229	2.8386395036937695
1230	2.6630982446322484
1231	2.6630982446322484
1232	2.6630982446322484
1233	3.055689618162032
1234	3.055689618162032
1235	3.055689618162032
1236	3.0205437266641146
1237	3.0205437266641146
1238	3.0205437266641146
1239	2.9395108816147744
1240	2.9395108816147744
1241	2.9395108816147744
1242	2.9922034258732144
1243	2.9922034258732144
1244	2.9922034258732144
1245	2.9989177895196266
1246	2.9989177895196266
1247	2.9989177895196266
1248	3.271509822555881
1249	3.271509822555881
1250	3.271509822555881
1251	3.072352080959885
1252	3.072352080959885
1253	3.072352080959885
1254	2.9334592236012282
1255	2.9334592236012282
1256	2.9334592236012282
1257	3.0508689643798017
1258	3.0508689643798017
1259	3.0508689643798017
1260	3.0380026990565794
1261	3.0380026990565794
1262	3.0380026990565794
1263	2.9952972169651906
1264	2.9952972169651906
1265	2.9952972169651906
1266	2.8839187915761793
1267	2.8839187915761793
1268	2.8839187915761793
1269	2.9534364605593644
1270	2.9534364605593644
1271	2.9534364605593644
1272	3.1085627188451577
1273	3.1085627188451577
1274	3.1085627188451577
1275	3.0855180548172396
1276	3.0855180548172396
1277	3.0855180548172396
1278	3.1520045848519582
1279	3.1520045848519582
1280	3.1520045848519582
1281	2.6582492000597164
1282	2.6582492000597164
1283	2.6582492000597164
1284	2.4820583277825214
1285	2.4820583277825214
1286	2.4820583277825214
1287	2.3112533033582054
1288	2.3112533033582054
1289	2.3112533033582054
1290	3.126140070258593
1291	3.126140070258593
1292	3.126140070258593
1293	3.250618614823359
1294	3.250618614823359
1295	3.250618614823359
1296	2.4884176435017893
1297	2.4884176435017893
1298	2.4884176435017893
1299	3.193709569756447
1300	3.193709569756447
1301	3.193709569756447
1302	3.1286457102074055
1303	3.1286457102074055
1304	3.1286457102074055
1305	3.258090282802336
1306	3.258090282802336
1307	3.258090282802336
1308	2.902651177455177
1309	2.902651177455177
1310	2.902651177455177
1311	2.4092597560098694
1312	2.4092597560098694
1313	2.4092597560098694
1314	3.2890974170204754
1315	3.2890974170204754
1316	3.2890974170204754
1317	3.4482999865049053
1318	3.4482999865049053
1319	3.4482999865049053
1320	2.6374344595810344
1321	2.6374344595810344
1322	2.6374344595810344
1323	2.856232561355342
1324	2.856232561355342
1325	2.856232561355342
1326	3.167467040570393
1327	3.167467040570393
1328	3.167467040570393
1329	3.0834679357818198
1330	3.0834679357818198
1331	3.0834679357818198
1332	2.463926987465347
1333	2.463926987465347
1334	2.463926987465347
1335	2.9648726167845227
1336	2.9648726167845227
1337	2.9648726167845227
1338	3.3049583252808907
1339	3.3049583252808907
1340	3.3049583252808907
1341	2.7803475622783793
1342	2.7803475622783793
1343	2.7803475622783793
1344	2.591561130852453
1345	2.591561130852453
1346	2.591561130852453
1347	2.776378068379128
1348	2.776378068379128
1349	2.776378068379128
1350	2.5726245298988206
1351	2.5726245298988206
1352	2.5726245298988206
1353	3.0559025017868557
1354	3.0559025017868557
1355	3.0559025017868557
1356	2.9287967374174784
1357	2.9287967374174784
1358	2.9287967374174784
1359	2.8125570130599358
1360	2.8125570130599358
1361	2.8125570130599358
1362	2.814846047716733
1363	2.814846047716733
1364	2.814846047716733
1365	2.7271259107502437
1366	2.7271259107502437
1367	2.7271259107502437
1368	3.0037635456832152
1369	3.0037635456832152
1370	3.0037635456832152
1371	3.0994001955488186
1372	3.0994001955488186
1373	3.0994001955488186
1374	3.0230793324978116
1375	3.0230793324978116
1376	3.0230793324978116
1377	2.768391663691738
1378	2.768391663691738
1379	1.0213931615278804
1380	1.0213931615278804
1381	1.0213931615278804
1382	1.012176392600832
1383	1.012176392600832
1384	1.012176392600832
1385	1.143658882950354
1386	1.143658882950354
1387	1.143658882950354
1388	0.9781288826078337
1389	0.9781288826078337
1390	0.9781288826078337
1391	1.176575407070217
1392	1.176575407070217
1393	1.176575407070217
1394	1.4409317780174522
1395	1.4409317780174522
1396	1.4409317780174522
1397	1.1765611032671932
1398	1.1765611032671932
1399	1.1765611032671932
1400	1.1031566779898854
1401	1.1031566779898854
1402	1.1031566779898854
1403	1.1542566541119363
1404	1.1542566541119363
1405	1.1542566541119363
1406	1.1867273261114746
1407	1.1867273261114746
1408	1.1867273261114746
1409	1.2424466623273032
1410	1.2424466623273032
1411	1.2424466623273032
1412	1.0155519901997003
1413	1.0155519901997003
1414	1.0155519901997003
1415	1.129116988826503
1416	1.129116988826503
1417	1.129116988826503
1418	1.3472086336436435
1419	1.3472086336436435
1420	1.3472086336436435
1421	1.0503474201159217
1422	1.0503474201159217
1423	1.0503474201159217
1424	1.1501921948869627
1425	1.1501921948869627
1426	1.1501921948869627
1427	1.2271228905771039
1428	1.2271228905771039
1429	1.2271228905771039
1430	0.9613330106142381
1431	0.9613330106142381
1432	0.9613330106142381
1433	0.9695910823537349
1434	0.9695910823537349
1435	0.9695910823537349
1436	1.109103317434092
1437	1.109103317434092
1438	1.109103317434092
1439	1.016201335605094
1440	1.016201335605094
1441	1.016201335605094
1442	1.0957788098865722
1443	1.0957788098865722
1444	1.0957788098865722
1445	1.1339539894023944
1446	1.1339539894023944
1447	1.1339539894023944
1448	1.0173086049060582
1449	1.0173086049060582
1450	1.0173086049060582
1451	1.1952377773372413
1452	1.1952377773372413
1453	1.1952377773372413
1454	1.1084685631811115
1455	1.1084685631811115
1456	1.1084685631811115
1457	1.1682968308474113
1458	1.1682968308474113
1459	1.1682968308474113
1460	1.1886602095193575
1461	1.1886602095193575
1462	1.1886602095193575
1463	1.3032552641392332
1464	1.3032552641392332
1465	1.3032552641392332
1466	1.014040210392448
1467	1.014040210392448
1468	1.014040210392448
1469	1.1093517134910467
1470	1.1093517134910467
1471	1.1093517134910467
1472	1.3275871900815355
1473	1.3275871900815355
1474	1.3275871900815355
1475	1.1036982512665459
1476	1.1036982512665459
1477	1.1036982512665459
1478	1.1990278582572722
1479	1.1990278582572722
1480	1.1990278582572722
1481	1.003715047663976
1482	1.003715047663976
1483	1.003715047663976
1484	1.214868634337179
1485	1.214868634337179
1486	1.214868634337179
1487	1.0572948556255917
1488	1.0572948556255917
1489	1.0572948556255917
1490	1.1408052822082573
1491	1.1408052822082573
1492	1.1408052822082573
1493	1.2084966659290115
1494	1.2084966659290115
1495	1.2084966659290115
1496	1.1742830022300454
1497	1.1742830022300454
1498	1.1742830022300454
1499	1.000550449600879
1500	1.000550449600879
1501	1.000550449600879
1502	1.1984372736518112
1503	1.1984372736518112
1504	1.1984372736518112
1505	1.0846952671993566
1506	1.0846952671993566
1507	1.0846952671993566
1508	1.0588234323871346
1509	1.0588234323871346
1510	1.0588234323871346
1511	1.1687054045272436
1512	1.1687054045272436
1513	1.1687054045272436
1514	1.3440154754998506
1515	1.3440154754998506
1516	1.3440154754998506
1517	1.1524141941085746
1518	1.1524141941085746
1519	1.1524141941085746
1520	1.0363408022807987
1521	1.0363408022807987
1522	1.0363408022807987
1523	1.2347905804513357
1524	1.2347905804513357
1525	1.2347905804513357
1526	1.2264351531295328
1527	1.2264351531295328
1528	1.2264351531295328
1529	1.1837131795779245
1530	1.1837131795779245
1531	1.1837131795779245
1532	1.0373770267908728
1533	1.0373770267908728
1534	1.0373770267908728
1535	1.0507224086887441
1536	1.0507224086887441
1537	1.0507224086887441
1538	1.2303006134317036
1539	1.2303006134317036
1540	1.2303006134317036
1541	1.2399998579063174
1542	1.2399998579063174
1543	1.2399998579063174
1544	1.222337767319418
1545	1.222337767319418
1546	1.222337767319418
1547	1.0295525990487202
1548	1.0295525990487202
1549	1.0295525990487202
1550	1.1057190739574898
1551	1.1057190739574898
1552	1.1057190739574898
1553	0.9757554076356861
1554	0.9757554076356861
1555	0.9757554076356861
1556	1.0359493847747472
1557	1.0359493847747472
1558	1.0359493847747472
1559	1.118173681037268
1560	1.118173681037268
1561	1.118173681037268
1562	0.9659614556842484
1563	0.9659614556842484
1564	0.9659614556842484
1565	1.1491152126147655
1566	1.1491152126147655
1567	1.1491152126147655
1568	1.3845338907045384
1569	1.3845338907045384
1570	1.3845338907045384
1571	1.1000074669786972
1572	1.1000074669786972
1573	1.1000074669786972
1574	1.3211348423162623
1575	1.3211348423162623
1576	1.3211348423162623
1577	1.1936361247978584
1578	1.1936361247978584
1579	1.1936361247978584
1580	1.1908797408953111
1581	1.1908797408953111
1582	1.1908797408953111
1583	1.0684339478552511
1584	1.0684339478552511
1585	1.0684339478552511
1586	0.9263867439933047
1587	0.9263867439933047
1588	0.9263867439933047
1589	1.148502819539806
1590	1.148502819539806
1591	1.148502819539806
1592	0.9929494026173844
1593	0.9929494026173844
1594	0.9929494026173844
1595	0.9447682631602987
1596	0.9447682631602987
1597	0.9447682631602987
1598	1.1398690560974296
1599	1.1398690560974296
1600	1.1398690560974296
1601	1.3760209153038454
1602	1.3760209153038454
1603	1.3760209153038454
1604	1.205116592093471
1605	1.205116592093471
1606	1.205116592093471
1607	1.1198469428159104
1608	1.1198469428159104
1609	1.1198469428159104
1610	1.0890659292571758
1611	1.0890659292571758
1612	1.0890659292571758
1613	0.9816372554339765
1614	0.9816372554339765
1615	0.9816372554339765
1616	1.167789976104097
1617	1.167789976104097
1618	1.167789976104097
1619	0.9099862482097811
1620	0.9099862482097811
1621	0.9099862482097811
1622	1.0540842713484364
1623	1.0540842713484364
1624	1.0540842713484364
1625	1.1240296019202267
1626	1.1240296019202267
1627	1.1240296019202267
1628	1.0630806363766903
1629	1.0630806363766903
1630	1.0630806363766903
1631	1.036097334613248
1632	1.036097334613248
1633	1.036097334613248
1634	0.9963413968400887
1635	0.9963413968400887
1636	0.9963413968400887
1637	1.034232192246118
1638	1.034232192246118
1639	1.034232192246118
1640	1.0603942988154542
1641	1.0603942988154542
1642	1.0603942988154542
1643	1.1690909416990525
1644	1.1690909416990525
1645	1.1690909416990525
1646	0.936364569139515
1647	0.936364569139515
1648	0.936364569139515
1649	1.1003981180856643
1650	3.4336662421363506
1651	3.4336662421363506
1652	3.4336662421363506
1653	3.7003342127013705
1654	3.7003342127013705
1655	3.7003342127013705
1656	3.3251493045733524
1657	3.3251493045733524
1658	3.3251493045733524
1659	3.572695626708862
1660	3.572695626708862
1661	3.572695626708862
1662	3.1300171617666566
1663	3.1300171617666566
1664	3.1300171617666566
1665	3.8869804325920905
1666	3.8869804325920905
1667	3.8869804325920905
1668	3.365714449947912
1669	3.365714449947912
1670	3.365714449947912
1671	4.044212071884038
1672	4.044212071884038
1673	4.044212071884038
1674	3.7571099119682723
1675	3.7571099119682723
1676	3.7571099119682723
1677	3.1687743616750743
1678	3.1687743616750743
1679	3.1687743616750743
1680	3.3243755772232126
1681	3.3243755772232126
1682	3.3243755772232126
1683	2.813469510395398
1684	2.813469510395398
1685	2.813469510395398
1686	2.929260109123675
1687	2.929260109123675
1688	2.929260109123675
1689	3.4663675557063227
1690	3.4663675557063227
1691	3.4663675557063227
1692	3.358424216383002
1693	3.358424216383002
1694	3.358424216383002
1695	3.962246041750041
1696	3.962246041750041
1697	3.962246041750041
1698	2.8298337430098828
1699	2.8298337430098828
1700	2.8298337430098828
1701	2.978265031776165
1702	2.978265031776165
1703	2.978265031776165
1704	3.8962810404343324
1705	3.8962810404343324
1706	3.8962810404343324
1707	3.2246173661693756
1708	3.2246173661693756
1709	3.2246173661693756
1710	3.513166725600639
1711	3.513166725600639
1712	3.513166725600639
1713	2.8013233335298
1714	2.8013233335298
1715	2.8013233335298
1716	3.2824055361576456
1717	3.2824055361576456
1718	3.2824055361576456
1719	3.3216564801919213
1720	3.3216564801919213
1721	3.3216564801919213
1722	3.5748007782214417
1723	3.5748007782214417
1724	3.5748007782214417
1725	3.1734888116049307
1726	3.1734888116049307
1727	3.1734888116049307
1728	2.8414227687413067
1729	2.8414227687413067
1730	2.8414227687413067
1731	3.328487264933148
1732	3.328487264933148
1733	3.328487264933148
1734	3.4419469139896113
1735	3.4419469139896113
1736	3.4419469139896113
1737	3.085095524642354
1738	3.085095524642354
1739	3.085095524642354
1740	3.0688576639669924
1741	3.0688576639669924
1742	3.0688576639669924
1743	3.6943861990317868
1744	3.6943861990317868
1745	3.6943861990317868
1746	3.958023807445064
1747	3.958023807445064
1748	3.958023807445064
1749	3.179703062620606
1750	3.179703062620606
1751	3.179703062620606
1752	3.2846091072590697
1753	3.2846091072590697
1754	3.2846091072590697
1755	3.5509257502848706
1756	3.5509257502848706
1757	3.5509257502848706
1758	3.4891757164622086
1759	3.4891757164622086
1760	3.4891757164622086
1761	3.170791600964103
1762	3.170791600964103
1763	3.170791600964103
1764	3.879053167675196
1765	3.879053167675196
1766	3.879053167675196
1767	3.4874674159654693
1768	3.4874674159654693
1769	3.4874674159654693
1770	3.5802832900639516
1771	2.716535765908161
1772	2.716535765908161
1773	2.716535765908161
1774	3.2109794645917438
1775	3.2109794645917438
1776	3.2109794645917438
1777	2.945343999748747
1778	2.945343999748747
1779	2.945343999748747
1780	2.9717945329877664
1781	2.9717945329877664
1782	2.9717945329877664
1783	2.5816256454674993
1784	2.5816256454674993
1785	2.5816256454674993
1786	2.6884984192891803
1787	2.6884984192891803
1788	2.6884984192891803
1789	2.464784077669271
1790	2.464784077669271
1791	2.464784077669271
1792	2.8604579889947734
1793	2.8604579889947734
1794	2.8604579889947734
1795	2.7424043636125326
1796	2.7424043636125326
1797	2.7424043636125326
1798	3.092159462309828
1799	3.092159462309828
1800	3.092159462309828
1801	3.094374777744703
1802	3.094374777744703
1803	3.094374777744703
1804	2.699276060561657
1805	2.699276060561657
1806	2.699276060561657
1807	3.1635660655832205
1808	3.1635660655832205
1809	3.1635660655832205
1810	2.488473145141884
1811	2.488473145141884
1812	2.488473145141884
1813	2.5200770815895597
1814	2.5200770815895597
1815	2.5200770815895597
1816	3.212617173332912
1817	3.212617173332912
1818	3.212617173332912
1819	2.690837431348191
1820	2.690837431348191
1821	2.690837431348191
1822	2.590045507812675
1823	2.590045507812675
1824	2.590045507812675
1825	2.8990548333180866
1826	2.8990548333180866
1827	2.8990548333180866
1828	2.8377393801016777
1829	2.8377393801016777
1830	2.8377393801016777
1831	2.4540256514813357
1832	2.4540256514813357
1833	2.4540256514813357
1834	3.066590473496526
1835	3.066590473496526
1836	3.066590473496526
1837	3.097003294999131
1838	3.097003294999131
1839	3.097003294999131
1840	3.433292039464105
1841	3.433292039464105
1842	3.433292039464105
1843	3.367650993722169
1844	3.367650993722169
1845	3.367650993722169
1846	2.5449859894230946
1847	2.5449859894230946
1848	2.5449859894230946
1849	2.8492306204750295
1850	2.8492306204750295
1851	2.8492306204750295
1852	2.378445555926336
1853	2.378445555926336
1854	2.378445555926336
1855	2.587998323102903
1856	2.587998323102903
1857	2.587998323102903
1858	2.9914007523016943
1859	2.9914007523016943
1860	2.9914007523016943
1861	2.6101176422213417
1862	2.6101176422213417
1863	2.6101176422213417
1864	2.9746559730609867
1865	2.9746559730609867
1866	2.9746559730609867
1867	2.8867403854358495
1868	2.8867403854358495
1869	2.8867403854358495
1870	2.863376024611412
1871	2.863376024611412
1872	2.863376024611412
1873	2.4095746206672755
1874	2.4095746206672755
1875	2.4095746206672755
1876	2.5842882554417086
1877	2.5842882554417086
1878	2.5842882554417086
1879	2.5067804957080977
1880	2.5067804957080977
1881	2.5067804957080977
1882	3.0319752252415406
1883	3.0319752252415406
1884	3.0319752252415406
1885	2.559634657546167
1886	2.559634657546167
1887	2.559634657546167
1888	2.6705923444350295
1889	2.6705923444350295
1890	2.6705923444350295
1891	3.254357363734418
1892	3.254357363734418
1893	3.254357363734418
1894	2.5349134497663783
1895	2.5349134497663783
1896	2.5349134497663783
1897	2.5578960297423934
1898	2.5578960297423934
1899	2.5578960297423934
1900	2.6814961599644738
1901	2.6814961599644738
1902	2.6814961599644738
1903	2.8872483115705063
1904	2.8872483115705063
1905	2.8872483115705063
1906	2.224719104670692
1907	2.224719104670692
1908	2.224719104670692
1909	3.064757884961178
1910	3.064757884961178
1911	3.064757884961178
1912	3.1246615951405143
1913	3.1246615951405143
1914	3.1246615951405143
1915	3.2296287390829312
1916	3.2296287390829312
1917	3.2296287390829312
1918	2.654310075376767
1919	2.654310075376767
1920	2.654310075376767
1921	2.636375793333477
1922	2.636375793333477
1923	2.636375793333477
1924	2.7887830267729106
1925	2.7887830267729106
1926	2.7887830267729106
1927	2.717968729587819
1928	2.717968729587819
1929	2.717968729587819
1930	3.2679293558790845
1931	3.2679293558790845
1932	3.2679293558790845
1933	2.9748462472684407
1934	2.9748462472684407
1935	2.9748462472684407
1936	2.543258710496579
1937	2.543258710496579
1938	2.543258710496579
1939	2.7060010712754416
1940	2.7060010712754416
1941	2.7060010712754416
1942	2.7959196426284922
1943	2.7959196426284922
1944	2.7959196426284922
1945	3.052268773168251
1946	3.052268773168251
1947	3.052268773168251
1948	2.9197317945447634
1949	2.9197317945447634
1950	2.9197317945447634
1951	2.8445474998801745
1952	2.8445474998801745
1953	2.8445474998801745
1954	3.004788585205012
1955	3.004788585205012
1956	3.004788585205012
1957	2.894749874720811
1958	2.894749874720811
1959	2.894749874720811
1960	3.5946599478055217
1961	3.5946599478055217
1962	3.5946599478055217
1963	3.393392783223482
1964	3.393392783223482
1965	3.393392783223482
1966	2.84194188654988
1967	2.84194188654988
1968	2.84194188654988
1969	2.749149123088712
1970	2.749149123088712
1971	2.749149123088712
1972	2.9678498356675735
1973	2.9678498356675735
1974	2.9678498356675735
1975	3.1912488116010262
1976	3.1912488116010262
1977	3.1912488116010262
1978	2.8200263082736847
1979	2.8200263082736847
1980	2.8200263082736847
1981	2.8661787835204278
1982	2.8661787835204278
1983	2.8661787835204278
1984	3.0021118616619376
1985	3.0021118616619376
1986	3.0021118616619376
1987	2.6888276919855696
1988	2.6888276919855696
1989	2.6888276919855696
1990	2.869396307032597
1991	2.869396307032597
1992	2.869396307032597
1993	2.837052453989826
1994	2.837052453989826
1995	2.837052453989826
1996	2.6260949175581483
1997	2.6260949175581483
1998	2.6260949175581483
1999	3.46686989425887
