0	0.219669090123787
1	0.219669090123787
2	0.23810737875094246
3	0.23810737875094246
4	0.27404004611422084
5	0.27404004611422084
6	0.18716737762585992
7	0.18716737762585992
8	0.24587315348198763
9	0.24587315348198763
10	0.21642764531599398
11	0.21642764531599398
12	0.1079578947245634
13	0.1079578947245634
14	0.22418446918555493
15	0.22418446918555493
16	0.26530730352613036
17	0.26530730352613036
18	0.2690259500805815
19	0.2690259500805815
20	0.1455318343365333
21	3.4268603037875534
22	3.4268603037875534
23	4.242450243923855
24	4.242450243923855
25	3.406975979528508
26	3.406975979528508
27	2.6319416747386644
28	2.6319416747386644
29	4.488819505153565
30	4.488819505153565
31	2.3290408509139287
32	2.3290408509139287
33	4.296913929508928
34	4.296913929508928
35	3.7777185700518916
36	3.7777185700518916
37	3.7859667810030424
38	3.7859667810030424
39	2.601244833118863
40	2.601244833118863
41	3.5307515432574705
42	3.5307515432574705
43	2.195549951716155
44	2.195549951716155
45	4.600870539496944
46	4.600870539496944
47	4.352767975808682
48	4.352767975808682
49	2.2992929875416444
50	2.2992929875416444
51	2.8911058783300976
52	2.8911058783300976
53	2.0788747838303356
54	2.0788747838303356
55	2.7553740432861353
56	2.7553740432861353
57	2.8501285054258623
58	2.8501285054258623
59	4.004087363750109
60	4.004087363750109
61	3.99028148036839
62	3.99028148036839
63	2.8214450001141693
64	2.8214450001141693
65	3.214290157216406
66	3.214290157216406
67	3.2757280099699297
68	3.2757280099699297
69	2.113179341997055
70	2.113179341997055
71	3.1039421870527937
72	3.1039421870527937
73	4.810873742464833
74	4.810873742464833
75	3.493817425921483
76	3.493817425921483
77	3.420462248233513
78	3.420462248233513
79	3.736414125839503
80	3.736414125839503
81	2.594056762775973
82	2.594056762775973
83	4.374002252290674
84	4.374002252290674
85	3.2038585939201845
86	3.2038585939201845
87	3.7855238282807004
88	3.7855238282807004
89	4.277675127769533
90	4.277675127769533
91	1.4206484585645296
92	2.802407722646598
93	2.802407722646598
94	3.0294253571976184
95	3.0294253571976184
96	2.2016177137244535
97	2.2016177137244535
98	3.727570418666384
99	3.727570418666384
100	3.0315139566737725
101	3.0315139566737725
102	3.2007796180647063
103	3.2007796180647063
104	2.7915734729863644
105	2.7915734729863644
106	3.543897262038555
107	3.543897262038555
108	3.0838733349858765
109	3.0838733349858765
110	2.086843426196606
111	2.086843426196606
112	3.4054427149512723
113	3.4054427149512723
114	2.24860931058231
115	2.24860931058231
116	3.4335087063201497
117	3.4335087063201497
118	3.382232130497303
119	3.382232130497303
120	1.6147766067051768
121	1.6147766067051768
122	2.724373992462318
123	2.724373992462318
124	3.2151090239575564
125	3.2151090239575564
126	3.614943857882106
127	3.614943857882106
128	2.80612983500558
129	2.80612983500558
130	2.80844170314306
131	2.80844170314306
132	2.075091302281821
133	2.075091302281821
134	2.7146135431553717
135	2.7146135431553717
136	3.059975453800444
137	3.059975453800444
138	2.1048837113259835
139	2.1048837113259835
140	0.3608891159695616
141	0.3608891159695616
142	0.4761812151913679
143	0.4761812151913679
144	0.8836614415102485
145	0.8836614415102485
146	0.6857902019638255
147	0.6857902019638255
148	0.6365994981419246
149	0.6365994981419246
150	0.9151755979465961
151	0.9151755979465961
152	0.6083618643987652
153	0.6083618643987652
154	0.7192041057788854
155	0.7192041057788854
156	0.8328785298789427
157	0.8328785298789427
158	0.6832565764946548
159	0.6832565764946548
160	0.8172730714362514
161	0.8172730714362514
162	0.7402703373633932
163	0.7402703373633932
164	0.8669886104140674
165	0.8669886104140674
166	0.7299661105857188
167	0.7299661105857188
168	0.6053986855062607
169	0.6053986855062607
170	0.7726118028194887
171	0.7726118028194887
172	0.7853276576361268
173	0.7853276576361268
174	0.6194855374140443
175	0.6194855374140443
176	0.6760874311380667
177	0.6760874311380667
178	0.3966766995149592
179	0.3966766995149592
180	0.5921210750566214
181	0.5921210750566214
182	0.7565554174667816
183	0.7565554174667816
184	0.5444527646130393
185	0.5444527646130393
186	0.8256985350125317
187	0.8256985350125317
188	0.7403038804667428
189	0.7403038804667428
190	0.5796669443463821
191	0.5796669443463821
192	0.5791176073358315
193	0.5791176073358315
194	0.5448502123505816
195	0.5448502123505816
196	0.5317872152824193
197	0.5317872152824193
198	0.9095723016869073
199	0.9095723016869073
200	0.7050122328463987
201	0.7050122328463987
202	0.8598556883876128
203	0.8598556883876128
204	0.7459989294198177
205	0.7459989294198177
206	0.7555143898810746
207	0.7555143898810746
208	0.5700300990246754
209	0.5700300990246754
210	0.7823085581180355
211	0.7823085581180355
212	0.7549855490077173
213	0.7549855490077173
214	0.5788520024470326
215	0.5788520024470326
216	0.6588692118624894
217	0.6588692118624894
218	0.6956168926174783
219	0.6956168926174783
220	0.41094965527370897
221	0.41094965527370897
222	0.499177937984975
223	0.499177937984975
224	0.7225789002139723
225	0.7225789002139723
226	0.43201060129520863
227	0.43201060129520863
228	0.4378460747029429
229	0.4378460747029429
230	0.5704828768988549
231	0.5704828768988549
232	0.6692516643208194
233	0.6692516643208194
234	0.681391133541513
235	0.681391133541513
236	0.7867857620733905
237	0.7867857620733905
238	0.5694196046337971
239	0.5694196046337971
240	0.5543890920482804
241	0.5543890920482804
242	0.8983868124668866
243	0.8983868124668866
244	0.6627087302442352
245	0.6627087302442352
246	0.593162232265201
247	0.593162232265201
248	0.7296819945334909
249	0.7296819945334909
250	0.6621506022498005
251	0.6621506022498005
252	0.8808843196025791
253	0.8808843196025791
254	0.8671616954557992
255	0.8671616954557992
256	0.6585409431390626
257	0.6585409431390626
258	0.7739406968245643
259	0.7739406968245643
260	0.5909912267040505
261	0.5909912267040505
262	0.6928664937648049
263	0.6928664937648049
264	0.5137671078224797
265	0.5137671078224797
266	0.7322813195231415
267	0.7322813195231415
268	0.4477630119539493
269	0.4477630119539493
270	0.6413387828009115
271	0.6413387828009115
272	0.7071784775067947
273	0.7071784775067947
274	0.5153757782877535
275	0.5153757782877535
276	0.6387619245230457
277	0.6387619245230457
278	0.6976313474197344
279	0.6976313474197344
280	0.8285029511699793
281	0.8285029511699793
282	0.5371083678732363
283	0.5371083678732363
284	0.7011981425956869
285	4.339924939409952
286	4.339924939409952
287	3.9819175046965105
288	3.9819175046965105
289	2.053678231115872
290	2.053678231115872
291	3.939140830699652
292	3.939140830699652
293	3.8002759904260777
294	3.8002759904260777
295	3.778959810720061
296	3.778959810720061
297	3.2954120423445605
298	3.2954120423445605
299	3.6607774523041137
300	3.6607774523041137
301	3.96176903683863
302	3.96176903683863
303	4.564630943997838
304	4.564630943997838
305	4.187716195114906
306	4.187716195114906
307	3.470860459118182
308	3.470860459118182
309	2.663456744859994
310	2.663456744859994
311	2.458323149133895
312	2.458323149133895
313	5.158987994652888
314	5.158987994652888
315	3.408634780632633
316	3.408634780632633
317	3.8578817457267363
318	3.8578817457267363
319	3.7182758160079183
320	3.7182758160079183
321	3.4895693621553265
322	3.4895693621553265
323	3.6401929028305116
324	3.6401929028305116
325	3.9864755602828055
326	3.9864755602828055
327	2.3811909427473505
328	2.3811909427473505
329	3.920417378526435
330	3.920417378526435
331	3.5772721373353566
332	3.5772721373353566
333	3.3848259213594707
334	3.3848259213594707
335	3.5960291724361544
336	3.5960291724361544
337	4.318923993179269
338	4.318923993179269
339	3.5463532465981764
340	3.5463532465981764
341	3.2955903899629178
342	3.2955903899629178
343	2.7102490136612625
344	2.7102490136612625
345	3.6078740757118988
346	3.6078740757118988
347	3.6455121588788817
348	3.6455121588788817
349	4.124907436002778
350	4.124907436002778
351	4.628357335999473
352	4.628357335999473
353	4.226917565446761
354	4.226917565446761
355	5.686304349793024
356	5.686304349793024
357	2.8591381485414757
358	2.8591381485414757
359	5.175122800460102
360	5.175122800460102
361	3.043029346883994
362	3.043029346883994
363	3.7491419690248535
364	3.7491419690248535
365	3.3916717818910875
366	3.3916717818910875
367	1.7815275152106347
368	1.7815275152106347
369	1.9635517281104489
370	1.9635517281104489
371	2.0525483461455565
372	2.0525483461455565
373	1.2363669328669227
374	1.2363669328669227
375	1.8905811730062145
376	1.8905811730062145
377	2.4812345945187375
378	2.4812345945187375
379	1.7918835839008633
380	1.7918835839008633
381	1.6854976478866588
382	1.6854976478866588
383	1.8108504669035486
384	1.8108504669035486
385	5.032726860051716
386	5.032726860051716
387	4.2532272367683515
388	4.2532272367683515
389	3.700340937977279
390	3.700340937977279
391	3.926297838297621
392	3.926297838297621
393	3.4813441638070346
394	3.4813441638070346
395	4.4123186670137144
396	4.4123186670137144
397	4.538780542706402
398	4.538780542706402
399	3.7828016592077423
400	3.7828016592077423
401	5.692059594708034
402	5.692059594708034
403	4.246513205003948
404	4.246513205003948
405	5.10301038788119
406	5.10301038788119
407	4.297600771667773
408	4.297600771667773
409	2.702435551024646
410	2.702435551024646
411	5.063058856196948
412	5.063058856196948
413	4.094659917678609
414	4.094659917678609
415	5.748793503313771
416	5.748793503313771
417	4.193290355656065
418	4.193290355656065
419	4.978663219704435
420	4.978663219704435
421	4.107939415651504
422	4.107939415651504
423	4.128041576846216
424	4.128041576846216
425	4.453081364377608
426	4.453081364377608
427	4.897270818193927
428	4.897270818193927
429	5.1727441978403
430	5.1727441978403
431	3.548432930909792
432	3.548432930909792
433	4.031870540571085
434	4.031870540571085
435	3.242060390025481
436	3.242060390025481
437	4.235109877712477
438	4.235109877712477
439	4.076756472576986
440	4.076756472576986
441	3.958194617044294
442	3.958194617044294
443	5.090316310832557
444	5.090316310832557
445	2.9339090724314065
446	2.9339090724314065
447	3.6855275944280805
448	3.6855275944280805
449	3.522376779653491
450	3.522376779653491
451	3.6531022942410187
452	3.6531022942410187
453	3.973312895229664
454	3.973312895229664
455	4.47073873722146
456	4.47073873722146
457	5.2490933425071
458	5.2490933425071
459	3.884754835077974
460	3.884754835077974
461	5.063735946786222
462	5.063735946786222
463	3.705037753720299
464	3.705037753720299
465	2.481712676877462
466	2.481712676877462
467	4.155968426583638
468	4.155968426583638
469	3.706046925567765
470	3.706046925567765
471	3.406565088881283
472	3.406565088881283
473	4.697210493069135
474	4.697210493069135
475	4.629285292260194
476	4.629285292260194
477	3.7059845429618177
478	3.7059845429618177
479	4.936938847502278
480	4.936938847502278
481	3.9367601493265045
482	3.9367601493265045
483	4.186005010048488
484	4.186005010048488
485	3.183944537968509
486	3.183944537968509
487	3.449195684299846
488	3.449195684299846
489	3.6244575900080216
490	3.6244575900080216
491	3.0919017339200763
492	3.0919017339200763
493	3.454109460077907
494	3.454109460077907
495	4.810901364916124
496	4.810901364916124
497	3.371407989794217
498	3.371407989794217
499	3.0910816445766596
500	3.0910816445766596
501	4.449939095703167
502	4.449939095703167
503	3.737434277348657
504	3.737434277348657
505	4.041261647513012
506	4.041261647513012
507	2.6222952640302557
508	2.6222952640302557
509	2.3419465255326246
510	2.3419465255326246
511	4.135751513686175
512	4.135751513686175
513	3.4114105439307396
514	3.4114105439307396
515	3.3120590783752637
516	3.3120590783752637
517	5.749601191612081
518	5.749601191612081
519	4.911799757413169
520	4.911799757413169
521	3.945252456376182
522	3.945252456376182
523	3.1336393172836687
524	3.1336393172836687
525	4.068230483704402
526	4.068230483704402
527	4.085561101592708
528	4.085561101592708
529	5.033923680519244
530	5.033923680519244
531	3.362415563712679
532	3.362415563712679
533	3.644565432164998
534	3.644565432164998
535	4.105851263262828
536	4.105851263262828
537	4.353697714316012
538	4.353697714316012
539	3.5421172246052666
540	3.5421172246052666
541	4.062911720106955
542	4.062911720106955
543	4.932314955943718
544	4.932314955943718
545	3.315005059065486
546	3.315005059065486
547	4.013936564696806
548	4.013936564696806
549	2.988199394342459
550	2.988199394342459
551	5.087326257371377
552	5.087326257371377
553	4.75366892280618
554	4.75366892280618
555	4.091089369612755
556	4.091089369612755
557	4.942117441608481
558	4.942117441608481
559	6.258392563771878
560	6.258392563771878
561	5.098924979498319
562	5.098924979498319
563	4.550543887064496
564	4.550543887064496
565	4.5716358107732225
566	4.5716358107732225
567	4.0774428286462365
568	4.0774428286462365
569	4.107906755852747
570	4.107906755852747
571	4.4541213809312215
572	4.4541213809312215
573	4.357919840645279
574	4.357919840645279
575	3.422244527703879
576	3.422244527703879
577	1.9468970969061288
578	1.9468970969061288
579	2.8989203084282593
580	2.8989203084282593
581	2.101269702291849
582	2.101269702291849
583	3.3037622098193236
584	3.3037622098193236
585	2.5090427147069123
586	2.5090427147069123
587	2.997300384158817
588	2.997300384158817
589	2.740501122925884
590	2.740501122925884
591	2.78591481358717
592	2.78591481358717
593	2.828648485590495
594	2.828648485590495
595	3.3800597573114444
596	3.3800597573114444
597	3.011078067194831
598	3.011078067194831
599	2.026455937540882
600	2.026455937540882
601	2.8638621716853225
602	2.8638621716853225
603	2.0201006832245967
604	2.0201006832245967
605	2.1004905684208244
606	2.1004905684208244
607	1.5597618225787722
608	1.5597618225787722
609	2.3299438407990842
610	2.3299438407990842
611	1.9048366898977893
612	1.9048366898977893
613	1.1438290965709625
614	1.1438290965709625
615	1.7431547100300173
616	1.7431547100300173
617	2.282966152602041
618	2.282966152602041
619	1.914202698497134
620	1.914202698497134
621	2.26693836403383
622	2.26693836403383
623	3.0252581113243724
624	3.0252581113243724
625	3.1074060030749058
626	3.1074060030749058
627	2.082588457582909
628	2.082588457582909
629	1.9834127728371715
630	1.9834127728371715
631	1.5243545940167758
632	1.5243545940167758
633	1.6564982546890497
634	1.6564982546890497
635	0.902141466661323
636	0.902141466661323
637	1.8200073041244411
638	1.8200073041244411
639	1.9165022740067728
640	1.9165022740067728
641	2.478550170549951
642	2.478550170549951
643	2.2646340871087656
644	2.2646340871087656
645	1.2632784770201888
646	1.2632784770201888
647	1.572047669478661
648	1.572047669478661
649	1.9338461045878945
650	1.9338461045878945
651	2.7639179542637726
652	2.7639179542637726
653	2.7317206273684893
654	2.7317206273684893
655	2.843558362712668
656	2.843558362712668
657	2.692569814685243
658	2.692569814685243
659	3.4819304155229287
660	3.4819304155229287
661	3.5199992664018023
662	3.5199992664018023
663	3.3222827219851268
664	3.3222827219851268
665	2.9827583826041706
666	2.9827583826041706
667	3.06126536663241
668	3.06126536663241
669	3.5400325268035773
670	3.5400325268035773
671	3.5267573890607067
672	3.5267573890607067
673	4.1052464683550305
674	4.1052464683550305
675	3.9031633775302246
676	3.9031633775302246
677	3.6509390066207343
678	3.6509390066207343
679	2.6536638315963867
680	2.6536638315963867
681	3.2380846211140244
682	3.2380846211140244
683	4.166507796797907
684	4.166507796797907
685	2.3380576759244356
686	2.3380576759244356
687	2.8450074327885932
688	2.8450074327885932
689	3.13929316218599
690	3.13929316218599
691	2.065508381396748
692	2.065508381396748
693	2.9203633480274656
694	2.9203633480274656
695	2.9278743473618865
696	2.9278743473618865
697	3.418374393274246
698	3.418374393274246
699	2.4997170635612553
700	2.4997170635612553
701	3.3094068838945097
702	3.3094068838945097
703	3.1878249500959446
704	3.1878249500959446
705	2.116286272964527
706	2.116286272964527
707	3.8368606905813785
708	3.8368606905813785
709	3.1173748245707595
710	3.1173748245707595
711	1.8725828500630424
712	1.8725828500630424
713	3.504264318459717
714	3.504264318459717
715	4.403932547153228
716	4.403932547153228
717	2.801271998833082
718	2.801271998833082
719	3.588709829631066
720	3.588709829631066
721	4.02383339240566
722	4.02383339240566
723	2.7936880953316146
724	2.7936880953316146
725	2.8812631323566897
726	2.8812631323566897
727	2.529978108841174
728	2.529978108841174
729	2.2754568298280713
730	2.2754568298280713
731	3.8494619033033968
732	4.688239191383402
733	4.688239191383402
734	3.3920745538336807
735	3.3920745538336807
736	3.3658163402224837
737	3.3658163402224837
738	3.348736891629639
739	3.348736891629639
740	3.3413865085513574
741	3.3413865085513574
742	4.535122198110737
743	4.535122198110737
744	3.9466156170440803
745	3.9466156170440803
746	0.7803996124661815
747	0.7803996124661815
748	1.3594972775018754
749	1.3594972775018754
750	2.0127186277175078
751	2.0127186277175078
752	1.7906110322523776
753	1.7906110322523776
754	1.1305279639743848
755	1.1305279639743848
756	1.4251806906946027
757	1.4251806906946027
758	2.060846990289158
759	2.060846990289158
760	3.606527430079223
761	3.606527430079223
762	2.430748677958583
763	2.430748677958583
764	4.134592064005556
765	4.134592064005556
766	4.475298377751441
767	4.475298377751441
768	3.3808141953349446
769	3.3808141953349446
770	4.116161133627288
771	4.116161133627288
772	2.917473507816074
773	2.917473507816074
774	4.193542643258487
775	4.193542643258487
776	2.4787408755025773
777	2.4787408755025773
778	3.1887327124557516
779	3.1887327124557516
780	4.972562725362993
781	4.972562725362993
782	2.671124568322802
783	2.671124568322802
784	3.676976741467108
785	3.676976741467108
786	3.0518535390943717
787	3.0518535390943717
788	3.856361083305754
789	3.856361083305754
790	5.792064683069262
791	5.792064683069262
792	2.6917074696858556
793	2.6917074696858556
794	3.065498143598166
795	3.065498143598166
796	4.14528782312677
797	4.14528782312677
798	3.6142073385854108
799	3.6142073385854108
800	4.2006922275001894
801	4.2006922275001894
802	2.4383922165852736
803	2.4383922165852736
804	4.48013110539969
805	4.48013110539969
806	3.6286880053963015
807	3.6286880053963015
808	4.0418569143031355
809	4.0418569143031355
810	2.4577323806907216
811	2.4577323806907216
812	3.5757230549273533
813	3.5757230549273533
814	3.311521878864195
815	3.311521878864195
816	4.375446536628456
817	4.375446536628456
818	2.50139342923306
819	2.50139342923306
820	5.203919202070298
821	5.203919202070298
822	3.5997450578420684
823	3.5997450578420684
824	3.1287949526812096
825	3.1287949526812096
826	2.335571628457294
827	2.335571628457294
828	2.442086572890169
829	2.442086572890169
830	3.9491687003258957
831	3.9491687003258957
832	3.285808132021876
833	3.285808132021876
834	3.0467257389873876
835	3.0467257389873876
836	3.107157744778074
837	3.107157744778074
838	3.147644508461915
839	3.147644508461915
840	4.3450756241978095
841	4.3450756241978095
842	2.3169968926096614
843	2.3169968926096614
844	3.807306519650526
845	3.807306519650526
846	4.130454469524678
847	1.7871234583024351
848	1.7871234583024351
849	1.7512351144329297
850	1.7512351144329297
851	1.8204725793310421
852	1.8204725793310421
853	1.7085894964047001
854	1.7085894964047001
855	1.2984117320875803
856	1.2984117320875803
857	1.4930396831824142
858	1.4930396831824142
859	1.5080158813635165
860	1.5080158813635165
861	1.3529172543540469
862	1.3529172543540469
863	2.0179328511129238
864	2.0179328511129238
865	1.7157203447102802
866	1.7157203447102802
867	1.4895997501260168
868	1.4895997501260168
869	1.470974776001356
870	1.470974776001356
871	3.6745379320274427
872	3.6745379320274427
873	3.3554061439146894
874	3.3554061439146894
875	2.7874472815912164
876	2.7874472815912164
877	3.6227426991627687
878	3.6227426991627687
879	3.0585197263067694
880	3.0585197263067694
881	3.61666265424603
882	3.61666265424603
883	3.3287452847630012
884	3.3287452847630012
885	3.5255303282280464
886	3.5255303282280464
887	4.318379272893698
888	4.318379272893698
889	4.177866870346273
890	4.177866870346273
891	4.847342603148974
892	4.847342603148974
893	4.979722534900726
894	4.979722534900726
895	4.29404116193807
896	4.29404116193807
897	3.9724008975403886
898	3.9724008975403886
899	3.459869721008978
900	3.459869721008978
901	2.50912177130291
902	2.50912177130291
903	5.663420514494311
904	5.663420514494311
905	3.570387956082211
906	3.570387956082211
907	3.4142576031151686
908	3.4142576031151686
909	4.764454869383959
910	4.764454869383959
911	3.965285457480263
912	3.965285457480263
913	2.6627736388677756
914	0.9160350717801263
915	0.9160350717801263
916	1.513819868275253
917	1.513819868275253
918	1.294205276493791
919	1.294205276493791
920	1.4631178593248213
921	1.4631178593248213
922	1.7567424935696228
923	1.7567424935696228
924	1.2063717592774088
925	1.2063717592774088
926	0.8268558100248906
927	0.8268558100248906
928	1.6415821523636818
929	1.6415821523636818
930	0.7586883896130163
931	0.7586883896130163
932	1.0565681913564884
933	1.0565681913564884
934	1.3055553198038496
935	1.3055553198038496
936	1.3030948380405507
937	1.3030948380405507
938	1.0035915466858172
939	1.0035915466858172
940	1.7980800850921654
941	1.7980800850921654
942	0.9937569879403945
943	0.9937569879403945
944	1.1349809836247944
945	1.1349809836247944
946	0.8656191426384844
947	0.8656191426384844
948	0.7466934435157746
949	0.7466934435157746
950	1.156732980000922
951	1.156732980000922
952	1.1040872876437595
953	1.1040872876437595
954	0.9307796552107974
955	0.9307796552107974
956	0.9946273816493142
957	0.9946273816493142
958	1.1648344960770962
959	1.1648344960770962
960	1.0078399943778151
961	1.0078399943778151
962	2.128617112740353
963	2.128617112740353
964	2.154409623572014
965	2.154409623572014
966	3.2258559109344365
967	3.2258559109344365
968	2.4848886729448756
969	2.4848886729448756
970	2.494410766394022
971	2.494410766394022
972	3.0893467018667407
973	3.0893467018667407
974	2.4520818467190733
975	2.4520818467190733
976	2.711352232337837
977	2.711352232337837
978	3.203634749728049
979	3.203634749728049
980	2.64546412814188
981	2.64546412814188
982	1.287404218034702
983	1.287404218034702
984	2.2204859689455048
985	2.2204859689455048
986	2.396414665388314
987	2.396414665388314
988	2.049859939818136
989	2.049859939818136
990	3.8628609889881913
991	3.8628609889881913
992	2.7029914438423748
993	2.7029914438423748
994	3.0343459903933585
995	3.0343459903933585
996	2.6348085733529345
997	2.6348085733529345
998	3.081907623819658
999	3.081907623819658
1000	0.64722108935584
1001	0.64722108935584
1002	0.7715746759987263
1003	0.7715746759987263
1004	0.5775932620180084
1005	0.5775932620180084
1006	0.5902252421606368
1007	0.5902252421606368
1008	0.7333367388088995
1009	0.7333367388088995
1010	0.7068804229059679
1011	0.7068804229059679
1012	0.46349347947157815
1013	0.46349347947157815
1014	0.830796570296999
1015	0.830796570296999
1016	0.5466052835509819
1017	0.5466052835509819
1018	0.9857704398931887
1019	0.9857704398931887
1020	0.45914930065932813
1021	0.45914930065932813
1022	0.6612902686245927
1023	0.6612902686245927
1024	0.7013881666520361
1025	0.7013881666520361
1026	0.7923087341199951
1027	0.7923087341199951
1028	0.6321808668293866
1029	0.6321808668293866
1030	0.6299373307990002
1031	0.6299373307990002
1032	0.7210037842463111
1033	0.7210037842463111
1034	0.6829615478351696
1035	0.6829615478351696
1036	0.6027919900148719
1037	0.6027919900148719
1038	0.7266131457581108
1039	1.4609011785341839
1040	1.4609011785341839
1041	2.001224095401953
1042	2.001224095401953
1043	2.206202251952194
1044	2.206202251952194
1045	2.064916033782422
1046	2.064916033782422
1047	1.1782654040205278
1048	1.1782654040205278
1049	2.016805343611573
1050	2.016805343611573
1051	2.176809338645076
1052	2.176809338645076
1053	2.191969421502394
1054	2.191969421502394
1055	2.4833658909008514
1056	2.4833658909008514
1057	1.351981917066835
1058	1.351981917066835
1059	1.6422440704619765
1060	1.6422440704619765
1061	2.1344457699051436
1062	2.1344457699051436
1063	1.9009946772958517
1064	1.9009946772958517
1065	1.5394294916426516
1066	1.5394294916426516
1067	2.3265270734220542
1068	2.3265270734220542
1069	2.5836274114265905
1070	2.5836274114265905
1071	1.6184158555166734
1072	1.6184158555166734
1073	1.1684733077233165
1074	1.1684733077233165
1075	2.5082885459075097
1076	2.5082885459075097
1077	2.1703551609878335
1078	2.1703551609878335
1079	0.5227539103953468
1080	0.5227539103953468
1081	0.7295619431366444
1082	0.7295619431366444
1083	0.7838642129920329
1084	0.7838642129920329
1085	0.6192247061448886
1086	0.6192247061448886
1087	0.5626908245695706
1088	0.5626908245695706
1089	0.7661345033128282
1090	0.7661345033128282
1091	4.497095416500818
1092	4.497095416500818
1093	3.0084738057481384
1094	3.0084738057481384
1095	3.1818319650120577
1096	3.1818319650120577
1097	3.683170701284168
1098	3.683170701284168
1099	1.2408604389058018
1100	1.2408604389058018
1101	1.0808393560238794
1102	1.0808393560238794
1103	0.999116758387481
1104	0.999116758387481
1105	1.3524828489572123
1106	1.3524828489572123
1107	1.052453515994183
1108	1.052453515994183
1109	1.1138233378115452
1110	1.1138233378115452
1111	1.3711249949269475
1112	1.3711249949269475
1113	1.6298175865240052
1114	1.6298175865240052
1115	0.8804609236331449
1116	0.8804609236331449
1117	1.2337001259465818
1118	1.2337001259465818
1119	0.8338953251765628
1120	0.8338953251765628
1121	1.154735629836041
1122	1.154735629836041
1123	1.1055954274578612
1124	1.1055954274578612
1125	1.1437788619507847
1126	1.1437788619507847
1127	0.6886397056084474
1128	0.6886397056084474
1129	1.3035161139110445
1130	1.3035161139110445
1131	1.1052518901813164
1132	1.1052518901813164
1133	1.1704185342395392
1134	1.1704185342395392
1135	1.0294660518605647
1136	1.0294660518605647
1137	0.8066251800922208
1138	0.8066251800922208
1139	0.9653857334112192
1140	0.9653857334112192
1141	0.8820928878906761
1142	0.8820928878906761
1143	0.9919590381211582
1144	0.9919590381211582
1145	1.1734013874603628
1146	1.1734013874603628
1147	1.030970560152771
1148	1.030970560152771
1149	1.0799271528785772
1150	1.0799271528785772
1151	1.0083862877473526
1152	1.0083862877473526
1153	0.707487149676548
1154	0.707487149676548
1155	1.0397898055482426
1156	1.0397898055482426
1157	1.0693316391740013
1158	1.0693316391740013
1159	0.5736913047080631
1160	0.5736913047080631
1161	1.319692270194037
1162	1.319692270194037
1163	1.0955558786073385
1164	1.0955558786073385
1165	1.1636908594037116
1166	1.1636908594037116
1167	1.103209944488291
1168	1.103209944488291
1169	0.9799896302333799
1170	0.9799896302333799
1171	1.1514587959781062
1172	1.1514587959781062
1173	0.985255507872266
1174	0.985255507872266
1175	1.0170799121071945
1176	1.0170799121071945
1177	0.7686249293457535
1178	0.7686249293457535
1179	0.8805736570634617
1180	0.8805736570634617
1181	0.5618717711380552
1182	0.5618717711380552
1183	1.1067309424090823
1184	1.1067309424090823
1185	1.0996108055488845
1186	1.0996108055488845
1187	1.5924286602055484
1188	1.5924286602055484
1189	1.1671058507299465
1190	1.1671058507299465
1191	1.220594257862026
1192	1.220594257862026
1193	1.2507841079676472
1194	1.2507841079676472
1195	1.3421800477306176
1196	1.3421800477306176
1197	0.8306118993278762
1198	0.8306118993278762
1199	1.1146053427495897
1200	1.1146053427495897
1201	0.8988861227702849
1202	0.8988861227702849
1203	0.9692547138383341
1204	0.9692547138383341
1205	1.0723169533562373
1206	1.0723169533562373
1207	1.071625580595921
1208	1.071625580595921
1209	1.0077018749547315
1210	1.0077018749547315
1211	0.8534412510677598
1212	0.8534412510677598
1213	1.6179585601029856
1214	1.6179585601029856
1215	1.3955478941769528
1216	1.3955478941769528
1217	0.9663275322756658
1218	0.9663275322756658
1219	0.9129844510291405
1220	0.9129844510291405
1221	0.9273623777555725
1222	0.9273623777555725
1223	0.8500509804246703
1224	0.8500509804246703
1225	1.3330503139058516
1226	1.3330503139058516
1227	0.920097583537471
1228	0.920097583537471
1229	0.9159859400267705
1230	0.9159859400267705
1231	1.1538428055160328
1232	1.1538428055160328
1233	1.0042973340597572
1234	1.0042973340597572
1235	0.8032631844075513
1236	0.8032631844075513
1237	1.3527393794451896
1238	1.3527393794451896
1239	0.8635397133425136
1240	0.8635397133425136
1241	1.0055645364677082
1242	1.0055645364677082
1243	0.9412144038430187
1244	0.9412144038430187
1245	0.7216645255016336
1246	0.7216645255016336
1247	0.8486453823812308
1248	0.8486453823812308
1249	1.1742279003810165
1250	1.1742279003810165
1251	0.9266100088756354
1252	0.9266100088756354
1253	1.3033282264648756
1254	1.3033282264648756
1255	1.0568365934305184
1256	1.0568365934305184
1257	1.4253982799593958
1258	1.4253982799593958
1259	1.12366793496333
1260	1.12366793496333
1261	0.9674151521579853
1262	0.9674151521579853
1263	1.3390680394845644
1264	1.3390680394845644
1265	1.048095684419148
1266	1.048095684419148
1267	0.7913265506420297
1268	0.7913265506420297
1269	0.27191433800674025
1270	0.27191433800674025
1271	0.22212744411162996
1272	0.22212744411162996
1273	0.24741783989864058
1274	0.24741783989864058
1275	0.18519174602142194
1276	0.18519174602142194
1277	0.2322468233686682
1278	0.2322468233686682
1279	0.2249773870167463
1280	0.2249773870167463
1281	0.1
1282	0.1
1283	0.19031610299512
1284	0.19031610299512
1285	0.20293591449454132
1286	0.20293591449454132
1287	0.20159934564055734
1288	0.20159934564055734
1289	0.18365264356160377
1290	0.18365264356160377
1291	0.23945546632830905
1292	0.23945546632830905
1293	0.20893756968839966
1294	0.20893756968839966
1295	0.22170616019003708
1296	0.22170616019003708
1297	0.21866535304489199
1298	0.21866535304489199
1299	0.12269807054770407
1300	0.12269807054770407
1301	0.188399902710167
1302	0.188399902710167
1303	0.17090481981433103
1304	0.17090481981433103
1305	0.22014355395891377
1306	0.22014355395891377
1307	0.19178207612370207
1308	0.19178207612370207
1309	0.2688090769478685
1310	0.2688090769478685
1311	0.1567135097318929
1312	0.1567135097318929
1313	0.11507007642338589
1314	0.11507007642338589
1315	0.19398784000574812
1316	0.19398784000574812
1317	0.15843465974632825
1318	0.15843465974632825
1319	0.17016162182205385
1320	0.17016162182205385
1321	0.21961032280499404
1322	0.21961032280499404
1323	0.2550658181887522
1324	0.2550658181887522
1325	0.1942740283529231
1326	0.1942740283529231
1327	0.14042804196738945
1328	0.14042804196738945
1329	0.21514956081148445
1330	0.21514956081148445
1331	0.23440834614639514
1332	0.23440834614639514
1333	0.1761160475010911
1334	0.1761160475010911
1335	0.2810701037788993
1336	0.2810701037788993
1337	0.17416509723459753
1338	0.17416509723459753
1339	0.20239656528113817
1340	0.20239656528113817
1341	0.2306518238050807
1342	0.2306518238050807
1343	0.2850945245283034
1344	0.2850945245283034
1345	0.17706767012685015
1346	0.17706767012685015
1347	0.24874368403158448
1348	0.24874368403158448
1349	0.18550317140969674
1350	0.18550317140969674
1351	2.375445775147562
1352	2.375445775147562
1353	2.90887360332219
1354	2.90887360332219
1355	2.795721191684999
1356	2.795721191684999
1357	3.442961743674997
1358	3.442961743674997
1359	2.511293769654356
1360	2.511293769654356
1361	2.559869052408019
1362	2.559869052408019
1363	4.4991965520224255
1364	4.4991965520224255
1365	3.614295675804861
1366	3.614295675804861
1367	2.9783439372522693
1368	2.9783439372522693
1369	3.5539481624423246
1370	3.5539481624423246
1371	2.776480831447608
1372	2.776480831447608
1373	2.491569169836864
1374	2.491569169836864
1375	2.7470288820852087
1376	2.7470288820852087
1377	3.2495307492865906
1378	3.2495307492865906
1379	4.5348893628396665
1380	4.5348893628396665
1381	2.55457856581934
1382	2.55457856581934
1383	3.3510566060840516
1384	3.3510566060840516
1385	3.4045434457522337
1386	3.4045434457522337
1387	4.6143574105509995
1388	4.6143574105509995
1389	2.466852000847136
1390	2.466852000847136
1391	1.3380405416586623
1392	1.3380405416586623
1393	2.9608734091449533
1394	2.9608734091449533
1395	2.7180573279816373
1396	2.7180573279816373
1397	4.0492867422645835
1398	4.0492867422645835
1399	2.485197510752202
1400	2.485197510752202
1401	3.825751297246573
1402	3.825751297246573
1403	2.6891011672595133
1404	2.6891011672595133
1405	4.34653588648867
1406	4.34653588648867
1407	2.8175909435525983
1408	2.8175909435525983
1409	2.3758722539036112
1410	2.3758722539036112
1411	2.2546943744017116
1412	2.2546943744017116
1413	1.94219855753089
1414	1.94219855753089
1415	2.109726614595629
1416	2.109726614595629
1417	1.8087714644949817
1418	1.8087714644949817
1419	2.144088556547238
1420	2.144088556547238
1421	1.9386164743348262
1422	1.9386164743348262
1423	1.7021001315436466
1424	1.7021001315436466
1425	1.4704509140943207
1426	1.4704509140943207
1427	1.9423543226660829
1428	1.9423543226660829
1429	2.712584840403167
1430	2.712584840403167
1431	2.264162384259064
1432	2.264162384259064
1433	1.925083590210083
1434	1.925083590210083
1435	1.8904747415012642
1436	1.8904747415012642
1437	2.4146581421254742
1438	2.4146581421254742
1439	2.0964055086003164
1440	2.0964055086003164
1441	1.896182263579659
1442	1.896182263579659
1443	2.130927391980233
1444	2.130927391980233
1445	1.7031665665410725
1446	1.7031665665410725
1447	2.1121309383293885
1448	2.1121309383293885
1449	2.2776420094793477
1450	2.2776420094793477
1451	1.770299558044913
1452	1.770299558044913
1453	2.2326915566588443
1454	2.2326915566588443
1455	2.822265275773478
1456	2.822265275773478
1457	3.162182276650631
1458	3.162182276650631
1459	1.9622009198175692
1460	1.9622009198175692
1461	2.011444109417092
1462	2.011444109417092
1463	2.161202927539809
1464	2.161202927539809
1465	2.211955418271523
1466	2.211955418271523
1467	2.0182364159315815
1468	2.0182364159315815
1469	3.3390655676747465
1470	3.3390655676747465
1471	3.97304832183986
1472	3.97304832183986
1473	2.6826484814512503
1474	2.6826484814512503
1475	1.8469093984418574
1476	1.8469093984418574
1477	2.652881912097553
1478	2.652881912097553
1479	1.2108296566626173
1480	1.2108296566626173
1481	0.7687180098108126
1482	0.7687180098108126
1483	1.4324479545084097
1484	1.4324479545084097
1485	1.4486465579094794
1486	1.4486465579094794
1487	1.093646930936223
1488	1.093646930936223
1489	1.2714680969010268
1490	1.2714680969010268
1491	1.1236100627528856
1492	1.1236100627528856
1493	2.496159285333309
1494	2.496159285333309
1495	4.303611761114727
1496	4.303611761114727
1497	3.7082553901543056
1498	3.7082553901543056
1499	3.910031124185301
1500	3.910031124185301
1501	3.9594232071688453
1502	3.9594232071688453
1503	4.961334261824383
1504	4.961334261824383
1505	3.498167410893517
1506	3.498167410893517
1507	3.5408502192504145
1508	3.5408502192504145
1509	2.0674400381838547
1510	2.0674400381838547
1511	3.655708178766728
1512	3.655708178766728
1513	3.4331184525770113
1514	3.4331184525770113
1515	3.9712282118163382
1516	3.9712282118163382
1517	2.202764004252414
1518	2.202764004252414
1519	4.233700837348713
1520	4.233700837348713
1521	3.7875105871142645
1522	3.7875105871142645
1523	4.58721373034155
1524	4.58721373034155
1525	2.9650896456213363
1526	2.9650896456213363
1527	4.011389325542536
1528	4.011389325542536
1529	2.9335416762528594
1530	2.9335416762528594
1531	3.9418992585931125
1532	3.9418992585931125
1533	2.9185367284751464
1534	2.9185367284751464
1535	4.839303343542061
1536	4.839303343542061
1537	3.675328915137924
1538	3.675328915137924
1539	5.404822907918712
1540	5.404822907918712
1541	3.5249398079254393
1542	3.5249398079254393
1543	1.7392975639811805
1544	1.7392975639811805
1545	5.357985806408077
1546	5.357985806408077
1547	4.811025087970749
1548	4.811025087970749
1549	4.84604198788544
1550	4.84604198788544
1551	3.8185056664924795
1552	3.8185056664924795
1553	4.826098495597247
1554	4.826098495597247
1555	5.04505717642135
1556	5.04505717642135
1557	4.272128034424247
1558	4.272128034424247
1559	3.3377710753066805
1560	3.3377710753066805
1561	4.439716844263708
1562	4.439716844263708
1563	4.89129425814614
1564	4.89129425814614
1565	2.9536015014984134
1566	2.9536015014984134
1567	4.995815756985712
1568	4.995815756985712
1569	3.185385320666038
1570	3.185385320666038
1571	4.1799072212760855
1572	4.1799072212760855
1573	3.802622442438478
1574	3.802622442438478
1575	3.895490156157191
1576	3.895490156157191
1577	5.244786728373937
1578	5.244786728373937
1579	4.611763224143746
1580	4.611763224143746
1581	5.321363631550275
1582	5.321363631550275
1583	1.445629938649468
1584	1.445629938649468
1585	1.2380588871798295
1586	1.2380588871798295
1587	1.3344286390279105
1588	1.3344286390279105
1589	1.382643017544503
1590	1.382643017544503
1591	0.6402731300468103
1592	0.6402731300468103
1593	1.4782528397061947
1594	1.4782528397061947
1595	0.6558693279925711
1596	0.6558693279925711
1597	0.9725341805969865
1598	0.9725341805969865
1599	1.075917397208568
1600	1.075917397208568
1601	0.7921605746267899
1602	0.7921605746267899
1603	1.4745397925267085
1604	1.4745397925267085
1605	1.2335696053282648
1606	1.2335696053282648
1607	1.1577773135838467
1608	1.1577773135838467
1609	1.0691538814846937
1610	1.0691538814846937
1611	0.7887808806825434
1612	0.7887808806825434
1613	1.2010295047958606
1614	1.2010295047958606
1615	0.9359455250943925
1616	0.9359455250943925
1617	1.0932053045934675
1618	1.0932053045934675
1619	1.2875173803384528
1620	1.6531175828789002
1621	1.6531175828789002
1622	2.8832237121423203
1623	2.8832237121423203
1624	3.6617813984741705
1625	3.6617813984741705
1626	4.718082702182241
1627	4.718082702182241
1628	3.7810975221079173
1629	3.7810975221079173
1630	3.944318042143214
1631	3.944318042143214
1632	4.0649696816598775
1633	4.0649696816598775
1634	2.9912436466069843
1635	2.9912436466069843
1636	4.54963016992645
1637	4.54963016992645
1638	4.626765664519442
1639	4.626765664519442
1640	3.8004404357634542
1641	3.8004404357634542
1642	4.240341432581515
1643	4.240341432581515
1644	5.429353755052478
1645	5.429353755052478
1646	4.794080440771483
1647	4.794080440771483
1648	4.909562030381407
1649	4.909562030381407
1650	4.25418094290747
1651	4.25418094290747
1652	4.348335968438619
1653	4.348335968438619
1654	3.625321893880165
1655	3.625321893880165
1656	3.7508874648287094
1657	3.7508874648287094
1658	3.1096908285978024
1659	3.1096908285978024
1660	3.4393389229832123
1661	3.4393389229832123
1662	2.8594052789712547
1663	2.8594052789712547
1664	3.257065200821856
1665	3.257065200821856
1666	4.373330812607501
1667	4.373330812607501
1668	2.169153574600231
1669	2.169153574600231
1670	3.328432059160101
1671	3.328432059160101
1672	3.738081364848878
1673	3.738081364848878
1674	4.854805749183468
1675	4.854805749183468
1676	3.708563160421957
1677	3.708563160421957
1678	4.3003771002118425
1679	4.3003771002118425
1680	2.6667979906672588
1681	2.6667979906672588
1682	2.596733755233862
1683	2.596733755233862
1684	2.456564167544327
1685	2.456564167544327
1686	2.4621292966761588
1687	2.4621292966761588
1688	1.9204964346866036
1689	1.9204964346866036
1690	1.8143471757879013
1691	1.8143471757879013
1692	1.8862038574388151
1693	1.8862038574388151
1694	1.4643266958552452
1695	1.4643266958552452
1696	1.3138110240545124
1697	1.3138110240545124
1698	1.763372026193645
1699	1.763372026193645
1700	2.1652197531754327
1701	2.1652197531754327
1702	2.1812958622020906
1703	2.1812958622020906
1704	1.1455503291157794
1705	1.1455503291157794
1706	0.9704703730680052
1707	0.9704703730680052
1708	1.1025954202132178
1709	1.1025954202132178
1710	1.6329132265789992
1711	1.6329132265789992
1712	1.2833575003853084
1713	1.2833575003853084
1714	1.050065589418113
1715	1.050065589418113
1716	0.9420251298353175
1717	0.9420251298353175
1718	1.4036432280989746
1719	1.4036432280989746
1720	1.0662997540546122
1721	1.0662997540546122
1722	0.8458539337930728
1723	0.8458539337930728
1724	0.4076045625082795
1725	0.4076045625082795
1726	1.19231621060633
1727	1.19231621060633
1728	0.8834484443398115
1729	0.8834484443398115
1730	0.906849697758878
1731	0.906849697758878
1732	0.7875315756709054
1733	0.7875315756709054
1734	0.8994035068612647
1735	0.8994035068612647
1736	0.8727739871134008
1737	0.8727739871134008
1738	1.104281622219956
1739	1.104281622219956
1740	0.9125006184698967
1741	0.9125006184698967
1742	1.2485746560016358
1743	1.2485746560016358
1744	1.3904565409736251
1745	1.3904565409736251
1746	1.2296303875485637
1747	1.2296303875485637
1748	1.007082396119068
1749	1.007082396119068
1750	1.5254143392604194
1751	1.5254143392604194
1752	1.0858624971421345
1753	1.0858624971421345
1754	0.9716135547655393
1755	0.9716135547655393
1756	1.481163194311609
1757	1.481163194311609
1758	1.2898006702789628
1759	1.2898006702789628
1760	1.0378185445947214
1761	1.0378185445947214
1762	1.2377420773884986
1763	1.2377420773884986
1764	1.2247997155404602
1765	1.2247997155404602
1766	1.1485432325738254
1767	1.1485432325738254
1768	1.0849335686944115
1769	1.0849335686944115
1770	1.51437010867732
1771	1.51437010867732
1772	0.7024146208116536
1773	0.7024146208116536
1774	1.1916676833435516
1775	1.1916676833435516
1776	1.0981633382846199
1777	1.0981633382846199
1778	1.1905278858701123
1779	1.1905278858701123
1780	1.041229169451087
1781	1.041229169451087
1782	0.5066135020942553
1783	0.5066135020942553
1784	1.121911641670764
1785	1.121911641670764
1786	1.433380697063499
1787	1.433380697063499
1788	1.0606017694660619
1789	1.0606017694660619
1790	1.2248116062767354
1791	1.2248116062767354
1792	0.8629705170239796
1793	0.8629705170239796
1794	0.9412963420144115
1795	0.9412963420144115
1796	0.9746095530819753
1797	0.9746095530819753
1798	0.9555585657462708
1799	0.9555585657462708
1800	1.2383207378575833
1801	1.2383207378575833
1802	1.2810773100197725
1803	1.2810773100197725
1804	0.8990531060916384
1805	0.8990531060916384
1806	0.9746574400025645
1807	0.9746574400025645
1808	0.9967787190545141
1809	0.9967787190545141
1810	1.1863646022295418
1811	1.1863646022295418
1812	1.2192718371936286
1813	4.260514759884005
1814	4.260514759884005
1815	3.7562271960556117
1816	3.7562271960556117
1817	2.833289476358427
1818	2.833289476358427
1819	2.645608042527892
1820	2.645608042527892
1821	1.986574523774418
1822	1.986574523774418
1823	3.0986611420968617
1824	3.0986611420968617
1825	4.388116165772983
1826	4.388116165772983
1827	3.905897310971116
1828	3.905897310971116
1829	2.7759999282778263
1830	2.7759999282778263
1831	4.235013763690067
1832	4.235013763690067
1833	3.1565460850689466
1834	3.1565460850689466
1835	3.4392963455362993
1836	3.4392963455362993
1837	4.470585149230288
1838	4.470585149230288
1839	3.95175550674918
1840	3.95175550674918
1841	2.693869425235916
1842	2.693869425235916
1843	2.210158623401103
1844	2.210158623401103
1845	3.534323036426769
1846	3.534323036426769
1847	3.2153169419819094
1848	3.2153169419819094
1849	3.3908050920585158
1850	3.3908050920585158
1851	3.237755778538489
1852	3.237755778538489
1853	3.701606770444268
1854	3.701606770444268
1855	3.2808172934127655
1856	3.2808172934127655
1857	4.562560998990179
1858	4.562560998990179
1859	3.621548216142214
1860	3.621548216142214
1861	2.421501239463974
1862	2.421501239463974
1863	2.8025307265959096
1864	2.8025307265959096
1865	3.8285534766808085
1866	3.8285534766808085
1867	2.5935082255824207
1868	2.5935082255824207
1869	2.050130840223826
1870	2.050130840223826
1871	2.760878328530639
1872	2.760878328530639
1873	3.486164360025505
1874	3.486164360025505
1875	3.244880736302533
1876	3.244880736302533
1877	3.2228555837566697
1878	3.2228555837566697
1879	2.7592068850790277
1880	2.7592068850790277
1881	4.125300604742985
1882	4.125300604742985
1883	2.4117272281555238
1884	2.4117272281555238
1885	3.5914631420596197
1886	3.5914631420596197
1887	3.116347305661084
1888	3.116347305661084
1889	3.6092891317786044
1890	3.6092891317786044
1891	3.5801771351991496
1892	0.7714444300367033
1893	0.7714444300367033
1894	0.6655654709297151
1895	0.6655654709297151
1896	0.3999128268223229
1897	0.3999128268223229
1898	0.6553226065723856
1899	0.6553226065723856
1900	0.8486065571951898
1901	0.8486065571951898
1902	0.5013242003259482
1903	0.5013242003259482
1904	0.7746086909307848
1905	0.7746086909307848
1906	0.7285245568714532
1907	0.7285245568714532
1908	0.8612976356976126
1909	0.8612976356976126
1910	0.7410533061844163
1911	0.7410533061844163
1912	0.5906972706690214
1913	0.5906972706690214
1914	0.6582556366063463
1915	0.6582556366063463
1916	0.5295766529512014
1917	0.5295766529512014
1918	0.4081845750190056
1919	0.4081845750190056
1920	0.6004755784713423
1921	0.6004755784713423
1922	0.8237175831435837
1923	0.8237175831435837
1924	0.6828328558320301
1925	0.6828328558320301
1926	0.7102467363071937
1927	0.7102467363071937
1928	0.4912450689977147
1929	0.4912450689977147
1930	0.43255020411029754
1931	0.43255020411029754
1932	0.5913841462717284
1933	0.5913841462717284
1934	0.7607850602463937
1935	0.7607850602463937
1936	0.6254055532911797
1937	0.6254055532911797
1938	0.9701593464681941
1939	0.9701593464681941
1940	0.5908907195176811
1941	0.5908907195176811
1942	0.5859279193841502
1943	0.5859279193841502
1944	0.6454298305425338
1945	0.6454298305425338
1946	0.7335277222924298
1947	0.7335277222924298
1948	0.8069324596845685
1949	0.8069324596845685
1950	0.595597301591674
1951	0.595597301591674
1952	0.4219561841621344
1953	0.4219561841621344
1954	0.7374929453409969
1955	0.7374929453409969
1956	0.5833501937427822
1957	0.5833501937427822
1958	0.6832601965800863
1959	0.6832601965800863
1960	0.7786058814307266
1961	0.7786058814307266
1962	0.7995085492951288
1963	0.7995085492951288
1964	0.8281581086263418
1965	0.8281581086263418
1966	0.750988733917846
1967	0.750988733917846
1968	0.6293572699270706
1969	0.6293572699270706
1970	0.5367908794186053
1971	0.5367908794186053
1972	0.5710804943120334
1973	0.5710804943120334
1974	0.7492325109540706
1975	0.7492325109540706
1976	0.35795488302610384
1977	0.35795488302610384
1978	0.6668422254581802
1979	0.6668422254581802
1980	0.674472594905087
1981	0.674472594905087
1982	0.36320523179130615
1983	0.36320523179130615
1984	0.6947221392719121
1985	0.6947221392719121
1986	0.6645907166857379
1987	0.6645907166857379
1988	0.4768558815257432
1989	0.4768558815257432
1990	0.6673099744100349
1991	0.6673099744100349
1992	0.694162487836002
1993	0.694162487836002
1994	0.588714186856673
1995	0.588714186856673
1996	0.5174865961040818
1997	0.5174865961040818
1998	0.6642299794427832
1999	0.6642299794427832
