0	2.016433930949109
1	2.016433930949109
2	1.2685167144737033
3	1.2685167144737033
4	1.7771242116849042
5	1.7771242116849042
6	2.4664551629178373
7	2.4664551629178373
8	1.9017519177717883
9	1.9017519177717883
10	2.7359025081111237
11	2.7359025081111237
12	1.9711983857261108
13	1.9711983857261108
14	2.2294899816756177
15	2.2294899816756177
16	1.9481379150190918
17	1.9481379150190918
18	2.6593498579137944
19	2.6593498579137944
20	1.9298346422794714
21	1.9298346422794714
22	1.3694791369687684
23	1.3694791369687684
24	2.0971510659869614
25	0.19100820112287734
26	0.19100820112287734
27	0.28987885076076086
28	1.4426517687208587
29	1.4426517687208587
30	1.0891633814128618
31	1.0891633814128618
32	1.1018083536053478
33	1.1018083536053478
34	0.8662250485563991
35	0.8662250485563991
36	1.1689681609149667
37	1.1689681609149667
38	1.0370433911304133
39	1.0370433911304133
40	1.3557200615775917
41	1.3557200615775917
42	1.1807166398080264
43	1.1807166398080264
44	0.9950488713665913
45	0.9950488713665913
46	0.603172137489656
47	0.603172137489656
48	1.1430162218389144
49	1.1430162218389144
50	0.8488801473170173
51	0.8488801473170173
52	0.9653135085556179
53	0.9653135085556179
54	1.200261860078408
55	1.200261860078408
56	1.1544074563330216
57	1.1544074563330216
58	1.4297155768377163
59	1.4297155768377163
60	1.0702809546688619
61	1.0702809546688619
62	1.1626042088438713
63	1.1626042088438713
64	1.0276355874158272
65	1.0276355874158272
66	1.1417461930172732
67	1.1417461930172732
68	1.185946999780145
69	1.185946999780145
70	1.0435878610152831
71	1.0435878610152831
72	1.149747527613546
73	1.149747527613546
74	1.1070631111390599
75	0.19113590563490515
76	0.19113590563490515
77	0.10569487882607019
78	0.10569487882607019
79	2.867313884659558
80	2.867313884659558
81	2.109486608870311
82	2.109486608870311
83	1.5843565983240835
84	1.5843565983240835
85	2.6019551176926883
86	2.6019551176926883
87	2.0586097114145647
88	2.0586097114145647
89	2.867228630175491
90	2.867228630175491
91	3.437895575974098
92	3.437895575974098
93	3.9315227059957745
94	3.9315227059957745
95	3.27923249239501
96	3.27923249239501
97	3.098126868354125
98	3.098126868354125
99	2.253672978053542
100	2.253672978053542
101	4.151315059494727
102	4.151315059494727
103	3.242426709228233
104	3.242426709228233
105	4.011293395451387
106	4.011293395451387
107	3.5032804534422097
108	3.5032804534422097
109	2.8916459342322183
110	2.8916459342322183
111	3.120138689043379
112	2.428221081663697
113	2.428221081663697
114	1.4511562882577094
115	1.4511562882577094
116	2.2117060036275746
117	2.2117060036275746
118	1.9765177019901539
119	1.9765177019901539
120	1.735230497694943
121	1.735230497694943
122	1.8178990214373776
123	1.8178990214373776
124	2.1762242963599334
125	2.1762242963599334
126	1.8756387184117982
127	1.8756387184117982
128	1.281246323509185
129	1.281246323509185
130	0.9319442793937478
131	0.9319442793937478
132	1.0105442126277
133	1.0105442126277
134	0.9753899144331852
135	0.9753899144331852
136	1.338011124303264
137	1.338011124303264
138	1.1554485653149642
139	1.1554485653149642
140	1.0606076994059486
141	1.0606076994059486
142	1.131687534193329
143	1.131687534193329
144	1.365265883714081
145	1.365265883714081
146	0.585868340266472
147	0.585868340266472
148	0.7413496196567034
149	0.7413496196567034
150	4.388771223181263
151	4.388771223181263
152	1.2602031553786173
153	1.2602031553786173
154	0.8710859550788254
155	0.8710859550788254
156	2.288328928160837
157	2.288328928160837
158	3.500064042057936
159	3.500064042057936
160	2.757288922268295
161	2.757288922268295
162	2.3263525333791524
163	2.3263525333791524
164	1.7203274207277104
165	1.7203274207277104
166	2.9601192470468813
167	2.9601192470468813
168	2.2057044509268966
169	2.2057044509268966
170	2.5473113306568282
171	2.5473113306568282
172	2.4165321889549087
173	2.4165321889549087
174	2.153382017894494
175	2.153382017894494
176	3.1313186549348835
177	3.1313186549348835
178	2.412045210755422
179	2.412045210755422
180	2.5540174947112635
181	2.5540174947112635
182	2.6447281697435847
183	2.6447281697435847
184	2.683060315154594
185	2.683060315154594
186	1.9146893699664005
187	1.9146893699664005
188	2.2733873386518844
189	2.2733873386518844
190	2.5629988496634937
191	4.214467847638577
192	4.214467847638577
193	3.9171745673828116
194	3.9171745673828116
195	3.393806379058494
196	3.393806379058494
197	3.931310299959403
198	3.931310299959403
199	4.119376795955455
200	4.119376795955455
201	4.329945097350489
202	4.329945097350489
203	4.470263246745816
204	4.470263246745816
205	4.044903625378781
206	4.044903625378781
207	3.720584586078329
208	3.720584586078329
209	4.743306278991763
210	4.743306278991763
211	3.389173303218553
212	3.389173303218553
213	4.920630220783581
214	4.920630220783581
215	4.791303093343949
216	4.791303093343949
217	4.374571032053997
218	4.374571032053997
219	4.317450174596959
220	4.317450174596959
221	4.085262399244102
222	4.085262399244102
223	3.5973554389134748
224	3.5973554389134748
225	3.330688753403195
226	3.330688753403195
227	3.936057401815638
228	3.936057401815638
229	3.0521000769164512
230	3.0521000769164512
231	3.328439882448249
232	3.328439882448249
233	4.004127980106294
234	4.004127980106294
235	2.963703971551222
236	0.9392225320576979
237	0.9392225320576979
238	0.8165149352410712
239	0.8165149352410712
240	1.0974178760345665
241	1.0974178760345665
242	1.280390956940885
243	1.280390956940885
244	1.22684985465058
245	1.22684985465058
246	1.1904711802643735
247	1.1904711802643735
248	1.1980171675635407
249	2.6702751776416926
250	2.6702751776416926
251	1.609330995799667
252	1.609330995799667
253	1.5056685389214635
254	1.5056685389214635
255	2.4758854642555725
256	3.4136482610138548
257	3.4136482610138548
258	3.0211160283914755
259	3.0211160283914755
260	3.3483848384654644
261	3.3483848384654644
262	4.110216288506559
263	4.110216288506559
264	3.6368358341253093
265	1.3831149297663736
266	1.3831149297663736
267	1.7836233958655487
268	1.7836233958655487
269	1.3279636912256862
270	1.3279636912256862
271	1.243360002732211
272	1.243360002732211
273	1.6776870918515718
274	1.6776870918515718
275	1.8583095729143522
276	1.8583095729143522
277	1.8868729553997348
278	1.8868729553997348
279	3.194681410200998
280	3.194681410200998
281	3.9987611377078687
282	3.9987611377078687
283	3.84148087727113
284	3.84148087727113
285	3.107890865099823
286	3.107890865099823
287	3.411553327927637
288	3.411553327927637
289	4.444844443721029
290	4.444844443721029
291	3.231089391949108
292	3.231089391949108
293	3.24136314889018
294	3.24136314889018
295	3.504945124670066
296	3.504945124670066
297	3.1732736992000623
298	3.1732736992000623
299	4.683195713156591
300	4.683195713156591
301	3.5922773222233126
302	3.5922773222233126
303	3.658965665288789
304	0.6863720256844928
305	0.6863720256844928
306	0.78712981582602
307	0.78712981582602
308	0.5579243406200568
309	0.5579243406200568
310	0.728284306256404
311	0.728284306256404
312	0.7546658345357292
313	0.7546658345357292
314	0.5361870640675248
315	0.5361870640675248
316	0.5827651621787746
317	0.5827651621787746
318	0.7578982606471718
319	0.7578982606471718
320	0.5292429370170622
321	0.5292429370170622
322	0.5380883865562374
323	0.5380883865562374
324	0.7006772033000712
325	0.7006772033000712
326	2.0974517726456288
327	2.0974517726456288
328	1.973529814443291
329	3.552060222991587
330	3.552060222991587
331	2.8181209346965486
332	2.8181209346965486
333	3.4149724928777974
334	3.4149724928777974
335	3.022894460336322
336	3.022894460336322
337	2.003873384593954
338	2.003873384593954
339	3.1706054533240766
340	3.1706054533240766
341	3.4035603857681904
342	3.4035603857681904
343	2.66373415135389
344	2.66373415135389
345	3.4466452213430037
346	1.3956025774321588
347	1.3956025774321588
348	1.2889712631477797
349	1.2889712631477797
350	1.0221031430321441
351	1.0221031430321441
352	1.2899965057181018
353	1.2899965057181018
354	1.2566773747482258
355	1.2566773747482258
356	1.328865632606726
357	1.328865632606726
358	1.265459299914933
359	1.265459299914933
360	1.008661318755729
361	1.008661318755729
362	3.3828211821259835
363	3.3828211821259835
364	3.488029323869349
365	0.6650169206473369
366	0.6650169206473369
367	0.5352006498275983
368	0.5352006498275983
369	0.5525326653864691
370	3.444860744209382
371	3.444860744209382
372	2.5881993046046157
373	1.577926853253389
374	1.577926853253389
375	1.8507102343077542
376	1.8507102343077542
377	2.5157408753068435
378	2.5157408753068435
379	2.530382998974696
380	2.530382998974696
381	1.8481667162733662
382	1.8481667162733662
383	1.7935429709473412
384	1.7935429709473412
385	1.6781886853988874
386	1.6781886853988874
387	2.3750578722739695
388	2.3750578722739695
389	1.7404883337168422
390	1.7404883337168422
391	2.307844276687349
392	2.307844276687349
393	1.7753291317876234
394	1.7753291317876234
395	1.5849231333522094
396	1.5849231333522094
397	1.915678693393847
398	3.7735544827394185
399	3.7735544827394185
400	2.467142024704223
401	2.467142024704223
402	3.555451653049641
403	3.555451653049641
404	2.8210685844242573
405	2.8210685844242573
406	2.628948657043802
407	2.628948657043802
408	2.0538248200913953
409	2.0538248200913953
410	1.8200604702927772
411	1.8200604702927772
412	1.4371364994754119
413	1.4371364994754119
414	2.4144629450954733
415	2.4144629450954733
416	2.347030218378412
417	2.347030218378412
418	2.299907734115502
419	2.299907734115502
420	2.2214892415868377
421	2.2214892415868377
422	1.8915652833992769
423	1.8915652833992769
424	1.0000812542253488
425	1.0000812542253488
426	1.1202125105711045
427	1.1202125105711045
428	1.0766736688811813
429	1.0766736688811813
430	1.190899346557488
431	1.190899346557488
432	0.8024805755670632
433	0.8024805755670632
434	0.811847950755954
435	0.22280408265628807
436	0.22280408265628807
437	0.1886103821890337
438	0.1886103821890337
439	0.18558785256745078
440	0.18558785256745078
441	0.1629106414641958
442	0.1629106414641958
443	0.19663673154080966
444	0.19663673154080966
445	0.1702186002621071
446	0.1702186002621071
447	0.20481854764521268
448	0.20481854764521268
449	0.2991769117720503
450	0.2991769117720503
451	0.23172476728555647
452	0.23172476728555647
453	0.17363304673170987
454	0.17363304673170987
455	0.22742811311597233
456	0.46367818718224707
457	0.46367818718224707
458	0.5997622404057805
459	0.5997622404057805
460	0.5608865067610453
461	0.5608865067610453
462	0.8249338319422554
463	0.8249338319422554
464	0.647284931072212
465	0.647284931072212
466	0.646215139321394
467	0.646215139321394
468	0.7309723679178912
469	0.7309723679178912
470	3.9567829436533586
471	3.9567829436533586
472	4.278223640721418
473	4.278223640721418
474	3.6311212823762227
475	3.6311212823762227
476	4.051514033049135
477	4.051514033049135
478	2.2531815184810813
479	2.2531815184810813
480	2.215528955642902
481	2.215528955642902
482	2.9251512884381583
483	2.9251512884381583
484	2.208154158355643
485	2.208154158355643
486	3.9746378321567803
487	3.9746378321567803
488	3.5814488704052656
489	3.5814488704052656
490	2.157233793185648
491	2.839834690736068
492	2.839834690736068
493	3.854932147060471
494	3.854932147060471
495	3.082420612526336
496	1.5183413656286402
497	1.5183413656286402
498	1.4746930862611616
499	1.4746930862611616
500	1.8524780577127697
501	2.5468156212834065
502	2.5468156212834065
503	1.8430438761538839
504	1.8430438761538839
505	2.888157509572225
506	2.888157509572225
507	2.6396900283384808
508	2.6396900283384808
509	2.2600994270599277
510	2.2600994270599277
511	2.0096658584114766
512	2.0096658584114766
513	2.3433379656693454
514	2.3433379656693454
515	2.742243845726631
516	2.742243845726631
517	1.9514034126337167
518	1.9514034126337167
519	2.6475394797834784
520	2.6475394797834784
521	2.1496487375073503
522	2.1496487375073503
523	2.7858539628464425
524	2.7858539628464425
525	4.157476098796896
526	1.013749929948173
527	1.013749929948173
528	1.370133735381399
529	3.1579690220580106
530	3.1579690220580106
531	1.8597831561417624
532	1.8597831561417624
533	1.4855814026946605
534	1.4855814026946605
535	2.080323441681849
536	2.080323441681849
537	1.5574894609698926
538	1.5574894609698926
539	1.733725857298686
540	1.733725857298686
541	1.19098619070131
542	1.19098619070131
543	2.0302947028540577
544	2.0302947028540577
545	2.3248547220599116
546	2.3248547220599116
547	3.370100900613336
548	3.370100900613336
549	3.272772003410852
550	3.272772003410852
551	3.061789242488736
552	3.061789242488736
553	2.492421466041006
554	2.492421466041006
555	2.4655187653079316
556	2.4655187653079316
557	1.101014466944225
558	1.101014466944225
559	0.9254344737273346
560	0.9254344737273346
561	3.9750601628800943
562	3.9750601628800943
563	2.7569175001217587
564	2.7569175001217587
565	2.3274516842264834
566	2.3274516842264834
567	2.939677089768738
568	2.939677089768738
569	3.3121482848019004
570	3.3121482848019004
571	3.8876458405427545
572	3.8876458405427545
573	2.391486815932042
574	2.391486815932042
575	1.8078941173810414
576	1.8078941173810414
577	3.2744196696885686
578	3.2744196696885686
579	2.889121547531496
580	2.889121547531496
581	3.167682283288969
582	3.167682283288969
583	2.9102879185767963
584	2.9102879185767963
585	2.061971754396168
586	1.1596374678813117
587	1.1596374678813117
588	0.6493091944748277
589	0.6493091944748277
590	1.0950799002883715
591	3.8618627167223454
592	3.8618627167223454
593	2.890351252481443
594	5.096716394329166
595	5.096716394329166
596	4.807652554635858
597	4.807652554635858
598	2.3650501811133227
599	2.3650501811133227
600	3.0247493051246357
601	3.0247493051246357
602	3.1272169607289353
603	3.1272169607289353
604	4.290117120353048
605	4.290117120353048
606	3.266012120207253
607	3.266012120207253
608	4.626858667675846
609	4.626858667675846
610	4.03450384268702
611	4.03450384268702
612	4.220340024043149
613	4.220340024043149
614	3.476271677519897
615	3.476271677519897
616	3.788447246935821
617	3.788447246935821
618	5.531618507203641
619	5.531618507203641
620	4.357709086414788
621	4.357709086414788
622	1.9552638596035457
623	1.9552638596035457
624	2.15654505663065
625	2.15654505663065
626	1.88707702917962
627	1.88707702917962
628	2.5755562944848354
629	2.5755562944848354
630	2.496704266350857
631	2.496704266350857
632	3.9598948415197412
633	3.9598948415197412
634	4.261555021054703
635	4.261555021054703
636	3.2250072542143413
637	3.2250072542143413
638	3.57283965729683
639	3.57283965729683
640	1.292134920297814
641	1.292134920297814
642	1.2345341057361607
643	1.2345341057361607
644	0.9085675600674479
645	0.9085675600674479
646	0.8723018965727624
647	0.8723018965727624
648	1.3314274740567935
649	1.3314274740567935
650	0.9721258727613199
651	0.9721258727613199
652	2.6711565151310266
653	3.501692233971957
654	3.501692233971957
655	3.318179783722907
656	3.318179783722907
657	4.224476447457494
658	3.2943790274995015
659	3.2943790274995015
660	3.981584663204363
661	3.981584663204363
662	2.5461387808092115
663	2.5461387808092115
664	3.1770145971953734
665	3.1770145971953734
666	2.4011053844894428
667	2.4011053844894428
668	2.4367352717991864
669	2.4367352717991864
670	2.8108688378748874
671	2.8108688378748874
672	2.1015399321017663
673	2.1015399321017663
674	2.9728010299111434
675	1.1770134764377924
676	1.1770134764377924
677	1.086216378159053
678	1.086216378159053
679	0.8179987444983141
680	0.8179987444983141
681	1.0358910229688736
682	1.0358910229688736
683	3.2205782184622302
684	3.2205782184622302
685	3.3674908028579447
686	3.3674908028579447
687	2.2778414007525845
688	2.2778414007525845
689	3.097391843307776
690	3.097391843307776
691	2.7454368839316907
692	2.7454368839316907
693	3.2218382812386688
694	3.2218382812386688
695	2.3422980584261226
696	2.3422980584261226
697	3.009609086020349
698	3.009609086020349
699	2.691362476452316
700	4.912701067618739
701	4.912701067618739
702	4.233224247962929
703	4.233224247962929
704	3.8952589212422652
705	3.8952589212422652
706	3.9988657377857786
707	3.9988657377857786
708	4.020945323410691
709	4.020945323410691
710	4.176490639983171
711	2.1044961694265423
712	2.1044961694265423
713	2.780615581143006
714	2.780615581143006
715	2.2496864618540213
716	2.2496864618540213
717	2.5900131011554324
718	2.5900131011554324
719	2.961044948710719
720	2.961044948710719
721	2.5956581117495143
722	2.5956581117495143
723	1.757818944699772
724	1.757818944699772
725	3.20976175276154
726	3.20976175276154
727	2.7590098648630037
728	2.7590098648630037
729	2.4115971241697194
730	2.4115971241697194
731	1.79430143792758
732	1.79430143792758
733	3.1499239040950577
734	3.1499239040950577
735	1.8656069983620522
736	1.8656069983620522
737	2.158471353707929
738	2.158471353707929
739	2.1534306783596353
740	2.1534306783596353
741	1.9132910916812556
742	1.9132910916812556
743	1.742514939734165
744	1.742514939734165
745	2.9471511556049226
746	2.9471511556049226
747	1.9679532785534253
748	1.9679532785534253
749	2.911233642442263
750	2.911233642442263
751	1.4072795950727672
752	1.4072795950727672
753	0.9128175384250603
754	0.9128175384250603
755	0.7142759694561127
756	0.7142759694561127
757	0.8889996922858712
758	0.8889996922858712
759	0.8874906986432693
760	0.8874906986432693
761	0.9904308207393774
762	0.9904308207393774
763	0.9999600598838714
764	0.9999600598838714
765	3.427457868637852
766	3.427457868637852
767	3.902544297236783
768	3.902544297236783
769	4.442421656110162
770	4.442421656110162
771	2.7008557115049543
772	2.7008557115049543
773	2.9886291364372393
774	2.9886291364372393
775	2.4708352961094477
776	2.4708352961094477
777	3.370770462191295
778	3.370770462191295
779	3.461103137030742
780	3.461103137030742
781	2.061471153850991
782	2.061471153850991
783	2.052472338915984
784	2.052472338915984
785	2.6838371111992214
786	2.6838371111992214
787	1.4843389212173226
788	1.4843389212173226
789	2.3287638227669225
790	2.3287638227669225
791	1.872299851471782
792	0.5124260447836991
793	0.5124260447836991
794	0.8349620788637041
795	0.8349620788637041
796	0.7204349333407383
797	0.7204349333407383
798	0.853229637175022
799	1.8320180504572088
800	1.8320180504572088
801	1.4855845517808681
802	1.4855845517808681
803	1.7453807451594603
804	1.7453807451594603
805	1.7196573466434304
806	1.7196573466434304
807	1.3921340793632884
808	1.3921340793632884
809	1.620937824958913
810	1.620937824958913
811	1.5554773178944998
812	1.5554773178944998
813	1.4288642883701583
814	3.4804783269053194
815	3.4804783269053194
816	3.31747033150255
817	3.31747033150255
818	0.8885925489828879
819	0.8885925489828879
820	1.2359654604368098
821	1.2359654604368098
822	1.331044701833053
823	1.331044701833053
824	1.1702766057600018
825	1.1702766057600018
826	1.0761613430437904
827	1.0761613430437904
828	1.0111402022562006
829	1.0111402022562006
830	1.2625978361788448
831	1.2625978361788448
832	1.2290847920211136
833	1.2290847920211136
834	0.8018884746903231
835	0.8018884746903231
836	1.254016126325856
837	1.254016126325856
838	1.0273463425173546
839	1.0273463425173546
840	0.8816197501449423
841	0.8816197501449423
842	1.185008223407246
843	1.185008223407246
844	1.1761525385944391
845	1.1761525385944391
846	1.161620558335742
847	1.161620558335742
848	1.3439959417220935
849	1.3439959417220935
850	1.046420583424334
851	1.046420583424334
852	1.2122270971183213
853	1.2122270971183213
854	1.4308103250353215
855	1.4308103250353215
856	1.3806647720913667
857	1.3806647720913667
858	0.9936448655749504
859	0.9936448655749504
860	0.6780862337062367
861	0.6780862337062367
862	0.8804993659639518
863	0.8804993659639518
864	0.9205576691778969
865	0.9205576691778969
866	1.3915133024686255
867	1.3915133024686255
868	1.2575231149425126
869	1.2575231149425126
870	1.3153357298826722
871	1.3153357298826722
872	1.2277776876512614
873	1.2277776876512614
874	0.9110518656584046
875	0.9110518656584046
876	1.062138014761335
877	1.062138014761335
878	1.0472122958727672
879	1.0472122958727672
880	0.970937463615843
881	0.970937463615843
882	1.1026879651997143
883	1.1026879651997143
884	1.3894865787542965
885	0.17671403896252744
886	0.17671403896252744
887	0.1475844494121453
888	0.1475844494121453
889	0.23290790452673824
890	0.23290790452673824
891	0.21646323158515568
892	0.21646323158515568
893	0.21872467142220395
894	0.21872467142220395
895	0.23256366206939164
896	0.23256366206939164
897	0.2269661927658832
898	2.5375953111716774
899	2.5375953111716774
900	2.9083787735081366
901	2.9083787735081366
902	2.9306764981951794
903	0.9398997365079061
904	0.9398997365079061
905	0.8529110066065934
906	0.8529110066065934
907	1.3617176231414867
908	1.3617176231414867
909	3.430023689488519
910	3.430023689488519
911	3.5736409314088027
912	3.5736409314088027
913	3.914516610932296
914	3.914516610932296
915	4.186158169660186
916	3.587388444371708
917	3.587388444371708
918	0.6748517102904805
919	0.6748517102904805
920	1.275857734938729
921	1.275857734938729
922	1.5279389222224393
923	1.5279389222224393
924	1.026889615688498
925	1.026889615688498
926	0.8434522766162759
927	0.8434522766162759
928	1.4249537613657095
929	1.4249537613657095
930	1.3794240651156575
931	1.3794240651156575
932	1.1292686544307913
933	1.1292686544307913
934	1.1190977414258276
935	1.1190977414258276
936	1.2460478623357871
937	1.2460478623357871
938	1.2569081684652905
939	1.2569081684652905
940	1.1263186392233544
941	1.1263186392233544
942	1.1193734529356163
943	0.20658164850571847
944	0.20658164850571847
945	0.2046112537650827
946	0.2046112537650827
947	0.2378111352227822
948	0.2378111352227822
949	0.20973116933211733
950	0.20973116933211733
951	0.18295355574584254
952	0.18295355574584254
953	0.19507958592231522
954	0.19507958592231522
955	0.2771103899920135
956	0.2771103899920135
957	0.25133690202802433
958	0.25133690202802433
959	0.16400168747458171
960	0.16400168747458171
961	0.20379569068842487
962	0.20379569068842487
963	0.18750486781966774
964	0.18750486781966774
965	1.0471897570415107
966	1.0471897570415107
967	0.8491819196118925
968	0.17503974173019682
969	0.17503974173019682
970	0.168298390175355
971	0.168298390175355
972	0.23174439773438135
973	0.23174439773438135
974	0.16357118417082725
975	0.16357118417082725
976	0.9568763668067122
977	0.9568763668067122
978	0.8621502319302707
979	0.8621502319302707
980	1.3810845491279924
981	0.6452315311860441
982	0.6452315311860441
983	0.5031841997684432
984	0.5031841997684432
985	0.633608169790094
986	0.633608169790094
987	0.7082554436002758
988	0.7082554436002758
989	0.6323392428778143
990	0.6323392428778143
991	0.4497357054815693
992	0.4497357054815693
993	0.7237971876720813
994	0.7237971876720813
995	0.5077764172343455
996	0.5077764172343455
997	0.7977962490095867
998	0.7977962490095867
999	0.7178372806491427
1000	0.7178372806491427
1001	3.4584476119334626
1002	3.4584476119334626
1003	3.6663344603091725
1004	3.6663344603091725
1005	3.7084771135244825
1006	3.7084771135244825
1007	3.8811419772951066
1008	3.8811419772951066
1009	3.8554860423430872
1010	3.8554860423430872
1011	3.483809363811754
1012	3.483809363811754
1013	2.9738670717480353
1014	2.9738670717480353
1015	3.493346849257064
1016	3.493346849257064
1017	2.5625844163137903
1018	2.5625844163137903
1019	3.6418489124854867
1020	3.6418489124854867
1021	2.1398010482744683
1022	2.1398010482744683
1023	3.7311619838592076
1024	3.7311619838592076
1025	3.2471586574221813
1026	3.2471586574221813
1027	3.3593378484806466
1028	3.3593378484806466
1029	3.5607168393921818
1030	3.5607168393921818
1031	2.6204399192280627
1032	2.6204399192280627
1033	1.8074589582190201
1034	1.8074589582190201
1035	2.2697720363908864
1036	2.2697720363908864
1037	2.56403240244147
1038	2.56403240244147
1039	3.2818951389609
1040	3.2818951389609
1041	2.648163317140334
1042	2.648163317140334
1043	2.50136457562793
1044	2.50136457562793
1045	2.359603733939823
1046	2.359603733939823
1047	2.8922461168838924
1048	2.8922461168838924
1049	1.994904341413721
1050	1.994904341413721
1051	2.1626815274837954
1052	2.1626815274837954
1053	2.5655016797489583
1054	2.5655016797489583
1055	2.4654358139501533
1056	2.4654358139501533
1057	2.172123940573464
1058	1.8002081805143721
1059	1.8002081805143721
1060	0.9918422578993797
1061	0.9918422578993797
1062	2.499422578935921
1063	2.499422578935921
1064	2.1785366350504116
1065	2.1785366350504116
1066	1.8668366975612032
1067	1.8668366975612032
1068	2.1969268635468606
1069	2.1969268635468606
1070	2.132262468193762
1071	2.132262468193762
1072	1.7423036435312202
1073	1.7423036435312202
1074	1.7131754608674452
1075	1.7131754608674452
1076	2.2554913607408906
1077	2.2554913607408906
1078	1.8392763947154114
1079	1.8392763947154114
1080	2.0194052653659598
1081	2.0194052653659598
1082	1.7453885466979036
1083	1.7453885466979036
1084	2.072100580894432
1085	2.072100580894432
1086	2.518618113095853
1087	2.518618113095853
1088	2.050460308722458
1089	2.050460308722458
1090	2.036438539146547
1091	2.036438539146547
1092	1.8528844150278772
1093	1.8528844150278772
1094	2.44991753294597
1095	2.44991753294597
1096	2.2223346751105586
1097	2.2223346751105586
1098	1.8935496400247096
1099	1.8935496400247096
1100	2.465702702235607
1101	2.465702702235607
1102	2.201022605467544
1103	2.201022605467544
1104	2.0665336794195612
1105	2.0665336794195612
1106	0.6723794354929202
1107	0.6723794354929202
1108	0.7135536593505217
1109	0.7135536593505217
1110	2.5298095323149203
1111	2.5298095323149203
1112	2.5955141398677686
1113	2.5955141398677686
1114	1.9808813363593767
1115	1.9808813363593767
1116	2.062131888747995
1117	2.062131888747995
1118	1.8087806363365946
1119	1.8087806363365946
1120	2.929565949737934
1121	2.929565949737934
1122	2.658185497524659
1123	2.658185497524659
1124	2.9587914683985237
1125	2.9587914683985237
1126	2.0611781609157753
1127	2.0611781609157753
1128	2.4977102957053803
1129	2.4977102957053803
1130	2.309210105575375
1131	2.309210105575375
1132	3.28260885387253
1133	3.28260885387253
1134	3.0741594142789057
1135	3.0741594142789057
1136	3.207918498251706
1137	3.207918498251706
1138	2.2773277345266507
1139	2.2773277345266507
1140	2.843625694925715
1141	2.843625694925715
1142	2.4684948111778935
1143	2.4684948111778935
1144	2.4535074032772575
1145	1.9724398539590438
1146	1.9724398539590438
1147	1.0571083063821276
1148	1.0571083063821276
1149	0.9032258711200375
1150	0.9032258711200375
1151	1.3435842183563325
1152	1.3435842183563325
1153	1.5110251699826978
1154	1.5110251699826978
1155	1.6590886773664477
1156	1.6590886773664477
1157	1.849986604392364
1158	1.849986604392364
1159	1.5575909087785487
1160	1.5575909087785487
1161	1.6009103250224697
1162	1.6009103250224697
1163	2.890206683628465
1164	2.890206683628465
1165	4.5112061699768295
1166	4.5112061699768295
1167	3.5551590221299953
1168	3.5551590221299953
1169	4.248204119788158
1170	4.248204119788158
1171	3.940554617795783
1172	3.2273690972113984
1173	0.7466952665681714
1174	0.7466952665681714
1175	0.7258018647051261
1176	0.7258018647051261
1177	0.7632722008008047
1178	0.7632722008008047
1179	0.6558214156259178
1180	0.6558214156259178
1181	0.583255854847185
1182	0.583255854847185
1183	0.5158351006883526
1184	0.5158351006883526
1185	0.8590808020645846
1186	0.8590808020645846
1187	0.8468023089455563
1188	0.8468023089455563
1189	0.6147468202795354
1190	0.6147468202795354
1191	0.5690475595795871
1192	0.5690475595795871
1193	0.6420867955681138
1194	0.6420867955681138
1195	0.5483234974961927
1196	0.5483234974961927
1197	0.7443805423829418
1198	0.7443805423829418
1199	0.6609215209014861
1200	0.6609215209014861
1201	0.6589440887273648
1202	0.6589440887273648
1203	0.7754370945244107
1204	0.7754370945244107
1205	0.5745101957497253
1206	0.5745101957497253
1207	0.5364947483716518
1208	0.5364947483716518
1209	0.6876186385374707
1210	0.6876186385374707
1211	0.6045839596409406
1212	0.6045839596409406
1213	0.5416954335213043
1214	0.5416954335213043
1215	0.7884670217689418
1216	0.7884670217689418
1217	0.3889251053729915
1218	0.3889251053729915
1219	0.6690627525519839
1220	0.6690627525519839
1221	0.6509004792307829
1222	0.6509004792307829
1223	0.5241876127893519
1224	0.5241876127893519
1225	0.48282254424109505
1226	0.48282254424109505
1227	0.7345975173360989
1228	0.7345975173360989
1229	0.6333761685878948
1230	0.6333761685878948
1231	0.8360283563572339
1232	0.8360283563572339
1233	2.866995567820376
1234	2.866995567820376
1235	3.280778058122909
1236	3.280778058122909
1237	3.2012002843794995
1238	3.2012002843794995
1239	3.611517715551243
1240	3.611517715551243
1241	3.1463047070658203
1242	3.1463047070658203
1243	2.883683100782005
1244	2.883683100782005
1245	3.8920626938775627
1246	3.8920626938775627
1247	3.2018785726508643
1248	3.2018785726508643
1249	3.4064731635497405
1250	3.4064731635497405
1251	3.3328664526530196
1252	3.3328664526530196
1253	5.2598840013600165
1254	5.2598840013600165
1255	2.931234052120364
1256	2.931234052120364
1257	2.9795477659792016
1258	2.9795477659792016
1259	2.862475732037651
1260	2.862475732037651
1261	2.640731196172227
1262	2.640731196172227
1263	2.50754077815693
1264	2.50754077815693
1265	3.3048178627251845
1266	3.3048178627251845
1267	3.9749792857021773
1268	3.9749792857021773
1269	2.853560876231048
1270	2.853560876231048
1271	2.732845482319014
1272	2.732845482319014
1273	2.958470357938508
1274	2.958470357938508
1275	2.2144964620707372
1276	2.2144964620707372
1277	2.4352030069829826
1278	2.4352030069829826
1279	2.5495328566004085
1280	0.7612933996060555
1281	0.7612933996060555
1282	0.5818643789894984
1283	0.5818643789894984
1284	0.5783683926220098
1285	0.5783683926220098
1286	0.6694749032552296
1287	0.6694749032552296
1288	0.7614070718096829
1289	0.7614070718096829
1290	0.695336967230021
1291	0.695336967230021
1292	0.6361063381269737
1293	0.6361063381269737
1294	0.6297784629783251
1295	0.6297784629783251
1296	0.49270112947090583
1297	0.49270112947090583
1298	0.633314001156269
1299	0.633314001156269
1300	0.6860894130519438
1301	0.6860894130519438
1302	0.7592548760890129
1303	0.7592548760890129
1304	0.678126134036963
1305	2.0603448721157784
1306	2.0603448721157784
1307	2.303611159363472
1308	2.303611159363472
1309	2.556297562675251
1310	2.556297562675251
1311	2.0981333607221595
1312	2.0981333607221595
1313	2.4238430217277847
1314	2.4238430217277847
1315	2.8869311601837375
1316	2.8869311601837375
1317	2.5147059936577425
1318	2.5147059936577425
1319	2.4306228140402215
1320	4.12454699159652
1321	4.12454699159652
1322	5.5705944842580415
1323	5.5705944842580415
1324	3.362416496135391
1325	3.362416496135391
1326	4.627022364935963
1327	4.627022364935963
1328	5.0959942395413185
1329	5.0959942395413185
1330	3.289229454820073
1331	3.289229454820073
1332	3.070650113873716
1333	3.070650113873716
1334	3.050007134905068
1335	1.9718083540533362
1336	1.9718083540533362
1337	2.4399723345434055
1338	2.4399723345434055
1339	1.9246407826287477
1340	1.9246407826287477
1341	1.8577617726194613
1342	1.8577617726194613
1343	1.8818853578959
1344	1.8818853578959
1345	0.6630003436756435
1346	0.6630003436756435
1347	0.6781936674278879
1348	0.6781936674278879
1349	0.6610536213885145
1350	0.6610536213885145
1351	0.7268314285118063
1352	0.7268314285118063
1353	0.7050201081160172
1354	0.7050201081160172
1355	0.6640988032323788
1356	0.6640988032323788
1357	0.6781375122915143
1358	0.6781375122915143
1359	0.5525575220869969
1360	0.5525575220869969
1361	0.8779030375185204
1362	0.8779030375185204
1363	0.9276496284769271
1364	0.9276496284769271
1365	0.646711901173858
1366	0.646711901173858
1367	0.6144160689671041
1368	0.6144160689671041
1369	0.6798647236960337
1370	1.6763435431032117
1371	1.6763435431032117
1372	3.03094617869698
1373	3.03094617869698
1374	2.7861735477624987
1375	2.7861735477624987
1376	2.47694393533291
1377	2.47694393533291
1378	2.457166778648869
1379	2.457166778648869
1380	2.602582459164236
1381	2.602582459164236
1382	2.9335644174138937
1383	2.9335644174138937
1384	2.751955707378522
1385	2.751955707378522
1386	1.0137022601382841
1387	1.0137022601382841
1388	1.1613164736551662
1389	1.1613164736551662
1390	1.2672168351123172
1391	1.2672168351123172
1392	0.88630488611505
1393	0.88630488611505
1394	0.9171768854939233
1395	0.9171768854939233
1396	1.1373683226373779
1397	1.1373683226373779
1398	1.7285358278808807
1399	1.7285358278808807
1400	2.151301889965006
1401	0.19751032803047258
1402	0.19751032803047258
1403	0.19257370330328305
1404	0.19257370330328305
1405	0.14694358367407145
1406	0.14694358367407145
1407	0.16326442502261182
1408	0.16326442502261182
1409	0.2020329379792
1410	0.2020329379792
1411	0.2448772772084171
1412	0.2448772772084171
1413	0.1813505434672842
1414	0.1813505434672842
1415	0.2183096812619046
1416	0.2183096812619046
1417	0.2380028832145618
1418	0.2380028832145618
1419	1.6484413147322186
1420	1.6484413147322186
1421	1.427517247070139
1422	1.427517247070139
1423	1.9738377502167725
1424	1.9738377502167725
1425	0.8672785399940214
1426	0.8672785399940214
1427	1.2634956004085658
1428	1.2634956004085658
1429	1.3230985905156638
1430	1.3230985905156638
1431	1.3677147579477207
1432	1.3677147579477207
1433	1.0921903326400886
1434	1.0921903326400886
1435	1.2776715969140422
1436	1.2776715969140422
1437	1.8981928753201045
1438	1.8981928753201045
1439	1.8123519418063836
1440	1.8123519418063836
1441	1.5730873416371025
1442	2.6946762290665047
1443	2.6946762290665047
1444	2.915850055109384
1445	2.915850055109384
1446	3.112318630793758
1447	3.112318630793758
1448	4.120956381656115
1449	4.120956381656115
1450	3.087207198259978
1451	3.087207198259978
1452	2.864804680191027
1453	2.864804680191027
1454	2.6984009498823527
1455	2.6984009498823527
1456	2.937877688645295
1457	2.937877688645295
1458	2.819365682428441
1459	2.819365682428441
1460	2.847672365103226
1461	2.847672365103226
1462	2.4341049728809625
1463	2.4341049728809625
1464	3.522706523120014
1465	3.522706523120014
1466	2.5438322615382294
1467	2.5438322615382294
1468	2.9625382304791548
1469	2.9625382304791548
1470	3.06828357935988
1471	3.06828357935988
1472	2.8100143237806385
1473	2.8100143237806385
1474	2.7209618992907654
1475	2.7209618992907654
1476	3.0638835969981777
1477	3.0638835969981777
1478	4.56872412287017
1479	4.56872412287017
1480	3.494563735526028
1481	3.494563735526028
1482	3.1417813925048073
1483	3.1417813925048073
1484	3.2965286773454117
1485	3.2965286773454117
1486	4.152030339536174
1487	4.152030339536174
1488	3.2982985114085404
1489	3.2982985114085404
1490	4.826546658216732
1491	4.826546658216732
1492	3.516941653750231
1493	3.516941653750231
1494	4.56741015602222
1495	4.56741015602222
1496	3.3104907868762146
1497	3.3104907868762146
1498	3.5742417141499305
1499	3.5742417141499305
1500	3.1455360393195058
1501	3.1455360393195058
1502	4.308218425860715
1503	4.308218425860715
1504	4.101182656097552
1505	4.101182656097552
1506	3.979792891124585
1507	3.979792891124585
1508	5.064899598487145
1509	5.064899598487145
1510	3.5133756351719243
1511	3.5133756351719243
1512	4.389252525394727
1513	4.389252525394727
1514	3.39714834615924
1515	2.6698069460992584
1516	2.6698069460992584
1517	1.8321893373470322
1518	1.8321893373470322
1519	2.7388479543910504
1520	2.7388479543910504
1521	2.9697430102432403
1522	2.9697430102432403
1523	3.1574435397366867
1524	3.1574435397366867
1525	2.476991148049118
1526	2.476991148049118
1527	2.7823191608783926
1528	2.7823191608783926
1529	2.6881451643415692
1530	2.6881451643415692
1531	3.8894816112198716
1532	3.8894816112198716
1533	2.91877170306592
1534	2.91877170306592
1535	2.60564847596978
1536	2.60564847596978
1537	2.9467891053969937
1538	2.9467891053969937
1539	3.323331551572786
1540	3.323331551572786
1541	2.1791399116849774
1542	4.09666613132239
1543	4.09666613132239
1544	4.619276282137126
1545	4.619276282137126
1546	3.0144033751727077
1547	3.0144033751727077
1548	3.859016982398521
1549	3.859016982398521
1550	4.464319110715342
1551	4.464319110715342
1552	4.556392897286316
1553	4.556392897286316
1554	3.5962397057907514
1555	3.5962397057907514
1556	4.040640308503479
1557	4.040640308503479
1558	3.6570752748571222
1559	3.6570752748571222
1560	5.237195567328522
1561	5.237195567328522
1562	5.268014833425909
1563	5.268014833425909
1564	4.010544528912985
1565	4.010544528912985
1566	3.9128754451887615
1567	3.9128754451887615
1568	4.944249165647975
1569	4.944249165647975
1570	4.601403602963968
1571	4.601403602963968
1572	2.3115384629970155
1573	2.3115384629970155
1574	2.3666643560040734
1575	2.3666643560040734
1576	5.334591371815412
1577	5.334591371815412
1578	5.003185917904052
1579	5.003185917904052
1580	4.445109147236853
1581	4.445109147236853
1582	3.7202436177782827
1583	3.7202436177782827
1584	3.4583820407270878
1585	3.4583820407270878
1586	4.4879160882194515
1587	4.4879160882194515
1588	4.289085436586907
1589	4.289085436586907
1590	2.262819556407
1591	2.262819556407
1592	1.686571116051236
1593	1.686571116051236
1594	1.4783464293467017
1595	1.4783464293467017
1596	1.486271129677144
1597	1.486271129677144
1598	1.726857334324288
1599	1.726857334324288
1600	2.137378850867908
1601	2.137378850867908
1602	1.3510392667776108
1603	1.3510392667776108
1604	1.6966165911984563
1605	1.6966165911984563
1606	1.9290785698055952
1607	1.9290785698055952
1608	1.8363746230776195
1609	1.8363746230776195
1610	1.0986604539986695
1611	1.0986604539986695
1612	1.4967505754253676
1613	1.4967505754253676
1614	1.459346521854366
1615	1.459346521854366
1616	1.588752578824618
1617	1.588752578824618
1618	1.4810185308528205
1619	1.4810185308528205
1620	1.4147051711289589
1621	1.4147051711289589
1622	1.6803552274916516
1623	1.6803552274916516
1624	1.8381551186884826
1625	1.8381551186884826
1626	1.485216358874354
1627	0.2078063111256045
1628	0.2078063111256045
1629	0.16071805505200276
1630	0.16071805505200276
1631	0.1742158006442697
1632	0.1742158006442697
1633	2.543399564285293
1634	2.543399564285293
1635	3.2155433054516855
1636	3.2155433054516855
1637	2.422381530021591
1638	2.422381530021591
1639	3.1004785004435744
1640	3.1004785004435744
1641	3.1609660403288564
1642	3.1609660403288564
1643	3.5316996602222606
1644	3.5316996602222606
1645	2.7107250320100484
1646	4.5432467112546195
1647	4.5432467112546195
1648	5.5507721904098455
1649	5.5507721904098455
1650	4.255567481677895
1651	4.255567481677895
1652	2.365238266910825
1653	2.365238266910825
1654	2.9062274345855665
1655	2.9062274345855665
1656	1.841135996712086
1657	1.841135996712086
1658	0.6485790380443625
1659	0.6485790380443625
1660	0.6641621725813105
1661	0.6641621725813105
1662	0.7587460027358731
1663	0.7587460027358731
1664	0.622952190059027
1665	0.622952190059027
1666	0.4943456153437117
1667	3.624290201721728
1668	3.624290201721728
1669	4.157731208066282
1670	4.157731208066282
1671	3.670976255348769
1672	3.670976255348769
1673	4.076511067453351
1674	4.076511067453351
1675	3.220848937111511
1676	3.220848937111511
1677	2.2014967623012245
1678	2.2014967623012245
1679	2.938499193604207
1680	2.938499193604207
1681	2.7342153188769562
1682	2.7342153188769562
1683	4.163530630397167
1684	4.163530630397167
1685	2.1803994427930746
1686	2.1803994427930746
1687	2.3184523234276373
1688	2.3184523234276373
1689	2.6378426623534788
1690	2.6378426623534788
1691	2.527107944426547
1692	2.527107944426547
1693	3.2867586815827234
1694	3.2867586815827234
1695	3.7030444009049575
1696	3.7030444009049575
1697	3.595250979089024
1698	3.595250979089024
1699	1.9980579532696205
1700	1.9980579532696205
1701	3.3233639004961444
1702	2.039921781373979
1703	2.039921781373979
1704	1.834646422550815
1705	1.834646422550815
1706	2.4550369832134407
1707	2.4550369832134407
1708	1.6800046048553872
1709	1.6800046048553872
1710	2.657177140049864
1711	2.657177140049864
1712	1.8786368400856452
1713	1.8786368400856452
1714	2.2832982206356043
1715	2.2832982206356043
1716	1.4770410590260692
1717	1.4770410590260692
1718	2.2902629679862367
1719	2.2902629679862367
1720	1.7620435949472548
1721	1.7620435949472548
1722	2.564523237477265
1723	2.564523237477265
1724	2.567900544952079
1725	2.567900544952079
1726	2.3985616904132065
1727	2.3985616904132065
1728	1.8701792896167422
1729	2.5775950375427783
1730	2.5775950375427783
1731	3.306783457199316
1732	3.306783457199316
1733	3.2184816314795497
1734	3.2184816314795497
1735	2.8207424859464973
1736	2.8207424859464973
1737	3.7051825674033263
1738	3.7051825674033263
1739	2.804851496999487
1740	2.804851496999487
1741	3.9838798408066616
1742	3.9838798408066616
1743	3.1414294519203207
1744	3.1414294519203207
1745	3.084075275499452
1746	3.084075275499452
1747	5.207980774437296
1748	5.207980774437296
1749	4.628277722187403
1750	4.628277722187403
1751	3.789080933546341
1752	3.789080933546341
1753	4.500833173618042
1754	4.500833173618042
1755	4.519663590979237
1756	4.519663590979237
1757	3.29933881301128
1758	3.29933881301128
1759	4.677438164875516
1760	4.677438164875516
1761	4.571207383143304
1762	4.571207383143304
1763	4.115802047426712
1764	2.743098833617195
1765	2.743098833617195
1766	2.0819079873570057
1767	2.0819079873570057
1768	2.672808273203557
1769	2.672808273203557
1770	3.306376041899874
1771	3.306376041899874
1772	2.35166038015389
1773	2.35166038015389
1774	3.276101683405881
1775	3.276101683405881
1776	2.0656990969555453
1777	3.1700407598938063
1778	3.1700407598938063
1779	3.3454718341268554
1780	3.3454718341268554
1781	2.9763772421432884
1782	2.9763772421432884
1783	2.9878647474472517
1784	2.9878647474472517
1785	3.38567103315014
1786	3.38567103315014
1787	2.7769694735687125
1788	2.7769694735687125
1789	3.6570663631664395
1790	1.27651564585955
1791	1.27651564585955
1792	1.4846395722165744
1793	1.4846395722165744
1794	1.2086529016991479
1795	1.2086529016991479
1796	1.071554666196838
1797	1.071554666196838
1798	1.04344950325924
1799	1.04344950325924
1800	1.2575594749416357
1801	1.2575594749416357
1802	1.25872029128801
1803	4.6853121497114705
1804	4.6853121497114705
1805	3.5142764076308546
1806	3.5142764076308546
1807	4.2295960069964496
1808	4.2295960069964496
1809	2.3334570381376802
1810	2.3334570381376802
1811	3.789807725784329
1812	3.789807725784329
1813	3.284225835329196
1814	3.284225835329196
1815	2.6367714024905755
1816	2.6367714024905755
1817	3.652542817111454
1818	3.652542817111454
1819	3.1203886902083724
1820	3.1203886902083724
1821	2.8970245856332166
1822	2.8970245856332166
1823	2.205942934049969
1824	2.205942934049969
1825	3.262485454629915
1826	3.262485454629915
1827	1.5367386426034977
1828	1.5367386426034977
1829	0.6452598906013156
1830	3.332848854410395
1831	3.332848854410395
1832	4.516312915549478
1833	4.516312915549478
1834	3.504487897041807
1835	3.504487897041807
1836	4.568915039715743
1837	4.568915039715743
1838	3.479833580106116
1839	3.479833580106116
1840	4.491973421380092
1841	4.491973421380092
1842	3.1499220817255367
1843	3.1499220817255367
1844	3.1233676798927394
1845	3.1233676798927394
1846	3.6722030417162417
1847	3.6722030417162417
1848	2.2640296547842986
1849	2.2640296547842986
1850	2.556176667710067
1851	2.556176667710067
1852	3.352097737652452
1853	1.0578280882997713
1854	2.6250108890063255
1855	2.6250108890063255
1856	2.012332727475912
1857	2.012332727475912
1858	1.6915258680644527
1859	1.6915258680644527
1860	1.922171755828157
1861	1.922171755828157
1862	2.176799604565055
1863	2.176799604565055
1864	2.0086444727272896
1865	2.0086444727272896
1866	2.1682779085914365
1867	2.1682779085914365
1868	1.6101515553621906
1869	1.6101515553621906
1870	2.014517108865473
1871	2.014517108865473
1872	2.267436339823641
1873	2.267436339823641
1874	2.3763380405108583
1875	2.3763380405108583
1876	2.8141942850702146
1877	2.8141942850702146
1878	2.2067583204816827
1879	2.2067583204816827
1880	2.262069160969749
1881	2.262069160969749
1882	2.2470918776895195
1883	2.2470918776895195
1884	2.3564979275267133
1885	2.3564979275267133
1886	2.5988002654066116
1887	2.5988002654066116
1888	3.5042534427422383
1889	3.5042534427422383
1890	3.310389539507466
1891	3.310389539507466
1892	3.717499186218066
1893	3.717499186218066
1894	2.798739056614322
1895	2.798739056614322
1896	5.045432678214935
1897	5.045432678214935
1898	4.151474160957264
1899	4.151474160957264
1900	3.4958282631382347
1901	3.4958282631382347
1902	3.953848472020119
1903	3.953848472020119
1904	4.258306850417058
1905	4.258306850417058
1906	1.7861923106941995
1907	1.7861923106941995
1908	1.827005421804588
1909	1.827005421804588
1910	1.7932300281337004
1911	1.7932300281337004
1912	2.09372553674487
1913	2.09372553674487
1914	2.2567946093329136
1915	2.2567946093329136
1916	2.376985102358055
1917	2.376985102358055
1918	2.2659886527201087
1919	2.2659886527201087
1920	2.3685336063719347
1921	2.3685336063719347
1922	2.8648705825083938
1923	2.8648705825083938
1924	2.3074011485679016
1925	2.3074011485679016
1926	1.0126312297744233
1927	1.0126312297744233
1928	1.213065294888735
1929	1.213065294888735
1930	0.9028003093392204
1931	0.9028003093392204
1932	1.1784395138707149
1933	1.3041629047334138
1934	1.3041629047334138
1935	1.2853786259518372
1936	1.2853786259518372
1937	1.8711192374227403
1938	1.8711192374227403
1939	1.7207257449886628
1940	1.7207257449886628
1941	1.3135649443858084
1942	1.3135649443858084
1943	1.2892027039318987
1944	1.2892027039318987
1945	1.401497144969209
1946	1.401497144969209
1947	1.3743218877222931
1948	1.3743218877222931
1949	1.578093317205351
1950	1.578093317205351
1951	1.032572418641999
1952	1.032572418641999
1953	1.3922597055017871
1954	1.3922597055017871
1955	1.9586039829700195
1956	1.9586039829700195
1957	1.7999889309371127
1958	0.6822430753990403
1959	0.6822430753990403
1960	2.999265077145588
1961	2.999265077145588
1962	3.6010273262087478
1963	3.6010273262087478
1964	2.7620854562255217
1965	2.7620854562255217
1966	1.5417175276637405
1967	1.5417175276637405
1968	1.7441159226270018
1969	1.7441159226270018
1970	1.7399433460017384
1971	1.7399433460017384
1972	1.3938038297295634
1973	1.3938038297295634
1974	1.5178707710696602
1975	1.5178707710696602
1976	1.5660515159138344
1977	1.5660515159138344
1978	1.5806003003802842
1979	1.5806003003802842
1980	0.7998005355293286
1981	0.7998005355293286
1982	1.5052826697669215
1983	1.5052826697669215
1984	1.7355279165695194
1985	1.7355279165695194
1986	1.4036514851246162
1987	1.4036514851246162
1988	1.304267307854108
1989	1.304267307854108
1990	1.6616110440909764
1991	1.6616110440909764
1992	1.643839554347605
1993	1.643839554347605
1994	1.739875526245711
1995	1.739875526245711
1996	1.4515018020447612
1997	1.4515018020447612
1998	1.5237145332188227
1999	1.5237145332188227
