0	2.6794550330432467
1	2.6794550330432467
2	2.6794550330432467
3	2.6794550330432467
4	3.0101768871590635
5	3.0101768871590635
6	3.0101768871590635
7	3.0101768871590635
8	3.194472268942839
9	3.194472268942839
10	3.194472268942839
11	3.194472268942839
12	1.724593448801133
13	1.724593448801133
14	1.724593448801133
15	1.724593448801133
16	2.43154076476428
17	2.43154076476428
18	2.43154076476428
19	2.43154076476428
20	2.6513722356423925
21	2.6513722356423925
22	2.6513722356423925
23	2.6513722356423925
24	2.1265959548532085
25	2.1265959548532085
26	2.1265959548532085
27	2.1265959548532085
28	2.4609409334969836
29	2.4609409334969836
30	2.4609409334969836
31	2.4609409334969836
32	2.865214219635573
33	2.865214219635573
34	2.865214219635573
35	2.865214219635573
36	2.170791812079985
37	2.170791812079985
38	2.170791812079985
39	2.170791812079985
40	2.5688948074580176
41	2.5688948074580176
42	2.5688948074580176
43	2.5688948074580176
44	3.593916808782982
45	3.593916808782982
46	3.593916808782982
47	3.593916808782982
48	2.6912749247046506
49	2.6912749247046506
50	2.6912749247046506
51	2.6912749247046506
52	2.302760505507806
53	2.302760505507806
54	2.302760505507806
55	2.302760505507806
56	2.6682748876555737
57	2.6682748876555737
58	2.6682748876555737
59	2.6682748876555737
60	2.3779633845516
61	2.3779633845516
62	2.3779633845516
63	2.3779633845516
64	1.9681753378143865
65	1.9681753378143865
66	1.9681753378143865
67	1.9681753378143865
68	2.6538578791573806
69	2.6538578791573806
70	2.6538578791573806
71	2.6538578791573806
72	2.8042614811360713
73	2.8042614811360713
74	2.8042614811360713
75	2.8042614811360713
76	2.8445268976810243
77	2.8445268976810243
78	0.8162824042368326
79	0.8162824042368326
80	0.8162824042368326
81	0.8162824042368326
82	0.6488030379221743
83	0.6488030379221743
84	0.6488030379221743
85	0.6488030379221743
86	0.6872469807183736
87	0.6872469807183736
88	0.6872469807183736
89	0.6872469807183736
90	0.637718681401555
91	0.637718681401555
92	0.637718681401555
93	0.637718681401555
94	0.8471022326647324
95	0.8471022326647324
96	0.8471022326647324
97	0.8471022326647324
98	0.6367268489722812
99	0.6367268489722812
100	0.6367268489722812
101	0.6367268489722812
102	0.7683740666183908
103	0.7683740666183908
104	2.153143369007859
105	2.153143369007859
106	2.153143369007859
107	2.153143369007859
108	2.7470996698289194
109	2.7470996698289194
110	2.7470996698289194
111	2.7470996698289194
112	2.379077148519343
113	2.379077148519343
114	2.379077148519343
115	2.379077148519343
116	2.7394412961549426
117	2.7394412961549426
118	2.7394412961549426
119	2.7394412961549426
120	2.9069852226878945
121	2.9069852226878945
122	2.9069852226878945
123	2.9069852226878945
124	2.5739391372695057
125	2.5739391372695057
126	2.5739391372695057
127	2.5739391372695057
128	2.0592994890318406
129	2.0592994890318406
130	2.0592994890318406
131	2.0592994890318406
132	3.207689704027545
133	3.207689704027545
134	3.207689704027545
135	3.207689704027545
136	2.8657346742007563
137	2.8657346742007563
138	2.8657346742007563
139	2.8657346742007563
140	2.33228421498023
141	2.33228421498023
142	2.33228421498023
143	2.33228421498023
144	2.2374065732843067
145	2.2374065732843067
146	2.2374065732843067
147	2.2374065732843067
148	3.21203001668136
149	3.21203001668136
150	3.21203001668136
151	3.21203001668136
152	1.3344662553704878
153	1.3344662553704878
154	1.3344662553704878
155	1.3344662553704878
156	2.2245488968060374
157	2.2245488968060374
158	2.2245488968060374
159	2.2245488968060374
160	2.493330044936447
161	2.493330044936447
162	2.493330044936447
163	2.493330044936447
164	2.7881437719740063
165	2.7881437719740063
166	2.7881437719740063
167	2.7881437719740063
168	2.993819363565442
169	2.993819363565442
170	2.993819363565442
171	2.993819363565442
172	2.5056001171454882
173	2.5056001171454882
174	2.5056001171454882
175	2.5056001171454882
176	1.8211636182561994
177	1.8211636182561994
178	1.8211636182561994
179	1.8211636182561994
180	2.084103935351109
181	2.084103935351109
182	2.084103935351109
183	2.084103935351109
184	3.0856036802993043
185	3.0856036802993043
186	3.0856036802993043
187	3.0856036802993043
188	2.122985781171408
189	2.122985781171408
190	2.122985781171408
191	2.122985781171408
192	2.306169590298923
193	2.306169590298923
194	2.306169590298923
195	2.306169590298923
196	2.6014035908999547
197	2.6014035908999547
198	2.6014035908999547
199	2.6014035908999547
200	2.8309940857520974
201	2.8309940857520974
202	2.8309940857520974
203	2.8309940857520974
204	2.0518094223717607
205	2.0518094223717607
206	2.0518094223717607
207	2.0518094223717607
208	1.9119776541810527
209	3.7910915492572115
210	3.7910915492572115
211	3.7910915492572115
212	3.7910915492572115
213	2.455707347110252
214	2.455707347110252
215	2.455707347110252
216	2.455707347110252
217	3.3572208856694443
218	3.3572208856694443
219	3.3572208856694443
220	3.3572208856694443
221	3.76500420390524
222	3.76500420390524
223	3.76500420390524
224	3.76500420390524
225	4.112026682509813
226	4.112026682509813
227	4.112026682509813
228	4.112026682509813
229	2.997959388069375
230	2.997959388069375
231	2.997959388069375
232	2.997959388069375
233	3.406765500565056
234	3.406765500565056
235	3.406765500565056
236	3.406765500565056
237	4.106667678592288
238	4.106667678592288
239	4.106667678592288
240	4.106667678592288
241	4.023949727908711
242	4.023949727908711
243	4.023949727908711
244	4.023949727908711
245	3.163517564542697
246	3.163517564542697
247	3.163517564542697
248	2.1538599566431555
249	2.1538599566431555
250	2.1538599566431555
251	2.1538599566431555
252	1.7164506418007073
253	1.7164506418007073
254	1.7164506418007073
255	1.7164506418007073
256	1.82672785925257
257	1.82672785925257
258	1.82672785925257
259	1.82672785925257
260	2.3976749134944706
261	2.3976749134944706
262	2.3976749134944706
263	2.3976749134944706
264	1.2849906306957108
265	1.2849906306957108
266	1.2849906306957108
267	1.2849906306957108
268	2.0263082839180906
269	2.0263082839180906
270	2.0263082839180906
271	2.0263082839180906
272	1.505783092827229
273	1.505783092827229
274	1.505783092827229
275	1.505783092827229
276	1.1776264116740367
277	1.1776264116740367
278	1.1776264116740367
279	1.1776264116740367
280	1.9397394513074733
281	1.9397394513074733
282	1.9397394513074733
283	1.9397394513074733
284	1.5922078287219885
285	1.5922078287219885
286	1.5922078287219885
287	1.5922078287219885
288	1.6688366711253693
289	1.6688366711253693
290	1.6688366711253693
291	1.6688366711253693
292	1.5999351522437872
293	1.5999351522437872
294	1.5999351522437872
295	1.5999351522437872
296	2.084059449051732
297	2.084059449051732
298	2.084059449051732
299	3.267760038859426
300	3.267760038859426
301	3.267760038859426
302	3.267760038859426
303	2.841774687476563
304	2.841774687476563
305	2.841774687476563
306	2.841774687476563
307	3.5189617244918203
308	3.5189617244918203
309	3.5189617244918203
310	3.5189617244918203
311	3.5126576052918077
312	3.5126576052918077
313	3.5126576052918077
314	3.5126576052918077
315	2.6032963035770633
316	2.6032963035770633
317	2.6032963035770633
318	2.6032963035770633
319	3.690699825199527
320	3.690699825199527
321	3.690699825199527
322	3.690699825199527
323	3.433208257175435
324	3.433208257175435
325	3.433208257175435
326	3.433208257175435
327	2.5173508473986654
328	2.5173508473986654
329	2.5173508473986654
330	2.5173508473986654
331	2.579752414540447
332	2.579752414540447
333	2.579752414540447
334	2.579752414540447
335	3.661959820416333
336	3.661959820416333
337	3.661959820416333
338	3.661959820416333
339	1.9225937499755406
340	1.9225937499755406
341	1.9225937499755406
342	1.9225937499755406
343	3.551589245351947
344	3.551589245351947
345	3.551589245351947
346	3.551589245351947
347	3.028449523567061
348	3.028449523567061
349	3.028449523567061
350	3.028449523567061
351	2.553227398952671
352	2.553227398952671
353	2.553227398952671
354	2.553227398952671
355	2.1469511695452272
356	2.1469511695452272
357	2.1469511695452272
358	2.1469511695452272
359	3.1883507543443055
360	3.1883507543443055
361	3.1883507543443055
362	3.1883507543443055
363	2.157090517464647
364	2.157090517464647
365	2.157090517464647
366	2.157090517464647
367	2.452024087954887
368	2.452024087954887
369	2.452024087954887
370	2.452024087954887
371	2.169788807598848
372	2.169788807598848
373	2.169788807598848
374	2.169788807598848
375	2.7633736849300856
376	2.7633736849300856
377	2.7633736849300856
378	2.7633736849300856
379	3.3083220568478158
380	3.3083220568478158
381	3.3083220568478158
382	3.3083220568478158
383	3.0427560884949987
384	3.0427560884949987
385	3.0427560884949987
386	3.0427560884949987
387	3.3308299943446182
388	3.3308299943446182
389	3.3308299943446182
390	3.3308299943446182
391	2.6595341922713107
392	2.6595341922713107
393	2.6595341922713107
394	2.6595341922713107
395	2.875449668055104
396	2.875449668055104
397	2.875449668055104
398	2.875449668055104
399	3.8692979944101573
400	3.8692979944101573
401	3.8692979944101573
402	3.8692979944101573
403	2.6899868543749537
404	2.6899868543749537
405	2.6899868543749537
406	2.6899868543749537
407	2.5428745237452324
408	2.5428745237452324
409	2.5428745237452324
410	2.5428745237452324
411	2.715324069778936
412	2.715324069778936
413	2.715324069778936
414	2.715324069778936
415	2.4727963396561616
416	2.4727963396561616
417	2.4727963396561616
418	2.4727963396561616
419	2.8611282909962243
420	2.8611282909962243
421	2.8611282909962243
422	2.8611282909962243
423	2.511019077974835
424	2.511019077974835
425	2.511019077974835
426	2.511019077974835
427	2.2639149601668214
428	2.2639149601668214
429	2.2639149601668214
430	2.2639149601668214
431	3.4036137079607545
432	3.4036137079607545
433	3.4036137079607545
434	3.4036137079607545
435	2.634697567452743
436	2.634697567452743
437	2.634697567452743
438	2.634697567452743
439	3.589953813382445
440	3.589953813382445
441	3.589953813382445
442	3.589953813382445
443	2.5675798008327453
444	2.5675798008327453
445	2.5675798008327453
446	2.5675798008327453
447	2.466232348257569
448	2.466232348257569
449	2.466232348257569
450	2.466232348257569
451	2.4463817773858336
452	2.4463817773858336
453	2.4463817773858336
454	2.4463817773858336
455	3.049851133058022
456	0.5391149719755177
457	0.5391149719755177
458	0.5391149719755177
459	0.5391149719755177
460	0.6440966108178989
461	0.6440966108178989
462	0.6440966108178989
463	0.6440966108178989
464	0.7276959753947871
465	0.7276959753947871
466	0.7276959753947871
467	0.7276959753947871
468	0.6108775144677914
469	0.6108775144677914
470	0.6108775144677914
471	0.6108775144677914
472	0.5344340578826166
473	0.5344340578826166
474	0.5344340578826166
475	0.5344340578826166
476	0.4294760550469131
477	0.4294760550469131
478	0.4294760550469131
479	0.4294760550469131
480	0.6230050749537718
481	0.6230050749537718
482	0.6230050749537718
483	0.6230050749537718
484	0.6940151952820811
485	0.6940151952820811
486	0.6940151952820811
487	0.6940151952820811
488	0.6928685529998918
489	0.6928685529998918
490	0.6928685529998918
491	0.6928685529998918
492	0.61908715508806
493	0.61908715508806
494	0.61908715508806
495	0.61908715508806
496	0.6486762349872992
497	0.6486762349872992
498	0.6486762349872992
499	0.6486762349872992
500	0.6062337620576629
501	0.6062337620576629
502	0.6062337620576629
503	0.6062337620576629
504	0.580896306440879
505	0.580896306440879
506	0.580896306440879
507	0.580896306440879
508	0.6851591543884112
509	0.6851591543884112
510	0.6851591543884112
511	0.6851591543884112
512	0.3633534234389987
513	0.3633534234389987
514	0.3633534234389987
515	0.3633534234389987
516	0.5188053125958395
517	0.5188053125958395
518	0.5188053125958395
519	0.5188053125958395
520	0.7576914999141156
521	0.7576914999141156
522	0.7576914999141156
523	0.7576914999141156
524	0.5971887242500233
525	0.5971887242500233
526	0.5971887242500233
527	0.5971887242500233
528	0.5356413401435401
529	0.5356413401435401
530	0.5356413401435401
531	0.5356413401435401
532	0.9454812331160514
533	0.9454812331160514
534	0.9454812331160514
535	0.9454812331160514
536	0.714370569623779
537	0.714370569623779
538	0.714370569623779
539	0.714370569623779
540	0.8527001256606492
541	0.8527001256606492
542	0.8527001256606492
543	0.8527001256606492
544	0.47504537581555206
545	0.47504537581555206
546	0.47504537581555206
547	0.47504537581555206
548	0.7468227142416227
549	0.7468227142416227
550	0.7468227142416227
551	0.7468227142416227
552	0.8721983299104699
553	0.8721983299104699
554	0.8721983299104699
555	0.8721983299104699
556	0.7950029278211355
557	0.7950029278211355
558	0.7950029278211355
559	0.7950029278211355
560	0.6552282567561623
561	0.6552282567561623
562	0.6552282567561623
563	0.6552282567561623
564	0.6293617236216984
565	0.6293617236216984
566	0.6293617236216984
567	0.6293617236216984
568	0.6441812517180185
569	0.6441812517180185
570	0.6441812517180185
571	0.6441812517180185
572	0.6149840204278523
573	0.6149840204278523
574	0.6149840204278523
575	0.6149840204278523
576	0.5920557121642165
577	0.5920557121642165
578	0.5920557121642165
579	0.5920557121642165
580	0.6407644136276065
581	0.6407644136276065
582	0.6407644136276065
583	0.6407644136276065
584	0.5910814872993208
585	0.5910814872993208
586	0.5910814872993208
587	0.5910814872993208
588	0.5546887598291258
589	0.5546887598291258
590	0.5546887598291258
591	0.5546887598291258
592	0.6833350853313803
593	0.6833350853313803
594	0.6833350853313803
595	0.6833350853313803
596	0.5589413737528641
597	0.5589413737528641
598	0.5589413737528641
599	0.5589413737528641
600	0.5666328934560224
601	0.5666328934560224
602	0.5666328934560224
603	0.5666328934560224
604	0.662969723654928
605	0.662969723654928
606	0.662969723654928
607	0.662969723654928
608	0.5915672514962947
609	0.5915672514962947
610	0.5915672514962947
611	0.5915672514962947
612	0.6339414058480112
613	0.6339414058480112
614	0.6339414058480112
615	0.6339414058480112
616	0.7118263767877161
617	0.7118263767877161
618	0.7118263767877161
619	0.7118263767877161
620	0.8203872383368921
621	0.8203872383368921
622	0.8203872383368921
623	0.8203872383368921
624	0.5035493968510577
625	0.5035493968510577
626	0.5035493968510577
627	0.5035493968510577
628	0.7972177365864299
629	0.7972177365864299
630	0.7972177365864299
631	0.7972177365864299
632	0.729005450452436
633	0.729005450452436
634	0.729005450452436
635	0.729005450452436
636	0.5927430974088443
637	0.5927430974088443
638	0.5927430974088443
639	0.5927430974088443
640	0.6347655311922613
641	0.6347655311922613
642	0.6347655311922613
643	0.6347655311922613
644	0.6196789833881203
645	0.6196789833881203
646	0.6196789833881203
647	0.6196789833881203
648	0.7005673073458231
649	0.7005673073458231
650	0.7005673073458231
651	0.7005673073458231
652	0.8022815237592138
653	0.8022815237592138
654	0.8022815237592138
655	0.8022815237592138
656	0.6015728884236117
657	0.6015728884236117
658	0.6015728884236117
659	0.6015728884236117
660	0.7484158038342401
661	0.7484158038342401
662	0.7484158038342401
663	0.7484158038342401
664	0.7234671963213758
665	0.7234671963213758
666	0.7234671963213758
667	0.7234671963213758
668	0.6166754344649411
669	0.6166754344649411
670	0.6166754344649411
671	0.6166754344649411
672	0.5627904498626805
673	0.5627904498626805
674	2.985658591031077
675	2.985658591031077
676	2.985658591031077
677	2.985658591031077
678	3.128281183434986
679	3.128281183434986
680	3.128281183434986
681	3.128281183434986
682	2.193666265981711
683	2.193666265981711
684	2.193666265981711
685	2.193666265981711
686	2.163530306398186
687	2.163530306398186
688	2.163530306398186
689	2.163530306398186
690	2.8047527328762487
691	2.8047527328762487
692	2.8047527328762487
693	2.8047527328762487
694	2.134801885491206
695	2.134801885491206
696	2.134801885491206
697	2.134801885491206
698	2.438819522608429
699	2.438819522608429
700	2.438819522608429
701	2.438819522608429
702	3.300438772012459
703	3.300438772012459
704	3.300438772012459
705	3.300438772012459
706	2.7849497552811657
707	2.7849497552811657
708	2.7849497552811657
709	2.7849497552811657
710	1.7937571391114346
711	1.7937571391114346
712	1.7937571391114346
713	1.7937571391114346
714	1.9545636893029257
715	1.9545636893029257
716	1.9545636893029257
717	1.9545636893029257
718	1.922893592744745
719	1.922893592744745
720	1.922893592744745
721	1.922893592744745
722	2.0376556616806045
723	2.0376556616806045
724	2.0376556616806045
725	2.0376556616806045
726	2.458500760570803
727	2.458500760570803
728	2.458500760570803
729	2.458500760570803
730	2.298885255913986
731	2.298885255913986
732	2.298885255913986
733	2.298885255913986
734	1.9259393821211117
735	1.9259393821211117
736	1.9259393821211117
737	1.9259393821211117
738	2.514802800596964
739	2.514802800596964
740	2.514802800596964
741	2.514802800596964
742	2.0038447334608405
743	2.0038447334608405
744	2.0038447334608405
745	2.0038447334608405
746	2.1684196352404292
747	2.1684196352404292
748	2.1684196352404292
749	2.1684196352404292
750	2.4853943025578698
751	2.4853943025578698
752	2.4853943025578698
753	2.4853943025578698
754	2.3956678378175624
755	2.3956678378175624
756	2.3956678378175624
757	2.3956678378175624
758	2.5252065363929845
759	2.5252065363929845
760	2.5252065363929845
761	2.5252065363929845
762	2.087527317593397
763	2.087527317593397
764	2.087527317593397
765	2.087527317593397
766	2.2630642449788216
767	2.2630642449788216
768	2.2630642449788216
769	2.2630642449788216
770	2.0073227662887656
771	3.5384178705320117
772	3.5384178705320117
773	3.5384178705320117
774	3.5384178705320117
775	3.843715800161259
776	3.843715800161259
777	3.843715800161259
778	3.843715800161259
779	3.820197313761515
780	3.820197313761515
781	3.820197313761515
782	3.820197313761515
783	3.615625621587312
784	3.615625621587312
785	3.615625621587312
786	3.615625621587312
787	3.0225573111860147
788	3.0225573111860147
789	3.0225573111860147
790	3.0225573111860147
791	3.9180755003360326
792	3.9180755003360326
793	3.9180755003360326
794	3.9180755003360326
795	4.717815887385465
796	4.717815887385465
797	4.717815887385465
798	4.717815887385465
799	2.7166887807343887
800	2.7166887807343887
801	2.7166887807343887
802	2.7166887807343887
803	3.369987441655319
804	3.369987441655319
805	3.369987441655319
806	3.369987441655319
807	4.036673961168893
808	4.036673961168893
809	4.036673961168893
810	4.036673961168893
811	4.459350634240204
812	4.459350634240204
813	4.459350634240204
814	4.459350634240204
815	3.762499156754405
816	3.762499156754405
817	3.762499156754405
818	3.762499156754405
819	3.7918655678669557
820	3.7918655678669557
821	3.7918655678669557
822	3.7918655678669557
823	4.44277612136071
824	4.44277612136071
825	4.44277612136071
826	4.44277612136071
827	2.1602080320533767
828	2.1602080320533767
829	2.1602080320533767
830	2.1602080320533767
831	4.859461969576767
832	4.859461969576767
833	4.859461969576767
834	4.859461969576767
835	4.5121223723503645
836	4.5121223723503645
837	4.5121223723503645
838	4.5121223723503645
839	4.441060205369847
840	4.441060205369847
841	0.7452213104602661
842	0.7452213104602661
843	0.7452213104602661
844	0.7452213104602661
845	0.546634814217231
846	0.546634814217231
847	0.546634814217231
848	0.546634814217231
849	0.4932929656407242
850	0.4932929656407242
851	0.4932929656407242
852	0.4932929656407242
853	0.6069921048162175
854	0.6069921048162175
855	0.6069921048162175
856	0.6069921048162175
857	0.7280046606077477
858	0.7280046606077477
859	0.7280046606077477
860	0.7280046606077477
861	0.7537928619572768
862	0.7537928619572768
863	0.7537928619572768
864	0.7537928619572768
865	0.7491964956645092
866	0.7491964956645092
867	0.7491964956645092
868	0.7491964956645092
869	0.5983672857157627
870	0.5983672857157627
871	0.5983672857157627
872	0.5983672857157627
873	0.6880454553199677
874	0.6880454553199677
875	0.6880454553199677
876	0.6880454553199677
877	0.8013878849752925
878	0.8013878849752925
879	0.8013878849752925
880	0.8013878849752925
881	0.7181264753819191
882	0.7181264753819191
883	0.7181264753819191
884	0.7181264753819191
885	0.6329838168257089
886	0.6329838168257089
887	0.6329838168257089
888	0.6329838168257089
889	0.6466858027839736
890	0.6466858027839736
891	0.6466858027839736
892	0.6466858027839736
893	0.8237172412692936
894	0.8237172412692936
895	0.8237172412692936
896	0.8237172412692936
897	0.6817801087810377
898	0.6817801087810377
899	0.6817801087810377
900	0.6817801087810377
901	0.6886407259954141
902	0.6886407259954141
903	0.6886407259954141
904	0.6886407259954141
905	0.6859768147231394
906	0.6859768147231394
907	0.6859768147231394
908	0.6859768147231394
909	0.8346596333982004
910	0.8346596333982004
911	0.8346596333982004
912	0.8346596333982004
913	0.5407937725590639
914	0.5407937725590639
915	0.5407937725590639
916	0.5407937725590639
917	0.279766403921992
918	0.279766403921992
919	0.279766403921992
920	0.279766403921992
921	0.5790425167800666
922	0.5790425167800666
923	0.5790425167800666
924	0.5790425167800666
925	0.7118398463768016
926	0.7118398463768016
927	0.7118398463768016
928	0.7118398463768016
929	0.6747657733842836
930	0.6747657733842836
931	0.6747657733842836
932	0.6747657733842836
933	0.4659506147415493
934	0.4659506147415493
935	0.4659506147415493
936	0.4659506147415493
937	0.625653667250314
938	0.625653667250314
939	0.625653667250314
940	0.625653667250314
941	0.6027329496154643
942	0.6027329496154643
943	0.6027329496154643
944	0.6027329496154643
945	0.6991669533228964
946	0.6991669533228964
947	0.6991669533228964
948	0.6991669533228964
949	0.7387058375361689
950	0.7387058375361689
951	0.7387058375361689
952	0.7387058375361689
953	0.5593062644122457
954	0.5593062644122457
955	0.5593062644122457
956	0.5593062644122457
957	0.7081235797451673
958	0.7081235797451673
959	0.7081235797451673
960	0.7081235797451673
961	0.6587366374415956
962	0.6587366374415956
963	0.6587366374415956
964	0.6587366374415956
965	0.8114656268024081
966	0.8114656268024081
967	0.8114656268024081
968	0.8114656268024081
969	0.7435892877076915
970	0.7435892877076915
971	0.7435892877076915
972	0.7435892877076915
973	0.6227262256242595
974	0.6227262256242595
975	0.6227262256242595
976	0.6227262256242595
977	0.7902694205460814
978	0.7902694205460814
979	0.7902694205460814
980	0.7902694205460814
981	0.7769113240428602
982	0.7769113240428602
983	0.7769113240428602
984	0.7769113240428602
985	0.3018052722461846
986	0.3018052722461846
987	0.3018052722461846
988	0.3018052722461846
989	0.5664243166474909
990	0.5664243166474909
991	0.5664243166474909
992	0.5664243166474909
993	1.8043677735262675
994	1.8043677735262675
995	1.8043677735262675
996	1.8043677735262675
997	1.8157428097075436
998	1.8157428097075436
999	1.8157428097075436
1000	1.8157428097075436
1001	1.9131500258283856
1002	1.9131500258283856
1003	1.9131500258283856
1004	1.9131500258283856
1005	1.4409527057546074
1006	1.4409527057546074
1007	1.4409527057546074
1008	1.2737424592337816
1009	1.2737424592337816
1010	1.2737424592337816
1011	1.2737424592337816
1012	1.0949619716595564
1013	1.0949619716595564
1014	1.0949619716595564
1015	1.0949619716595564
1016	0.9846718217342152
1017	0.9846718217342152
1018	0.9846718217342152
1019	0.9846718217342152
1020	1.3563533456353485
1021	1.3563533456353485
1022	1.3563533456353485
1023	1.3563533456353485
1024	1.183739210802471
1025	1.183739210802471
1026	1.183739210802471
1027	1.183739210802471
1028	1.2933376310844422
1029	1.2933376310844422
1030	1.2933376310844422
1031	1.2933376310844422
1032	2.8780868675194475
1033	2.8780868675194475
1034	2.8780868675194475
1035	2.8780868675194475
1036	1.931869607050445
1037	1.931869607050445
1038	1.931869607050445
1039	1.931869607050445
1040	2.3142431700001636
1041	2.3142431700001636
1042	2.3142431700001636
1043	2.3142431700001636
1044	2.2802308252264063
1045	2.2802308252264063
1046	2.2802308252264063
1047	2.2802308252264063
1048	1.872681079948797
1049	1.872681079948797
1050	1.872681079948797
1051	1.872681079948797
1052	2.708081292105265
1053	2.708081292105265
1054	2.708081292105265
1055	2.708081292105265
1056	2.0210903027705887
1057	2.0210903027705887
1058	2.0210903027705887
1059	2.0210903027705887
1060	2.8691189296442166
1061	2.8691189296442166
1062	2.8691189296442166
1063	2.8691189296442166
1064	2.4465057972403192
1065	2.4465057972403192
1066	2.4465057972403192
1067	2.4465057972403192
1068	2.377979106184412
1069	2.377979106184412
1070	2.377979106184412
1071	2.377979106184412
1072	2.8512077936003335
1073	2.8512077936003335
1074	2.8512077936003335
1075	2.8512077936003335
1076	2.2796075618488465
1077	2.2796075618488465
1078	2.2796075618488465
1079	2.2796075618488465
1080	2.714655885121355
1081	2.714655885121355
1082	2.714655885121355
1083	2.714655885121355
1084	2.8320694523247805
1085	2.8320694523247805
1086	2.8320694523247805
1087	2.8320694523247805
1088	2.3650318882130983
1089	2.3650318882130983
1090	2.3650318882130983
1091	2.3650318882130983
1092	2.610119067758244
1093	2.610119067758244
1094	2.610119067758244
1095	2.610119067758244
1096	2.7146917120854854
1097	2.7146917120854854
1098	2.7146917120854854
1099	2.7146917120854854
1100	2.447664261699542
1101	2.447664261699542
1102	2.447664261699542
1103	2.447664261699542
1104	2.233577884281201
1105	2.233577884281201
1106	2.233577884281201
1107	2.233577884281201
1108	2.5534906550087295
1109	2.5534906550087295
1110	2.5534906550087295
1111	2.5534906550087295
1112	1.4904936606634984
1113	1.4904936606634984
1114	1.4904936606634984
1115	1.4904936606634984
1116	2.1581222371106943
1117	2.1581222371106943
1118	2.1581222371106943
1119	2.1581222371106943
1120	2.377166979298357
1121	2.377166979298357
1122	2.377166979298357
1123	2.377166979298357
1124	1.8113705937051772
1125	4.203072634388483
1126	4.203072634388483
1127	4.203072634388483
1128	4.203072634388483
1129	4.397732308393654
1130	4.397732308393654
1131	4.397732308393654
1132	4.397732308393654
1133	4.377692162526741
1134	4.377692162526741
1135	4.377692162526741
1136	4.377692162526741
1137	4.058645535113335
1138	4.058645535113335
1139	4.058645535113335
1140	4.058645535113335
1141	4.519625463159834
1142	4.519625463159834
1143	4.519625463159834
1144	4.519625463159834
1145	4.857519821098261
1146	4.857519821098261
1147	4.857519821098261
1148	4.857519821098261
1149	3.9050998452220176
1150	3.9050998452220176
1151	3.9050998452220176
1152	3.9050998452220176
1153	3.7415191181835743
1154	3.7415191181835743
1155	3.7415191181835743
1156	3.7415191181835743
1157	4.260126351648477
1158	4.260126351648477
1159	4.260126351648477
1160	4.260126351648477
1161	5.665160143804202
1162	5.665160143804202
1163	5.665160143804202
1164	5.665160143804202
1165	4.427951028218844
1166	4.427951028218844
1167	4.427951028218844
1168	4.427951028218844
1169	3.614799810447257
1170	3.614799810447257
1171	3.614799810447257
1172	3.614799810447257
1173	4.557893511485137
1174	4.557893511485137
1175	4.557893511485137
1176	4.557893511485137
1177	3.4863937824908176
1178	3.4863937824908176
1179	3.4863937824908176
1180	3.4863937824908176
1181	3.2017202908709135
1182	3.2017202908709135
1183	3.2017202908709135
1184	3.2017202908709135
1185	3.9305174461018293
1186	3.9305174461018293
1187	3.9305174461018293
1188	3.9305174461018293
1189	3.8105877016493634
1190	3.8105877016493634
1191	3.8105877016493634
1192	3.8105877016493634
1193	4.673796174238492
1194	4.673796174238492
1195	4.673796174238492
1196	4.673796174238492
1197	3.242405350643774
1198	3.242405350643774
1199	3.242405350643774
1200	3.242405350643774
1201	3.5373686411870304
1202	3.5373686411870304
1203	3.5373686411870304
1204	3.5373686411870304
1205	3.0947608326737384
1206	3.0947608326737384
1207	3.0947608326737384
1208	3.0947608326737384
1209	3.280449677271291
1210	3.280449677271291
1211	3.280449677271291
1212	3.280449677271291
1213	4.78795408332135
1214	4.78795408332135
1215	4.78795408332135
1216	4.78795408332135
1217	3.7669437010598443
1218	3.7669437010598443
1219	3.7669437010598443
1220	3.7669437010598443
1221	4.7709012021976225
1222	4.7709012021976225
1223	4.7709012021976225
1224	4.7709012021976225
1225	2.6836947376479205
1226	2.6836947376479205
1227	2.6836947376479205
1228	2.6836947376479205
1229	3.4400378353445515
1230	3.4400378353445515
1231	3.4400378353445515
1232	3.4400378353445515
1233	3.9857692949129797
1234	3.9857692949129797
1235	3.9857692949129797
1236	3.9857692949129797
1237	2.5672948318626814
1238	2.5672948318626814
1239	2.5672948318626814
1240	2.5672948318626814
1241	4.605813698887234
1242	4.605813698887234
1243	4.605813698887234
1244	4.605813698887234
1245	4.267199321560786
1246	4.267199321560786
1247	4.267199321560786
1248	4.267199321560786
1249	5.362996885305347
1250	5.362996885305347
1251	5.362996885305347
1252	5.362996885305347
1253	4.646930958148591
1254	4.646930958148591
1255	4.646930958148591
1256	4.646930958148591
1257	3.943338381314109
1258	3.943338381314109
1259	3.943338381314109
1260	3.943338381314109
1261	3.780945382318303
1262	3.780945382318303
1263	3.780945382318303
1264	3.780945382318303
1265	3.9160136450803926
1266	3.9160136450803926
1267	3.9160136450803926
1268	3.9160136450803926
1269	4.088445466817899
1270	4.088445466817899
1271	4.088445466817899
1272	4.088445466817899
1273	3.2521908833704236
1274	3.2521908833704236
1275	3.2521908833704236
1276	3.2521908833704236
1277	3.6606408786463382
1278	3.6606408786463382
1279	3.6606408786463382
1280	3.6606408786463382
1281	2.316315139137818
1282	2.316315139137818
1283	2.316315139137818
1284	2.316315139137818
1285	2.0593061619765853
1286	2.0593061619765853
1287	2.0593061619765853
1288	2.0593061619765853
1289	2.481753467037683
1290	2.481753467037683
1291	2.481753467037683
1292	2.481753467037683
1293	2.4065754392803513
1294	2.4065754392803513
1295	2.4065754392803513
1296	2.4065754392803513
1297	1.5691086904272518
1298	1.5691086904272518
1299	1.5691086904272518
1300	1.5691086904272518
1301	1.3733859973074303
1302	1.3733859973074303
1303	1.3733859973074303
1304	1.3733859973074303
1305	2.4503134322439406
1306	2.4503134322439406
1307	2.4503134322439406
1308	2.4503134322439406
1309	2.0471405123394066
1310	2.0471405123394066
1311	2.0471405123394066
1312	2.0471405123394066
1313	1.2936733591260392
1314	1.2936733591260392
1315	1.2936733591260392
1316	1.2936733591260392
1317	1.9460832716847158
1318	1.9460832716847158
1319	1.9460832716847158
1320	1.9460832716847158
1321	2.3683205978069046
1322	2.3683205978069046
1323	2.3683205978069046
1324	2.3683205978069046
1325	1.888613417238213
1326	1.888613417238213
1327	1.888613417238213
1328	1.888613417238213
1329	1.7081038431739513
1330	1.7081038431739513
1331	1.7081038431739513
1332	1.7081038431739513
1333	1.7241713489225259
1334	1.7241713489225259
1335	1.7241713489225259
1336	1.7241713489225259
1337	2.5487821505087354
1338	2.5487821505087354
1339	2.5487821505087354
1340	2.5487821505087354
1341	2.5035040103827217
1342	2.5035040103827217
1343	2.5035040103827217
1344	2.5035040103827217
1345	1.2781693202111812
1346	1.2781693202111812
1347	1.2781693202111812
1348	1.2781693202111812
1349	1.9994308856333558
1350	1.9994308856333558
1351	1.9994308856333558
1352	1.9994308856333558
1353	1.8222528934505953
1354	1.8222528934505953
1355	1.8222528934505953
1356	1.8222528934505953
1357	1.8223864590963554
1358	1.8223864590963554
1359	1.8223864590963554
1360	1.8223864590963554
1361	1.773664130389682
1362	1.773664130389682
1363	1.773664130389682
1364	1.773664130389682
1365	1.8805182699914504
1366	1.8805182699914504
1367	1.8805182699914504
1368	1.8805182699914504
1369	1.5087581653494735
1370	1.5087581653494735
1371	1.5087581653494735
1372	1.5087581653494735
1373	1.3014672518895354
1374	1.3014672518895354
1375	1.3014672518895354
1376	1.3014672518895354
1377	1.7034151374075608
1378	1.7034151374075608
1379	1.7034151374075608
1380	1.7034151374075608
1381	1.9877042020934652
1382	1.9877042020934652
1383	1.9877042020934652
1384	1.9877042020934652
1385	2.018361601890364
1386	2.018361601890364
1387	2.018361601890364
1388	2.018361601890364
1389	2.4598768672131084
1390	2.4598768672131084
1391	2.4598768672131084
1392	2.4598768672131084
1393	1.629568127013859
1394	1.629568127013859
1395	1.629568127013859
1396	1.629568127013859
1397	2.0645648259088043
1398	2.0645648259088043
1399	2.0645648259088043
1400	2.0645648259088043
1401	2.5355410440237507
1402	2.5355410440237507
1403	2.5355410440237507
1404	2.5355410440237507
1405	1.6034208888706254
1406	1.6034208888706254
1407	1.6034208888706254
1408	1.6034208888706254
1409	3.17709111643652
1410	3.17709111643652
1411	3.17709111643652
1412	3.17709111643652
1413	4.424262214073094
1414	4.424262214073094
1415	4.424262214073094
1416	4.424262214073094
1417	3.7013969188407803
1418	3.7013969188407803
1419	3.7013969188407803
1420	3.7013969188407803
1421	3.500204405696457
1422	3.500204405696457
1423	3.500204405696457
1424	3.500204405696457
1425	5.6352555423325
1426	5.6352555423325
1427	5.6352555423325
1428	5.6352555423325
1429	4.5654417888687995
1430	4.5654417888687995
1431	4.5654417888687995
1432	4.5654417888687995
1433	3.4345112258161756
1434	3.4345112258161756
1435	3.4345112258161756
1436	3.4345112258161756
1437	3.2283888550230215
1438	3.2283888550230215
1439	3.2283888550230215
1440	3.2283888550230215
1441	2.7363581523919125
1442	2.7363581523919125
1443	2.7363581523919125
1444	2.7363581523919125
1445	4.361747201731984
1446	4.361747201731984
1447	4.361747201731984
1448	4.361747201731984
1449	4.092406262497864
1450	4.092406262497864
1451	4.092406262497864
1452	4.092406262497864
1453	3.4409330966356366
1454	3.4409330966356366
1455	3.4409330966356366
1456	3.4409330966356366
1457	3.3084747570145043
1458	3.3084747570145043
1459	3.3084747570145043
1460	3.3084747570145043
1461	3.339796603215853
1462	3.339796603215853
1463	3.339796603215853
1464	3.339796603215853
1465	3.9016838621581242
1466	3.9016838621581242
1467	3.9016838621581242
1468	3.9016838621581242
1469	4.005466602025992
1470	4.005466602025992
1471	4.005466602025992
1472	4.005466602025992
1473	4.680942650968402
1474	4.680942650968402
1475	4.680942650968402
1476	4.680942650968402
1477	4.287040134550671
1478	4.287040134550671
1479	4.287040134550671
1480	4.287040134550671
1481	4.68637753880382
1482	4.68637753880382
1483	4.68637753880382
1484	4.68637753880382
1485	3.6309178811729614
1486	3.6309178811729614
1487	3.6309178811729614
1488	3.6309178811729614
1489	4.409580545348338
1490	4.409580545348338
1491	4.409580545348338
1492	4.409580545348338
1493	4.57082883259465
1494	4.57082883259465
1495	4.57082883259465
1496	4.57082883259465
1497	3.8002506733430916
1498	3.8002506733430916
1499	3.8002506733430916
1500	3.8002506733430916
1501	3.2681692555576247
1502	3.2681692555576247
1503	3.2681692555576247
1504	3.2681692555576247
1505	4.262368912745845
1506	4.262368912745845
1507	4.262368912745845
1508	4.262368912745845
1509	3.1373367792732187
1510	3.1373367792732187
1511	3.1373367792732187
1512	3.1373367792732187
1513	3.5641290466406637
1514	3.5641290466406637
1515	3.5641290466406637
1516	3.5641290466406637
1517	4.457185803154751
1518	4.457185803154751
1519	4.457185803154751
1520	4.457185803154751
1521	2.995645638754469
1522	2.995645638754469
1523	2.995645638754469
1524	2.995645638754469
1525	4.024685561652152
1526	4.024685561652152
1527	4.024685561652152
1528	4.024685561652152
1529	3.7512666482230257
1530	3.7512666482230257
1531	3.7512666482230257
1532	3.7512666482230257
1533	4.011446039573289
1534	4.011446039573289
1535	4.011446039573289
1536	4.011446039573289
1537	4.354241452934914
1538	4.354241452934914
1539	4.354241452934914
1540	4.354241452934914
1541	4.269625724690875
1542	4.269625724690875
1543	4.269625724690875
1544	4.269625724690875
1545	3.829412520300825
1546	3.829412520300825
1547	3.829412520300825
1548	3.829412520300825
1549	2.878891822292638
1550	2.878891822292638
1551	2.878891822292638
1552	2.878891822292638
1553	2.637571804791946
1554	2.637571804791946
1555	2.637571804791946
1556	2.637571804791946
1557	3.3347995493950107
1558	3.3347995493950107
1559	3.3347995493950107
1560	3.3347995493950107
1561	3.648697951415878
1562	3.648697951415878
1563	3.648697951415878
1564	3.648697951415878
1565	3.2045789834745166
1566	3.2045789834745166
1567	3.2045789834745166
1568	3.2045789834745166
1569	4.210870929595629
1570	4.210870929595629
1571	4.210870929595629
1572	4.210870929595629
1573	3.4909100243064644
1574	3.4909100243064644
1575	3.4909100243064644
1576	3.4909100243064644
1577	3.7839538536434847
1578	3.7839538536434847
1579	3.7839538536434847
1580	3.7839538536434847
1581	3.670776842641646
1582	3.670776842641646
1583	3.670776842641646
1584	3.670776842641646
1585	3.5602075958884525
1586	3.5602075958884525
1587	3.5602075958884525
1588	3.5602075958884525
1589	2.7051688819307103
1590	2.7051688819307103
1591	2.7051688819307103
1592	2.7051688819307103
1593	4.269995992119056
1594	4.269995992119056
1595	4.269995992119056
1596	4.269995992119056
1597	3.9812834721628714
1598	3.9812834721628714
1599	3.9812834721628714
1600	3.9812834721628714
1601	3.4264644027197315
1602	3.4264644027197315
1603	3.4264644027197315
1604	3.4264644027197315
1605	3.9285845369775925
1606	3.9285845369775925
1607	3.9285845369775925
1608	3.9285845369775925
1609	3.4743793320680156
1610	3.4743793320680156
1611	3.4743793320680156
1612	3.4743793320680156
1613	3.4267480601425193
1614	3.4267480601425193
1615	3.4267480601425193
1616	3.4267480601425193
1617	4.030216652408162
1618	4.030216652408162
1619	4.030216652408162
1620	4.030216652408162
1621	5.546033410582228
1622	5.546033410582228
1623	5.546033410582228
1624	5.546033410582228
1625	4.777026756353063
1626	4.777026756353063
1627	4.777026756353063
1628	4.777026756353063
1629	3.2419116619465562
1630	3.2419116619465562
1631	3.2419116619465562
1632	3.2419116619465562
1633	3.6831384139347083
1634	3.6831384139347083
1635	3.6831384139347083
1636	3.6831384139347083
1637	2.9242127978851022
1638	2.9242127978851022
1639	2.9242127978851022
1640	2.9242127978851022
1641	3.119223310318779
1642	3.119223310318779
1643	3.119223310318779
1644	3.119223310318779
1645	4.015850760581928
1646	4.015850760581928
1647	4.015850760581928
1648	4.015850760581928
1649	3.2465225443856656
1650	3.2465225443856656
1651	3.2465225443856656
1652	3.2465225443856656
1653	3.827715634302026
1654	3.827715634302026
1655	3.827715634302026
1656	3.827715634302026
1657	3.1847582938979375
1658	3.1847582938979375
1659	3.1847582938979375
1660	3.1847582938979375
1661	4.114876715824334
1662	4.114876715824334
1663	4.114876715824334
1664	4.114876715824334
1665	4.909901152727899
1666	4.909901152727899
1667	4.909901152727899
1668	4.909901152727899
1669	3.464955957662303
1670	3.464955957662303
1671	3.464955957662303
1672	3.464955957662303
1673	4.353686241723917
1674	4.353686241723917
1675	4.353686241723917
1676	4.353686241723917
1677	3.80723526860535
1678	3.80723526860535
1679	3.80723526860535
1680	3.80723526860535
1681	3.2561489228280918
1682	3.2561489228280918
1683	3.2561489228280918
1684	3.2561489228280918
1685	3.0954770358537935
1686	3.0954770358537935
1687	3.0954770358537935
1688	3.0954770358537935
1689	4.006216739831209
1690	4.006216739831209
1691	4.006216739831209
1692	4.006216739831209
1693	4.397125813486882
1694	4.397125813486882
1695	4.397125813486882
1696	4.397125813486882
1697	4.760665876183255
1698	4.760665876183255
1699	4.760665876183255
1700	4.760665876183255
1701	3.4932901624400876
1702	3.4932901624400876
1703	3.4932901624400876
1704	3.4932901624400876
1705	3.8269093565009333
1706	3.8269093565009333
1707	3.8269093565009333
1708	3.8269093565009333
1709	4.384440452692423
1710	4.384440452692423
1711	4.384440452692423
1712	4.384440452692423
1713	3.070603087040685
1714	3.070603087040685
1715	3.070603087040685
1716	3.070603087040685
1717	3.479777431992299
1718	3.479777431992299
1719	3.479777431992299
1720	3.479777431992299
1721	5.925050320160071
1722	5.925050320160071
1723	5.925050320160071
1724	5.925050320160071
1725	4.194718773584945
1726	4.194718773584945
1727	4.194718773584945
1728	4.194718773584945
1729	4.312577100208818
1730	4.312577100208818
1731	4.312577100208818
1732	4.312577100208818
1733	3.302303059349779
1734	3.302303059349779
1735	3.302303059349779
1736	3.302303059349779
1737	3.5328496007208585
1738	3.5328496007208585
1739	3.5328496007208585
1740	3.5328496007208585
1741	4.509557755104154
1742	4.509557755104154
1743	4.509557755104154
1744	4.509557755104154
1745	4.117555380147937
1746	4.117555380147937
1747	4.117555380147937
1748	4.117555380147937
1749	3.9524308517563855
1750	3.9524308517563855
1751	3.9524308517563855
1752	1.8656963430309832
1753	1.8656963430309832
1754	1.8656963430309832
1755	1.8656963430309832
1756	1.1359940713518677
1757	1.1359940713518677
1758	1.1359940713518677
1759	1.1359940713518677
1760	1.873886869539857
1761	1.873886869539857
1762	1.873886869539857
1763	1.873886869539857
1764	1.4794934824657406
1765	1.4794934824657406
1766	1.4794934824657406
1767	1.4794934824657406
1768	1.1778289607485375
1769	1.1778289607485375
1770	1.1778289607485375
1771	1.1778289607485375
1772	2.183233821657147
1773	2.183233821657147
1774	2.183233821657147
1775	2.183233821657147
1776	1.0875271794633008
1777	1.0875271794633008
1778	1.0875271794633008
1779	1.0875271794633008
1780	1.6883243411962394
1781	1.6883243411962394
1782	1.6883243411962394
1783	1.6883243411962394
1784	1.3102347683564501
1785	1.3102347683564501
1786	1.3102347683564501
1787	1.3102347683564501
1788	1.1526799960587757
1789	1.1526799960587757
1790	1.1526799960587757
1791	1.1526799960587757
1792	1.651817340771676
1793	4.028731565420213
1794	4.028731565420213
1795	4.028731565420213
1796	4.028731565420213
1797	2.8438308944537463
1798	2.8438308944537463
1799	2.8438308944537463
1800	2.8438308944537463
1801	3.7158853653480652
1802	3.7158853653480652
1803	3.7158853653480652
1804	3.7158853653480652
1805	3.8057947060546393
1806	3.8057947060546393
1807	3.8057947060546393
1808	3.8057947060546393
1809	4.479228300942784
1810	4.479228300942784
1811	4.479228300942784
1812	4.479228300942784
1813	4.155174499555483
1814	4.155174499555483
1815	4.155174499555483
1816	4.155174499555483
1817	4.1597600329661795
1818	4.1597600329661795
1819	4.1597600329661795
1820	4.1597600329661795
1821	3.020074038577448
1822	3.020074038577448
1823	3.020074038577448
1824	3.020074038577448
1825	3.749854969201246
1826	3.749854969201246
1827	3.749854969201246
1828	3.749854969201246
1829	4.02047988100626
1830	4.02047988100626
1831	4.02047988100626
1832	4.02047988100626
1833	3.3079699433024197
1834	3.3079699433024197
1835	3.3079699433024197
1836	3.3079699433024197
1837	3.953981328582841
1838	3.953981328582841
1839	3.953981328582841
1840	3.953981328582841
1841	4.492264225144569
1842	4.492264225144569
1843	4.492264225144569
1844	4.492264225144569
1845	4.38762892815408
1846	4.38762892815408
1847	4.38762892815408
1848	4.38762892815408
1849	4.769225974607762
1850	4.769225974607762
1851	4.769225974607762
1852	4.769225974607762
1853	4.384980403782089
1854	4.384980403782089
1855	4.384980403782089
1856	4.384980403782089
1857	2.7203066137499885
1858	2.7203066137499885
1859	2.7203066137499885
1860	2.7203066137499885
1861	3.3554610996289065
1862	3.3554610996289065
1863	3.3554610996289065
1864	3.3554610996289065
1865	3.0175981464657093
1866	3.0175981464657093
1867	3.0175981464657093
1868	3.0175981464657093
1869	4.451683881872066
1870	4.451683881872066
1871	4.451683881872066
1872	4.451683881872066
1873	4.268942512235592
1874	4.268942512235592
1875	4.268942512235592
1876	4.268942512235592
1877	3.627121451732877
1878	3.627121451732877
1879	3.627121451732877
1880	3.627121451732877
1881	3.466606661934086
1882	3.466606661934086
1883	3.466606661934086
1884	3.466606661934086
1885	3.628017649958533
1886	3.628017649958533
1887	3.628017649958533
1888	3.628017649958533
1889	3.655742683897365
1890	3.655742683897365
1891	3.655742683897365
1892	3.655742683897365
1893	3.7831876641720523
1894	3.7831876641720523
1895	3.7831876641720523
1896	3.7831876641720523
1897	5.514188362948797
1898	5.514188362948797
1899	5.514188362948797
1900	5.514188362948797
1901	2.647343413748625
1902	2.647343413748625
1903	2.647343413748625
1904	2.647343413748625
1905	1.7093605349395826
1906	1.7093605349395826
1907	1.7093605349395826
1908	1.7093605349395826
1909	1.9996392749060645
1910	1.9996392749060645
1911	1.9996392749060645
1912	1.9996392749060645
1913	2.816962806093505
1914	2.816962806093505
1915	2.816962806093505
1916	2.816962806093505
1917	2.8121659288747987
1918	2.8121659288747987
1919	2.8121659288747987
1920	2.8121659288747987
1921	1.9650003043480988
1922	1.9650003043480988
1923	1.9650003043480988
1924	1.9650003043480988
1925	3.172702972057678
1926	3.172702972057678
1927	3.172702972057678
1928	3.172702972057678
1929	2.4050461317177017
1930	2.4050461317177017
1931	2.4050461317177017
1932	2.4050461317177017
1933	2.927816693784557
1934	2.927816693784557
1935	2.927816693784557
1936	2.927816693784557
1937	2.1430848319206404
1938	2.1430848319206404
1939	2.1430848319206404
1940	2.1430848319206404
1941	2.359561159303338
1942	2.359561159303338
1943	2.359561159303338
1944	2.359561159303338
1945	3.496837815010794
1946	3.496837815010794
1947	3.496837815010794
1948	3.496837815010794
1949	2.127409665908656
1950	2.127409665908656
1951	2.127409665908656
1952	2.127409665908656
1953	3.037948688401346
1954	3.037948688401346
1955	3.037948688401346
1956	3.037948688401346
1957	2.4427459608355035
1958	2.4427459608355035
1959	2.4427459608355035
1960	2.4427459608355035
1961	2.1055579562197284
1962	2.1055579562197284
1963	2.1055579562197284
1964	2.1055579562197284
1965	3.0630685684938186
1966	3.0630685684938186
1967	3.0630685684938186
1968	3.0630685684938186
1969	3.255460339187178
1970	3.255460339187178
1971	3.255460339187178
1972	3.255460339187178
1973	2.69637146675145
1974	2.69637146675145
1975	2.69637146675145
1976	2.69637146675145
1977	2.422569052003363
1978	2.422569052003363
1979	2.422569052003363
1980	2.422569052003363
1981	2.2412374161857342
1982	2.2412374161857342
1983	2.2412374161857342
1984	2.2412374161857342
1985	2.5801793214528215
1986	2.5801793214528215
1987	2.5801793214528215
1988	2.5801793214528215
1989	2.1813124230969865
1990	2.1813124230969865
1991	2.1813124230969865
1992	2.1813124230969865
1993	2.2190515951750736
1994	2.2190515951750736
1995	2.2190515951750736
1996	2.2190515951750736
1997	2.9683662772199857
1998	2.9683662772199857
1999	2.9683662772199857
