0	4.386277575274979
1	4.386277575274979
2	3.640527263378453
3	3.640527263378453
4	2.3048164974937713
5	2.3048164974937713
6	4.193105249877454
7	4.193105249877454
8	4.739516033128123
9	4.739516033128123
10	4.671406121816455
11	4.671406121816455
12	3.8790134149256836
13	3.8790134149256836
14	5.4914032609162104
15	5.4914032609162104
16	4.8608978490219545
17	4.8608978490219545
18	2.2494276594939184
19	2.2494276594939184
20	7.434511880580444
21	7.434511880580444
22	6.2585343211571915
23	6.2585343211571915
24	4.30597331974991
25	4.30597331974991
26	4.006559996987373
27	4.006559996987373
28	2.728089852579835
29	2.728089852579835
30	4.50372053268894
31	4.50372053268894
32	4.5383670601058705
33	4.5383670601058705
34	2.5066646485936523
35	2.5066646485936523
36	1.1490582240144382
37	1.1490582240144382
38	5.319647079673567
39	5.319647079673567
40	4.00056424225641
41	4.00056424225641
42	4.649679331612373
43	4.649679331612373
44	4.052576898470704
45	4.052576898470704
46	4.078822992821251
47	4.078822992821251
48	2.3941737426335346
49	2.3941737426335346
50	1.7096956222102653
51	1.7096956222102653
52	1.8730606400571543
53	1.8730606400571543
54	1.6577246170683178
55	1.6577246170683178
56	1.6705970313746896
57	1.6705970313746896
58	1.6994421525645766
59	1.6994421525645766
60	1.0014955906716927
61	1.0014955906716927
62	1.3375378925945696
63	1.3375378925945696
64	2.0978461649080726
65	2.0978461649080726
66	1.1284518338685652
67	1.1284518338685652
68	1.6916662705619419
69	1.6916662705619419
70	1.4569409570293415
71	1.4569409570293415
72	1.3916443634107052
73	1.3916443634107052
74	2.1034617801963202
75	2.1034617801963202
76	2.335789628487163
77	2.335789628487163
78	2.517521122942565
79	2.517521122942565
80	1.1516152517783582
81	1.1516152517783582
82	1.355096369398536
83	3.5316216569090635
84	3.5316216569090635
85	2.8641174647852106
86	2.8641174647852106
87	3.300579785285165
88	3.300579785285165
89	5.07136539496395
90	5.07136539496395
91	4.866910771294794
92	4.866910771294794
93	3.730902937580216
94	3.730902937580216
95	3.922541878729582
96	3.922541878729582
97	4.249095022339359
98	4.249095022339359
99	2.500641131813608
100	2.500641131813608
101	4.373845406952665
102	4.373845406952665
103	4.480000927322186
104	4.480000927322186
105	3.2458257630897625
106	3.2458257630897625
107	4.171802032995742
108	4.171802032995742
109	6.3268586822739366
110	3.013375181313859
111	3.013375181313859
112	2.1621153309973513
113	2.1621153309973513
114	3.944176617672871
115	3.944176617672871
116	2.8819529320637223
117	2.8819529320637223
118	2.5278856323081698
119	2.5278856323081698
120	2.2272469680252764
121	2.2272469680252764
122	2.291607549500357
123	2.291607549500357
124	1.725692547658185
125	1.725692547658185
126	2.821684425243492
127	2.821684425243492
128	1.9457505606255356
129	1.9457505606255356
130	2.158314122166643
131	2.158314122166643
132	3.868846976638068
133	3.868846976638068
134	1.9704650396767638
135	1.9704650396767638
136	2.435228076727956
137	2.435228076727956
138	1.731484367687768
139	1.731484367687768
140	3.04423678821881
141	3.04423678821881
142	3.3728459566737747
143	3.3728459566737747
144	2.3035280236214652
145	2.3035280236214652
146	1.8623103713495475
147	1.8623103713495475
148	3.541139021457147
149	3.541139021457147
150	2.7706774733136132
151	2.7706774733136132
152	1.488896666174481
153	1.488896666174481
154	2.7703537116911985
155	2.7703537116911985
156	1.7825685463041308
157	1.7825685463041308
158	3.48952520532671
159	3.48952520532671
160	2.9026404752926647
161	2.9026404752926647
162	2.314176845089564
163	2.314176845089564
164	2.6588667211606842
165	2.6588667211606842
166	3.14781196642749
167	3.14781196642749
168	2.363752324918959
169	2.363752324918959
170	2.176644644651491
171	2.176644644651491
172	2.968118805392043
173	2.968118805392043
174	2.294487900606047
175	2.294487900606047
176	1.342569301873344
177	1.342569301873344
178	3.4227869703084504
179	3.4227869703084504
180	2.314910896999006
181	2.314910896999006
182	2.832505746118346
183	2.832505746118346
184	2.302055547622543
185	2.302055547622543
186	1.6758647491849814
187	1.6758647491849814
188	2.2304203009346013
189	2.2304203009346013
190	3.5905755091448848
191	3.5905755091448848
192	2.017649219860552
193	2.017649219860552
194	5.264303528188005
195	5.264303528188005
196	2.3626495367186893
197	2.3626495367186893
198	3.5169175067500396
199	3.5169175067500396
200	4.3862920031237955
201	4.3862920031237955
202	5.637567739655815
203	5.637567739655815
204	6.424267230668948
205	6.424267230668948
206	3.983329931318024
207	3.983329931318024
208	5.5691659084436855
209	5.5691659084436855
210	2.590820112675253
211	2.590820112675253
212	4.74509876620042
213	4.74509876620042
214	4.005729481887436
215	4.005729481887436
216	4.633340425846148
217	4.633340425846148
218	3.2231652331257576
219	3.2231652331257576
220	3.290993537833354
221	3.290993537833354
222	3.2976860793857856
223	3.2976860793857856
224	6.3397316860407855
225	6.3397316860407855
226	6.9393093556787715
227	6.9393093556787715
228	5.1314852666945425
229	5.1314852666945425
230	5.763183854421266
231	5.763183854421266
232	4.645683808688709
233	4.645683808688709
234	2.392086451375114
235	2.392086451375114
236	2.904255443231259
237	2.904255443231259
238	4.170336489141745
239	4.170336489141745
240	3.497695308059859
241	3.497695308059859
242	1.3043279386667699
243	1.3043279386667699
244	3.7776515180484953
245	3.7776515180484953
246	3.914464102297898
247	3.914464102297898
248	3.932803139037106
249	3.932803139037106
250	2.698864135739961
251	2.698864135739961
252	1.5146309359137042
253	1.5146309359137042
254	1.8863178357411947
255	1.8863178357411947
256	4.695210961034869
257	4.695210961034869
258	3.2610624807992012
259	3.2610624807992012
260	3.1865605267591777
261	3.1865605267591777
262	4.582342052692671
263	4.582342052692671
264	3.772847012522777
265	3.772847012522777
266	3.1463723973666795
267	3.1463723973666795
268	3.3997478772865968
269	3.3997478772865968
270	3.9917141078422773
271	3.9917141078422773
272	2.7832242322028193
273	2.7832242322028193
274	3.0169652367608184
275	3.0169652367608184
276	3.688221974521199
277	3.688221974521199
278	4.218912602268269
279	4.218912602268269
280	2.3943665801946676
281	2.3943665801946676
282	3.288381663110306
283	3.288381663110306
284	4.602105391128648
285	4.602105391128648
286	3.1766983354804017
287	3.1766983354804017
288	4.408039024121401
289	4.408039024121401
290	3.6060171425558183
291	3.6060171425558183
292	2.010726898376622
293	2.010726898376622
294	3.3518710188158694
295	3.3518710188158694
296	3.752098331268902
297	3.752098331268902
298	3.228035834696426
299	3.228035834696426
300	3.2854160784412563
301	3.2854160784412563
302	1.5924326370335211
303	1.5924326370335211
304	3.3730512780411366
305	3.3730512780411366
306	1.8880495217538518
307	1.8880495217538518
308	3.3369478742855554
309	3.3369478742855554
310	2.7282004594496576
311	2.7282004594496576
312	3.5471419376222126
313	3.5471419376222126
314	3.0295323581818305
315	3.0295323581818305
316	3.8694315482210966
317	3.8694315482210966
318	3.7837917157683214
319	3.7837917157683214
320	3.5886168248763326
321	3.5886168248763326
322	2.807513136727266
323	2.807513136727266
324	2.538167959501159
325	2.538167959501159
326	3.5406317095664
327	3.5406317095664
328	2.4992444762040704
329	2.4992444762040704
330	4.114981356934983
331	4.114981356934983
332	4.456451913553334
333	4.456451913553334
334	2.36496292882985
335	2.36496292882985
336	3.246076903298466
337	3.246076903298466
338	3.2521294922359574
339	3.2521294922359574
340	4.83891005468353
341	4.83891005468353
342	2.454820661127976
343	2.454820661127976
344	3.649073488917008
345	3.649073488917008
346	2.4238145190694365
347	2.4238145190694365
348	4.739630620155858
349	4.739630620155858
350	4.777627727363617
351	4.777627727363617
352	3.563707181631723
353	3.563707181631723
354	3.6973041103339366
355	3.6973041103339366
356	5.6936001511388366
357	5.6936001511388366
358	3.65005037544492
359	3.65005037544492
360	3.363538458020429
361	3.363538458020429
362	4.661181864067035
363	4.661181864067035
364	2.9047094876352224
365	2.9047094876352224
366	2.744719739976955
367	2.744719739976955
368	2.8433170403103656
369	2.8433170403103656
370	4.2411695032721255
371	4.2411695032721255
372	4.141216730515822
373	4.141216730515822
374	3.8846659782660122
375	3.8846659782660122
376	2.0811202585465014
377	2.0811202585465014
378	2.9764708435194605
379	2.9764708435194605
380	3.027573593662984
381	3.027573593662984
382	3.12324664043183
383	3.12324664043183
384	1.9061039479789188
385	1.9061039479789188
386	2.7269588193515655
387	2.7269588193515655
388	4.00448803418848
389	4.00448803418848
390	3.153340562819076
391	3.153340562819076
392	3.124391494638896
393	3.124391494638896
394	3.5788066652882433
395	3.5788066652882433
396	2.5002060423429615
397	2.5002060423429615
398	4.455243918414963
399	4.455243918414963
400	4.293349709879328
401	4.293349709879328
402	2.9141708620685876
403	2.9141708620685876
404	4.1212591354261345
405	4.1212591354261345
406	3.725725146774551
407	3.725725146774551
408	3.6144113188167997
409	3.6144113188167997
410	3.4210710962884296
411	3.4210710962884296
412	2.5579901283409567
413	2.5579901283409567
414	2.8340829287531193
415	2.8340829287531193
416	2.6600183109382534
417	2.6600183109382534
418	3.8005786714772243
419	3.8005786714772243
420	4.358501652192987
421	4.358501652192987
422	3.4153143746809955
423	3.4153143746809955
424	2.303076934669652
425	2.303076934669652
426	3.078501988565713
427	3.078501988565713
428	4.42137306739582
429	4.42137306739582
430	3.421341362035168
431	3.421341362035168
432	1.1852453951266901
433	1.1852453951266901
434	3.36273319669063
435	3.36273319669063
436	1.8196393171276497
437	1.8196393171276497
438	3.8803061268860572
439	3.8803061268860572
440	2.847890299117369
441	2.847890299117369
442	1.588244925757683
443	1.588244925757683
444	1.4794605265736398
445	1.4794605265736398
446	3.4380490479047014
447	3.4380490479047014
448	3.0303131110313988
449	3.0303131110313988
450	3.462338779351769
451	3.462338779351769
452	2.6857652433988464
453	2.6857652433988464
454	2.919937544003798
455	2.919937544003798
456	5.01861299779718
457	5.01861299779718
458	2.629677465468963
459	2.629677465468963
460	2.817641991164602
461	2.817641991164602
462	4.172056815644121
463	4.172056815644121
464	5.17952613704354
465	5.17952613704354
466	3.8131015174505505
467	3.8131015174505505
468	2.0629503938499782
469	2.0629503938499782
470	2.781394160349623
471	2.781394160349623
472	4.327037718123738
473	4.327037718123738
474	3.6649340589402164
475	3.6649340589402164
476	2.9341751759774284
477	2.9341751759774284
478	1.2657551925664325
479	1.2657551925664325
480	2.606675098927756
481	2.606675098927756
482	4.362944861140161
483	4.362944861140161
484	3.755413717338718
485	3.755413717338718
486	4.155640356866128
487	4.155640356866128
488	2.173491988853454
489	2.173491988853454
490	2.785673241620361
491	2.785673241620361
492	2.4270867444886073
493	2.4270867444886073
494	2.8324138362711357
495	2.8324138362711357
496	3.3686690204974314
497	3.3686690204974314
498	2.8947654567683268
499	2.8947654567683268
500	5.313845711194888
501	5.313845711194888
502	1.8294183929240175
503	1.8294183929240175
504	4.272551519849541
505	4.272551519849541
506	3.0171943659782063
507	3.0171943659782063
508	3.315378495344533
509	3.315378495344533
510	3.3245343304633024
511	3.3245343304633024
512	4.167966857232354
513	4.167966857232354
514	2.342743118495361
515	2.342743118495361
516	1.7009891226459766
517	1.7009891226459766
518	0.7420444541521665
519	0.7420444541521665
520	1.530898114089546
521	1.530898114089546
522	1.4285328934108186
523	1.4285328934108186
524	1.0201694305225524
525	1.0201694305225524
526	0.9797231675401884
527	0.9797231675401884
528	0.7389149642162157
529	0.7389149642162157
530	1.2557941173789486
531	1.2557941173789486
532	1.1865699009007107
533	1.1865699009007107
534	1.3218323709919082
535	1.3218323709919082
536	1.539162466920728
537	1.539162466920728
538	1.4500470829817211
539	1.4500470829817211
540	1.4761487512846314
541	1.4761487512846314
542	1.5658580436500402
543	1.5658580436500402
544	1.6317744042469604
545	1.6317744042469604
546	1.1432966200244383
547	1.1432966200244383
548	1.4805735395074486
549	1.4805735395074486
550	1.538880926277878
551	1.538880926277878
552	0.8277468264080267
553	0.8277468264080267
554	3.7032328754471173
555	4.178531627247268
556	4.178531627247268
557	4.519844046995844
558	4.519844046995844
559	4.536896732206355
560	4.536896732206355
561	0.7049193249253132
562	0.7049193249253132
563	2.546194485413177
564	2.546194485413177
565	3.570470937111505
566	3.570470937111505
567	3.578428515515446
568	3.578428515515446
569	2.6433833956193262
570	2.6433833956193262
571	2.002020225674249
572	2.002020225674249
573	3.5998101465502756
574	3.5998101465502756
575	4.619001770595409
576	4.619001770595409
577	3.561564768424282
578	3.561564768424282
579	0.8596435530779026
580	0.8596435530779026
581	0.5197402813732105
582	0.5197402813732105
583	0.5251202604152283
584	0.5251202604152283
585	0.696778160136788
586	0.696778160136788
587	0.741842366115383
588	0.741842366115383
589	0.3600219797642029
590	0.3600219797642029
591	0.7856097659586689
592	0.7856097659586689
593	0.8142554735801806
594	0.8142554735801806
595	0.7441741430473983
596	0.7441741430473983
597	0.7150449331007811
598	0.7150449331007811
599	0.6159042643066168
600	0.6159042643066168
601	0.7407760583556725
602	0.7407760583556725
603	0.513140002123363
604	0.513140002123363
605	1.0017044668389286
606	1.0017044668389286
607	0.3293699263821054
608	0.3293699263821054
609	0.7547457870336396
610	0.7547457870336396
611	0.848265050411529
612	0.848265050411529
613	0.8423388613508571
614	0.8423388613508571
615	0.7286864525824455
616	0.7286864525824455
617	0.7176096591507828
618	0.7176096591507828
619	0.942304319224378
620	0.942304319224378
621	0.861957742855215
622	0.861957742855215
623	0.7462202451871067
624	0.7462202451871067
625	0.8247754588874269
626	0.8247754588874269
627	0.7160265756529602
628	0.7160265756529602
629	0.46037798408642605
630	0.46037798408642605
631	0.5040619735698
632	0.5040619735698
633	0.6320972171105197
634	0.6320972171105197
635	0.739318488066492
636	0.739318488066492
637	0.7152513465958359
638	0.7152513465958359
639	0.7936187963463601
640	0.7936187963463601
641	0.564780477749656
642	0.564780477749656
643	0.5782217512383868
644	0.5782217512383868
645	0.47899021760512306
646	0.47899021760512306
647	0.6415484714630475
648	0.6415484714630475
649	0.7007183976550319
650	0.7007183976550319
651	0.8525276645762329
652	0.8525276645762329
653	0.5992975340981972
654	0.5992975340981972
655	0.7340326001831365
656	0.7340326001831365
657	0.6419679535452486
658	0.6419679535452486
659	0.6755864736776102
660	0.6755864736776102
661	0.40489937622593636
662	0.40489937622593636
663	0.8876260060743281
664	0.8876260060743281
665	0.9735541420621436
666	0.9735541420621436
667	0.28867642773531815
668	0.28867642773531815
669	0.6801236831021957
670	0.6801236831021957
671	0.7329509803208745
672	0.7329509803208745
673	0.5375991908930121
674	0.5375991908930121
675	0.6437782127650953
676	0.6437782127650953
677	0.5298719839470282
678	0.5298719839470282
679	0.2822040991652957
680	0.2822040991652957
681	0.8095164660299885
682	0.8095164660299885
683	0.7526769006285687
684	0.7526769006285687
685	0.8133927629185838
686	0.8133927629185838
687	0.5080975845117753
688	0.5080975845117753
689	0.9949557511195418
690	0.9949557511195418
691	0.2209435897553877
692	0.2209435897553877
693	0.31885332889383217
694	0.31885332889383217
695	0.5875839416417652
696	0.5875839416417652
697	0.6896083148209674
698	0.6896083148209674
699	0.46771123303790707
700	0.46771123303790707
701	0.7089897228730186
702	0.7089897228730186
703	0.9319574337693151
704	0.9319574337693151
705	0.5774767790780903
706	0.5774767790780903
707	0.7943911566321267
708	0.7943911566321267
709	0.7471932984462764
710	0.7471932984462764
711	0.6628759076350899
712	0.6628759076350899
713	0.7209181226666848
714	0.7209181226666848
715	0.5138738550606822
716	0.5138738550606822
717	0.6233806686167142
718	0.6233806686167142
719	0.9703485359272822
720	0.9703485359272822
721	0.5961191345508022
722	3.90856748362231
723	3.90856748362231
724	2.809515668088987
725	2.809515668088987
726	2.7787883335026367
727	2.7787883335026367
728	5.342113513058343
729	5.342113513058343
730	2.7877746572461337
731	2.7877746572461337
732	3.0870549682515636
733	3.0870549682515636
734	2.806962213128826
735	2.806962213128826
736	1.4771040234863608
737	1.4771040234863608
738	4.613793945128013
739	4.613793945128013
740	2.534273255279669
741	2.534273255279669
742	2.8971369953304227
743	2.8971369953304227
744	2.4347364847166326
745	2.4347364847166326
746	2.9463162580258286
747	2.9463162580258286
748	4.162613906768336
749	4.162613906768336
750	2.1409176570459714
751	2.1409176570459714
752	4.645796057301567
753	4.645796057301567
754	3.6193972483303356
755	3.6193972483303356
756	3.533918747048542
757	3.533918747048542
758	4.777101928195281
759	4.777101928195281
760	2.7491192629278016
761	2.7491192629278016
762	3.5294058766749217
763	3.5294058766749217
764	3.3448082800845333
765	3.3448082800845333
766	4.3398978072664445
767	4.3398978072664445
768	2.453721910364356
769	2.453721910364356
770	2.711426961670328
771	2.711426961670328
772	1.140796697334972
773	1.140796697334972
774	0.9987193679722779
775	0.9987193679722779
776	0.4565075539618211
777	0.4565075539618211
778	1.4854860025660868
779	1.4854860025660868
780	0.8009169009283457
781	0.8009169009283457
782	1.0971339443858006
783	1.0971339443858006
784	1.2281304756288034
785	1.2281304756288034
786	1.2975615026111718
787	1.2975615026111718
788	1.1046147884796536
789	1.1046147884796536
790	0.9356352156392548
791	0.9356352156392548
792	0.959302097725254
793	0.959302097725254
794	1.1915413699293118
795	1.1915413699293118
796	1.2126821599266344
797	1.2126821599266344
798	1.2209311747461642
799	1.2209311747461642
800	0.8984305095272551
801	0.8984305095272551
802	1.6343310734345333
803	1.6343310734345333
804	1.343342449832215
805	1.343342449832215
806	0.5119426877334466
807	0.5119426877334466
808	0.5652398289625725
809	0.5652398289625725
810	0.8531529898339365
811	0.8531529898339365
812	1.039725981963471
813	1.039725981963471
814	1.22393199741175
815	1.22393199741175
816	0.9564719319849014
817	0.9564719319849014
818	1.2014199524118034
819	1.2014199524118034
820	1.4722927041399676
821	1.4722927041399676
822	0.9089674007548494
823	0.9089674007548494
824	1.1176320547503351
825	1.1176320547503351
826	0.8119330922120436
827	0.8119330922120436
828	1.549420049158042
829	1.549420049158042
830	0.3914012085579526
831	0.3914012085579526
832	1.1691688759705439
833	1.1691688759705439
834	1.7659345796226025
835	1.7659345796226025
836	0.9372147116138038
837	0.9372147116138038
838	0.7505166585414929
839	0.7505166585414929
840	0.6747338093235535
841	0.6747338093235535
842	1.2208872715302044
843	1.2208872715302044
844	1.3479779971279808
845	1.3479779971279808
846	0.6002966460796916
847	0.6002966460796916
848	1.020518242078422
849	1.020518242078422
850	1.2954716615519246
851	1.2954716615519246
852	1.3113644508767968
853	1.3113644508767968
854	0.6788583769530843
855	0.6788583769530843
856	1.146501003575969
857	1.146501003575969
858	0.9002531554321667
859	0.9002531554321667
860	0.9389487436234933
861	0.9389487436234933
862	1.6264509754466376
863	1.6264509754466376
864	0.806155277695086
865	3.071061365357404
866	3.071061365357404
867	1.5140283612374912
868	1.5140283612374912
869	2.1081292149114947
870	2.1081292149114947
871	2.257543248936443
872	2.257543248936443
873	2.5806047910656424
874	2.5806047910656424
875	2.0774516802676843
876	2.0774516802676843
877	2.5774473536505864
878	2.5774473536505864
879	2.965449665049675
880	2.965449665049675
881	3.420557592700337
882	3.420557592700337
883	1.6368977134941476
884	1.6368977134941476
885	3.0695374640424076
886	3.0695374640424076
887	2.567567223496347
888	2.567567223496347
889	2.4055309804020606
890	4.261621458606134
891	4.261621458606134
892	5.076237057033322
893	5.076237057033322
894	4.621082498994772
895	4.621082498994772
896	4.3649979827139695
897	2.6355739812621093
898	2.6355739812621093
899	2.0117704069428957
900	2.0117704069428957
901	1.4423432990141396
902	1.4423432990141396
903	2.5465078655004914
904	2.5465078655004914
905	2.2007356976657024
906	2.2007356976657024
907	2.340695708085283
908	2.340695708085283
909	2.46086377149457
910	2.46086377149457
911	3.2127909225503117
912	3.2127909225503117
913	1.265256030414256
914	1.265256030414256
915	1.9965273117013704
916	1.9965273117013704
917	2.4639799943149847
918	2.4639799943149847
919	2.721214795143516
920	2.721214795143516
921	2.763454674124517
922	2.763454674124517
923	3.0560915362773864
924	3.0560915362773864
925	1.697967092646038
926	1.697967092646038
927	2.9428466078666426
928	2.9428466078666426
929	3.4078504608380196
930	3.4078504608380196
931	1.6166973347996973
932	1.6166973347996973
933	2.768490942964829
934	2.768490942964829
935	2.8867052413793153
936	2.8867052413793153
937	3.047986913481404
938	3.047986913481404
939	3.739858396387245
940	3.739858396387245
941	4.217739122317214
942	4.217739122317214
943	2.290444156001596
944	2.290444156001596
945	3.632737471443046
946	3.632737471443046
947	2.804396561206122
948	2.804396561206122
949	2.439518399162974
950	2.439518399162974
951	3.798286147973519
952	3.798286147973519
953	2.5527953114021047
954	2.5527953114021047
955	1.0959965191214922
956	1.0959965191214922
957	0.786500474927579
958	0.786500474927579
959	1.2903618293211037
960	1.2903618293211037
961	0.9304428606912227
962	0.9304428606912227
963	1.5187235284323606
964	1.5187235284323606
965	1.2422932325002807
966	1.2422932325002807
967	1.1164119144325269
968	1.1164119144325269
969	1.0965703975105705
970	1.0965703975105705
971	0.9169119255663044
972	0.9169119255663044
973	0.6730016992030776
974	0.6730016992030776
975	1.020483760691425
976	1.020483760691425
977	1.5094155021914748
978	1.5094155021914748
979	1.011972226308837
980	1.011972226308837
981	1.2822059768501406
982	1.2822059768501406
983	1.1976994579116864
984	1.1976994579116864
985	0.7611671643255097
986	0.7611671643255097
987	1.4395646900112526
988	1.4395646900112526
989	0.6992480877587586
990	0.6992480877587586
991	1.073903342260587
992	1.073903342260587
993	0.8551506517326655
994	0.8551506517326655
995	1.0831940318007331
996	1.0831940318007331
997	0.8937325606396395
998	0.8937325606396395
999	1.5434012677316624
1000	1.5434012677316624
1001	0.7912651836152018
1002	0.7912651836152018
1003	0.9731935546800818
1004	0.9731935546800818
1005	1.3493799260565675
1006	1.3493799260565675
1007	1.1609683769645318
1008	1.1609683769645318
1009	1.2315515190985138
1010	1.2315515190985138
1011	0.9730480439970689
1012	0.9730480439970689
1013	1.5826515920024469
1014	1.5826515920024469
1015	1.1440460590515638
1016	1.1440460590515638
1017	0.8705603932999415
1018	0.8705603932999415
1019	0.9097043093282413
1020	0.9097043093282413
1021	0.43157321000408355
1022	0.43157321000408355
1023	1.0939619200131359
1024	1.0939619200131359
1025	0.7134035355877312
1026	0.7134035355877312
1027	0.8208951844358308
1028	0.8208951844358308
1029	1.4939436256960927
1030	1.4939436256960927
1031	1.2823470126048064
1032	1.2823470126048064
1033	0.9892408874673955
1034	0.9892408874673955
1035	1.5223250618488033
1036	1.5223250618488033
1037	1.499320862801596
1038	1.499320862801596
1039	1.0905008641745149
1040	1.0905008641745149
1041	0.9503325231522421
1042	0.9503325231522421
1043	0.761233387376934
1044	0.761233387376934
1045	0.6036113664037377
1046	0.6036113664037377
1047	1.3574325107674254
1048	1.3574325107674254
1049	1.064703590006916
1050	1.064703590006916
1051	1.222560714470754
1052	1.222560714470754
1053	1.1655803807247125
1054	1.1655803807247125
1055	0.5760923913864918
1056	0.5760923913864918
1057	1.2032240906096878
1058	1.2032240906096878
1059	0.3806854053569664
1060	0.3806854053569664
1061	0.728100343909657
1062	0.728100343909657
1063	1.104260080689442
1064	1.104260080689442
1065	1.2267773045610926
1066	1.2267773045610926
1067	1.247208485551348
1068	1.247208485551348
1069	0.9847023212894811
1070	0.2846925572103307
1071	0.2846925572103307
1072	0.18494439782079602
1073	0.18494439782079602
1074	0.1646577344131495
1075	0.1646577344131495
1076	0.25077728060709115
1077	0.25077728060709115
1078	0.27951508435079087
1079	0.27951508435079087
1080	0.1200669983439024
1081	0.1200669983439024
1082	0.13631244186880115
1083	0.13631244186880115
1084	0.3273808969208096
1085	0.3273808969208096
1086	0.23698771158027487
1087	0.23698771158027487
1088	0.15497714728171363
1089	0.15497714728171363
1090	0.19325543801806155
1091	0.19325543801806155
1092	0.1257525417179826
1093	0.1257525417179826
1094	0.23284758422102406
1095	0.23284758422102406
1096	0.20059418985570282
1097	0.20059418985570282
1098	0.23678903135005547
1099	0.23678903135005547
1100	0.22086703784673417
1101	0.22086703784673417
1102	0.13522369416030677
1103	0.13522369416030677
1104	0.1
1105	0.1
1106	0.14207622395367836
1107	0.14207622395367836
1108	0.1564078583672604
1109	0.1564078583672604
1110	0.19549339795250767
1111	0.19549339795250767
1112	0.34120049320740964
1113	0.34120049320740964
1114	0.13441934507364073
1115	0.13441934507364073
1116	0.16609249371010815
1117	0.16609249371010815
1118	0.28837667706545367
1119	0.28837667706545367
1120	0.18954309348772294
1121	0.18954309348772294
1122	0.18463654337622387
1123	0.18463654337622387
1124	0.17061866612321147
1125	0.17061866612321147
1126	0.15705508511062596
1127	0.15705508511062596
1128	0.1971668714532838
1129	0.1971668714532838
1130	0.23114413541727552
1131	0.23114413541727552
1132	0.15668081183366755
1133	0.15668081183366755
1134	0.12779014126104382
1135	0.12779014126104382
1136	0.11030526195024436
1137	0.11030526195024436
1138	0.228754461403195
1139	0.228754461403195
1140	0.29309935483337135
1141	0.29309935483337135
1142	0.13940228853863998
1143	0.13940228853863998
1144	0.31275349206666336
1145	0.31275349206666336
1146	0.22930799261972445
1147	0.22930799261972445
1148	0.2247543117651753
1149	0.2247543117651753
1150	0.241781887488169
1151	0.241781887488169
1152	0.20202190197292116
1153	0.20202190197292116
1154	0.3781987812281806
1155	0.3781987812281806
1156	0.19905360565056338
1157	0.19905360565056338
1158	0.17877365219424804
1159	0.17877365219424804
1160	0.2057359975704595
1161	0.2057359975704595
1162	0.1
1163	1.7968126402373876
1164	1.7968126402373876
1165	2.2389257167888865
1166	2.2389257167888865
1167	2.3651193200718925
1168	2.3651193200718925
1169	2.5354546638659885
1170	2.5354546638659885
1171	2.057736916827937
1172	2.057736916827937
1173	1.592228529606366
1174	1.592228529606366
1175	1.081725788780041
1176	1.081725788780041
1177	1.8817215599016952
1178	1.8817215599016952
1179	1.9794006183418145
1180	1.9794006183418145
1181	1.8874449371079653
1182	1.8874449371079653
1183	1.095942411788614
1184	1.095942411788614
1185	1.4626164697608486
1186	1.4626164697608486
1187	2.0542608095881008
1188	2.0542608095881008
1189	1.4906892272618413
1190	1.4906892272618413
1191	1.32217378006515
1192	1.32217378006515
1193	0.7245630611423065
1194	0.7245630611423065
1195	1.1143603346535012
1196	1.1143603346535012
1197	1.8213989393906238
1198	1.8213989393906238
1199	2.0211943435223865
1200	2.0211943435223865
1201	1.7961830097112585
1202	1.7961830097112585
1203	1.3762839000637037
1204	1.3762839000637037
1205	1.8412594609975321
1206	1.8412594609975321
1207	1.877860245875644
1208	1.877860245875644
1209	1.5838045312005482
1210	1.5838045312005482
1211	1.7947163994881512
1212	1.7947163994881512
1213	0.7323488529519606
1214	0.7323488529519606
1215	1.9441842524019117
1216	1.9441842524019117
1217	1.392787957116332
1218	1.392787957116332
1219	1.2400991212984604
1220	1.2400991212984604
1221	1.8065891646894507
1222	1.8065891646894507
1223	1.4011982314441176
1224	1.4011982314441176
1225	1.119469589897694
1226	1.119469589897694
1227	1.09672339499237
1228	1.09672339499237
1229	2.0209152278217264
1230	2.0209152278217264
1231	2.0036128205705586
1232	2.0036128205705586
1233	1.9961259767339659
1234	1.9961259767339659
1235	1.7713732348733096
1236	1.7713732348733096
1237	1.2196986575404678
1238	1.2196986575404678
1239	0.6975755404803672
1240	0.6975755404803672
1241	2.242606427876343
1242	2.242606427876343
1243	0.7446736880561194
1244	0.7446736880561194
1245	0.6269990687778029
1246	0.6269990687778029
1247	2.6505168855777894
1248	2.6505168855777894
1249	0.6516149988134512
1250	0.6516149988134512
1251	1.8035649014645734
1252	1.8035649014645734
1253	2.351235843070163
1254	2.351235843070163
1255	1.7029552464617381
1256	1.7029552464617381
1257	2.2397678739157083
1258	2.2397678739157083
1259	1.7366915321001155
1260	1.7366915321001155
1261	1.363252280425682
1262	1.363252280425682
1263	1.597674059343291
1264	1.597674059343291
1265	1.4272386785023536
1266	1.4272386785023536
1267	1.9814308490947652
1268	1.9814308490947652
1269	1.7540051923750655
1270	1.7540051923750655
1271	1.3765796254417788
1272	1.3765796254417788
1273	1.511361630437356
1274	1.511361630437356
1275	1.9920265614550627
1276	1.9920265614550627
1277	1.1070181318193106
1278	1.1070181318193106
1279	1.8146340309577345
1280	1.8146340309577345
1281	1.797722218719086
1282	1.797722218719086
1283	1.9088924382763377
1284	1.9088924382763377
1285	1.6650590280302768
1286	1.6650590280302768
1287	2.325260101612568
1288	2.325260101612568
1289	1.2561329379714568
1290	1.2561329379714568
1291	1.382026987127734
1292	1.382026987127734
1293	1.0460760221328125
1294	1.0460760221328125
1295	1.5241184880767527
1296	1.5241184880767527
1297	2.419896763560958
1298	2.419896763560958
1299	1.317346117460229
1300	1.317346117460229
1301	1.8203270505853517
1302	1.8203270505853517
1303	1.9517270540067737
1304	1.9517270540067737
1305	1.4550254807946836
1306	1.4550254807946836
1307	2.099625822049365
1308	2.099625822049365
1309	1.6688677292701999
1310	1.6688677292701999
1311	1.2169110686705826
1312	1.2169110686705826
1313	0.7768336020755914
1314	0.7768336020755914
1315	0.7532680827422009
1316	0.7532680827422009
1317	2.115611070569508
1318	2.115611070569508
1319	1.8213922813096872
1320	1.8213922813096872
1321	2.1866237027797215
1322	2.1866237027797215
1323	0.9222320808751467
1324	0.9222320808751467
1325	2.2641466198238698
1326	2.2641466198238698
1327	1.5929942551742982
1328	1.5929942551742982
1329	1.1586376646283016
1330	1.1586376646283016
1331	1.5992324039627517
1332	1.5992324039627517
1333	1.798163332795197
1334	1.798163332795197
1335	1.5139865354287447
1336	1.5139865354287447
1337	1.9069351257427585
1338	1.9069351257427585
1339	1.367822807819426
1340	1.367822807819426
1341	1.5109822367172094
1342	1.5109822367172094
1343	0.7340464928156408
1344	0.7340464928156408
1345	1.983367686387558
1346	1.983367686387558
1347	1.9529623822585855
1348	1.9529623822585855
1349	0.8626569782219444
1350	0.8626569782219444
1351	0.9677524614443255
1352	0.9677524614443255
1353	1.2493732572475198
1354	1.2493732572475198
1355	1.5930976504570462
1356	1.5930976504570462
1357	1.399830126863517
1358	1.399830126863517
1359	2.22857599030457
1360	2.22857599030457
1361	2.0104355846857818
1362	2.0104355846857818
1363	2.1211811378364205
1364	2.1211811378364205
1365	0.6977385302456336
1366	0.6977385302456336
1367	2.0032735574525047
1368	2.0032735574525047
1369	1.4143663543163412
1370	1.4143663543163412
1371	2.571817595768727
1372	2.571817595768727
1373	1.3152432660983744
1374	1.3152432660983744
1375	1.4916780485866188
1376	1.4916780485866188
1377	1.092120264051423
1378	1.092120264051423
1379	2.0501208039910077
1380	2.0501208039910077
1381	0.9983053746797395
1382	0.9983053746797395
1383	0.9412892966494489
1384	0.9412892966494489
1385	1.8419784393309304
1386	1.8419784393309304
1387	0.963010037959018
1388	0.963010037959018
1389	1.259006740181271
1390	1.259006740181271
1391	1.4422173108659255
1392	0.8932104029974473
1393	0.8932104029974473
1394	0.7937925373139458
1395	0.7937925373139458
1396	2.8861190612893743
1397	2.8861190612893743
1398	5.293885321443842
1399	5.293885321443842
1400	4.430102612846391
1401	4.430102612846391
1402	5.054632887667887
1403	5.054632887667887
1404	3.190393020775031
1405	3.190393020775031
1406	3.451276510122114
1407	3.451276510122114
1408	2.961429422934864
1409	2.961429422934864
1410	4.171787615601421
1411	4.171787615601421
1412	3.069078449115177
1413	3.069078449115177
1414	3.8557468226940976
1415	3.8557468226940976
1416	2.8959810290777064
1417	2.8959810290777064
1418	1.9012250811881515
1419	1.9012250811881515
1420	4.221323606094439
1421	4.221323606094439
1422	3.4973316967224815
1423	3.4973316967224815
1424	4.577471797384693
1425	4.577471797384693
1426	1.5239392028584908
1427	1.5239392028584908
1428	3.8969519554297154
1429	3.8969519554297154
1430	2.733962065929349
1431	2.733962065929349
1432	3.710883241743455
1433	3.710883241743455
1434	4.89912204479071
1435	4.89912204479071
1436	6.647494776273998
1437	6.647494776273998
1438	3.503921970541527
1439	3.503921970541527
1440	1.7406585717126282
1441	1.7406585717126282
1442	4.023543207219707
1443	4.023543207219707
1444	4.4014755891043995
1445	4.4014755891043995
1446	1.4637626459886466
1447	1.4637626459886466
1448	4.122816127160982
1449	4.122816127160982
1450	4.636165304240662
1451	4.636165304240662
1452	2.608582983769302
1453	2.608582983769302
1454	3.3414151138058745
1455	3.3414151138058745
1456	4.536092991342451
1457	4.536092991342451
1458	2.4360662599777863
1459	2.4360662599777863
1460	2.965828649992245
1461	2.965828649992245
1462	6.437362338801744
1463	6.437362338801744
1464	4.3384151689078605
1465	4.3384151689078605
1466	4.19219067090697
1467	1.0343698875970133
1468	1.0343698875970133
1469	2.0041527538534503
1470	2.0041527538534503
1471	1.9240090192826977
1472	1.9240090192826977
1473	1.1141609281587637
1474	1.1141609281587637
1475	1.1255142315273843
1476	1.1255142315273843
1477	1.4117181700756547
1478	1.4117181700756547
1479	2.407665957803865
1480	2.407665957803865
1481	1.4115360595179436
1482	1.4115360595179436
1483	1.7922474224728198
1484	1.7922474224728198
1485	2.6182091907902314
1486	2.6182091907902314
1487	1.2881394280999146
1488	1.2881394280999146
1489	1.3436786687493525
1490	1.3436786687493525
1491	1.5309854717070226
1492	1.5309854717070226
1493	0.6004816291565461
1494	0.6004816291565461
1495	1.9670465096642809
1496	1.9670465096642809
1497	0.7665683586825017
1498	0.7665683586825017
1499	2.0736568405315383
1500	2.0736568405315383
1501	1.7479535681718112
1502	1.7479535681718112
1503	2.0316679569491933
1504	2.0316679569491933
1505	0.8159851358688974
1506	0.8159851358688974
1507	2.2078766829787555
1508	2.2078766829787555
1509	1.4813565135350784
1510	1.4813565135350784
1511	1.6478525227129428
1512	1.6478525227129428
1513	2.1157601197812994
1514	2.1157601197812994
1515	1.3031863078063073
1516	1.3031863078063073
1517	1.4537909898544348
1518	1.4537909898544348
1519	1.01535595989895
1520	1.01535595989895
1521	1.1622397602656536
1522	1.1622397602656536
1523	1.128940734414622
1524	1.128940734414622
1525	2.468349049348844
1526	2.468349049348844
1527	1.947093699643173
1528	1.947093699643173
1529	1.232231129679179
1530	1.232231129679179
1531	1.1062190866362267
1532	1.1062190866362267
1533	1.7477710606315013
1534	1.7477710606315013
1535	1.053251828852022
1536	1.053251828852022
1537	1.5283349658844023
1538	1.5283349658844023
1539	1.9247138669061807
1540	1.9247138669061807
1541	2.0071676481238847
1542	2.0071676481238847
1543	1.6948609540792634
1544	1.6948609540792634
1545	1.1982747062730137
1546	1.1982747062730137
1547	1.8851893559369852
1548	1.8851893559369852
1549	1.3561233609861973
1550	1.3561233609861973
1551	1.2927689978029033
1552	1.2927689978029033
1553	1.840384688189765
1554	1.840384688189765
1555	1.5995291562408793
1556	1.5995291562408793
1557	1.899230010035919
1558	1.899230010035919
1559	2.3338022744416858
1560	2.3338022744416858
1561	1.10310055049479
1562	1.10310055049479
1563	0.5002919741498104
1564	0.5002919741498104
1565	2.0853090578828475
1566	2.0853090578828475
1567	1.4270705837516766
1568	1.4270705837516766
1569	1.299368711951891
1570	1.299368711951891
1571	1.6868795630118567
1572	1.6868795630118567
1573	2.0436348416224153
1574	2.0436348416224153
1575	1.5283063667640056
1576	1.5283063667640056
1577	1.4093207475488703
1578	1.4093207475488703
1579	1.167841559095166
1580	1.167841559095166
1581	1.2745767822499319
1582	1.2745767822499319
1583	0.9380635954132636
1584	0.9380635954132636
1585	1.7035855273532348
1586	1.7035855273532348
1587	1.386028031072353
1588	1.386028031072353
1589	1.8145295474384473
1590	1.8145295474384473
1591	2.275703656401274
1592	2.275703656401274
1593	1.525453192705836
1594	1.525453192705836
1595	1.8597902874286918
1596	1.8597902874286918
1597	0.36105918166660445
1598	0.36105918166660445
1599	1.4890355748038009
1600	1.4890355748038009
1601	1.9179433803192139
1602	1.9179433803192139
1603	2.090285589844404
1604	2.090285589844404
1605	1.878913722516628
1606	1.878913722516628
1607	1.7701466529259182
1608	1.7701466529259182
1609	2.157099050197669
1610	2.157099050197669
1611	1.7580478406865587
1612	1.7580478406865587
1613	0.9959741457854375
1614	0.9959741457854375
1615	2.2760704476479128
1616	2.2760704476479128
1617	0.24294137349461534
1618	0.24294137349461534
1619	0.1763514804245721
1620	0.1763514804245721
1621	0.27724503414903445
1622	0.27724503414903445
1623	0.22900096928143127
1624	0.22900096928143127
1625	0.1826516420263388
1626	0.1826516420263388
1627	0.18241167411426112
1628	0.18241167411426112
1629	0.23487592167679502
1630	0.23487592167679502
1631	0.2218413832651839
1632	0.2218413832651839
1633	0.17506385178692008
1634	0.17506385178692008
1635	0.18196019587912257
1636	0.18196019587912257
1637	0.22409496888084585
1638	0.22409496888084585
1639	0.6129183951035613
1640	0.6129183951035613
1641	0.775720541279562
1642	0.775720541279562
1643	0.7202254420732261
1644	0.7202254420732261
1645	0.6384375154680753
1646	0.6384375154680753
1647	0.5123739123369785
1648	0.5123739123369785
1649	0.9132688716366669
1650	0.9132688716366669
1651	0.6113045350634201
1652	0.6113045350634201
1653	0.6015734136008053
1654	0.6015734136008053
1655	0.5279681919643657
1656	0.5279681919643657
1657	0.7985052021894288
1658	0.7985052021894288
1659	0.49980335615020366
1660	0.49980335615020366
1661	0.7041996404956964
1662	0.7041996404956964
1663	0.8590952108929633
1664	0.8590952108929633
1665	1.0468665599421467
1666	1.0468665599421467
1667	0.1
1668	0.1
1669	0.6016121394321592
1670	0.6016121394321592
1671	0.43600427713407974
1672	0.43600427713407974
1673	0.7545425895510013
1674	0.7545425895510013
1675	0.8191494428315222
1676	0.8191494428315222
1677	0.7436217573823737
1678	0.7436217573823737
1679	0.9077383469528086
1680	0.9077383469528086
1681	0.7964267692955169
1682	0.7964267692955169
1683	0.5368986035971355
1684	0.5368986035971355
1685	0.713405998223453
1686	0.713405998223453
1687	0.5450235167089393
1688	0.5450235167089393
1689	0.4627553034358901
1690	0.4627553034358901
1691	0.7342969821014036
1692	0.7342969821014036
1693	0.6507879061169382
1694	0.6507879061169382
1695	0.30523719857718173
1696	0.30523719857718173
1697	0.5388535561322355
1698	0.5388535561322355
1699	0.7354328225029575
1700	0.7354328225029575
1701	0.6968670047788498
1702	0.6968670047788498
1703	0.9399799025715441
1704	0.9399799025715441
1705	0.776329883928246
1706	0.776329883928246
1707	0.8344102773010508
1708	0.8344102773010508
1709	0.6196934305879649
1710	0.6196934305879649
1711	0.46955633605091185
1712	0.46955633605091185
1713	0.7063197938480238
1714	0.7063197938480238
1715	0.5169802004709929
1716	0.5169802004709929
1717	0.44256563642868474
1718	0.44256563642868474
1719	0.823099257736728
1720	0.823099257736728
1721	0.5146033490506083
1722	0.5146033490506083
1723	0.5738445900091654
1724	0.5738445900091654
1725	0.7272962615313584
1726	0.7272962615313584
1727	0.29469265448468207
1728	0.29469265448468207
1729	0.7646897707817066
1730	0.7646897707817066
1731	0.6638300341951405
1732	0.6638300341951405
1733	0.9838609484504042
1734	0.9838609484504042
1735	0.5009950238212162
1736	0.5009950238212162
1737	0.5317477855375549
1738	0.5317477855375549
1739	0.9110458418128129
1740	0.9110458418128129
1741	0.7667381243562547
1742	0.7667381243562547
1743	0.8242945822865951
1744	0.8242945822865951
1745	0.8714827913142569
1746	0.8714827913142569
1747	0.5324338863375206
1748	0.5324338863375206
1749	0.5837286000792307
1750	0.5837286000792307
1751	0.7117216566199804
1752	0.7117216566199804
1753	0.5073960994361488
1754	0.5073960994361488
1755	0.8492593371760905
1756	0.8492593371760905
1757	0.6093909849350764
1758	0.6093909849350764
1759	0.6813783192422517
1760	0.6813783192422517
1761	0.286040390369327
1762	0.286040390369327
1763	0.8706842415933992
1764	0.8706842415933992
1765	0.41179066963217364
1766	0.41179066963217364
1767	0.8007496650846966
1768	0.8007496650846966
1769	0.6647257973995538
1770	0.6647257973995538
1771	0.6286666918364892
1772	0.6286666918364892
1773	1.923589642830368
1774	1.923589642830368
1775	3.9848335788711378
1776	3.9848335788711378
1777	3.850139548158851
1778	3.850139548158851
1779	3.3512892245607424
1780	3.3512892245607424
1781	3.091393999938519
1782	3.091393999938519
1783	5.097166583886592
1784	5.097166583886592
1785	3.8094105085376744
1786	3.8094105085376744
1787	4.448730212741511
1788	1.2066637277239647
1789	1.2066637277239647
1790	1.012944836728025
1791	1.012944836728025
1792	1.2849449929450518
1793	1.2849449929450518
1794	1.2671112022317295
1795	1.2671112022317295
1796	1.4685418207491785
1797	1.4685418207491785
1798	1.458879704477051
1799	1.458879704477051
1800	0.848845137123617
1801	0.848845137123617
1802	1.3182097520292035
1803	1.3182097520292035
1804	1.5546952938745997
1805	1.5546952938745997
1806	1.4506253263174704
1807	1.4506253263174704
1808	0.5823440413733246
1809	0.5823440413733246
1810	4.780690824845335
1811	4.780690824845335
1812	3.831608358186057
1813	3.831608358186057
1814	3.9400242410071113
1815	3.9400242410071113
1816	4.074757766902194
1817	4.074757766902194
1818	2.8675981129718413
1819	2.8675981129718413
1820	2.2921400526454914
1821	2.2921400526454914
1822	2.9387239241017395
1823	2.9387239241017395
1824	3.9975618883403388
1825	3.9975618883403388
1826	4.652143814215346
1827	4.652143814215346
1828	3.5111172569244866
1829	3.5111172569244866
1830	2.9325901915002097
1831	2.9325901915002097
1832	1.4897868507497805
1833	1.4897868507497805
1834	4.575042787679287
1835	4.575042787679287
1836	3.1171983957234115
1837	3.1171983957234115
1838	1.9974850730704388
1839	1.9974850730704388
1840	3.4056391582982686
1841	3.4056391582982686
1842	4.637211175544025
1843	4.637211175544025
1844	3.1048098408829055
1845	3.1048098408829055
1846	4.316870126621393
1847	4.316870126621393
1848	2.7172225223681714
1849	2.7172225223681714
1850	5.123415690677326
1851	5.123415690677326
1852	2.2675901775917966
1853	2.2675901775917966
1854	3.0075022692169595
1855	6.054393504843046
1856	6.054393504843046
1857	4.721720553906197
1858	4.721720553906197
1859	1.9223830377938542
1860	1.9223830377938542
1861	6.972285160439718
1862	6.972285160439718
1863	5.78596492802984
1864	5.78596492802984
1865	3.1843814743033834
1866	3.1843814743033834
1867	5.309334774610614
1868	5.309334774610614
1869	3.562939534684986
1870	3.562939534684986
1871	5.972181373261732
1872	5.972181373261732
1873	4.719363503646834
1874	4.719363503646834
1875	4.259144278122422
1876	4.259144278122422
1877	2.6976657700504143
1878	2.6976657700504143
1879	4.134771402580421
1880	4.134771402580421
1881	3.464888113681001
1882	3.464888113681001
1883	3.112213468583623
1884	3.112213468583623
1885	5.024634006457442
1886	5.024634006457442
1887	4.24964238610443
1888	4.24964238610443
1889	5.193590072160848
1890	5.193590072160848
1891	3.571522156540076
1892	3.571522156540076
1893	5.330441404614091
1894	5.330441404614091
1895	4.664317102667131
1896	4.664317102667131
1897	4.774219027127386
1898	4.774219027127386
1899	3.749575955986985
1900	3.749575955986985
1901	5.284242029372766
1902	5.284242029372766
1903	4.1069091693947195
1904	4.1069091693947195
1905	4.694798026214856
1906	4.694798026214856
1907	5.395967094689849
1908	5.395967094689849
1909	3.438210718966328
1910	3.438210718966328
1911	2.683553259260938
1912	1.123020509184949
1913	1.123020509184949
1914	1.4113940303094137
1915	1.4113940303094137
1916	1.390213291635637
1917	1.390213291635637
1918	1.122088765868417
1919	1.122088765868417
1920	1.001848305020282
1921	1.001848305020282
1922	1.3557140785532544
1923	1.3557140785532544
1924	1.5338836304587713
1925	1.5338836304587713
1926	1.143592822694443
1927	1.143592822694443
1928	1.1613141273908683
1929	1.1613141273908683
1930	0.9856745674171064
1931	0.9856745674171064
1932	0.9110084252907943
1933	0.9110084252907943
1934	1.1996466656221707
1935	1.1996466656221707
1936	1.0046590789167895
1937	1.0046590789167895
1938	1.4344496687446577
1939	2.81197757092515
1940	2.81197757092515
1941	2.3753052253997544
1942	2.3753052253997544
1943	4.314933080731377
1944	4.314933080731377
1945	3.0270830569604152
1946	3.0270830569604152
1947	3.5359236977419934
1948	3.5359236977419934
1949	2.89659297516843
1950	2.89659297516843
1951	3.13933396871367
1952	3.13933396871367
1953	4.079216343102683
1954	4.079216343102683
1955	1.185528184261543
1956	1.185528184261543
1957	3.4953719750984398
1958	3.4953719750984398
1959	2.8487312581351
1960	2.8487312581351
1961	0.7172583540431452
1962	0.7172583540431452
1963	2.594654895777103
1964	2.594654895777103
1965	2.703460684515613
1966	2.703460684515613
1967	3.3017213483201076
1968	3.3017213483201076
1969	2.0260697299663373
1970	2.0260697299663373
1971	2.3361689335708324
1972	2.3361689335708324
1973	2.027299974251606
1974	2.027299974251606
1975	1.8753751280500448
1976	1.8753751280500448
1977	2.727184558254885
1978	2.727184558254885
1979	2.4906613899323977
1980	2.4906613899323977
1981	3.533503384528781
1982	3.533503384528781
1983	2.701739994115403
1984	2.701739994115403
1985	3.019634232584491
1986	3.019634232584491
1987	2.372636289505701
1988	2.372636289505701
1989	1.4874212272131797
1990	1.4874212272131797
1991	1.4743178665478702
1992	1.4743178665478702
1993	2.5536012152094894
1994	2.5536012152094894
1995	2.803829726013075
1996	2.803829726013075
1997	1.6536158528517673
1998	1.6536158528517673
1999	1.8881972149342068
