0	4.7502322790344875
1	4.7502322790344875
2	4.7502322790344875
3	5.751248110943209
4	5.751248110943209
5	5.751248110943209
6	3.051940085990115
7	3.051940085990115
8	3.051940085990115
9	3.5941305192330293
10	3.5941305192330293
11	1.9444058569935756
12	3.8711523566796133
13	3.8711523566796133
14	3.8711523566796133
15	3.9801877621718647
16	3.9801877621718647
17	3.9801877621718647
18	2.835713762814901
19	2.835713762814901
20	2.835713762814901
21	5.29479135601448
22	5.29479135601448
23	5.29479135601448
24	5.494956253046278
25	5.494956253046278
26	5.494956253046278
27	4.64280669056987
28	4.64280669056987
29	4.64280669056987
30	6.567899095136106
31	6.567899095136106
32	6.567899095136106
33	4.997576634219899
34	4.997576634219899
35	4.997576634219899
36	3.78081412779566
37	3.78081412779566
38	3.78081412779566
39	3.8550439353845
40	3.8550439353845
41	3.8550439353845
42	3.0004158092461095
43	3.0004158092461095
44	3.0004158092461095
45	4.173447621265453
46	4.173447621265453
47	4.173447621265453
48	4.039468365509328
49	4.039468365509328
50	4.039468365509328
51	4.039179654401652
52	4.039179654401652
53	4.039179654401652
54	4.132338026016116
55	4.132338026016116
56	4.132338026016116
57	3.7882099735828834
58	3.7882099735828834
59	3.7882099735828834
60	4.902439013199211
61	4.902439013199211
62	4.902439013199211
63	4.753984378806739
64	4.753984378806739
65	4.753984378806739
66	4.943205011630277
67	4.943205011630277
68	4.943205011630277
69	3.362677736204156
70	3.362677736204156
71	3.362677736204156
72	4.475572018152982
73	4.475572018152982
74	4.475572018152982
75	5.183937540059592
76	5.183937540059592
77	5.183937540059592
78	5.1174777134593015
79	5.1174777134593015
80	5.1174777134593015
81	4.352453020571916
82	4.352453020571916
83	4.352453020571916
84	5.545359107544563
85	5.545359107544563
86	5.545359107544563
87	4.373908463767239
88	4.373908463767239
89	4.373908463767239
90	5.222564506090781
91	5.222564506090781
92	5.222564506090781
93	5.786029200343347
94	5.786029200343347
95	5.786029200343347
96	4.7395257584824675
97	4.7395257584824675
98	4.7395257584824675
99	4.068821223133534
100	4.068821223133534
101	4.068821223133534
102	4.492925376850011
103	4.492925376850011
104	4.492925376850011
105	3.4263141623490907
106	3.4263141623490907
107	3.4263141623490907
108	5.0358156092178
109	5.0358156092178
110	5.0358156092178
111	3.2224858175859357
112	3.2224858175859357
113	3.2224858175859357
114	2.085958799632104
115	2.085958799632104
116	2.085958799632104
117	4.866865942543813
118	4.866865942543813
119	4.866865942543813
120	5.543708862008628
121	5.543708862008628
122	5.543708862008628
123	4.383864378446169
124	4.383864378446169
125	4.383864378446169
126	2.910778937742471
127	2.910778937742471
128	2.910778937742471
129	4.782502954202349
130	4.782502954202349
131	4.782502954202349
132	4.072979125455075
133	4.072979125455075
134	4.072979125455075
135	4.259970792427915
136	4.259970792427915
137	4.259970792427915
138	3.518067302354973
139	3.518067302354973
140	3.518067302354973
141	5.145052362123705
142	5.145052362123705
143	5.145052362123705
144	4.964735493626036
145	4.964735493626036
146	4.964735493626036
147	5.046214696957199
148	5.046214696957199
149	5.046214696957199
150	4.247218802884207
151	4.247218802884207
152	4.247218802884207
153	4.308390802395343
154	4.308390802395343
155	4.308390802395343
156	5.89129452912503
157	5.89129452912503
158	5.89129452912503
159	3.335553810702492
160	3.335553810702492
161	3.335553810702492
162	5.718898424826588
163	5.718898424826588
164	5.718898424826588
165	4.858812326744701
166	4.858812326744701
167	2.6079892121649855
168	2.6079892121649855
169	2.6079892121649855
170	3.941982726779775
171	3.941982726779775
172	3.941982726779775
173	1.3048654823885166
174	1.3048654823885166
175	1.3048654823885166
176	3.6558326407960493
177	3.6558326407960493
178	3.6558326407960493
179	3.59538470562252
180	3.59538470562252
181	3.59538470562252
182	1.8032253347253653
183	1.8032253347253653
184	1.8032253347253653
185	4.094430472940824
186	4.094430472940824
187	4.094430472940824
188	4.073210841759705
189	4.073210841759705
190	4.073210841759705
191	3.221741396659397
192	3.221741396659397
193	3.221741396659397
194	3.548972933930317
195	3.548972933930317
196	3.548972933930317
197	2.7348918003723566
198	2.7348918003723566
199	2.7348918003723566
200	3.538384892035832
201	3.538384892035832
202	3.538384892035832
203	4.455414262108946
204	4.455414262108946
205	4.455414262108946
206	4.244364591714216
207	4.244364591714216
208	4.244364591714216
209	3.406941092753606
210	3.406941092753606
211	3.406941092753606
212	3.2104190942620736
213	3.2104190942620736
214	3.2104190942620736
215	4.217311166676647
216	4.217311166676647
217	4.217311166676647
218	3.982716524739975
219	3.982716524739975
220	3.982716524739975
221	4.225842642157622
222	4.225842642157622
223	4.225842642157622
224	2.374151120131237
225	2.374151120131237
226	2.374151120131237
227	4.626337882748506
228	4.626337882748506
229	4.626337882748506
230	4.6519229906008
231	4.6519229906008
232	4.6519229906008
233	4.101914023981699
234	4.101914023981699
235	4.101914023981699
236	3.7010440764180133
237	3.7010440764180133
238	3.7010440764180133
239	2.6425978027365837
240	2.6425978027365837
241	1.2709353200376377
242	1.2709353200376377
243	1.2709353200376377
244	2.0750737341582597
245	2.0750737341582597
246	2.0750737341582597
247	1.557513276197438
248	1.557513276197438
249	1.557513276197438
250	2.107963073841417
251	2.107963073841417
252	2.107963073841417
253	1.5576487418424414
254	1.5576487418424414
255	1.5576487418424414
256	1.2179979127249334
257	1.2179979127249334
258	1.2179979127249334
259	2.2059675068119278
260	2.2059675068119278
261	2.2059675068119278
262	1.2542255232793509
263	1.2542255232793509
264	1.2542255232793509
265	1.3799051577508676
266	1.3799051577508676
267	1.3799051577508676
268	1.0257508038345908
269	1.0257508038345908
270	1.0257508038345908
271	1.4235706889533661
272	1.4235706889533661
273	1.4235706889533661
274	1.0857098961144978
275	1.0857098961144978
276	1.0857098961144978
277	0.8273790513686405
278	0.8273790513686405
279	2.1031659938847973
280	2.1031659938847973
281	2.1031659938847973
282	1.6177865567726752
283	1.6177865567726752
284	1.6177865567726752
285	2.1017125888253667
286	2.1017125888253667
287	2.1017125888253667
288	2.6922322403864882
289	2.6922322403864882
290	2.6922322403864882
291	2.3600489041558825
292	2.3600489041558825
293	2.3600489041558825
294	1.8376526714782238
295	1.8376526714782238
296	4.235713316321888
297	4.235713316321888
298	4.235713316321888
299	3.120385444617613
300	3.120385444617613
301	3.120385444617613
302	3.1606168536383468
303	3.1606168536383468
304	3.1606168536383468
305	4.645116405762768
306	4.645116405762768
307	4.645116405762768
308	4.099141839893516
309	4.099141839893516
310	4.099141839893516
311	3.6805278286199896
312	3.6805278286199896
313	3.6805278286199896
314	3.087812142182175
315	3.087812142182175
316	3.087812142182175
317	3.366567025741791
318	3.366567025741791
319	3.366567025741791
320	3.3743441820783886
321	1.5787270295111047
322	1.5787270295111047
323	1.5787270295111047
324	1.1949560938921038
325	1.1949560938921038
326	1.1949560938921038
327	1.2412651373986252
328	1.2412651373986252
329	1.2412651373986252
330	1.5737223123112425
331	1.5737223123112425
332	3.3971454648679207
333	3.3971454648679207
334	3.3971454648679207
335	2.8071164892031355
336	2.8071164892031355
337	2.8071164892031355
338	3.1502176738132617
339	3.1502176738132617
340	3.1502176738132617
341	2.856516494100686
342	2.856516494100686
343	2.856516494100686
344	2.084340367562953
345	2.084340367562953
346	2.084340367562953
347	3.146270257426056
348	3.146270257426056
349	3.146270257426056
350	2.3188993368160116
351	2.3188993368160116
352	2.3188993368160116
353	1.7848677947052827
354	1.7848677947052827
355	1.7848677947052827
356	3.1956199376903873
357	3.1956199376903873
358	3.1956199376903873
359	2.1341371740028774
360	2.1341371740028774
361	2.1341371740028774
362	2.8997822387594985
363	2.8997822387594985
364	2.8997822387594985
365	3.6729231043867543
366	3.6729231043867543
367	3.6729231043867543
368	2.941433227333596
369	2.941433227333596
370	2.941433227333596
371	2.6676443909147185
372	2.6676443909147185
373	2.6676443909147185
374	2.156665539509324
375	2.156665539509324
376	2.156665539509324
377	1.5808398615444572
378	1.5808398615444572
379	1.5808398615444572
380	1.9173228633635802
381	1.9173228633635802
382	1.9173228633635802
383	2.3613452114025617
384	2.3613452114025617
385	2.3613452114025617
386	2.2891937699126106
387	2.2891937699126106
388	2.2891937699126106
389	1.7923381124608622
390	1.7923381124608622
391	1.7923381124608622
392	1.7488037889811032
393	1.7488037889811032
394	1.7488037889811032
395	2.092706476745014
396	2.092706476745014
397	2.092706476745014
398	2.037436494013196
399	2.037436494013196
400	2.037436494013196
401	2.665267233163415
402	2.665267233163415
403	2.665267233163415
404	2.869756441799397
405	2.869756441799397
406	2.869756441799397
407	1.6512205575926893
408	1.6512205575926893
409	1.6512205575926893
410	2.5970841514574126
411	2.5970841514574126
412	2.5970841514574126
413	1.8760799631502487
414	1.8760799631502487
415	1.8760799631502487
416	1.6928009037247933
417	1.6928009037247933
418	1.6928009037247933
419	1.7835794704707948
420	1.7835794704707948
421	1.7835794704707948
422	1.3455912886222952
423	1.3455912886222952
424	1.3455912886222952
425	1.666848338259353
426	1.666848338259353
427	1.666848338259353
428	1.8874974670951552
429	1.8874974670951552
430	1.8874974670951552
431	2.245593396789263
432	2.252884032903325
433	2.252884032903325
434	2.252884032903325
435	2.719298382558588
436	2.719298382558588
437	2.719298382558588
438	3.1556480446837787
439	3.1556480446837787
440	3.1556480446837787
441	3.04303447810518
442	3.04303447810518
443	3.04303447810518
444	4.60086791689857
445	4.60086791689857
446	4.60086791689857
447	2.353184090256222
448	2.353184090256222
449	2.353184090256222
450	4.058390892393641
451	4.058390892393641
452	4.058390892393641
453	5.078929456058384
454	5.078929456058384
455	5.078929456058384
456	3.306897573338853
457	3.306897573338853
458	3.306897573338853
459	3.1053150437116965
460	3.1053150437116965
461	3.1053150437116965
462	4.122423637523345
463	4.122423637523345
464	4.122423637523345
465	4.630090821805883
466	4.630090821805883
467	4.630090821805883
468	2.9580210465430845
469	2.9580210465430845
470	2.9580210465430845
471	4.8540744730636245
472	4.8540744730636245
473	4.8540744730636245
474	2.810087633773636
475	2.810087633773636
476	2.810087633773636
477	4.88611182481845
478	4.88611182481845
479	4.88611182481845
480	4.149980713368228
481	4.149980713368228
482	4.149980713368228
483	3.01782819180657
484	3.01782819180657
485	3.01782819180657
486	3.1035112581121256
487	3.1035112581121256
488	3.1035112581121256
489	4.110531122653025
490	4.110531122653025
491	4.110531122653025
492	3.9092021449357057
493	3.9092021449357057
494	3.9092021449357057
495	4.386968296136373
496	4.386968296136373
497	4.386968296136373
498	3.816019042639561
499	3.816019042639561
500	3.816019042639561
501	3.45593307103309
502	3.45593307103309
503	3.45593307103309
504	3.411423623396267
505	0.8877708695273163
506	0.8877708695273163
507	0.8877708695273163
508	1.0587635738244914
509	1.0587635738244914
510	1.0587635738244914
511	1.0919639924453823
512	1.0919639924453823
513	1.0919639924453823
514	1.4564644800932725
515	1.4564644800932725
516	1.4564644800932725
517	1.2073767942590878
518	1.2073767942590878
519	1.2073767942590878
520	1.1947719165718376
521	1.1947719165718376
522	1.1947719165718376
523	0.9476361312730315
524	0.9476361312730315
525	0.9476361312730315
526	1.1872750870314956
527	1.1872750870314956
528	1.1872750870314956
529	0.9837736836793353
530	0.9837736836793353
531	0.9837736836793353
532	0.9985485005265304
533	0.9985485005265304
534	0.9985485005265304
535	1.2918776277221253
536	1.2918776277221253
537	1.2918776277221253
538	0.533432632661289
539	0.533432632661289
540	0.533432632661289
541	1.2307507944913103
542	1.2307507944913103
543	1.2307507944913103
544	1.1306396514119348
545	1.1306396514119348
546	1.1306396514119348
547	1.0519498603168673
548	1.0519498603168673
549	1.0519498603168673
550	0.9243864547820314
551	0.9243864547820314
552	0.9243864547820314
553	1.013930125880143
554	1.013930125880143
555	1.013930125880143
556	0.9180017932244096
557	0.9180017932244096
558	0.9180017932244096
559	1.2358741903096226
560	1.2358741903096226
561	1.2358741903096226
562	1.5120184714907232
563	1.5120184714907232
564	1.7879032992305426
565	1.7879032992305426
566	1.7879032992305426
567	2.043936749692133
568	2.043936749692133
569	2.043936749692133
570	2.3296441660252767
571	2.3296441660252767
572	2.3296441660252767
573	2.468214930071314
574	2.468214930071314
575	2.468214930071314
576	3.0042302783741484
577	3.0042302783741484
578	3.0042302783741484
579	1.683456783776093
580	1.683456783776093
581	1.683456783776093
582	3.472175016651498
583	3.472175016651498
584	3.472175016651498
585	2.5942749130167315
586	2.5942749130167315
587	2.5942749130167315
588	2.26775859975047
589	2.26775859975047
590	2.26775859975047
591	1.600838918544912
592	1.600838918544912
593	1.600838918544912
594	1.9905929103389974
595	1.9905929103389974
596	1.9905929103389974
597	2.300319998344167
598	2.300319998344167
599	2.300319998344167
600	2.030753947686642
601	2.030753947686642
602	2.030753947686642
603	3.0604033795258228
604	3.0604033795258228
605	3.0604033795258228
606	3.822103474116208
607	3.822103474116208
608	3.822103474116208
609	3.203214878394424
610	3.203214878394424
611	3.203214878394424
612	3.2694563997638735
613	3.2694563997638735
614	3.2694563997638735
615	4.064776773517383
616	4.064776773517383
617	4.064776773517383
618	3.732192947188642
619	3.732192947188642
620	3.732192947188642
621	4.7428880839831296
622	4.7428880839831296
623	4.7428880839831296
624	3.684036750188295
625	3.684036750188295
626	3.684036750188295
627	3.8757845176283396
628	3.8757845176283396
629	3.8757845176283396
630	2.35127995695856
631	1.0503164873772137
632	1.0503164873772137
633	1.0503164873772137
634	1.2659623376894045
635	1.2659623376894045
636	1.2659623376894045
637	1.9474765655567587
638	1.9474765655567587
639	1.9474765655567587
640	1.0754434187107687
641	1.0754434187107687
642	1.0754434187107687
643	0.8903045623509047
644	0.8903045623509047
645	0.8903045623509047
646	1.1773960182880199
647	1.1773960182880199
648	1.1773960182880199
649	1.405203965038118
650	1.405203965038118
651	1.405203965038118
652	1.1002233428258152
653	1.1002233428258152
654	1.1002233428258152
655	1.0498835517003735
656	1.0498835517003735
657	1.0498835517003735
658	0.991138299315988
659	0.991138299315988
660	0.991138299315988
661	1.1096390327041887
662	1.1096390327041887
663	1.1096390327041887
664	0.7722515692673857
665	0.7722515692673857
666	0.7722515692673857
667	0.7558374676451224
668	0.7558374676451224
669	0.7558374676451224
670	0.6600430872745034
671	0.6600430872745034
672	0.6600430872745034
673	0.7189753705151981
674	0.7189753705151981
675	0.7189753705151981
676	1.1759258842421523
677	1.1759258842421523
678	1.1759258842421523
679	0.8149577349596526
680	0.8149577349596526
681	0.8149577349596526
682	0.643530989308134
683	0.643530989308134
684	0.643530989308134
685	0.6426882346219102
686	0.6426882346219102
687	0.6426882346219102
688	0.928122379715758
689	0.928122379715758
690	0.928122379715758
691	0.7545862786456877
692	0.7545862786456877
693	0.7545862786456877
694	0.5879875336606
695	0.5879875336606
696	0.5879875336606
697	0.8290899344854845
698	0.8290899344854845
699	0.8290899344854845
700	0.6798341353969685
701	0.6798341353969685
702	0.6798341353969685
703	0.49597053609015546
704	0.49597053609015546
705	0.49597053609015546
706	0.5267758900091697
707	0.5267758900091697
708	0.5267758900091697
709	0.7536505632209282
710	0.7536505632209282
711	0.7536505632209282
712	0.7280562229135994
713	0.7280562229135994
714	0.7280562229135994
715	0.6445711257501302
716	0.6445711257501302
717	0.6445711257501302
718	0.4135737113227037
719	0.4135737113227037
720	0.4135737113227037
721	0.697808703991265
722	0.697808703991265
723	0.697808703991265
724	0.5531195439198194
725	0.5531195439198194
726	0.5531195439198194
727	0.7679635709143413
728	0.7679635709143413
729	0.7679635709143413
730	0.638245252946547
731	0.638245252946547
732	0.638245252946547
733	0.6729360713273119
734	0.6729360713273119
735	0.6729360713273119
736	0.7368381535128903
737	0.7368381535128903
738	0.7368381535128903
739	0.6142090924204343
740	0.6142090924204343
741	2.1756442179859814
742	2.1756442179859814
743	2.1756442179859814
744	3.363326335371123
745	3.363326335371123
746	3.363326335371123
747	4.010842978534135
748	4.010842978534135
749	4.010842978534135
750	2.0927703507892774
751	2.0927703507892774
752	2.0927703507892774
753	2.17774504454228
754	2.17774504454228
755	2.17774504454228
756	2.1816964704196513
757	2.1816964704196513
758	2.1816964704196513
759	2.5796008488951077
760	2.5796008488951077
761	2.5796008488951077
762	1.6008750304039154
763	1.6008750304039154
764	1.6008750304039154
765	3.835950381576021
766	3.835950381576021
767	3.568082513296585
768	3.568082513296585
769	3.568082513296585
770	3.658558231004475
771	3.658558231004475
772	3.658558231004475
773	3.0951686568541823
774	3.0951686568541823
775	3.0951686568541823
776	3.816461063516699
777	3.816461063516699
778	3.816461063516699
779	4.691089767749201
780	4.691089767749201
781	4.691089767749201
782	3.0927926086016826
783	3.0927926086016826
784	3.0927926086016826
785	2.593098370312385
786	2.593098370312385
787	2.593098370312385
788	3.919189384770642
789	3.919189384770642
790	3.919189384770642
791	4.292688036259635
792	4.292688036259635
793	4.292688036259635
794	4.781005633080967
795	4.781005633080967
796	4.781005633080967
797	4.043292511105101
798	4.043292511105101
799	4.043292511105101
800	4.5532462713561195
801	4.5532462713561195
802	4.5532462713561195
803	4.002675357654677
804	4.002675357654677
805	4.002675357654677
806	3.498139048119383
807	3.498139048119383
808	3.498139048119383
809	3.8008519155351514
810	3.8008519155351514
811	3.8008519155351514
812	4.182244971647341
813	4.182244971647341
814	4.182244971647341
815	6.4353920408220695
816	6.4353920408220695
817	6.4353920408220695
818	5.221392181743624
819	5.221392181743624
820	5.221392181743624
821	1.5426236352643292
822	1.5426236352643292
823	1.5426236352643292
824	1.8181951569855457
825	1.8181951569855457
826	1.8181951569855457
827	1.5565489890039703
828	1.5565489890039703
829	1.5565489890039703
830	1.3002306569024598
831	1.3002306569024598
832	3.1441406628672715
833	3.1441406628672715
834	3.1441406628672715
835	1.9330823161130382
836	1.9330823161130382
837	1.9330823161130382
838	3.000028714385188
839	3.000028714385188
840	3.000028714385188
841	1.7227061011331775
842	1.7227061011331775
843	1.7227061011331775
844	2.4941861531257468
845	2.4941861531257468
846	2.4941861531257468
847	2.2795579427252006
848	2.2795579427252006
849	2.2795579427252006
850	1.3709899494645532
851	1.3709899494645532
852	1.3709899494645532
853	2.0325529833797824
854	2.0325529833797824
855	2.0325529833797824
856	2.1799512608641853
857	2.1799512608641853
858	2.1799512608641853
859	1.701824054129512
860	1.701824054129512
861	1.701824054129512
862	2.492004068905695
863	2.492004068905695
864	2.492004068905695
865	2.281800581427485
866	2.281800581427485
867	2.281800581427485
868	2.7719092215449614
869	2.7719092215449614
870	2.7719092215449614
871	3.1037715064632656
872	3.1037715064632656
873	3.1037715064632656
874	3.085056091707475
875	3.085056091707475
876	3.085056091707475
877	2.8997472926142813
878	2.8997472926142813
879	2.8997472926142813
880	3.5556366549793603
881	3.5556366549793603
882	3.5556366549793603
883	1.8426184962481065
884	1.8426184962481065
885	1.8426184962481065
886	2.2059559212540685
887	2.2059559212540685
888	2.2059559212540685
889	2.875652431748464
890	2.875652431748464
891	2.875652431748464
892	2.267469178365488
893	2.267469178365488
894	2.267469178365488
895	1.963488516963591
896	1.963488516963591
897	1.963488516963591
898	1.4586145980348748
899	1.4586145980348748
900	1.4586145980348748
901	2.3423984458693723
902	2.3423984458693723
903	2.3423984458693723
904	1.72596462486694
905	1.72596462486694
906	1.72596462486694
907	2.1732826004996904
908	2.1732826004996904
909	2.1732826004996904
910	1.700139000454239
911	1.700139000454239
912	1.700139000454239
913	2.034853833761816
914	2.034853833761816
915	2.034853833761816
916	2.721896112283284
917	2.721896112283284
918	2.721896112283284
919	1.7605728309592132
920	1.7605728309592132
921	1.7605728309592132
922	2.892255325809567
923	2.892255325809567
924	2.892255325809567
925	3.0939565276874625
926	3.0939565276874625
927	3.0939565276874625
928	2.1578893347484613
929	2.1578893347484613
930	2.1578893347484613
931	2.1067161001752455
932	2.1067161001752455
933	2.1067161001752455
934	1.8236482963574039
935	1.8236482963574039
936	1.8236482963574039
937	2.193255756840728
938	2.193255756840728
939	2.193255756840728
940	1.732748108150373
941	1.732748108150373
942	1.732748108150373
943	2.7063904424591674
944	2.7063904424591674
945	2.921558306555864
946	2.921558306555864
947	2.921558306555864
948	2.2358396364335076
949	2.2358396364335076
950	2.2358396364335076
951	3.3690048226999556
952	3.3690048226999556
953	3.3690048226999556
954	3.6158713390586064
955	3.6158713390586064
956	3.6158713390586064
957	2.9953694300479565
958	2.9953694300479565
959	2.9953694300479565
960	2.752105401553433
961	2.752105401553433
962	2.752105401553433
963	2.2230161203932175
964	2.2230161203932175
965	2.2230161203932175
966	2.9213138054232832
967	2.9213138054232832
968	2.9213138054232832
969	2.1469456673014227
970	2.1469456673014227
971	2.1469456673014227
972	2.54025716408824
973	2.54025716408824
974	2.54025716408824
975	2.925327529617334
976	2.925327529617334
977	2.925327529617334
978	1.9467614109048954
979	1.9467614109048954
980	1.9467614109048954
981	3.435708523418227
982	3.435708523418227
983	3.435708523418227
984	1.8970199830759575
985	1.8970199830759575
986	1.8970199830759575
987	2.417898978643873
988	2.417898978643873
989	2.417898978643873
990	2.266623853558872
991	2.266623853558872
992	2.266623853558872
993	2.3400916728583634
994	2.3400916728583634
995	2.3400916728583634
996	3.3409346233395905
997	3.3409346233395905
998	3.3409346233395905
999	3.4227384918148154
1000	3.4227384918148154
1001	3.4227384918148154
1002	1.8766989982656668
1003	1.8766989982656668
1004	1.8766989982656668
1005	2.3505373501234486
1006	2.3505373501234486
1007	2.3505373501234486
1008	1.8788861324112451
1009	1.8788861324112451
1010	1.8788861324112451
1011	1.8655316469298278
1012	1.8655316469298278
1013	1.8655316469298278
1014	2.016371687081824
1015	2.016371687081824
1016	2.016371687081824
1017	1.3900756192158439
1018	1.3900756192158439
1019	1.3900756192158439
1020	3.3607443548630886
1021	3.3607443548630886
1022	3.3607443548630886
1023	3.6856568730523076
1024	3.6856568730523076
1025	3.6856568730523076
1026	4.0615013537395095
1027	4.0615013537395095
1028	4.0615013537395095
1029	3.925152478660918
1030	3.925152478660918
1031	3.925152478660918
1032	4.084381419715291
1033	4.084381419715291
1034	4.084381419715291
1035	3.5709427596532346
1036	3.5709427596532346
1037	3.5709427596532346
1038	3.9250648634477154
1039	3.9250648634477154
1040	3.9250648634477154
1041	1.4600504717197034
1042	1.4600504717197034
1043	1.4600504717197034
1044	1.4876942837647118
1045	1.4876942837647118
1046	1.4876942837647118
1047	1.7071861745497334
1048	1.7071861745497334
1049	1.7071861745497334
1050	1.431533996075437
1051	1.431533996075437
1052	1.431533996075437
1053	1.2882019477740483
1054	1.2882019477740483
1055	1.2882019477740483
1056	1.5862184650579616
1057	1.5862184650579616
1058	1.5862184650579616
1059	2.2001034889721764
1060	2.2001034889721764
1061	2.2001034889721764
1062	0.8177301571578324
1063	0.8177301571578324
1064	0.8177301571578324
1065	1.8297153245642668
1066	1.8297153245642668
1067	1.8297153245642668
1068	1.0076103564882444
1069	1.0076103564882444
1070	2.7961617417653093
1071	2.7961617417653093
1072	2.7961617417653093
1073	2.1552725382945623
1074	2.1552725382945623
1075	2.1552725382945623
1076	2.9437675635830947
1077	2.9437675635830947
1078	2.9437675635830947
1079	2.8272622771421965
1080	2.8272622771421965
1081	2.1907046994253556
1082	2.1907046994253556
1083	2.1907046994253556
1084	1.5263856584048734
1085	1.5263856584048734
1086	1.5263856584048734
1087	3.341071760316537
1088	3.341071760316537
1089	3.341071760316537
1090	2.110234074414815
1091	2.110234074414815
1092	2.110234074414815
1093	2.6121250716502047
1094	2.6121250716502047
1095	2.6121250716502047
1096	2.072724640914293
1097	2.072724640914293
1098	2.072724640914293
1099	1.7705342094606293
1100	1.7705342094606293
1101	1.7705342094606293
1102	3.594591154246765
1103	3.594591154246765
1104	3.594591154246765
1105	2.933891079981728
1106	2.933891079981728
1107	2.933891079981728
1108	3.0156000465070836
1109	3.0156000465070836
1110	3.0156000465070836
1111	2.1571674178352533
1112	2.1571674178352533
1113	2.1571674178352533
1114	3.6621766326929843
1115	3.6621766326929843
1116	3.6621766326929843
1117	2.7883906449467273
1118	2.7883906449467273
1119	2.7883906449467273
1120	4.10007038405716
1121	4.10007038405716
1122	4.10007038405716
1123	2.1792538836261937
1124	2.1792538836261937
1125	2.1792538836261937
1126	3.799790556544853
1127	3.799790556544853
1128	3.799790556544853
1129	2.746412844258294
1130	2.746412844258294
1131	2.746412844258294
1132	3.595848622320178
1133	3.595848622320178
1134	3.595848622320178
1135	2.192847979507515
1136	2.192847979507515
1137	2.192847979507515
1138	3.482130346132089
1139	3.482130346132089
1140	3.482130346132089
1141	2.3790088734706636
1142	2.3790088734706636
1143	2.3790088734706636
1144	2.08865600003718
1145	2.08865600003718
1146	2.08865600003718
1147	3.191246647524006
1148	3.191246647524006
1149	3.191246647524006
1150	3.2810688941193056
1151	3.2810688941193056
1152	3.2810688941193056
1153	2.1152231582183325
1154	2.1152231582183325
1155	2.1152231582183325
1156	4.5211533677537386
1157	4.5211533677537386
1158	4.5211533677537386
1159	3.280457833146511
1160	3.280457833146511
1161	3.280457833146511
1162	3.8858268266540184
1163	3.8858268266540184
1164	3.8858268266540184
1165	2.3773368710787777
1166	2.3773368710787777
1167	2.3773368710787777
1168	2.676368602501679
1169	2.676368602501679
1170	2.676368602501679
1171	2.768169965358131
1172	2.768169965358131
1173	2.768169965358131
1174	2.6742162375880665
1175	2.6742162375880665
1176	2.6742162375880665
1177	3.7482165124579296
1178	3.7482165124579296
1179	3.7482165124579296
1180	2.539016297408213
1181	2.539016297408213
1182	2.539016297408213
1183	2.989441871992427
1184	2.989441871992427
1185	2.989441871992427
1186	2.615552758686791
1187	2.615552758686791
1188	2.615552758686791
1189	3.2799103420460476
1190	3.2799103420460476
1191	3.2799103420460476
1192	3.026046659659313
1193	3.026046659659313
1194	3.026046659659313
1195	3.7112399419113142
1196	3.7112399419113142
1197	3.7112399419113142
1198	3.117309002124005
1199	3.117309002124005
1200	3.117309002124005
1201	3.4974304336618984
1202	3.4974304336618984
1203	3.4974304336618984
1204	1.7985486082934103
1205	1.7985486082934103
1206	2.2615635959202325
1207	2.2615635959202325
1208	2.2615635959202325
1209	3.0771748293420584
1210	3.0771748293420584
1211	3.0771748293420584
1212	2.028193107852988
1213	2.028193107852988
1214	2.028193107852988
1215	1.8569822746412121
1216	1.8569822746412121
1217	1.8569822746412121
1218	2.479265742756967
1219	2.479265742756967
1220	2.479265742756967
1221	1.8229398790266629
1222	1.8229398790266629
1223	1.8229398790266629
1224	3.889585619709594
1225	3.889585619709594
1226	3.889585619709594
1227	2.835224298822634
1228	2.835224298822634
1229	2.835224298822634
1230	1.939796414056123
1231	1.939796414056123
1232	1.939796414056123
1233	2.1220958969917225
1234	2.1220958969917225
1235	2.1220958969917225
1236	3.033017248743202
1237	3.033017248743202
1238	3.033017248743202
1239	3.162929245674353
1240	3.162929245674353
1241	3.162929245674353
1242	1.936622940329757
1243	1.936622940329757
1244	1.936622940329757
1245	2.291091115448678
1246	2.291091115448678
1247	2.291091115448678
1248	2.395408004708431
1249	2.395408004708431
1250	2.395408004708431
1251	2.7193347612814938
1252	2.7193347612814938
1253	2.7193347612814938
1254	2.7340019794364685
1255	2.7340019794364685
1256	2.7340019794364685
1257	3.057352512905266
1258	3.057352512905266
1259	3.057352512905266
1260	2.458212898469613
1261	2.458212898469613
1262	2.458212898469613
1263	3.4115537751464724
1264	3.4115537751464724
1265	3.4115537751464724
1266	2.167244117605043
1267	2.167244117605043
1268	2.167244117605043
1269	2.8797865626258337
1270	2.8797865626258337
1271	2.8797865626258337
1272	1.6711982487354988
1273	1.6711982487354988
1274	1.6711982487354988
1275	2.441005997538227
1276	2.441005997538227
1277	2.441005997538227
1278	1.069710425381921
1279	1.069710425381921
1280	1.069710425381921
1281	3.2050522261200727
1282	3.2050522261200727
1283	3.2050522261200727
1284	1.505605248789081
1285	1.505605248789081
1286	1.505605248789081
1287	2.4828027383235387
1288	2.4828027383235387
1289	2.4828027383235387
1290	2.4127611204446264
1291	2.4127611204446264
1292	2.4127611204446264
1293	2.326729775923182
1294	2.326729775923182
1295	2.326729775923182
1296	2.539743087096302
1297	2.539743087096302
1298	2.539743087096302
1299	2.660053866575538
1300	2.660053866575538
1301	2.660053866575538
1302	3.5552430400878356
1303	3.5552430400878356
1304	3.5552430400878356
1305	1.824309876987765
1306	1.824309876987765
1307	1.824309876987765
1308	2.3148792878994318
1309	2.3148792878994318
1310	2.3148792878994318
1311	2.46912647836149
1312	2.46912647836149
1313	2.46912647836149
1314	2.7555780431932098
1315	2.7555780431932098
1316	2.7555780431932098
1317	1.7225998704925223
1318	1.7225998704925223
1319	1.7225998704925223
1320	2.819551511642252
1321	2.819551511642252
1322	2.819551511642252
1323	1.4541974134967304
1324	1.4541974134967304
1325	1.4541974134967304
1326	2.334789820955991
1327	2.334789820955991
1328	2.334789820955991
1329	1.7509511224047642
1330	1.7509511224047642
1331	1.7509511224047642
1332	2.513956964667429
1333	2.513956964667429
1334	2.513956964667429
1335	2.8156010824914994
1336	2.8156010824914994
1337	2.8156010824914994
1338	2.3523429303429775
1339	2.3523429303429775
1340	2.3523429303429775
1341	2.049106040869912
1342	2.049106040869912
1343	2.049106040869912
1344	1.1701073837936777
1345	1.1701073837936777
1346	1.1701073837936777
1347	2.182891626536745
1348	2.182891626536745
1349	2.182891626536745
1350	2.38227182769897
1351	2.38227182769897
1352	2.38227182769897
1353	1.9322091386242792
1354	1.9322091386242792
1355	1.9322091386242792
1356	2.5826323060034686
1357	2.5826323060034686
1358	2.5826323060034686
1359	2.6007415012534434
1360	2.6007415012534434
1361	2.6007415012534434
1362	1.922747124928304
1363	1.922747124928304
1364	1.922747124928304
1365	2.3620363475845143
1366	2.3620363475845143
1367	2.3620363475845143
1368	0.9853286513318438
1369	0.9853286513318438
1370	0.9853286513318438
1371	1.814451664140918
1372	1.814451664140918
1373	1.814451664140918
1374	2.2888125274411264
1375	2.2888125274411264
1376	2.2888125274411264
1377	3.2010006505959896
1378	3.2010006505959896
1379	3.2010006505959896
1380	2.8654386636825464
1381	2.8654386636825464
1382	2.8654386636825464
1383	2.942814376600906
1384	2.942814376600906
1385	2.942814376600906
1386	2.4552003710464056
1387	2.4552003710464056
1388	2.4552003710464056
1389	1.5176573554645167
1390	1.5176573554645167
1391	1.5176573554645167
1392	1.5321321709912132
1393	1.5321321709912132
1394	1.5321321709912132
1395	1.7073733401432654
1396	1.7073733401432654
1397	1.7073733401432654
1398	1.8310027839318994
1399	1.8310027839318994
1400	1.8310027839318994
1401	1.297711573637862
1402	1.297711573637862
1403	1.297711573637862
1404	1.9252082800453474
1405	1.9252082800453474
1406	1.9252082800453474
1407	1.5483889755520064
1408	1.5483889755520064
1409	1.5483889755520064
1410	1.5414290888845905
1411	1.5414290888845905
1412	1.5414290888845905
1413	1.5093884282298156
1414	1.5093884282298156
1415	1.5093884282298156
1416	2.20644079128892
1417	2.20644079128892
1418	2.20644079128892
1419	1.6823145211686903
1420	1.6823145211686903
1421	1.6823145211686903
1422	1.9278811718472026
1423	1.9278811718472026
1424	1.9278811718472026
1425	1.5058531394428483
1426	1.5058531394428483
1427	1.5058531394428483
1428	1.23754181978227
1429	1.23754181978227
1430	1.23754181978227
1431	2.283475178997566
1432	2.283475178997566
1433	2.283475178997566
1434	1.6167079763023953
1435	1.6167079763023953
1436	1.6167079763023953
1437	1.534607871404549
1438	1.534607871404549
1439	1.534607871404549
1440	2.7667249571212507
1441	2.7667249571212507
1442	2.7667249571212507
1443	1.3339286785036415
1444	1.3339286785036415
1445	1.3339286785036415
1446	1.730239652126369
1447	1.730239652126369
1448	1.730239652126369
1449	2.482578200756712
1450	2.482578200756712
1451	2.482578200756712
1452	1.6790286373960819
1453	1.6790286373960819
1454	1.6790286373960819
1455	2.053547556991385
1456	2.053547556991385
1457	2.053547556991385
1458	2.3134012988317725
1459	2.3134012988317725
1460	2.3134012988317725
1461	2.170917870786739
1462	2.170917870786739
1463	2.170917870786739
1464	2.417071872582509
1465	2.417071872582509
1466	2.417071872582509
1467	1.9032202215176188
1468	1.9032202215176188
1469	1.9032202215176188
1470	2.3184934487411963
1471	2.3184934487411963
1472	2.3184934487411963
1473	1.73512754300926
1474	1.73512754300926
1475	1.73512754300926
1476	1.9788149675588589
1477	1.9788149675588589
1478	1.9788149675588589
1479	2.608433418797996
1480	2.608433418797996
1481	2.608433418797996
1482	1.703910333673262
1483	1.703910333673262
1484	1.703910333673262
1485	2.204243024373507
1486	2.204243024373507
1487	2.204243024373507
1488	1.3591439331269926
1489	1.3591439331269926
1490	1.3591439331269926
1491	1.703625244542641
1492	1.703625244542641
1493	1.703625244542641
1494	2.3092404823556043
1495	2.444164004456681
1496	2.444164004456681
1497	2.444164004456681
1498	1.934133950278711
1499	1.934133950278711
1500	1.934133950278711
1501	3.021963055413641
1502	3.021963055413641
1503	3.021963055413641
1504	2.2818514055492667
1505	2.2818514055492667
1506	2.2818514055492667
1507	2.2606233159369786
1508	2.2606233159369786
1509	2.2606233159369786
1510	1.8837993924525502
1511	1.8837993924525502
1512	1.8837993924525502
1513	1.944173484190962
1514	1.944173484190962
1515	1.944173484190962
1516	3.1834135529444687
1517	3.1834135529444687
1518	3.1834135529444687
1519	2.4825052538983123
1520	2.4825052538983123
1521	2.4825052538983123
1522	2.0419691710925867
1523	2.0419691710925867
1524	2.0419691710925867
1525	2.3692511482901875
1526	2.3692511482901875
1527	2.3692511482901875
1528	1.9807609759010836
1529	1.9807609759010836
1530	1.9807609759010836
1531	2.5317620489799837
1532	2.5317620489799837
1533	2.5317620489799837
1534	2.776786986648602
1535	2.776786986648602
1536	2.776786986648602
1537	3.1830441501437456
1538	3.1830441501437456
1539	3.1830441501437456
1540	2.3468114142303773
1541	2.3468114142303773
1542	2.3468114142303773
1543	2.5160524053443476
1544	2.5160524053443476
1545	2.5160524053443476
1546	2.6112223535465606
1547	2.6112223535465606
1548	2.6112223535465606
1549	2.3826184786636357
1550	2.3826184786636357
1551	2.3826184786636357
1552	3.247241065681358
1553	3.247241065681358
1554	3.247241065681358
1555	3.034166005271548
1556	3.034166005271548
1557	3.034166005271548
1558	1.5396225742997425
1559	1.5396225742997425
1560	1.5396225742997425
1561	1.1874358738464224
1562	1.1874358738464224
1563	1.1874358738464224
1564	1.6373535529560992
1565	1.6373535529560992
1566	1.6373535529560992
1567	1.7891375893070254
1568	1.7891375893070254
1569	1.7891375893070254
1570	2.913845003594744
1571	2.913845003594744
1572	2.913845003594744
1573	2.7724366114058916
1574	2.7724366114058916
1575	2.7724366114058916
1576	3.1436427405449967
1577	3.1436427405449967
1578	3.1436427405449967
1579	4.1091782198412306
1580	4.1091782198412306
1581	4.1091782198412306
1582	4.366795304730632
1583	4.366795304730632
1584	4.366795304730632
1585	4.016455758295324
1586	4.016455758295324
1587	4.016455758295324
1588	3.232864953228286
1589	3.232864953228286
1590	3.232864953228286
1591	3.3617412936434303
1592	3.3617412936434303
1593	3.3617412936434303
1594	4.1346602503018435
1595	4.1346602503018435
1596	4.1346602503018435
1597	3.836514314865138
1598	3.836514314865138
1599	3.836514314865138
1600	5.154744782934372
1601	5.154744782934372
1602	5.154744782934372
1603	3.370115785553062
1604	3.370115785553062
1605	3.370115785553062
1606	4.750550571505337
1607	4.750550571505337
1608	4.750550571505337
1609	3.675866487500226
1610	3.675866487500226
1611	3.675866487500226
1612	2.4626057383148967
1613	2.4626057383148967
1614	2.4626057383148967
1615	0.5218331232573649
1616	0.5218331232573649
1617	0.5218331232573649
1618	0.7343349527310796
1619	0.7343349527310796
1620	0.7343349527310796
1621	0.5232518413715681
1622	0.5232518413715681
1623	0.5232518413715681
1624	0.6419005054385175
1625	0.6419005054385175
1626	0.6419005054385175
1627	0.8882952854761273
1628	0.8882952854761273
1629	0.8882952854761273
1630	0.5883264354474375
1631	0.5883264354474375
1632	0.5883264354474375
1633	0.4559909644193555
1634	0.4559909644193555
1635	0.4559909644193555
1636	0.7715646586373415
1637	0.7715646586373415
1638	0.7715646586373415
1639	0.6822781583487916
1640	0.6822781583487916
1641	0.6822781583487916
1642	0.6004397454506252
1643	0.6004397454506252
1644	0.6004397454506252
1645	0.771001158325291
1646	0.771001158325291
1647	0.771001158325291
1648	0.6299843033659589
1649	0.6299843033659589
1650	0.6299843033659589
1651	0.39196051639853385
1652	0.39196051639853385
1653	0.39196051639853385
1654	0.5231699705650946
1655	0.5231699705650946
1656	0.5231699705650946
1657	0.7277647147165973
1658	0.7277647147165973
1659	0.7277647147165973
1660	0.6278182841528621
1661	0.6278182841528621
1662	0.6278182841528621
1663	0.7101439154410206
1664	0.7101439154410206
1665	0.7101439154410206
1666	0.7411467543757112
1667	0.7411467543757112
1668	0.7411467543757112
1669	0.9288142225551439
1670	0.9288142225551439
1671	0.9288142225551439
1672	0.6209686865724714
1673	0.6209686865724714
1674	0.6209686865724714
1675	0.6896505293836931
1676	0.6896505293836931
1677	0.6896505293836931
1678	0.616453160613573
1679	0.616453160613573
1680	0.616453160613573
1681	0.7744771092789575
1682	0.7744771092789575
1683	0.7744771092789575
1684	0.503146821847
1685	0.503146821847
1686	0.503146821847
1687	0.6388112912927897
1688	0.6388112912927897
1689	0.6388112912927897
1690	0.8581956103303456
1691	0.8581956103303456
1692	0.8581956103303456
1693	0.8139966341275975
1694	0.8139966341275975
1695	0.8139966341275975
1696	0.7147771227736535
1697	0.7147771227736535
1698	0.7147771227736535
1699	0.4659582122078041
1700	0.4659582122078041
1701	0.4659582122078041
1702	1.0385902663097826
1703	1.0385902663097826
1704	1.0385902663097826
1705	0.7497245020232189
1706	0.7497245020232189
1707	0.7497245020232189
1708	0.47411143195609573
1709	0.47411143195609573
1710	0.47411143195609573
1711	0.6460929648451248
1712	0.6460929648451248
1713	0.6460929648451248
1714	0.46680574045675205
1715	0.46680574045675205
1716	0.46680574045675205
1717	0.3330428780461854
1718	0.3330428780461854
1719	0.3330428780461854
1720	2.349924094144719
1721	2.349924094144719
1722	2.349924094144719
1723	3.5944390240822224
1724	3.5944390240822224
1725	3.5944390240822224
1726	4.845246055829243
1727	4.845246055829243
1728	4.845246055829243
1729	2.075013873365413
1730	2.075013873365413
1731	2.075013873365413
1732	2.7885712762010835
1733	2.7885712762010835
1734	2.7885712762010835
1735	3.2137693084298835
1736	3.2137693084298835
1737	3.2137693084298835
1738	4.4435207360388205
1739	4.4435207360388205
1740	4.4435207360388205
1741	3.179045395823204
1742	3.179045395823204
1743	3.179045395823204
1744	3.5585649411781364
1745	3.5585649411781364
1746	3.5585649411781364
1747	3.645079446906748
1748	3.645079446906748
1749	3.645079446906748
1750	3.2524464989569415
1751	3.2524464989569415
1752	3.2524464989569415
1753	2.6327781663646723
1754	2.6327781663646723
1755	2.6327781663646723
1756	4.207928392745471
1757	4.207928392745471
1758	4.207928392745471
1759	4.0634620971755995
1760	4.0634620971755995
1761	4.0634620971755995
1762	3.588850106695984
1763	3.588850106695984
1764	3.588850106695984
1765	2.6662519098301147
1766	2.6662519098301147
1767	2.6662519098301147
1768	3.7997133846388476
1769	3.7997133846388476
1770	3.7997133846388476
1771	4.140478812168283
1772	4.140478812168283
1773	4.140478812168283
1774	3.0088963234794583
1775	3.0088963234794583
1776	3.0088963234794583
1777	2.8343880911763306
1778	2.8343880911763306
1779	2.8343880911763306
1780	3.157656323631535
1781	3.157656323631535
1782	3.157656323631535
1783	3.6917921628099957
1784	3.6917921628099957
1785	3.6917921628099957
1786	3.5620089385654135
1787	3.5620089385654135
1788	3.5620089385654135
1789	2.780670868428893
1790	2.780670868428893
1791	2.780670868428893
1792	4.8448878372314335
1793	4.8448878372314335
1794	4.8448878372314335
1795	2.886722353750894
1796	2.886722353750894
1797	2.886722353750894
1798	4.046935387992165
1799	4.046935387992165
1800	4.046935387992165
1801	4.261610190957277
1802	4.261610190957277
1803	4.261610190957277
1804	3.2366065451656194
1805	3.2366065451656194
1806	3.2366065451656194
1807	3.5656523668158093
1808	3.5656523668158093
1809	3.5656523668158093
1810	0.9014950875812632
1811	0.9014950875812632
1812	0.9014950875812632
1813	1.7077039028361107
1814	1.7077039028361107
1815	1.7077039028361107
1816	1.8525624632180206
1817	1.8525624632180206
1818	1.8525624632180206
1819	1.8797125301330797
1820	1.8797125301330797
1821	1.8797125301330797
1822	1.9675571600475525
1823	1.9675571600475525
1824	1.9675571600475525
1825	1.456696537528069
1826	1.456696537528069
1827	1.456696537528069
1828	1.350508145958489
1829	1.350508145958489
1830	1.350508145958489
1831	1.0544141550843869
1832	1.0544141550843869
1833	1.0544141550843869
1834	1.6428167075353726
1835	1.6428167075353726
1836	1.6428167075353726
1837	1.6744926146588208
1838	1.6744926146588208
1839	1.6744926146588208
1840	1.4466044360496113
1841	2.295798306605262
1842	2.295798306605262
1843	2.295798306605262
1844	1.3966605494843152
1845	1.3966605494843152
1846	1.3966605494843152
1847	1.9674828273908176
1848	1.9674828273908176
1849	1.9674828273908176
1850	2.7820875939691643
1851	2.7820875939691643
1852	2.7820875939691643
1853	2.390249134067491
1854	2.390249134067491
1855	2.390249134067491
1856	2.4270392083242274
1857	2.4270392083242274
1858	2.4270392083242274
1859	1.339948502018608
1860	1.339948502018608
1861	1.339948502018608
1862	2.955150963968727
1863	2.955150963968727
1864	2.955150963968727
1865	2.2835975415014143
1866	2.2835975415014143
1867	2.2835975415014143
1868	2.2650448848055413
1869	2.2650448848055413
1870	2.2650448848055413
1871	2.424674408575278
1872	2.424674408575278
1873	2.424674408575278
1874	1.9606229241147404
1875	1.9606229241147404
1876	1.9606229241147404
1877	2.4782621873042183
1878	2.4782621873042183
1879	2.4782621873042183
1880	1.8713284795682883
1881	1.8713284795682883
1882	1.8713284795682883
1883	1.775806301458512
1884	1.775806301458512
1885	1.775806301458512
1886	2.11886259574687
1887	2.11886259574687
1888	2.11886259574687
1889	2.56646298992325
1890	2.56646298992325
1891	2.56646298992325
1892	1.5192268136806524
1893	1.5192268136806524
1894	1.5192268136806524
1895	1.281528545964806
1896	1.281528545964806
1897	1.281528545964806
1898	1.7145847037398418
1899	1.7145847037398418
1900	1.7145847037398418
1901	1.5366206655668788
1902	1.5366206655668788
1903	1.5366206655668788
1904	2.356968763745361
1905	2.356968763745361
1906	2.356968763745361
1907	2.4259957008803874
1908	2.4259957008803874
1909	2.4259957008803874
1910	1.7579237388643683
1911	1.7579237388643683
1912	1.7579237388643683
1913	1.6583994179187487
1914	1.6583994179187487
1915	1.6583994179187487
1916	2.062398895526047
1917	2.062398895526047
1918	2.062398895526047
1919	1.5272113203028315
1920	1.5272113203028315
1921	1.5272113203028315
1922	1.9614579437379203
1923	1.9614579437379203
1924	1.9614579437379203
1925	1.5218985434120058
1926	1.5218985434120058
1927	1.5218985434120058
1928	1.710087790640925
1929	1.710087790640925
1930	1.710087790640925
1931	1.81586703288204
1932	1.81586703288204
1933	1.81586703288204
1934	2.29295510549187
1935	2.29295510549187
1936	2.29295510549187
1937	1.844282688079685
1938	1.844282688079685
1939	1.844282688079685
1940	1.669574865622533
1941	1.669574865622533
1942	1.669574865622533
1943	2.610378685339852
1944	2.610378685339852
1945	2.610378685339852
1946	1.3712055105633345
1947	1.3712055105633345
1948	1.3712055105633345
1949	1.9565338416695677
1950	1.9565338416695677
1951	1.9565338416695677
1952	1.6723916156593577
1953	1.6723916156593577
1954	1.6723916156593577
1955	2.0083792573070895
1956	2.0083792573070895
1957	2.0083792573070895
1958	2.3589661234700734
1959	2.3589661234700734
1960	2.3589661234700734
1961	1.656971129443651
1962	1.656971129443651
1963	1.656971129443651
1964	2.322675787069689
1965	2.322675787069689
1966	2.322675787069689
1967	2.9295604143407266
1968	2.9295604143407266
1969	2.9295604143407266
1970	1.6824381631823742
1971	1.6824381631823742
1972	1.6824381631823742
1973	2.087086278690523
1974	2.087086278690523
1975	2.087086278690523
1976	1.6283241885746091
1977	1.6283241885746091
1978	1.6283241885746091
1979	2.6403100938084973
1980	2.6403100938084973
1981	2.6403100938084973
1982	1.7614289385814201
1983	1.7614289385814201
1984	1.7614289385814201
1985	2.147773550705823
1986	2.147773550705823
1987	2.147773550705823
1988	1.250591289148358
1989	1.250591289148358
1990	1.250591289148358
1991	1.75064896526641
1992	1.75064896526641
1993	1.75064896526641
1994	2.2991223106417276
1995	2.2991223106417276
1996	2.2991223106417276
1997	1.7760635464653654
1998	1.7760635464653654
1999	1.7760635464653654
