0	2.4405601358269777
1	2.4405601358269777
2	2.4405601358269777
3	2.4405601358269777
4	2.4405601358269777
5	1.2111704432451735
6	1.2111704432451735
7	1.2111704432451735
8	1.2111704432451735
9	1.2111704432451735
10	3.075566333670838
11	3.075566333670838
12	3.075566333670838
13	3.075566333670838
14	3.075566333670838
15	1.6403251581802745
16	1.6403251581802745
17	1.6403251581802745
18	1.6403251581802745
19	1.6403251581802745
20	1.479149281674893
21	1.479149281674893
22	1.479149281674893
23	1.479149281674893
24	1.479149281674893
25	2.201741775146831
26	2.201741775146831
27	2.201741775146831
28	2.201741775146831
29	2.201741775146831
30	1.3062847947510003
31	1.3062847947510003
32	1.3062847947510003
33	1.3062847947510003
34	1.3062847947510003
35	3.0379926302832905
36	3.0379926302832905
37	3.0379926302832905
38	3.0379926302832905
39	3.0379926302832905
40	4.132741989373996
41	4.132741989373996
42	4.132741989373996
43	4.132741989373996
44	4.132741989373996
45	2.9410851928252852
46	2.9410851928252852
47	2.9410851928252852
48	2.9410851928252852
49	2.9410851928252852
50	3.6323068913012193
51	3.6323068913012193
52	3.6323068913012193
53	3.6323068913012193
54	3.6323068913012193
55	1.6963965529468872
56	1.6963965529468872
57	1.6963965529468872
58	1.6963965529468872
59	1.6963965529468872
60	3.0507584618632206
61	3.0507584618632206
62	3.0507584618632206
63	3.0507584618632206
64	3.0507584618632206
65	3.910726225235277
66	3.910726225235277
67	3.910726225235277
68	3.910726225235277
69	3.910726225235277
70	2.73217272360456
71	2.73217272360456
72	2.73217272360456
73	2.73217272360456
74	2.73217272360456
75	3.74423479453072
76	3.74423479453072
77	3.74423479453072
78	3.74423479453072
79	3.74423479453072
80	4.311552032955667
81	4.311552032955667
82	4.311552032955667
83	4.311552032955667
84	4.311552032955667
85	1.4967589513031865
86	1.4967589513031865
87	1.4967589513031865
88	1.4967589513031865
89	1.4967589513031865
90	2.2602848786419476
91	2.2602848786419476
92	2.2602848786419476
93	2.2602848786419476
94	2.2602848786419476
95	2.8600671732924257
96	2.8600671732924257
97	2.8600671732924257
98	2.8600671732924257
99	2.8600671732924257
100	3.114905187460792
101	3.114905187460792
102	3.114905187460792
103	3.114905187460792
104	3.114905187460792
105	1.3988201481231906
106	1.3988201481231906
107	1.3988201481231906
108	1.3988201481231906
109	1.3988201481231906
110	1.7175249937359753
111	1.7175249937359753
112	1.7175249937359753
113	1.7175249937359753
114	1.7175249937359753
115	3.140273998967121
116	3.140273998967121
117	3.140273998967121
118	3.140273998967121
119	3.140273998967121
120	2.08811346064119
121	2.08811346064119
122	2.08811346064119
123	2.08811346064119
124	2.08811346064119
125	2.8967947154056417
126	2.8967947154056417
127	2.8967947154056417
128	2.8967947154056417
129	2.8967947154056417
130	1.4880062782726697
131	1.4880062782726697
132	1.4880062782726697
133	1.4880062782726697
134	1.4880062782726697
135	1.4049549350401456
136	1.4049549350401456
137	1.4049549350401456
138	1.4049549350401456
139	1.4049549350401456
140	2.248798031152225
141	2.248798031152225
142	2.248798031152225
143	2.248798031152225
144	2.248798031152225
145	1.2557067286027217
146	1.2557067286027217
147	1.2557067286027217
148	1.2557067286027217
149	1.2557067286027217
150	4.516318184317356
151	4.516318184317356
152	4.516318184317356
153	4.516318184317356
154	4.516318184317356
155	3.791524224818394
156	3.791524224818394
157	3.791524224818394
158	3.791524224818394
159	4.708556121493592
160	4.708556121493592
161	4.708556121493592
162	4.708556121493592
163	4.708556121493592
164	3.0361437943021814
165	3.0361437943021814
166	3.0361437943021814
167	3.0361437943021814
168	3.0361437943021814
169	5.409793852160814
170	5.409793852160814
171	5.409793852160814
172	5.409793852160814
173	5.409793852160814
174	6.322716809971412
175	6.322716809971412
176	6.322716809971412
177	6.322716809971412
178	6.322716809971412
179	1.0242713160049415
180	1.0242713160049415
181	1.0242713160049415
182	1.0242713160049415
183	1.0242713160049415
184	6.054648774923226
185	6.054648774923226
186	2.467155334882489
187	2.467155334882489
188	2.467155334882489
189	2.467155334882489
190	2.467155334882489
191	4.250497816369942
192	4.250497816369942
193	4.250497816369942
194	4.250497816369942
195	4.250497816369942
196	3.3210253964165735
197	3.3210253964165735
198	3.3210253964165735
199	3.3210253964165735
200	3.3210253964165735
201	2.7965191367275835
202	2.7965191367275835
203	2.7965191367275835
204	2.7965191367275835
205	2.7965191367275835
206	6.004562735366472
207	6.004562735366472
208	6.004562735366472
209	6.004562735366472
210	6.004562735366472
211	1.9297886523445247
212	1.9297886523445247
213	1.9297886523445247
214	1.9297886523445247
215	1.9297886523445247
216	1.9649016991779995
217	1.9649016991779995
218	1.9649016991779995
219	1.9649016991779995
220	1.9649016991779995
221	2.714623132754011
222	2.714623132754011
223	2.714623132754011
224	2.714623132754011
225	2.714623132754011
226	2.9204604217074794
227	2.9204604217074794
228	2.9204604217074794
229	2.9204604217074794
230	2.9204604217074794
231	4.061392112993294
232	4.061392112993294
233	4.061392112993294
234	4.061392112993294
235	4.061392112993294
236	1.5603593730723175
237	1.5603593730723175
238	1.5603593730723175
239	1.5603593730723175
240	1.5603593730723175
241	1.6689489108440079
242	1.6689489108440079
243	1.6689489108440079
244	1.6689489108440079
245	1.6689489108440079
246	2.451179362237032
247	2.451179362237032
248	2.451179362237032
249	2.451179362237032
250	2.451179362237032
251	4.277337057471937
252	4.277337057471937
253	4.277337057471937
254	4.277337057471937
255	4.277337057471937
256	6.873553583765119
257	6.873553583765119
258	6.873553583765119
259	6.873553583765119
260	6.873553583765119
261	3.730888499678054
262	3.730888499678054
263	3.730888499678054
264	3.730888499678054
265	3.730888499678054
266	6.75387946722552
267	6.75387946722552
268	6.75387946722552
269	6.75387946722552
270	6.75387946722552
271	2.295577238524053
272	2.295577238524053
273	2.295577238524053
274	2.295577238524053
275	2.295577238524053
276	3.364321003313743
277	3.364321003313743
278	3.364321003313743
279	3.364321003313743
280	3.364321003313743
281	3.787062152850332
282	3.787062152850332
283	3.787062152850332
284	3.787062152850332
285	3.787062152850332
286	0.1
287	0.1
288	0.1
289	0.1
290	0.1
291	1.1112237787113244
292	1.1112237787113244
293	1.1112237787113244
294	1.1112237787113244
295	1.1112237787113244
296	0.1
297	0.1
298	0.1
299	0.1
300	0.1
301	2.7301835578741307
302	2.7301835578741307
303	2.7301835578741307
304	2.7301835578741307
305	2.7301835578741307
306	1.6117230393471822
307	1.6117230393471822
308	1.6117230393471822
309	1.6117230393471822
310	1.6117230393471822
311	2.484208181825854
312	2.484208181825854
313	2.484208181825854
314	2.484208181825854
315	2.484208181825854
316	5.00632755341705
317	5.00632755341705
318	5.00632755341705
319	5.00632755341705
320	5.00632755341705
321	3.2004647431354214
322	3.2004647431354214
323	3.2004647431354214
324	3.2004647431354214
325	3.2004647431354214
326	2.817658081846832
327	2.817658081846832
328	2.817658081846832
329	2.817658081846832
330	2.817658081846832
331	2.826616445977414
332	2.826616445977414
333	2.826616445977414
334	2.826616445977414
335	2.826616445977414
336	2.5049498552205463
337	2.5049498552205463
338	2.5049498552205463
339	2.5049498552205463
340	2.5049498552205463
341	4.011163807991083
342	4.011163807991083
343	4.011163807991083
344	4.011163807991083
345	4.011163807991083
346	4.764236916335803
347	4.764236916335803
348	4.764236916335803
349	4.764236916335803
350	4.764236916335803
351	0.38589991639155974
352	0.38589991639155974
353	0.38589991639155974
354	0.38589991639155974
355	0.38589991639155974
356	3.2201754632317714
357	3.2201754632317714
358	3.2201754632317714
359	3.2201754632317714
360	3.2201754632317714
361	2.452382487802368
362	2.452382487802368
363	2.452382487802368
364	2.452382487802368
365	2.452382487802368
366	0.8609322359509499
367	0.8609322359509499
368	0.8609322359509499
369	0.8609322359509499
370	0.8609322359509499
371	1.219375257365722
372	1.219375257365722
373	1.219375257365722
374	1.219375257365722
375	1.219375257365722
376	0.9217824505676275
377	0.9217824505676275
378	0.9217824505676275
379	0.9217824505676275
380	0.9217824505676275
381	0.424897231409326
382	0.424897231409326
383	0.424897231409326
384	0.424897231409326
385	0.424897231409326
386	3.9765886902857677
387	3.9765886902857677
388	3.9765886902857677
389	3.9765886902857677
390	3.9765886902857677
391	3.425705819886947
392	3.425705819886947
393	3.425705819886947
394	3.425705819886947
395	3.425705819886947
396	0.44141868989469124
397	0.44141868989469124
398	0.44141868989469124
399	0.44141868989469124
400	0.44141868989469124
401	3.529078836068154
402	3.529078836068154
403	3.529078836068154
404	3.529078836068154
405	3.529078836068154
406	1.8157837531424459
407	1.8157837531424459
408	1.8157837531424459
409	1.8157837531424459
410	1.8157837531424459
411	1.5804025334245928
412	1.5804025334245928
413	1.5804025334245928
414	4.163941572827453
415	4.163941572827453
416	4.163941572827453
417	4.163941572827453
418	4.163941572827453
419	2.891608208489507
420	2.891608208489507
421	2.891608208489507
422	2.891608208489507
423	2.891608208489507
424	4.946705526545609
425	4.946705526545609
426	4.946705526545609
427	4.946705526545609
428	4.946705526545609
429	3.818390516800784
430	3.818390516800784
431	3.818390516800784
432	3.818390516800784
433	3.818390516800784
434	4.303615555076191
435	4.303615555076191
436	4.303615555076191
437	4.303615555076191
438	4.303615555076191
439	3.2550502408174316
440	3.2550502408174316
441	3.2550502408174316
442	3.2550502408174316
443	3.2550502408174316
444	6.617237272570334
445	6.617237272570334
446	6.617237272570334
447	6.617237272570334
448	6.617237272570334
449	1.3575920765516556
450	1.3575920765516556
451	1.3575920765516556
452	1.3575920765516556
453	1.3575920765516556
454	3.739438351357707
455	3.739438351357707
456	3.739438351357707
457	3.739438351357707
458	3.739438351357707
459	5.587005194229588
460	5.587005194229588
461	5.587005194229588
462	5.587005194229588
463	5.587005194229588
464	4.475979157073974
465	4.475979157073974
466	4.475979157073974
467	4.475979157073974
468	4.475979157073974
469	5.665503008215205
470	5.665503008215205
471	5.665503008215205
472	5.665503008215205
473	5.665503008215205
474	2.8511260441556323
475	2.8511260441556323
476	2.8511260441556323
477	2.8511260441556323
478	2.8511260441556323
479	1.610045486801484
480	1.610045486801484
481	1.610045486801484
482	1.610045486801484
483	1.610045486801484
484	0.912225846895317
485	0.912225846895317
486	0.912225846895317
487	0.912225846895317
488	0.912225846895317
489	2.0730809569260953
490	2.0730809569260953
491	2.0730809569260953
492	2.0730809569260953
493	2.0730809569260953
494	4.333099800412711
495	4.333099800412711
496	4.333099800412711
497	4.333099800412711
498	4.333099800412711
499	0.43922124538091456
500	0.43922124538091456
501	0.43922124538091456
502	0.43922124538091456
503	0.43922124538091456
504	1.2107156140269164
505	1.2107156140269164
506	1.2107156140269164
507	1.2107156140269164
508	1.2107156140269164
509	3.251085451438246
510	3.251085451438246
511	3.251085451438246
512	3.251085451438246
513	3.251085451438246
514	3.2452676060588415
515	3.2452676060588415
516	3.2452676060588415
517	3.2452676060588415
518	3.2452676060588415
519	3.1956267040610795
520	3.1956267040610795
521	3.1956267040610795
522	3.1956267040610795
523	3.1956267040610795
524	4.336490893432956
525	4.336490893432956
526	4.336490893432956
527	4.336490893432956
528	4.336490893432956
529	2.7010213021850173
530	2.7010213021850173
531	2.7010213021850173
532	2.7010213021850173
533	2.7010213021850173
534	1.8471335585784305
535	1.8471335585784305
536	1.8471335585784305
537	1.8471335585784305
538	1.8471335585784305
539	2.776141071223416
540	2.776141071223416
541	2.776141071223416
542	2.776141071223416
543	2.776141071223416
544	3.4153059086598327
545	3.4153059086598327
546	3.4153059086598327
547	3.4153059086598327
548	3.4153059086598327
549	1.6470741243762501
550	1.6470741243762501
551	1.6470741243762501
552	1.6470741243762501
553	2.743438447915034
554	2.743438447915034
555	2.743438447915034
556	2.743438447915034
557	2.743438447915034
558	2.212211892749708
559	2.212211892749708
560	2.212211892749708
561	2.212211892749708
562	2.212211892749708
563	1.6138922810526553
564	1.6138922810526553
565	1.6138922810526553
566	1.6138922810526553
567	1.6138922810526553
568	2.0445561618073413
569	2.0445561618073413
570	2.0445561618073413
571	2.0445561618073413
572	2.0445561618073413
573	1.6652111204025972
574	1.6652111204025972
575	1.6652111204025972
576	1.6652111204025972
577	1.6652111204025972
578	1.902389740329984
579	1.902389740329984
580	1.902389740329984
581	1.902389740329984
582	1.902389740329984
583	1.2654652564529678
584	1.2654652564529678
585	1.2654652564529678
586	1.2654652564529678
587	1.2654652564529678
588	1.7742073499033424
589	1.7742073499033424
590	1.7742073499033424
591	1.7742073499033424
592	1.7742073499033424
593	0.9789105724615024
594	0.9789105724615024
595	0.9789105724615024
596	0.9789105724615024
597	0.9789105724615024
598	1.4851364919846932
599	1.4851364919846932
600	1.4851364919846932
601	1.4851364919846932
602	1.4851364919846932
603	2.1825403206782212
604	2.1825403206782212
605	2.1825403206782212
606	2.1825403206782212
607	2.1825403206782212
608	2.0841621855956225
609	2.0841621855956225
610	2.0841621855956225
611	2.0841621855956225
612	2.0841621855956225
613	1.554412387826539
614	1.554412387826539
615	1.554412387826539
616	1.554412387826539
617	1.554412387826539
618	2.05376419323041
619	2.05376419323041
620	2.05376419323041
621	2.05376419323041
622	2.05376419323041
623	1.7685801276067579
624	1.7685801276067579
625	1.7685801276067579
626	1.7685801276067579
627	1.7685801276067579
628	1.049940398071226
629	1.049940398071226
630	1.049940398071226
631	1.049940398071226
632	1.049940398071226
633	0.5999416146818982
634	0.5999416146818982
635	0.5999416146818982
636	0.5999416146818982
637	0.5999416146818982
638	1.8453865083670142
639	7.450691755897932
640	7.450691755897932
641	7.450691755897932
642	7.450691755897932
643	7.450691755897932
644	4.173207188608791
645	4.173207188608791
646	4.173207188608791
647	4.173207188608791
648	4.173207188608791
649	3.1583305016722325
650	0.6681791937326911
651	0.6681791937326911
652	0.6681791937326911
653	0.6681791937326911
654	0.6681791937326911
655	2.2218649993227153
656	2.2218649993227153
657	2.2218649993227153
658	2.2218649993227153
659	2.2218649993227153
660	0.8691144318378744
661	0.8691144318378744
662	0.8691144318378744
663	0.8691144318378744
664	0.8691144318378744
665	1.7295432643409117
666	1.7295432643409117
667	1.7295432643409117
668	1.7295432643409117
669	1.7295432643409117
670	0.94032106082827
671	0.94032106082827
672	0.94032106082827
673	0.94032106082827
674	0.94032106082827
675	0.8502093905725209
676	0.8502093905725209
677	0.8502093905725209
678	0.8502093905725209
679	0.8502093905725209
680	0.28340779210944067
681	0.28340779210944067
682	0.28340779210944067
683	0.28340779210944067
684	0.28340779210944067
685	0.7707828208818056
686	0.7707828208818056
687	0.7707828208818056
688	0.7707828208818056
689	0.7707828208818056
690	1.9089794944314626
691	1.9089794944314626
692	1.9089794944314626
693	1.9089794944314626
694	1.9089794944314626
695	2.1890855815727925
696	2.1890855815727925
697	2.1890855815727925
698	2.1890855815727925
699	2.1890855815727925
700	1.4290727739263396
701	1.4290727739263396
702	1.4290727739263396
703	1.4290727739263396
704	1.4290727739263396
705	2.0678332262757646
706	2.0678332262757646
707	2.0678332262757646
708	2.0678332262757646
709	2.0678332262757646
710	1.8683418994319192
711	1.8683418994319192
712	1.8683418994319192
713	1.8683418994319192
714	1.8683418994319192
715	1.7354343541164814
716	1.7354343541164814
717	1.7354343541164814
718	1.7354343541164814
719	1.7354343541164814
720	0.1
721	0.1
722	0.1
723	0.1
724	0.1
725	0.29734932975582384
726	0.29734932975582384
727	0.29734932975582384
728	0.29734932975582384
729	0.29734932975582384
730	2.303218969397048
731	2.303218969397048
732	2.303218969397048
733	2.303218969397048
734	2.303218969397048
735	2.75439726541162
736	2.75439726541162
737	2.75439726541162
738	2.75439726541162
739	2.75439726541162
740	0.9781806048952327
741	0.9781806048952327
742	0.9781806048952327
743	0.9781806048952327
744	0.9781806048952327
745	1.5667101801663115
746	1.5667101801663115
747	1.5667101801663115
748	1.5667101801663115
749	1.5667101801663115
750	1.4677207335492353
751	1.4677207335492353
752	1.4677207335492353
753	1.4677207335492353
754	1.4677207335492353
755	1.543642298473339
756	1.543642298473339
757	1.543642298473339
758	1.543642298473339
759	1.543642298473339
760	0.7122087733029256
761	0.7122087733029256
762	0.7122087733029256
763	0.7122087733029256
764	0.7122087733029256
765	1.4028957999404525
766	1.4028957999404525
767	1.4028957999404525
768	1.4028957999404525
769	1.4028957999404525
770	1.4781697623469265
771	1.4781697623469265
772	1.4781697623469265
773	1.4781697623469265
774	1.4781697623469265
775	1.236812383435156
776	1.236812383435156
777	1.236812383435156
778	1.236812383435156
779	1.236812383435156
780	1.0186500808297507
781	1.0186500808297507
782	1.0186500808297507
783	1.0186500808297507
784	1.0186500808297507
785	0.9923179754660624
786	0.9923179754660624
787	0.9923179754660624
788	0.9923179754660624
789	0.9923179754660624
790	1.4115722437752583
791	1.4115722437752583
792	1.4115722437752583
793	1.4115722437752583
794	1.4115722437752583
795	2.3871466370267687
796	2.3871466370267687
797	2.3871466370267687
798	2.3871466370267687
799	2.3871466370267687
800	1.4039009662554955
801	1.4039009662554955
802	1.4039009662554955
803	1.4039009662554955
804	3.887628970271899
805	3.887628970271899
806	3.887628970271899
807	3.887628970271899
808	3.887628970271899
809	4.646514207583206
810	4.646514207583206
811	4.646514207583206
812	4.646514207583206
813	4.646514207583206
814	4.161890985778556
815	4.161890985778556
816	4.161890985778556
817	4.161890985778556
818	4.161890985778556
819	4.708312989845272
820	4.708312989845272
821	4.708312989845272
822	4.708312989845272
823	4.708312989845272
824	4.0684626682333365
825	4.0684626682333365
826	4.0684626682333365
827	4.0684626682333365
828	4.0684626682333365
829	5.443699468014206
830	5.443699468014206
831	5.443699468014206
832	5.443699468014206
833	5.443699468014206
834	4.157826862139486
835	4.157826862139486
836	4.157826862139486
837	4.157826862139486
838	4.157826862139486
839	3.1305196286793397
840	3.1305196286793397
841	3.1305196286793397
842	3.1305196286793397
843	3.1305196286793397
844	4.689836570449708
845	4.689836570449708
846	4.689836570449708
847	4.689836570449708
848	4.689836570449708
849	2.6551481559476477
850	2.6551481559476477
851	2.6551481559476477
852	2.6551481559476477
853	2.6551481559476477
854	2.2461941849323064
855	2.2461941849323064
856	2.2461941849323064
857	2.2461941849323064
858	2.2461941849323064
859	5.232272918351929
860	5.232272918351929
861	5.232272918351929
862	5.232272918351929
863	5.232272918351929
864	4.582789829813896
865	4.582789829813896
866	4.582789829813896
867	4.582789829813896
868	4.582789829813896
869	5.500321794693297
870	5.500321794693297
871	5.500321794693297
872	5.500321794693297
873	5.500321794693297
874	1.6418635363824108
875	1.6418635363824108
876	1.6418635363824108
877	1.6418635363824108
878	1.6418635363824108
879	4.074384238224921
880	4.074384238224921
881	4.074384238224921
882	4.074384238224921
883	4.074384238224921
884	6.744720876756457
885	6.744720876756457
886	6.744720876756457
887	6.744720876756457
888	6.744720876756457
889	4.674878871993555
890	1.7005940292742996
891	1.7005940292742996
892	1.7005940292742996
893	1.7005940292742996
894	1.7005940292742996
895	1.502233438113594
896	1.502233438113594
897	1.502233438113594
898	1.502233438113594
899	1.502233438113594
900	1.1746303408749557
901	1.1746303408749557
902	1.1746303408749557
903	1.1746303408749557
904	1.1746303408749557
905	3.728795999921566
906	3.728795999921566
907	3.728795999921566
908	3.728795999921566
909	3.728795999921566
910	2.982158283303733
911	2.982158283303733
912	2.982158283303733
913	2.982158283303733
914	2.982158283303733
915	1.9004831051646138
916	1.9004831051646138
917	1.9004831051646138
918	1.9004831051646138
919	1.9004831051646138
920	1.4353487686245756
921	1.4353487686245756
922	1.4353487686245756
923	1.4353487686245756
924	1.4353487686245756
925	1.6264951194679118
926	1.6264951194679118
927	1.6264951194679118
928	1.6264951194679118
929	1.6264951194679118
930	1.9874656271844078
931	1.9874656271844078
932	1.9874656271844078
933	1.9874656271844078
934	1.9874656271844078
935	3.6201254181159688
936	3.6201254181159688
937	3.6201254181159688
938	3.6201254181159688
939	3.6201254181159688
940	2.419840822557554
941	2.419840822557554
942	2.419840822557554
943	2.419840822557554
944	2.419840822557554
945	1.196306170117815
946	1.196306170117815
947	1.196306170117815
948	1.196306170117815
949	1.196306170117815
950	2.768595360702404
951	2.768595360702404
952	2.768595360702404
953	2.768595360702404
954	2.768595360702404
955	1.1435037512492379
956	1.1435037512492379
957	1.1435037512492379
958	1.1435037512492379
959	1.1435037512492379
960	3.3921860775527395
961	3.3921860775527395
962	3.3921860775527395
963	3.3921860775527395
964	3.3921860775527395
965	0.1
966	0.1
967	1.0699307555327073
968	1.0699307555327073
969	1.0699307555327073
970	1.0699307555327073
971	1.0699307555327073
972	1.7805958648076363
973	1.7805958648076363
974	1.7805958648076363
975	1.7805958648076363
976	1.7805958648076363
977	1.4828098594691945
978	1.4828098594691945
979	1.4828098594691945
980	1.4828098594691945
981	1.4828098594691945
982	1.6515196805107126
983	1.6515196805107126
984	1.6515196805107126
985	1.6515196805107126
986	1.6515196805107126
987	1.6452248662546853
988	2.4536243358878345
989	2.4536243358878345
990	2.4536243358878345
991	2.4536243358878345
992	2.4536243358878345
993	3.5385049354624556
994	3.5385049354624556
995	3.5385049354624556
996	3.5385049354624556
997	3.5385049354624556
998	3.299377882626795
999	3.299377882626795
1000	3.299377882626795
1001	3.299377882626795
1002	3.299377882626795
1003	5.900867323340782
1004	5.900867323340782
1005	5.900867323340782
1006	5.900867323340782
1007	5.900867323340782
1008	1.9034460483943139
1009	2.0592175928755454
1010	2.0592175928755454
1011	2.0592175928755454
1012	2.0592175928755454
1013	2.0592175928755454
1014	3.009374646032409
1015	3.009374646032409
1016	3.009374646032409
1017	3.009374646032409
1018	3.009374646032409
1019	1.9119470997541161
1020	1.9119470997541161
1021	1.9119470997541161
1022	1.9119470997541161
1023	1.9119470997541161
1024	1.1560519979927033
1025	1.1560519979927033
1026	1.1560519979927033
1027	1.1560519979927033
1028	1.1560519979927033
1029	0.21537970615134427
1030	0.21537970615134427
1031	0.21537970615134427
1032	0.21537970615134427
1033	0.21537970615134427
1034	2.0620544306339306
1035	2.0620544306339306
1036	2.0620544306339306
1037	2.0620544306339306
1038	2.0620544306339306
1039	0.9671161377170865
1040	0.9671161377170865
1041	0.9671161377170865
1042	0.9671161377170865
1043	0.9671161377170865
1044	1.3131576565547287
1045	1.3131576565547287
1046	1.1107902033894546
1047	1.1107902033894546
1048	1.1107902033894546
1049	1.1107902033894546
1050	1.1107902033894546
1051	0.5551646790288034
1052	0.5551646790288034
1053	0.5551646790288034
1054	0.5551646790288034
1055	0.5551646790288034
1056	1.450260500045599
1057	1.450260500045599
1058	1.450260500045599
1059	1.450260500045599
1060	1.450260500045599
1061	2.1333647072057618
1062	2.1333647072057618
1063	2.1333647072057618
1064	2.1333647072057618
1065	2.1333647072057618
1066	1.299292537821406
1067	1.299292537821406
1068	1.299292537821406
1069	1.299292537821406
1070	1.299292537821406
1071	1.880980201657766
1072	1.880980201657766
1073	1.880980201657766
1074	1.880980201657766
1075	1.880980201657766
1076	2.8823469760731086
1077	2.8823469760731086
1078	2.8823469760731086
1079	2.8823469760731086
1080	2.8823469760731086
1081	1.4066721378574645
1082	1.4066721378574645
1083	1.4066721378574645
1084	1.4066721378574645
1085	1.4066721378574645
1086	2.4689767217055465
1087	2.4689767217055465
1088	2.4689767217055465
1089	2.4689767217055465
1090	2.4689767217055465
1091	1.7560552414375297
1092	1.7560552414375297
1093	1.7560552414375297
1094	1.7560552414375297
1095	1.7560552414375297
1096	0.7894305798412646
1097	0.7894305798412646
1098	0.7894305798412646
1099	0.7894305798412646
1100	0.7894305798412646
1101	2.521069834222167
1102	2.521069834222167
1103	2.521069834222167
1104	2.521069834222167
1105	2.521069834222167
1106	2.0652664290280924
1107	2.0652664290280924
1108	2.0652664290280924
1109	2.0652664290280924
1110	2.0652664290280924
1111	0.7947263034302969
1112	0.7947263034302969
1113	0.7947263034302969
1114	0.7947263034302969
1115	0.7947263034302969
1116	2.290773417347086
1117	2.290773417347086
1118	2.290773417347086
1119	2.290773417347086
1120	2.290773417347086
1121	0.7251208727782291
1122	0.7251208727782291
1123	0.7251208727782291
1124	0.7251208727782291
1125	0.7251208727782291
1126	0.7216623993585134
1127	0.7216623993585134
1128	0.7216623993585134
1129	0.7216623993585134
1130	0.7216623993585134
1131	1.7995253684644403
1132	1.7995253684644403
1133	1.7995253684644403
1134	1.7995253684644403
1135	1.7995253684644403
1136	1.8347629431113779
1137	1.8347629431113779
1138	1.8347629431113779
1139	1.8347629431113779
1140	1.8347629431113779
1141	1.182687532207379
1142	1.182687532207379
1143	1.182687532207379
1144	1.182687532207379
1145	1.182687532207379
1146	1.0153353136692482
1147	1.0153353136692482
1148	1.0153353136692482
1149	1.0153353136692482
1150	1.0153353136692482
1151	1.0951131065094208
1152	1.0951131065094208
1153	1.0951131065094208
1154	1.0951131065094208
1155	1.0951131065094208
1156	0.8874532089171447
1157	0.8874532089171447
1158	0.8874532089171447
1159	0.8874532089171447
1160	0.8874532089171447
1161	0.15463559964820894
1162	0.15463559964820894
1163	0.15463559964820894
1164	0.15463559964820894
1165	0.15463559964820894
1166	1.0541980130590103
1167	1.0541980130590103
1168	1.0541980130590103
1169	1.0541980130590103
1170	1.0541980130590103
1171	1.4301145540620206
1172	1.4301145540620206
1173	1.4301145540620206
1174	1.4301145540620206
1175	1.4301145540620206
1176	1.563055978315305
1177	1.563055978315305
1178	1.563055978315305
1179	1.563055978315305
1180	1.563055978315305
1181	1.9799441300586944
1182	1.9799441300586944
1183	1.9799441300586944
1184	1.9799441300586944
1185	1.9799441300586944
1186	1.0661094037325238
1187	1.0661094037325238
1188	1.0661094037325238
1189	1.0661094037325238
1190	1.0661094037325238
1191	2.8166153265585483
1192	2.8166153265585483
1193	2.8166153265585483
1194	2.8166153265585483
1195	2.8166153265585483
1196	0.6953746990081774
1197	0.6953746990081774
1198	0.6953746990081774
1199	0.6953746990081774
1200	0.6953746990081774
1201	1.8416602597492104
1202	1.8416602597492104
1203	1.8416602597492104
1204	1.8416602597492104
1205	1.8416602597492104
1206	1.4220600796591076
1207	1.4220600796591076
1208	1.4220600796591076
1209	1.4220600796591076
1210	1.4220600796591076
1211	3.087114878381767
1212	3.087114878381767
1213	3.087114878381767
1214	3.087114878381767
1215	3.087114878381767
1216	1.9454212303947949
1217	1.9454212303947949
1218	1.9454212303947949
1219	1.9454212303947949
1220	1.9454212303947949
1221	0.4946972416859965
1222	0.4946972416859965
1223	0.4946972416859965
1224	0.4946972416859965
1225	0.4946972416859965
1226	1.399513481544392
1227	1.399513481544392
1228	1.399513481544392
1229	1.399513481544392
1230	1.399513481544392
1231	1.819147704457161
1232	1.819147704457161
1233	1.819147704457161
1234	1.819147704457161
1235	1.819147704457161
1236	1.8365921198894524
1237	1.8365921198894524
1238	1.8365921198894524
1239	1.8365921198894524
1240	1.8365921198894524
1241	0.3904379348197746
1242	0.3904379348197746
1243	0.3904379348197746
1244	0.3904379348197746
1245	0.3904379348197746
1246	2.037575822174067
1247	2.037575822174067
1248	2.037575822174067
1249	2.037575822174067
1250	2.037575822174067
1251	1.7007366653491829
1252	1.7007366653491829
1253	1.7007366653491829
1254	1.7007366653491829
1255	1.7007366653491829
1256	1.6196027499890515
1257	1.6196027499890515
1258	1.6196027499890515
1259	1.6196027499890515
1260	1.6196027499890515
1261	0.627132140224335
1262	0.627132140224335
1263	0.627132140224335
1264	0.627132140224335
1265	0.627132140224335
1266	1.3959898908994497
1267	1.3959898908994497
1268	1.3959898908994497
1269	1.3959898908994497
1270	1.3959898908994497
1271	2.3971076219418577
1272	2.3971076219418577
1273	2.3971076219418577
1274	2.3971076219418577
1275	2.3971076219418577
1276	2.3270745923908356
1277	2.3270745923908356
1278	2.3270745923908356
1279	2.3270745923908356
1280	2.3270745923908356
1281	0.4214837300307388
1282	0.4214837300307388
1283	0.4214837300307388
1284	0.4214837300307388
1285	0.4214837300307388
1286	2.268110795964641
1287	2.268110795964641
1288	2.268110795964641
1289	2.268110795964641
1290	2.268110795964641
1291	0.7273969789537259
1292	0.7273969789537259
1293	0.7273969789537259
1294	0.7273969789537259
1295	0.7273969789537259
1296	0.8287690236774551
1297	0.8287690236774551
1298	0.8287690236774551
1299	0.8287690236774551
1300	0.8287690236774551
1301	1.1808141977067368
1302	1.1808141977067368
1303	1.1808141977067368
1304	1.1808141977067368
1305	1.1808141977067368
1306	0.5452612707569127
1307	0.5452612707569127
1308	0.5452612707569127
1309	0.5452612707569127
1310	0.5452612707569127
1311	2.378323670594697
1312	2.378323670594697
1313	2.378323670594697
1314	2.378323670594697
1315	2.378323670594697
1316	2.2610707234312497
1317	2.2610707234312497
1318	2.2610707234312497
1319	2.2610707234312497
1320	2.2610707234312497
1321	1.5850645970617085
1322	1.5850645970617085
1323	1.5850645970617085
1324	1.5850645970617085
1325	1.5850645970617085
1326	1.387619944442713
1327	1.387619944442713
1328	1.387619944442713
1329	1.387619944442713
1330	1.387619944442713
1331	1.404603192988649
1332	1.404603192988649
1333	1.404603192988649
1334	1.404603192988649
1335	1.404603192988649
1336	2.470976239668558
1337	2.470976239668558
1338	2.470976239668558
1339	2.470976239668558
1340	2.470976239668558
1341	2.653289725727191
1342	2.653289725727191
1343	2.653289725727191
1344	2.653289725727191
1345	2.653289725727191
1346	3.736792482638387
1347	3.736792482638387
1348	3.736792482638387
1349	3.736792482638387
1350	3.736792482638387
1351	3.8430544902371317
1352	3.8430544902371317
1353	3.8430544902371317
1354	3.8430544902371317
1355	3.8430544902371317
1356	1.2161009357758044
1357	1.2161009357758044
1358	1.2161009357758044
1359	1.2161009357758044
1360	1.2161009357758044
1361	0.1
1362	0.1
1363	0.1
1364	0.1
1365	0.1
1366	3.0716869635535753
1367	3.0716869635535753
1368	3.0716869635535753
1369	3.0716869635535753
1370	3.0716869635535753
1371	5.182176487812896
1372	5.182176487812896
1373	1.5557453829562018
1374	1.5557453829562018
1375	1.5557453829562018
1376	1.5557453829562018
1377	1.5557453829562018
1378	0.1
1379	0.1
1380	0.1
1381	0.1
1382	0.1
1383	2.507933808717489
1384	2.507933808717489
1385	2.507933808717489
1386	2.507933808717489
1387	2.507933808717489
1388	4.10700450911397
1389	4.10700450911397
1390	4.10700450911397
1391	4.10700450911397
1392	4.10700450911397
1393	1.4645246697486793
1394	1.4645246697486793
1395	1.4645246697486793
1396	1.4645246697486793
1397	1.4645246697486793
1398	1.4239002052495957
1399	1.4239002052495957
1400	1.4239002052495957
1401	1.4239002052495957
1402	1.4239002052495957
1403	1.0251160507919888
1404	1.0251160507919888
1405	1.0251160507919888
1406	1.0251160507919888
1407	1.0251160507919888
1408	1.8011985795829422
1409	1.8011985795829422
1410	1.8011985795829422
1411	1.8011985795829422
1412	1.8011985795829422
1413	2.863143642966372
1414	2.863143642966372
1415	2.863143642966372
1416	2.863143642966372
1417	2.863143642966372
1418	2.507193014587659
1419	2.507193014587659
1420	2.507193014587659
1421	2.507193014587659
1422	2.507193014587659
1423	1.410572210869314
1424	1.410572210869314
1425	1.410572210869314
1426	1.410572210869314
1427	1.410572210869314
1428	2.0195755428663227
1429	2.0195755428663227
1430	2.0195755428663227
1431	2.0195755428663227
1432	2.0195755428663227
1433	1.5282113271234508
1434	1.5282113271234508
1435	1.5282113271234508
1436	1.5282113271234508
1437	1.5282113271234508
1438	2.3129895523279096
1439	2.3129895523279096
1440	2.3129895523279096
1441	2.3129895523279096
1442	2.3129895523279096
1443	1.9083277940489651
1444	1.9083277940489651
1445	1.9083277940489651
1446	1.9083277940489651
1447	1.9083277940489651
1448	2.1936937161495806
1449	2.1936937161495806
1450	2.1936937161495806
1451	2.1936937161495806
1452	2.1936937161495806
1453	2.296778909068018
1454	2.296778909068018
1455	2.296778909068018
1456	2.296778909068018
1457	2.296778909068018
1458	4.75215501351875
1459	4.75215501351875
1460	4.75215501351875
1461	4.75215501351875
1462	4.75215501351875
1463	2.911905265301536
1464	2.911905265301536
1465	2.911905265301536
1466	2.911905265301536
1467	2.911905265301536
1468	1.077512859973845
1469	1.077512859973845
1470	1.077512859973845
1471	1.077512859973845
1472	1.077512859973845
1473	1.6500782808173837
1474	1.6500782808173837
1475	1.6500782808173837
1476	1.6500782808173837
1477	1.6500782808173837
1478	2.30381262583604
1479	2.30381262583604
1480	2.30381262583604
1481	2.30381262583604
1482	2.30381262583604
1483	3.079058254479436
1484	3.079058254479436
1485	3.079058254479436
1486	3.079058254479436
1487	3.079058254479436
1488	1.3140038554392137
1489	1.3140038554392137
1490	1.3140038554392137
1491	1.3140038554392137
1492	1.3140038554392137
1493	2.6496730693916577
1494	2.6496730693916577
1495	2.6496730693916577
1496	2.6496730693916577
1497	2.6496730693916577
1498	1.915519926486926
1499	1.915519926486926
1500	1.915519926486926
1501	1.915519926486926
1502	1.915519926486926
1503	2.403381493553903
1504	2.403381493553903
1505	2.403381493553903
1506	2.403381493553903
1507	2.403381493553903
1508	1.8136300578974172
1509	1.8136300578974172
1510	1.8136300578974172
1511	1.8136300578974172
1512	1.8136300578974172
1513	2.3069495678006926
1514	2.3069495678006926
1515	2.3069495678006926
1516	2.3069495678006926
1517	2.3069495678006926
1518	3.02141279256655
1519	3.02141279256655
1520	3.02141279256655
1521	3.02141279256655
1522	3.02141279256655
1523	3.0661781354862727
1524	3.0661781354862727
1525	3.0661781354862727
1526	3.0661781354862727
1527	3.0661781354862727
1528	1.117000362357971
1529	1.117000362357971
1530	1.117000362357971
1531	1.117000362357971
1532	1.117000362357971
1533	1.4643753140717053
1534	1.4643753140717053
1535	1.4643753140717053
1536	1.4643753140717053
1537	1.4643753140717053
1538	1.7775996655848896
1539	1.7775996655848896
1540	1.7775996655848896
1541	1.7775996655848896
1542	1.7775996655848896
1543	1.7442508877960117
1544	1.7442508877960117
1545	1.7442508877960117
1546	1.7442508877960117
1547	1.7442508877960117
1548	2.362353016064189
1549	2.362353016064189
1550	2.362353016064189
1551	2.362353016064189
1552	2.362353016064189
1553	0.6879993778055282
1554	0.6879993778055282
1555	0.6879993778055282
1556	0.6879993778055282
1557	0.6879993778055282
1558	1.6587989703472679
1559	1.6587989703472679
1560	1.6587989703472679
1561	1.6587989703472679
1562	1.6587989703472679
1563	3.317253745775489
1564	3.317253745775489
1565	3.317253745775489
1566	3.317253745775489
1567	3.317253745775489
1568	3.191716085366339
1569	3.191716085366339
1570	3.191716085366339
1571	3.191716085366339
1572	3.191716085366339
1573	2.354813878677022
1574	2.354813878677022
1575	2.354813878677022
1576	2.354813878677022
1577	2.354813878677022
1578	1.1403320870578797
1579	1.1403320870578797
1580	1.1403320870578797
1581	1.1403320870578797
1582	1.1403320870578797
1583	2.630228967633784
1584	2.630228967633784
1585	2.630228967633784
1586	2.630228967633784
1587	2.630228967633784
1588	2.524854114443702
1589	2.524854114443702
1590	2.524854114443702
1591	2.524854114443702
1592	2.524854114443702
1593	0.5958849684434726
1594	0.5958849684434726
1595	0.5958849684434726
1596	5.222930363963874
1597	5.222930363963874
1598	5.222930363963874
1599	5.222930363963874
1600	5.222930363963874
1601	3.5615853006069185
1602	3.5615853006069185
1603	3.5615853006069185
1604	3.5615853006069185
1605	3.5615853006069185
1606	3.0134943156460117
1607	3.0134943156460117
1608	3.0134943156460117
1609	3.0134943156460117
1610	3.0134943156460117
1611	0.3467400599837811
1612	0.3467400599837811
1613	0.3467400599837811
1614	0.3467400599837811
1615	0.3467400599837811
1616	4.999055676391611
1617	4.999055676391611
1618	4.999055676391611
1619	4.999055676391611
1620	4.999055676391611
1621	4.571408391181967
1622	4.571408391181967
1623	4.571408391181967
1624	4.571408391181967
1625	4.571408391181967
1626	3.791033267903653
1627	3.791033267903653
1628	3.791033267903653
1629	3.791033267903653
1630	3.791033267903653
1631	2.3651542318134307
1632	2.3651542318134307
1633	2.3651542318134307
1634	2.3651542318134307
1635	2.3651542318134307
1636	6.038173574953536
1637	6.038173574953536
1638	6.038173574953536
1639	6.038173574953536
1640	6.038173574953536
1641	4.744653514875926
1642	4.744653514875926
1643	4.744653514875926
1644	4.744653514875926
1645	4.744653514875926
1646	3.2325045265906356
1647	3.2325045265906356
1648	3.2325045265906356
1649	0.9833161432395906
1650	0.9833161432395906
1651	0.9833161432395906
1652	0.9833161432395906
1653	0.9833161432395906
1654	1.013067815129244
1655	1.013067815129244
1656	1.013067815129244
1657	1.013067815129244
1658	1.013067815129244
1659	0.6429188849471993
1660	0.6429188849471993
1661	0.6429188849471993
1662	0.6429188849471993
1663	0.6429188849471993
1664	0.4271295804932174
1665	0.4271295804932174
1666	0.4271295804932174
1667	0.4271295804932174
1668	0.4271295804932174
1669	0.36837741495423537
1670	0.36837741495423537
1671	0.36837741495423537
1672	0.36837741495423537
1673	0.36837741495423537
1674	0.8982565859199259
1675	0.8982565859199259
1676	0.8982565859199259
1677	0.8982565859199259
1678	0.8982565859199259
1679	1.1187734280065544
1680	1.1187734280065544
1681	1.1187734280065544
1682	1.1187734280065544
1683	1.1187734280065544
1684	0.9467926937450818
1685	0.9467926937450818
1686	0.9467926937450818
1687	0.9467926937450818
1688	0.9467926937450818
1689	0.51418730764571
1690	0.51418730764571
1691	0.51418730764571
1692	0.51418730764571
1693	0.51418730764571
1694	1.24104389818989
1695	1.24104389818989
1696	1.24104389818989
1697	1.24104389818989
1698	1.24104389818989
1699	0.1
1700	0.1
1701	0.1
1702	0.1
1703	0.1
1704	0.7348124172253472
1705	0.7348124172253472
1706	0.7348124172253472
1707	0.7348124172253472
1708	0.7348124172253472
1709	0.28555314422164335
1710	0.28555314422164335
1711	0.28555314422164335
1712	0.28555314422164335
1713	0.28555314422164335
1714	0.653279820811729
1715	0.653279820811729
1716	0.653279820811729
1717	0.653279820811729
1718	0.653279820811729
1719	2.532437410626625
1720	2.532437410626625
1721	2.532437410626625
1722	2.532437410626625
1723	2.532437410626625
1724	3.508759264503507
1725	3.508759264503507
1726	3.508759264503507
1727	3.508759264503507
1728	3.508759264503507
1729	3.5702168464084947
1730	3.5702168464084947
1731	3.5702168464084947
1732	3.5702168464084947
1733	3.5702168464084947
1734	2.1278636611192168
1735	2.1278636611192168
1736	2.1278636611192168
1737	2.1278636611192168
1738	2.1278636611192168
1739	4.032290058756112
1740	4.032290058756112
1741	4.032290058756112
1742	4.032290058756112
1743	4.032290058756112
1744	2.6030097502399565
1745	2.6030097502399565
1746	2.6030097502399565
1747	2.6030097502399565
1748	2.6030097502399565
1749	2.3078243669338443
1750	2.3078243669338443
1751	2.3078243669338443
1752	2.3078243669338443
1753	2.3078243669338443
1754	0.8005067794829877
1755	0.8005067794829877
1756	0.8005067794829877
1757	0.8005067794829877
1758	0.8005067794829877
1759	0.9835051622576902
1760	0.9835051622576902
1761	0.9835051622576902
1762	0.9835051622576902
1763	0.9835051622576902
1764	2.307775565073262
1765	2.307775565073262
1766	2.307775565073262
1767	2.307775565073262
1768	2.307775565073262
1769	2.4252984004261195
1770	2.4252984004261195
1771	2.4252984004261195
1772	2.4252984004261195
1773	2.4252984004261195
1774	0.9213218595473944
1775	0.9213218595473944
1776	0.9213218595473944
1777	0.9213218595473944
1778	0.9213218595473944
1779	3.243042341193262
1780	3.243042341193262
1781	3.243042341193262
1782	3.243042341193262
1783	3.243042341193262
1784	2.720761187681771
1785	2.720761187681771
1786	2.720761187681771
1787	2.720761187681771
1788	2.720761187681771
1789	3.452507865208208
1790	3.452507865208208
1791	3.452507865208208
1792	3.452507865208208
1793	3.452507865208208
1794	3.7234655787258166
1795	3.7234655787258166
1796	3.7234655787258166
1797	3.7234655787258166
1798	3.7234655787258166
1799	1.5472989167033742
1800	1.5472989167033742
1801	1.5472989167033742
1802	1.5472989167033742
1803	1.5472989167033742
1804	3.496264331487121
1805	3.496264331487121
1806	3.496264331487121
1807	3.496264331487121
1808	3.496264331487121
1809	3.0620363842428984
1810	3.0620363842428984
1811	3.0620363842428984
1812	3.0620363842428984
1813	3.0620363842428984
1814	0.2715334910804623
1815	0.2715334910804623
1816	0.2715334910804623
1817	0.2715334910804623
1818	0.2715334910804623
1819	2.8226002009157325
1820	2.8226002009157325
1821	2.8226002009157325
1822	2.8226002009157325
1823	2.8226002009157325
1824	1.6683171193004083
1825	1.6683171193004083
1826	1.6683171193004083
1827	1.6683171193004083
1828	1.6683171193004083
1829	0.8745114981670663
1830	0.8745114981670663
1831	0.8745114981670663
1832	0.8745114981670663
1833	0.8745114981670663
1834	2.165567029785943
1835	2.165567029785943
1836	2.165567029785943
1837	2.165567029785943
1838	2.165567029785943
1839	2.032771597774169
1840	2.032771597774169
1841	2.032771597774169
1842	2.032771597774169
1843	2.032771597774169
1844	3.471557313534322
1845	3.471557313534322
1846	1.9821103808329466
1847	1.9821103808329466
1848	1.9821103808329466
1849	1.9821103808329466
1850	1.9821103808329466
1851	0.8071388383598455
1852	0.8071388383598455
1853	0.8071388383598455
1854	0.8071388383598455
1855	0.8071388383598455
1856	1.5595847567077903
1857	1.5595847567077903
1858	1.5595847567077903
1859	1.5595847567077903
1860	1.5595847567077903
1861	1.259000667182902
1862	1.259000667182902
1863	1.259000667182902
1864	1.259000667182902
1865	1.259000667182902
1866	1.059802269510004
1867	1.059802269510004
1868	1.059802269510004
1869	1.059802269510004
1870	1.059802269510004
1871	0.25671058965970384
1872	0.25671058965970384
1873	0.25671058965970384
1874	0.25671058965970384
1875	0.25671058965970384
1876	0.5879542232329998
1877	0.5879542232329998
1878	0.5879542232329998
1879	0.5879542232329998
1880	0.5879542232329998
1881	1.6205221210472125
1882	1.6205221210472125
1883	1.6205221210472125
1884	1.6205221210472125
1885	1.6205221210472125
1886	1.4181802530244232
1887	1.4181802530244232
1888	1.4181802530244232
1889	1.4181802530244232
1890	1.4181802530244232
1891	1.2378818200652806
1892	1.2378818200652806
1893	1.2378818200652806
1894	1.2378818200652806
1895	1.2378818200652806
1896	1.233714599872838
1897	1.233714599872838
1898	1.233714599872838
1899	1.233714599872838
1900	1.233714599872838
1901	1.1187226671641173
1902	1.1187226671641173
1903	1.1187226671641173
1904	1.1187226671641173
1905	1.1187226671641173
1906	4.717114755750856
1907	4.717114755750856
1908	4.717114755750856
1909	4.717114755750856
1910	4.717114755750856
1911	6.304101540543359
1912	1.540872759237981
1913	1.540872759237981
1914	1.540872759237981
1915	1.540872759237981
1916	1.540872759237981
1917	1.751932278601931
1918	1.751932278601931
1919	1.751932278601931
1920	1.751932278601931
1921	1.751932278601931
1922	0.8848960334099105
1923	0.8848960334099105
1924	0.8848960334099105
1925	0.8848960334099105
1926	0.8848960334099105
1927	1.8913150177039224
1928	1.8913150177039224
1929	1.8913150177039224
1930	1.8913150177039224
1931	1.8913150177039224
1932	1.2509292138809258
1933	1.2509292138809258
1934	1.2509292138809258
1935	1.2509292138809258
1936	1.2509292138809258
1937	0.8423059265391758
1938	0.8423059265391758
1939	0.8423059265391758
1940	0.8423059265391758
1941	0.8423059265391758
1942	1.8097312669359389
1943	1.8097312669359389
1944	1.8097312669359389
1945	1.8097312669359389
1946	1.8097312669359389
1947	1.5829558053032837
1948	1.5829558053032837
1949	1.5829558053032837
1950	1.5829558053032837
1951	1.5829558053032837
1952	0.8778428285261342
1953	0.8778428285261342
1954	0.8778428285261342
1955	0.8778428285261342
1956	0.8778428285261342
1957	1.2267913946967524
1958	1.2267913946967524
1959	1.2267913946967524
1960	2.1521259134500843
1961	2.1521259134500843
1962	2.1521259134500843
1963	2.1521259134500843
1964	2.1521259134500843
1965	3.955006299359799
1966	3.955006299359799
1967	3.955006299359799
1968	3.955006299359799
1969	3.955006299359799
1970	5.283759512222196
1971	5.283759512222196
1972	5.283759512222196
1973	5.283759512222196
1974	5.283759512222196
1975	5.553800147596965
1976	5.553800147596965
1977	5.553800147596965
1978	5.553800147596965
1979	5.553800147596965
1980	4.095504968898304
1981	4.095504968898304
1982	4.095504968898304
1983	4.095504968898304
1984	4.095504968898304
1985	3.217542564277
1986	3.217542564277
1987	3.217542564277
1988	3.217542564277
1989	3.217542564277
1990	4.651374985135476
1991	4.651374985135476
1992	4.651374985135476
1993	4.651374985135476
1994	4.651374985135476
1995	5.004085912632014
1996	5.004085912632014
1997	5.004085912632014
1998	5.004085912632014
1999	5.004085912632014
