0	2.99657992506143
1	2.99657992506143
2	2.99657992506143
3	2.8258600722061553
4	2.8258600722061553
5	2.8258600722061553
6	2.0823746698843535
7	2.0823746698843535
8	2.0823746698843535
9	2.94400507535013
10	2.94400507535013
11	2.94400507535013
12	3.1303781020954573
13	3.1303781020954573
14	3.1303781020954573
15	2.6256102080937085
16	2.6256102080937085
17	2.6256102080937085
18	2.8812834580500946
19	2.8812834580500946
20	2.8812834580500946
21	2.9919694709762727
22	2.9919694709762727
23	2.9919694709762727
24	3.0232412610417323
25	3.0232412610417323
26	3.0232412610417323
27	3.132646638226166
28	3.132646638226166
29	3.132646638226166
30	3.3110627150638745
31	3.3110627150638745
32	3.3110627150638745
33	3.102707534344704
34	3.102707534344704
35	3.102707534344704
36	2.9521783761531517
37	2.9521783761531517
38	2.9521783761531517
39	2.8658073354500817
40	2.8658073354500817
41	2.8658073354500817
42	3.1652067472518297
43	3.1652067472518297
44	3.1652067472518297
45	2.5151689297949904
46	2.5151689297949904
47	2.5151689297949904
48	3.3367497937308785
49	3.3367497937308785
50	3.3367497937308785
51	3.149736285294428
52	3.149736285294428
53	3.149736285294428
54	2.87095333095679
55	2.87095333095679
56	2.87095333095679
57	2.7964702209123047
58	2.7964702209123047
59	2.7964702209123047
60	2.9585119965053503
61	2.9585119965053503
62	2.9585119965053503
63	2.2976595791439944
64	2.2976595791439944
65	2.2976595791439944
66	2.8891668412647165
67	2.8891668412647165
68	2.8891668412647165
69	2.6581938638620275
70	2.6581938638620275
71	2.6581938638620275
72	3.169708050224285
73	3.169708050224285
74	3.169708050224285
75	3.1229856678837713
76	3.1229856678837713
77	3.1229856678837713
78	3.311539129941318
79	3.311539129941318
80	3.311539129941318
81	2.7980550206468893
82	2.7980550206468893
83	2.7980550206468893
84	2.444117978410346
85	2.444117978410346
86	2.444117978410346
87	2.8128663871441497
88	2.8128663871441497
89	2.8128663871441497
90	2.8465885706812486
91	2.8465885706812486
92	2.8465885706812486
93	3.3185729883035275
94	3.3185729883035275
95	3.3185729883035275
96	2.6375128644182215
97	2.6375128644182215
98	2.6375128644182215
99	2.8182734702575174
100	2.8182734702575174
101	2.8182734702575174
102	2.9179443991408327
103	2.9179443991408327
104	2.9179443991408327
105	2.520659750566069
106	2.520659750566069
107	2.520659750566069
108	2.8579774434422958
109	2.8579774434422958
110	2.8579774434422958
111	2.651949091896652
112	2.651949091896652
113	2.651949091896652
114	2.514113099837067
115	2.514113099837067
116	2.514113099837067
117	2.4918517612618545
118	2.4918517612618545
119	2.4918517612618545
120	2.861265225196687
121	2.861265225196687
122	2.861265225196687
123	2.8812049656065177
124	2.8812049656065177
125	2.8812049656065177
126	3.2413203720169554
127	3.2413203720169554
128	3.2413203720169554
129	2.967379880605989
130	2.967379880605989
131	2.967379880605989
132	2.485555046174842
133	2.485555046174842
134	2.485555046174842
135	2.9255265589721073
136	2.9255265589721073
137	2.9255265589721073
138	3.2275601295679053
139	3.2275601295679053
140	3.2275601295679053
141	3.153378284344993
142	3.153378284344993
143	3.153378284344993
144	2.5045448999113167
145	2.5045448999113167
146	2.5045448999113167
147	3.2061103203329515
148	3.2061103203329515
149	3.2061103203329515
150	1.73643563226678
151	1.73643563226678
152	1.73643563226678
153	2.2186409445671176
154	2.2186409445671176
155	2.2186409445671176
156	2.3735716137554066
157	2.3735716137554066
158	2.3735716137554066
159	3.0798232804771573
160	3.0798232804771573
161	3.0798232804771573
162	2.640791999930582
163	2.640791999930582
164	2.640791999930582
165	2.508642408241008
166	2.508642408241008
167	2.508642408241008
168	3.367646496350596
169	3.367646496350596
170	3.367646496350596
171	2.8762958940386985
172	2.8762958940386985
173	2.8762958940386985
174	2.6147089332134756
175	2.6147089332134756
176	2.6147089332134756
177	3.1611066876080893
178	3.1611066876080893
179	3.1611066876080893
180	3.342624949881371
181	3.342624949881371
182	3.342624949881371
183	2.9093683675243
184	2.9093683675243
185	2.9093683675243
186	3.0211848146946827
187	3.0211848146946827
188	3.0211848146946827
189	2.708449989140931
190	2.708449989140931
191	2.708449989140931
192	3.049555102909031
193	3.049555102909031
194	3.049555102909031
195	2.808917477365906
196	2.808917477365906
197	2.808917477365906
198	3.0328112220176267
199	3.0328112220176267
200	3.0328112220176267
201	2.749458751345036
202	2.749458751345036
203	2.749458751345036
204	3.4831229659054643
205	3.4831229659054643
206	3.4831229659054643
207	3.0186447384549693
208	3.0186447384549693
209	3.0186447384549693
210	3.353394338152862
211	3.353394338152862
212	3.353394338152862
213	2.8870562046771426
214	2.8870562046771426
215	2.8870562046771426
216	2.7083271653097656
217	2.7083271653097656
218	2.7083271653097656
219	2.928033483361786
220	2.928033483361786
221	2.928033483361786
222	3.3432637090618496
223	3.3432637090618496
224	3.3432637090618496
225	2.9294202832167207
226	2.9294202832167207
227	2.9294202832167207
228	2.924621660129666
229	2.924621660129666
230	2.924621660129666
231	3.280956729741964
232	3.280956729741964
233	3.280956729741964
234	2.580266862574638
235	2.580266862574638
236	2.580266862574638
237	2.343983708819652
238	2.343983708819652
239	2.343983708819652
240	2.7215650121189556
241	2.7215650121189556
242	2.7215650121189556
243	2.9754243503367994
244	2.9754243503367994
245	2.9754243503367994
246	2.5719104517242783
247	2.5719104517242783
248	2.5719104517242783
249	2.8520586657946954
250	2.8520586657946954
251	2.8520586657946954
252	2.4557240762922916
253	2.4557240762922916
254	2.4557240762922916
255	3.3364019305603922
256	3.3364019305603922
257	3.3364019305603922
258	2.8246961603541387
259	2.8246961603541387
260	2.8246961603541387
261	2.6263291667951396
262	2.6263291667951396
263	2.6263291667951396
264	3.1729359210459167
265	3.1729359210459167
266	3.1729359210459167
267	3.1176854567651415
268	3.1176854567651415
269	3.1176854567651415
270	3.1389294252614106
271	3.1389294252614106
272	3.1389294252614106
273	3.0737533642876214
274	3.0737533642876214
275	3.0737533642876214
276	2.6723990651278258
277	2.6723990651278258
278	2.6723990651278258
279	2.5031477791748875
280	2.5031477791748875
281	2.5031477791748875
282	2.7502026493549745
283	2.7502026493549745
284	2.7502026493549745
285	2.9335982496670785
286	2.9335982496670785
287	2.9335982496670785
288	2.820318957186428
289	2.820318957186428
290	2.820318957186428
291	3.0345203688149227
292	3.0345203688149227
293	3.0345203688149227
294	2.8945631342352476
295	2.8945631342352476
296	2.8945631342352476
297	2.7629166023857694
298	2.7629166023857694
299	2.7629166023857694
300	3.2197669525579955
301	3.2197669525579955
302	3.2197669525579955
303	3.3244623465666048
304	3.3244623465666048
305	3.3244623465666048
306	3.5122182341635657
307	3.5122182341635657
308	3.5122182341635657
309	3.3504752779648466
310	3.3504752779648466
311	3.3504752779648466
312	2.8631854757857393
313	2.8631854757857393
314	2.8631854757857393
315	2.2948729247303445
316	2.2948729247303445
317	2.2948729247303445
318	3.0893766746115836
319	3.0893766746115836
320	3.0893766746115836
321	2.873640701703824
322	2.873640701703824
323	2.873640701703824
324	2.7207041084220407
325	2.7207041084220407
326	2.7207041084220407
327	2.762054368921717
328	2.762054368921717
329	2.762054368921717
330	2.497231194151712
331	2.497231194151712
332	2.497231194151712
333	2.7982999874054326
334	2.7982999874054326
335	2.7982999874054326
336	2.5857737223857744
337	2.5857737223857744
338	2.5857737223857744
339	2.9776954022253688
340	2.9776954022253688
341	2.9776954022253688
342	2.767670345263671
343	2.767670345263671
344	2.767670345263671
345	3.464416373315233
346	3.464416373315233
347	3.464416373315233
348	3.2710200575860435
349	3.2710200575860435
350	3.2710200575860435
351	3.1825376096108506
352	3.1825376096108506
353	0.6464403551015486
354	0.6464403551015486
355	0.6464403551015486
356	0.6745050728101665
357	0.6745050728101665
358	0.6745050728101665
359	0.6209637671260236
360	0.6209637671260236
361	0.6209637671260236
362	0.5447811603230376
363	0.5447811603230376
364	0.5447811603230376
365	0.6731400507269226
366	0.6731400507269226
367	0.6731400507269226
368	0.6685177431477909
369	0.6685177431477909
370	0.6685177431477909
371	0.7027041411662976
372	0.7027041411662976
373	0.7027041411662976
374	2.0916284321713534
375	2.0916284321713534
376	2.0916284321713534
377	2.5065265590321633
378	2.5065265590321633
379	2.5065265590321633
380	2.6480223645057928
381	2.6480223645057928
382	2.6480223645057928
383	2.0366858072921787
384	2.0366858072921787
385	2.0366858072921787
386	2.2345414146577913
387	2.2345414146577913
388	2.2345414146577913
389	2.2342409679654107
390	2.2342409679654107
391	2.2342409679654107
392	2.8378907110252176
393	2.8378907110252176
394	2.8378907110252176
395	2.3482925893927193
396	2.3482925893927193
397	2.3482925893927193
398	2.4500248307194594
399	2.4500248307194594
400	2.4500248307194594
401	2.7715314009450736
402	2.7715314009450736
403	2.7715314009450736
404	2.4753059156630224
405	2.4753059156630224
406	2.4753059156630224
407	2.5069666149294294
408	2.5069666149294294
409	2.5069666149294294
410	3.000786111847028
411	2.0749494979597043
412	2.0749494979597043
413	2.0749494979597043
414	1.8796896533073584
415	1.8796896533073584
416	1.8796896533073584
417	2.0078568999098256
418	2.0078568999098256
419	2.0078568999098256
420	2.145835980346524
421	2.145835980346524
422	2.145835980346524
423	1.9658779937582378
424	1.9658779937582378
425	1.9658779937582378
426	1.7845357199822618
427	1.7845357199822618
428	1.7845357199822618
429	1.977424601122888
430	1.977424601122888
431	1.977424601122888
432	2.2067819999514335
433	2.2067819999514335
434	2.2067819999514335
435	2.162383564327652
436	2.162383564327652
437	2.162383564327652
438	1.5807342529267308
439	1.5807342529267308
440	1.5807342529267308
441	1.7304983985668638
442	1.7304983985668638
443	1.7304983985668638
444	2.099158116892365
445	2.099158116892365
446	2.099158116892365
447	1.893678708076425
448	1.893678708076425
449	1.893678708076425
450	1.9047705726116073
451	1.9047705726116073
452	1.9047705726116073
453	2.099270465068761
454	2.099270465068761
455	2.099270465068761
456	1.6518436616564742
457	1.6518436616564742
458	1.6518436616564742
459	2.099238335878198
460	2.099238335878198
461	2.099238335878198
462	1.9657112791920304
463	1.9657112791920304
464	1.9657112791920304
465	2.1450014780149838
466	2.1450014780149838
467	2.1450014780149838
468	1.9316240961522597
469	1.9316240961522597
470	1.9316240961522597
471	1.9609760521501323
472	1.9609760521501323
473	1.9609760521501323
474	2.08787043935636
475	2.08787043935636
476	2.08787043935636
477	2.0911750210722513
478	2.0911750210722513
479	2.0911750210722513
480	2.024372165060281
481	2.024372165060281
482	2.024372165060281
483	1.8718485559592872
484	1.8718485559592872
485	1.8718485559592872
486	2.0838034873779154
487	2.0838034873779154
488	2.0838034873779154
489	2.2653558268573106
490	2.2653558268573106
491	2.2653558268573106
492	2.2041498011255958
493	2.2041498011255958
494	2.2041498011255958
495	1.763798855563119
496	1.763798855563119
497	1.763798855563119
498	2.0766733446664416
499	2.0766733446664416
500	2.0766733446664416
501	2.00731520791129
502	2.00731520791129
503	2.00731520791129
504	2.1135008457097526
505	2.1135008457097526
506	2.1135008457097526
507	1.89767874454119
508	1.89767874454119
509	1.89767874454119
510	2.2297137151353668
511	2.2297137151353668
512	2.2297137151353668
513	2.4325215244715634
514	2.4325215244715634
515	2.4325215244715634
516	2.075469036111109
517	2.075469036111109
518	2.075469036111109
519	2.0193250628551884
520	2.0193250628551884
521	2.0193250628551884
522	2.08056144331695
523	2.08056144331695
524	2.08056144331695
525	2.1010997087262013
526	2.1010997087262013
527	2.1010997087262013
528	2.515203133475789
529	2.515203133475789
530	2.515203133475789
531	2.112266240459523
532	2.112266240459523
533	2.112266240459523
534	1.8973926116855389
535	1.8973926116855389
536	1.8973926116855389
537	2.050869161226737
538	2.050869161226737
539	2.050869161226737
540	2.100287185784285
541	2.100287185784285
542	2.100287185784285
543	1.954996282474622
544	1.954996282474622
545	1.954996282474622
546	1.8642622692108404
547	1.8642622692108404
548	1.8642622692108404
549	1.924855817665922
550	1.924855817665922
551	1.924855817665922
552	2.092800048888568
553	2.092800048888568
554	2.092800048888568
555	1.874480500645949
556	1.874480500645949
557	1.874480500645949
558	1.9476134196179329
559	1.9476134196179329
560	1.9476134196179329
561	1.9625988310986362
562	1.9625988310986362
563	1.9625988310986362
564	2.095721139963817
565	2.095721139963817
566	2.095721139963817
567	1.8556381238076571
568	1.8556381238076571
569	1.8556381238076571
570	1.8964547589345666
571	1.8964547589345666
572	1.8964547589345666
573	2.025278567925379
574	2.025278567925379
575	2.025278567925379
576	2.090283042598071
577	2.090283042598071
578	2.090283042598071
579	2.3703151379012284
580	2.3703151379012284
581	2.3703151379012284
582	2.08195477787156
583	2.08195477787156
584	2.08195477787156
585	2.0571784897086753
586	2.0571784897086753
587	2.0571784897086753
588	2.373809629396152
589	2.373809629396152
590	2.373809629396152
591	1.9636670454033975
592	1.9636670454033975
593	1.9636670454033975
594	1.6933388001036458
595	1.6933388001036458
596	1.6933388001036458
597	1.6613060359564429
598	1.6613060359564429
599	1.6613060359564429
600	2.0360803867896498
601	2.0360803867896498
602	2.0360803867896498
603	2.1794416956087623
604	2.1794416956087623
605	2.1794416956087623
606	2.18923697243396
607	2.18923697243396
608	2.18923697243396
609	1.993991028084211
610	1.993991028084211
611	1.993991028084211
612	1.833864709109711
613	1.833864709109711
614	1.833864709109711
615	2.014807694363758
616	2.014807694363758
617	2.014807694363758
618	2.4212624357230084
619	2.4212624357230084
620	2.4212624357230084
621	2.0022153571776475
622	2.0022153571776475
623	2.0022153571776475
624	1.819970778440874
625	1.819970778440874
626	1.819970778440874
627	2.364693542498878
628	2.364693542498878
629	2.364693542498878
630	1.9550397202319438
631	1.9550397202319438
632	1.9550397202319438
633	1.915852296242482
634	1.915852296242482
635	1.915852296242482
636	2.0239727353009775
637	2.0239727353009775
638	2.0239727353009775
639	1.5790212515417597
640	1.5790212515417597
641	1.5790212515417597
642	2.070568287144492
643	2.070568287144492
644	2.070568287144492
645	2.0025718744278347
646	2.0025718744278347
647	2.0025718744278347
648	1.9270752137655192
649	1.9270752137655192
650	1.9270752137655192
651	2.3049518341395596
652	2.3049518341395596
653	2.3049518341395596
654	1.7779593240781468
655	1.7779593240781468
656	1.7779593240781468
657	2.0667723559517475
658	2.0667723559517475
659	2.0667723559517475
660	1.8831996962522135
661	1.8831996962522135
662	1.8831996962522135
663	2.1871303696200917
664	2.1871303696200917
665	2.1871303696200917
666	1.957224974517053
667	1.957224974517053
668	1.957224974517053
669	2.1400407791079616
670	2.1400407791079616
671	2.1400407791079616
672	2.04623665853154
673	2.04623665853154
674	2.04623665853154
675	1.779828123266132
676	1.779828123266132
677	1.779828123266132
678	1.8729438194864108
679	1.8729438194864108
680	1.8729438194864108
681	2.103781272856316
682	2.103781272856316
683	2.103781272856316
684	2.1519261718349094
685	2.1519261718349094
686	2.1519261718349094
687	2.0529804227026434
688	2.0529804227026434
689	2.0529804227026434
690	1.945340514947873
691	1.945340514947873
692	1.945340514947873
693	2.225955251186764
694	2.225955251186764
695	2.225955251186764
696	2.1427310325513362
697	2.1427310325513362
698	2.1427310325513362
699	2.0607748367131746
700	2.0607748367131746
701	2.0607748367131746
702	1.9965224927198268
703	1.9965224927198268
704	1.9965224927198268
705	1.9198690907110094
706	1.9198690907110094
707	1.9198690907110094
708	1.8458703443229503
709	1.8458703443229503
710	1.8458703443229503
711	1.8685510905643563
712	1.8685510905643563
713	1.8685510905643563
714	2.0902361921222488
715	2.0902361921222488
716	2.0902361921222488
717	2.124358026365571
718	2.124358026365571
719	2.124358026365571
720	1.9412361711514836
721	1.9412361711514836
722	1.9412361711514836
723	2.1545749926079947
724	2.1545749926079947
725	2.1545749926079947
726	2.03752427707311
727	2.03752427707311
728	2.03752427707311
729	2.1214794791561116
730	2.1214794791561116
731	2.1214794791561116
732	2.078724496726147
733	2.078724496726147
734	2.078724496726147
735	2.0882947325553687
736	2.0882947325553687
737	2.0882947325553687
738	1.8013306105794828
739	0.22140565078610683
740	0.22140565078610683
741	0.22140565078610683
742	0.20248207685441116
743	0.20248207685441116
744	0.20248207685441116
745	0.1864042771668693
746	0.1864042771668693
747	0.1864042771668693
748	0.17175710069903508
749	0.17175710069903508
750	0.17175710069903508
751	0.22130561870782345
752	0.22130561870782345
753	0.22130561870782345
754	0.18636800139422913
755	0.18636800139422913
756	0.18636800139422913
757	0.2081526097013984
758	0.2081526097013984
759	0.2081526097013984
760	0.20534653617945506
761	0.20534653617945506
762	2.7779451746466792
763	2.7779451746466792
764	2.7779451746466792
765	3.7016748696771526
766	3.7016748696771526
767	3.7016748696771526
768	2.7762924330343557
769	2.7762924330343557
770	2.7762924330343557
771	3.1887547103917715
772	3.1887547103917715
773	3.1887547103917715
774	2.40415935550195
775	2.40415935550195
776	2.40415935550195
777	3.3012826286022183
778	3.3012826286022183
779	3.3012826286022183
780	2.850787303452229
781	2.850787303452229
782	2.850787303452229
783	2.9443820522117172
784	2.9443820522117172
785	2.9443820522117172
786	2.658965488130698
787	2.658965488130698
788	2.658965488130698
789	2.7767228602142557
790	2.7767228602142557
791	2.7767228602142557
792	2.556592839395229
793	2.556592839395229
794	2.556592839395229
795	2.829055211207665
796	4.055054248696099
797	4.055054248696099
798	4.055054248696099
799	3.662158633186001
800	3.662158633186001
801	3.662158633186001
802	3.956518022074574
803	3.956518022074574
804	3.956518022074574
805	3.8975687113514286
806	3.8975687113514286
807	3.8975687113514286
808	4.0621592104847
809	4.0621592104847
810	4.0621592104847
811	4.179845945736932
812	4.179845945736932
813	4.179845945736932
814	3.9784989226346514
815	3.9784989226346514
816	3.9784989226346514
817	3.61191287303147
818	3.61191287303147
819	3.61191287303147
820	3.796919939228492
821	3.796919939228492
822	3.796919939228492
823	3.5716021639861477
824	3.5716021639861477
825	3.5716021639861477
826	3.5106622425931566
827	3.5106622425931566
828	3.5106622425931566
829	3.454155115612375
830	3.454155115612375
831	3.454155115612375
832	3.285519565018687
833	3.285519565018687
834	3.285519565018687
835	4.2417406111105365
836	4.2417406111105365
837	4.2417406111105365
838	3.9422351826865016
839	3.9422351826865016
840	3.9422351826865016
841	3.7385398071915312
842	3.7385398071915312
843	3.7385398071915312
844	4.246828207059624
845	4.246828207059624
846	4.246828207059624
847	3.8828949862914772
848	3.8828949862914772
849	3.8828949862914772
850	3.5992584357391078
851	3.5992584357391078
852	3.5992584357391078
853	2.6232976727060917
854	2.6232976727060917
855	2.6232976727060917
856	3.387646429142194
857	3.387646429142194
858	3.387646429142194
859	2.7649215113303542
860	2.7649215113303542
861	2.7649215113303542
862	2.9950523914035343
863	2.9950523914035343
864	2.9950523914035343
865	3.1148111230826183
866	3.1148111230826183
867	3.1148111230826183
868	3.456344772365336
869	3.456344772365336
870	3.456344772365336
871	3.0669751157659366
872	3.0669751157659366
873	3.0669751157659366
874	2.8934538090275423
875	2.8934538090275423
876	2.8934538090275423
877	3.2036527419455054
878	3.2036527419455054
879	0.7835309326507303
880	0.7835309326507303
881	0.7835309326507303
882	0.6890100409341169
883	0.6890100409341169
884	0.6890100409341169
885	0.6633040357679121
886	0.6633040357679121
887	0.6633040357679121
888	0.6142132859762625
889	0.6142132859762625
890	0.6142132859762625
891	0.6591492600372979
892	0.6591492600372979
893	0.6591492600372979
894	0.6249172847368863
895	0.6249172847368863
896	0.6249172847368863
897	0.5352277884770554
898	0.5352277884770554
899	0.5352277884770554
900	0.6032680263116164
901	0.6032680263116164
902	0.6032680263116164
903	0.589465649251186
904	0.589465649251186
905	0.589465649251186
906	0.6508217181400502
907	0.6508217181400502
908	0.6508217181400502
909	0.6197861369849479
910	0.6197861369849479
911	0.6197861369849479
912	0.6455468034279322
913	0.6455468034279322
914	0.6455468034279322
915	0.7037946352491691
916	0.7037946352491691
917	0.7037946352491691
918	0.6072681736190724
919	0.6072681736190724
920	0.6072681736190724
921	0.6028423315865126
922	0.6028423315865126
923	0.6028423315865126
924	0.7164024048896313
925	0.7164024048896313
926	0.7164024048896313
927	0.66130766359216
928	0.66130766359216
929	0.66130766359216
930	0.5413115287542981
931	0.5413115287542981
932	0.5413115287542981
933	0.6445579031593841
934	0.6445579031593841
935	0.6445579031593841
936	0.5727041830193081
937	0.5727041830193081
938	0.5727041830193081
939	0.655648765460013
940	0.655648765460013
941	0.655648765460013
942	0.7143104666702442
943	0.7143104666702442
944	0.7143104666702442
945	0.7333162314775445
946	0.7333162314775445
947	0.7333162314775445
948	0.6206517262265568
949	0.6206517262265568
950	0.6206517262265568
951	0.6590716684046255
952	0.6590716684046255
953	0.6590716684046255
954	0.6968477692274855
955	0.6968477692274855
956	0.6968477692274855
957	0.6619560336146003
958	0.6619560336146003
959	0.6619560336146003
960	0.6535415815506537
961	0.6535415815506537
962	0.6535415815506537
963	0.5456353830120184
964	0.5456353830120184
965	0.5456353830120184
966	0.6591714846991769
967	0.6591714846991769
968	0.6591714846991769
969	0.7330616491069132
970	0.7330616491069132
971	0.7330616491069132
972	0.6573829072290668
973	0.6573829072290668
974	0.6573829072290668
975	0.6250806560043864
976	0.6250806560043864
977	0.6250806560043864
978	0.6852436828694484
979	0.6852436828694484
980	2.56897229613635
981	2.56897229613635
982	2.56897229613635
983	2.644630636893764
984	2.644630636893764
985	2.644630636893764
986	2.9828779011880733
987	2.9828779011880733
988	2.9828779011880733
989	3.1048965297327795
990	3.1048965297327795
991	3.1048965297327795
992	2.57315933408759
993	2.57315933408759
994	2.57315933408759
995	3.594099648614665
996	3.594099648614665
997	3.594099648614665
998	2.6092564113900028
999	2.6092564113900028
1000	2.6092564113900028
1001	2.6001876221781974
1002	1.2149496480316193
1003	1.2149496480316193
1004	1.2149496480316193
1005	1.0874224824517746
1006	1.0874224824517746
1007	1.0874224824517746
1008	1.223140081131502
1009	1.223140081131502
1010	1.223140081131502
1011	0.7933421115047976
1012	0.7933421115047976
1013	0.7933421115047976
1014	1.223190243193779
1015	1.223190243193779
1016	1.223190243193779
1017	1.0310798627012738
1018	1.0310798627012738
1019	1.0310798627012738
1020	1.0155456647723213
1021	1.0155456647723213
1022	1.0155456647723213
1023	1.177870762100824
1024	1.177870762100824
1025	1.177870762100824
1026	1.094985630866339
1027	1.094985630866339
1028	1.094985630866339
1029	1.3195074120428985
1030	1.3195074120428985
1031	1.3195074120428985
1032	1.1716098065383576
1033	1.1716098065383576
1034	1.1716098065383576
1035	1.0655824335729096
1036	1.0655824335729096
1037	1.0655824335729096
1038	1.0994499462606528
1039	1.0994499462606528
1040	1.0994499462606528
1041	1.2167431231770303
1042	1.2167431231770303
1043	1.2167431231770303
1044	1.0696008247647502
1045	1.0696008247647502
1046	1.0696008247647502
1047	1.033764992697314
1048	1.033764992697314
1049	1.033764992697314
1050	1.1302963570916054
1051	1.1302963570916054
1052	1.1302963570916054
1053	1.1331921155468463
1054	1.1331921155468463
1055	1.1331921155468463
1056	1.0726757287823852
1057	1.0726757287823852
1058	1.0726757287823852
1059	1.173636546833966
1060	1.173636546833966
1061	1.173636546833966
1062	1.2152256459074025
1063	1.2152256459074025
1064	1.2152256459074025
1065	1.0605168045207192
1066	1.0605168045207192
1067	1.0605168045207192
1068	1.133234700496171
1069	1.133234700496171
1070	1.133234700496171
1071	1.011949003447188
1072	1.011949003447188
1073	1.011949003447188
1074	1.0920613863353734
1075	1.0920613863353734
1076	1.0920613863353734
1077	1.2679097411516933
1078	1.2679097411516933
1079	1.2679097411516933
1080	1.059443514950279
1081	1.059443514950279
1082	1.059443514950279
1083	1.169645919776662
1084	1.169645919776662
1085	1.169645919776662
1086	1.3283633824223586
1087	1.3283633824223586
1088	1.3283633824223586
1089	1.1064536797637434
1090	1.1064536797637434
1091	1.1064536797637434
1092	1.2658571183823484
1093	1.2658571183823484
1094	1.2658571183823484
1095	1.1402496079126636
1096	1.1402496079126636
1097	1.1402496079126636
1098	1.0690970490062623
1099	1.0690970490062623
1100	1.0690970490062623
1101	1.2302257869015985
1102	1.2302257869015985
1103	1.2302257869015985
1104	0.9187958189466484
1105	0.9187958189466484
1106	0.9187958189466484
1107	1.1896901262933843
1108	1.1896901262933843
1109	1.1896901262933843
1110	1.034659492196052
1111	1.034659492196052
1112	1.034659492196052
1113	1.2271464789612352
1114	1.2271464789612352
1115	1.2271464789612352
1116	1.071629933204893
1117	1.071629933204893
1118	1.071629933204893
1119	1.1183782552238726
1120	1.1183782552238726
1121	1.1183782552238726
1122	1.0818985261552525
1123	1.0818985261552525
1124	1.0818985261552525
1125	0.9845995476613137
1126	0.9845995476613137
1127	0.9845995476613137
1128	1.0244418737740342
1129	1.0244418737740342
1130	1.0244418737740342
1131	1.1062632703556645
1132	1.1062632703556645
1133	1.1062632703556645
1134	1.265081272554718
1135	1.265081272554718
1136	1.265081272554718
1137	1.3528575899170605
1138	1.3528575899170605
1139	1.3528575899170605
1140	1.0063038446703905
1141	1.0063038446703905
1142	1.0063038446703905
1143	1.0191985499346936
1144	1.0191985499346936
1145	1.0191985499346936
1146	1.0620589699656582
1147	1.0620589699656582
1148	1.0620589699656582
1149	1.1730815405544253
1150	1.1730815405544253
1151	1.1730815405544253
1152	1.0004263043367838
1153	1.0004263043367838
1154	1.0004263043367838
1155	1.078711742752103
1156	1.078711742752103
1157	1.078711742752103
1158	1.0923841758554196
1159	1.0923841758554196
1160	1.0923841758554196
1161	1.2358757259585909
1162	1.2358757259585909
1163	1.2358757259585909
1164	1.1143927506235305
1165	1.1143927506235305
1166	1.1143927506235305
1167	1.155397679820672
1168	1.155397679820672
1169	3.6120597565979056
1170	3.6120597565979056
1171	3.6120597565979056
1172	3.368625885658825
1173	3.368625885658825
1174	3.368625885658825
1175	3.0973975034403067
1176	3.0973975034403067
1177	3.0973975034403067
1178	3.7553030996274996
1179	0.7248480152068625
1180	0.7248480152068625
1181	0.7248480152068625
1182	0.7204524635095504
1183	0.7204524635095504
1184	0.7204524635095504
1185	2.131200745261609
1186	2.131200745261609
1187	2.131200745261609
1188	2.094654012868705
1189	2.094654012868705
1190	2.094654012868705
1191	2.2844970946088496
1192	2.2844970946088496
1193	2.2844970946088496
1194	2.110316662934273
1195	2.110316662934273
1196	2.110316662934273
1197	1.8423244079564964
1198	1.8423244079564964
1199	1.8423244079564964
1200	2.2183928437732714
1201	2.2183928437732714
1202	2.2183928437732714
1203	2.200956157947821
1204	2.200956157947821
1205	2.200956157947821
1206	2.2360774082081596
1207	2.2360774082081596
1208	2.2360774082081596
1209	2.046007333950763
1210	2.046007333950763
1211	2.046007333950763
1212	2.119603183419617
1213	2.119603183419617
1214	2.119603183419617
1215	2.1117407333793876
1216	2.1117407333793876
1217	2.1117407333793876
1218	1.8657737335003082
1219	1.8657737335003082
1220	1.8657737335003082
1221	2.355215529052224
1222	2.355215529052224
1223	2.355215529052224
1224	2.1846656840218768
1225	2.1846656840218768
1226	2.1846656840218768
1227	2.065251529650839
1228	2.065251529650839
1229	2.065251529650839
1230	1.8811965243998672
1231	1.8811965243998672
1232	1.8811965243998672
1233	2.2145083851420515
1234	2.2145083851420515
1235	2.2145083851420515
1236	1.7941567647842134
1237	1.7941567647842134
1238	1.7941567647842134
1239	2.2051915931716763
1240	2.2051915931716763
1241	2.2051915931716763
1242	2.042846418005864
1243	2.042846418005864
1244	2.042846418005864
1245	2.040613528847856
1246	2.040613528847856
1247	2.040613528847856
1248	3.127997613191308
1249	3.127997613191308
1250	3.127997613191308
1251	2.7697027248025243
1252	2.7697027248025243
1253	2.7697027248025243
1254	3.0536241055486886
1255	3.0536241055486886
1256	3.0536241055486886
1257	2.9522093781590986
1258	2.9522093781590986
1259	2.9522093781590986
1260	3.2876097008657887
1261	3.2876097008657887
1262	3.2876097008657887
1263	3.2309187385749754
1264	3.2309187385749754
1265	3.2309187385749754
1266	2.822161863483291
1267	2.822161863483291
1268	2.822161863483291
1269	3.115974528131967
1270	3.115974528131967
1271	3.115974528131967
1272	3.1592580226966387
1273	3.1592580226966387
1274	3.1592580226966387
1275	2.8031881879934053
1276	2.8031881879934053
1277	2.8031881879934053
1278	3.3431452780259323
1279	3.3431452780259323
1280	3.3431452780259323
1281	3.503653629302606
1282	3.503653629302606
1283	3.503653629302606
1284	2.6034832365705585
1285	2.6034832365705585
1286	2.6034832365705585
1287	2.619994074951828
1288	2.619994074951828
1289	2.619994074951828
1290	3.2173374340577485
1291	3.2173374340577485
1292	3.2173374340577485
1293	2.71551403312725
1294	2.71551403312725
1295	2.71551403312725
1296	3.4252295978657945
1297	3.4252295978657945
1298	3.4252295978657945
1299	3.094569392457689
1300	3.094569392457689
1301	3.094569392457689
1302	2.6748523694108424
1303	2.6748523694108424
1304	2.6748523694108424
1305	3.296804793789156
1306	3.296804793789156
1307	3.296804793789156
1308	2.8729408291610756
1309	2.8729408291610756
1310	2.8729408291610756
1311	3.3738869900195088
1312	3.3738869900195088
1313	3.3738869900195088
1314	2.9326313144572485
1315	2.9326313144572485
1316	2.9326313144572485
1317	3.2552087001842507
1318	3.2552087001842507
1319	3.2552087001842507
1320	2.328723580171898
1321	2.328723580171898
1322	2.328723580171898
1323	3.407466323587001
1324	3.407466323587001
1325	3.407466323587001
1326	3.5367981506774155
1327	3.5367981506774155
1328	3.5367981506774155
1329	3.2666867891569518
1330	3.2666867891569518
1331	3.2666867891569518
1332	2.9907557835338503
1333	2.9907557835338503
1334	2.9907557835338503
1335	2.88725810203405
1336	2.88725810203405
1337	2.88725810203405
1338	2.7518370334494446
1339	2.7518370334494446
1340	2.7518370334494446
1341	3.1584918987257096
1342	3.1584918987257096
1343	3.1584918987257096
1344	2.4549543223002086
1345	2.4549543223002086
1346	2.4549543223002086
1347	2.728489631676748
1348	2.728489631676748
1349	2.728489631676748
1350	3.085303364882503
1351	3.085303364882503
1352	3.085303364882503
1353	2.842815626698959
1354	2.842815626698959
1355	2.842815626698959
1356	2.754110984155272
1357	2.754110984155272
1358	2.754110984155272
1359	2.961816555371907
1360	2.961816555371907
1361	2.961816555371907
1362	2.4761398822649427
1363	2.4761398822649427
1364	2.4761398822649427
1365	2.806146517058729
1366	2.806146517058729
1367	2.806146517058729
1368	2.664903060633355
1369	2.664903060633355
1370	2.664903060633355
1371	2.6997812401118186
1372	2.6997812401118186
1373	2.6997812401118186
1374	3.2545942774205203
1375	3.2545942774205203
1376	3.2545942774205203
1377	2.9328929771855243
1378	2.9328929771855243
1379	2.9328929771855243
1380	2.840649224116185
1381	2.840649224116185
1382	2.840649224116185
1383	3.0604435819574225
1384	3.0604435819574225
1385	3.0604435819574225
1386	2.859693934590629
1387	2.859693934590629
1388	2.859693934590629
1389	2.957083624044208
1390	2.957083624044208
1391	2.957083624044208
1392	2.952290736051429
1393	2.952290736051429
1394	2.952290736051429
1395	3.0646632193208667
1396	3.0646632193208667
1397	3.0646632193208667
1398	2.614891643400589
1399	2.614891643400589
1400	2.614891643400589
1401	2.9874200261347212
1402	2.9874200261347212
1403	0.7709060663372235
1404	0.7709060663372235
1405	0.7709060663372235
1406	0.7097763693623671
1407	0.7097763693623671
1408	0.7097763693623671
1409	0.7218803547071768
1410	0.7218803547071768
1411	0.7218803547071768
1412	0.6959321598509823
1413	0.6959321598509823
1414	0.6959321598509823
1415	0.6259331415117347
1416	0.6259331415117347
1417	0.6259331415117347
1418	0.6541985963801558
1419	0.6541985963801558
1420	0.6541985963801558
1421	0.5225505392176433
1422	0.5225505392176433
1423	0.5225505392176433
1424	0.7102832098878549
1425	0.7102832098878549
1426	0.19055244855853615
1427	0.19055244855853615
1428	0.19055244855853615
1429	0.20109956350436745
1430	0.20109956350436745
1431	0.20109956350436745
1432	0.20762836522076814
1433	0.20762836522076814
1434	0.20762836522076814
1435	0.19479499732731614
1436	0.19479499732731614
1437	0.19479499732731614
1438	0.2250401774997375
1439	2.3584040164194304
1440	2.3584040164194304
1441	2.3584040164194304
1442	2.550181646110187
1443	2.550181646110187
1444	2.550181646110187
1445	2.562392419640736
1446	2.562392419640736
1447	2.0705741093393435
1448	2.0705741093393435
1449	2.0705741093393435
1450	2.115996614272503
1451	2.115996614272503
1452	2.115996614272503
1453	1.8749217969611807
1454	1.8749217969611807
1455	1.8749217969611807
1456	2.1323236629575715
1457	2.1323236629575715
1458	2.1323236629575715
1459	2.0771620481320094
1460	2.0771620481320094
1461	2.0771620481320094
1462	1.6398854772411637
1463	1.6398854772411637
1464	1.6398854772411637
1465	1.9419776170274146
1466	1.9419776170274146
1467	1.9419776170274146
1468	2.499557586418671
1469	2.499557586418671
1470	2.499557586418671
1471	2.020538059019208
1472	2.020538059019208
1473	2.020538059019208
1474	2.0430686299050635
1475	2.0430686299050635
1476	2.0430686299050635
1477	1.8215334527371296
1478	1.8215334527371296
1479	1.8215334527371296
1480	1.8067807092361419
1481	1.8067807092361419
1482	1.8067807092361419
1483	1.7898982865301916
1484	1.7898982865301916
1485	1.7898982865301916
1486	2.0456141018499774
1487	2.0456141018499774
1488	0.25769995265358936
1489	0.25769995265358936
1490	0.25769995265358936
1491	0.19630990685204439
1492	0.19630990685204439
1493	0.19630990685204439
1494	0.1762551829939136
1495	0.1762551829939136
1496	0.1762551829939136
1497	0.18943974496873134
1498	0.18943974496873134
1499	0.18943974496873134
1500	0.1756637997198298
1501	0.1756637997198298
1502	0.1756637997198298
1503	0.2272995988151505
1504	0.2272995988151505
1505	0.2272995988151505
1506	0.2315575922916958
1507	0.2315575922916958
1508	0.2315575922916958
1509	0.6933096965888093
1510	0.6933096965888093
1511	0.6933096965888093
1512	0.674407737308137
1513	0.674407737308137
1514	0.674407737308137
1515	0.6788409822592528
1516	0.6788409822592528
1517	0.6788409822592528
1518	0.6678221574544214
1519	0.6678221574544214
1520	0.6678221574544214
1521	0.6523434013487988
1522	0.6523434013487988
1523	0.6523434013487988
1524	0.7110748942481583
1525	0.7110748942481583
1526	0.7110748942481583
1527	0.7083916451785569
1528	0.7083916451785569
1529	0.7083916451785569
1530	0.5837804290878259
1531	0.5837804290878259
1532	0.5837804290878259
1533	0.6977321317009821
1534	0.6977321317009821
1535	0.6977321317009821
1536	0.8141544199932546
1537	0.8141544199932546
1538	0.8141544199932546
1539	0.6660902514620467
1540	0.6660902514620467
1541	0.6660902514620467
1542	0.6022759141622102
1543	0.6022759141622102
1544	0.6022759141622102
1545	0.6474887723196368
1546	0.6474887723196368
1547	0.6474887723196368
1548	0.7429074675348805
1549	0.7429074675348805
1550	0.7429074675348805
1551	0.7386818200306986
1552	0.7386818200306986
1553	0.7386818200306986
1554	0.7804353541733278
1555	0.7804353541733278
1556	0.7804353541733278
1557	0.7383822619395913
1558	0.7383822619395913
1559	0.7383822619395913
1560	0.6833935953998317
1561	0.6833935953998317
1562	0.6833935953998317
1563	0.6584434587951662
1564	0.6584434587951662
1565	0.6584434587951662
1566	0.7111700782889228
1567	0.7111700782889228
1568	0.7111700782889228
1569	0.6416900294054249
1570	0.6416900294054249
1571	0.6416900294054249
1572	0.7376402851416423
1573	0.7376402851416423
1574	0.7376402851416423
1575	0.705033667617319
1576	0.705033667617319
1577	0.705033667617319
1578	0.5360079702113323
1579	0.5360079702113323
1580	0.5360079702113323
1581	0.6598699873962255
1582	0.6598699873962255
1583	0.6598699873962255
1584	0.6669788801961472
1585	0.6669788801961472
1586	0.6669788801961472
1587	0.741403151083306
1588	0.741403151083306
1589	0.741403151083306
1590	0.541019224504709
1591	0.541019224504709
1592	0.541019224504709
1593	0.6735524114946874
1594	0.6735524114946874
1595	0.6735524114946874
1596	0.7535479825746639
1597	0.7535479825746639
1598	0.7535479825746639
1599	0.741737192838531
1600	0.741737192838531
1601	0.741737192838531
1602	0.7194557521735647
1603	0.7194557521735647
1604	0.7194557521735647
1605	0.6867536176367377
1606	0.6867536176367377
1607	0.6867536176367377
1608	0.7394908366439495
1609	0.7394908366439495
1610	0.7394908366439495
1611	0.6535196773037842
1612	0.6535196773037842
1613	0.6535196773037842
1614	0.6491979933808688
1615	0.6491979933808688
1616	0.6491979933808688
1617	0.7038482985002863
1618	0.7038482985002863
1619	0.7038482985002863
1620	0.6309638566692651
1621	0.6309638566692651
1622	0.6309638566692651
1623	0.6710679945525979
1624	0.6710679945525979
1625	0.6710679945525979
1626	0.5930966335270333
1627	0.5930966335270333
1628	0.5930966335270333
1629	0.6598800902254854
1630	0.6598800902254854
1631	0.6598800902254854
1632	0.7317359909204982
1633	0.7317359909204982
1634	0.7317359909204982
1635	0.6463847180305204
1636	0.6463847180305204
1637	0.6463847180305204
1638	0.5733618773089243
1639	0.5733618773089243
1640	0.5733618773089243
1641	0.5070633638888744
1642	0.5070633638888744
1643	0.5070633638888744
1644	0.6985687917373119
1645	0.6985687917373119
1646	0.6985687917373119
1647	0.6860394047526406
1648	0.6860394047526406
1649	0.6860394047526406
1650	0.7098170752871958
1651	0.7098170752871958
1652	0.7098170752871958
1653	0.6200426413174758
1654	0.6200426413174758
1655	0.6200426413174758
1656	0.6901513652026314
1657	0.6901513652026314
1658	0.6901513652026314
1659	0.5885152273280073
1660	0.5885152273280073
1661	0.5885152273280073
1662	0.6166078925440729
1663	0.6166078925440729
1664	0.6166078925440729
1665	0.5832687800950924
1666	0.5832687800950924
1667	0.5832687800950924
1668	0.734882549426798
1669	0.734882549426798
1670	0.734882549426798
1671	0.6037684184666675
1672	0.6037684184666675
1673	0.6037684184666675
1674	0.6745125097112737
1675	0.6745125097112737
1676	0.6745125097112737
1677	0.73055627564151
1678	0.73055627564151
1679	0.73055627564151
1680	0.6740755652933154
1681	0.6740755652933154
1682	0.6740755652933154
1683	0.5527924353064888
1684	0.5527924353064888
1685	0.5527924353064888
1686	0.6440439605319639
1687	0.6440439605319639
1688	3.2258285665673574
1689	3.2258285665673574
1690	3.2258285665673574
1691	3.3706292885471987
1692	3.3706292885471987
1693	3.3706292885471987
1694	3.946216819546423
1695	3.946216819546423
1696	3.946216819546423
1697	3.70323100688508
1698	3.70323100688508
1699	3.70323100688508
1700	3.812468615206504
1701	3.812468615206504
1702	3.812468615206504
1703	4.110312276414391
1704	4.110312276414391
1705	4.110312276414391
1706	4.140506132022161
1707	4.140506132022161
1708	4.140506132022161
1709	4.429258550725219
1710	4.429258550725219
1711	4.429258550725219
1712	3.8894644727341112
1713	3.8894644727341112
1714	3.8894644727341112
1715	3.767089514204501
1716	3.767089514204501
1717	3.767089514204501
1718	4.016206349311197
1719	4.016206349311197
1720	4.016206349311197
1721	3.4385178769037417
1722	3.4385178769037417
1723	3.4385178769037417
1724	4.328350493721897
1725	4.328350493721897
1726	4.328350493721897
1727	3.382458589921509
1728	3.382458589921509
1729	3.382458589921509
1730	3.6430081093777105
1731	3.6430081093777105
1732	3.6430081093777105
1733	4.226440701649986
1734	4.226440701649986
1735	4.226440701649986
1736	3.946863928106527
1737	3.946863928106527
1738	3.946863928106527
1739	3.683950146223013
1740	3.683950146223013
1741	3.683950146223013
1742	4.3448212847474466
1743	4.3448212847474466
1744	4.3448212847474466
1745	4.022338987094857
1746	4.022338987094857
1747	4.022338987094857
1748	4.01393325925082
1749	4.01393325925082
1750	4.01393325925082
1751	3.814695007690187
1752	3.814695007690187
1753	3.814695007690187
1754	3.570348376886832
1755	3.570348376886832
1756	3.570348376886832
1757	3.4760568726870504
1758	3.4760568726870504
1759	3.4760568726870504
1760	4.1510192972824465
1761	4.1510192972824465
1762	4.1510192972824465
1763	3.5706665811016203
1764	3.5706665811016203
1765	3.5706665811016203
1766	4.294411177409117
1767	4.294411177409117
1768	4.294411177409117
1769	4.082439512512911
1770	4.082439512512911
1771	4.082439512512911
1772	4.034835828054359
1773	4.034835828054359
1774	4.034835828054359
1775	4.137893803812773
1776	4.137893803812773
1777	4.137893803812773
1778	4.159670138055319
1779	4.159670138055319
1780	4.159670138055319
1781	4.239434688783234
1782	4.239434688783234
1783	4.239434688783234
1784	4.034733844968864
1785	4.034733844968864
1786	4.034733844968864
1787	3.7122939428296933
1788	3.7122939428296933
1789	3.7122939428296933
1790	3.74949958932526
1791	3.74949958932526
1792	3.74949958932526
1793	4.605192729974555
1794	4.605192729974555
1795	4.605192729974555
1796	3.9336755714480205
1797	3.9336755714480205
1798	3.9336755714480205
1799	4.374334308343207
1800	4.374334308343207
1801	4.374334308343207
1802	4.316524380320303
1803	4.316524380320303
1804	4.316524380320303
1805	4.1910181452669395
1806	4.1910181452669395
1807	4.1910181452669395
1808	3.6409369350843033
1809	3.6409369350843033
1810	3.6409369350843033
1811	4.076070094846695
1812	4.076070094846695
1813	4.076070094846695
1814	4.965891528463434
1815	4.965891528463434
1816	4.965891528463434
1817	3.607062543333591
1818	3.607062543333591
1819	3.607062543333591
1820	3.81900331964743
1821	3.81900331964743
1822	3.81900331964743
1823	3.7201842608729296
1824	3.7201842608729296
1825	3.7201842608729296
1826	3.3687646925339667
1827	3.3687646925339667
1828	3.3687646925339667
1829	3.625015326988121
1830	3.625015326988121
1831	3.625015326988121
1832	4.271085463101969
1833	4.271085463101969
1834	4.271085463101969
1835	3.8023977885865397
1836	3.8023977885865397
1837	3.8023977885865397
1838	3.537108232934823
1839	3.537108232934823
1840	3.537108232934823
1841	4.506955977889152
1842	4.506955977889152
1843	4.506955977889152
1844	3.851076065844654
1845	3.851076065844654
1846	3.851076065844654
1847	4.14514226605539
1848	4.14514226605539
1849	4.14514226605539
1850	3.800505668024538
1851	3.800505668024538
1852	3.800505668024538
1853	4.563640070047935
1854	4.563640070047935
1855	4.563640070047935
1856	4.450461427032787
1857	4.450461427032787
1858	4.450461427032787
1859	4.475083806273195
1860	4.475083806273195
1861	4.475083806273195
1862	4.319159484229825
1863	4.319159484229825
1864	4.319159484229825
1865	4.484320839913503
1866	4.484320839913503
1867	4.484320839913503
1868	3.998422362236012
1869	3.998422362236012
1870	3.998422362236012
1871	4.225017053679894
1872	4.225017053679894
1873	4.225017053679894
1874	4.079923533935856
1875	4.079923533935856
1876	4.079923533935856
1877	4.057806545324327
1878	4.057806545324327
1879	4.057806545324327
1880	4.615652008382416
1881	4.615652008382416
1882	4.615652008382416
1883	4.549509366693868
1884	4.549509366693868
1885	4.549509366693868
1886	4.597298213541036
1887	4.597298213541036
1888	4.597298213541036
1889	4.376068209697669
1890	2.3921213102625916
1891	2.3921213102625916
1892	2.3921213102625916
1893	1.1561158031016392
1894	1.1561158031016392
1895	1.1561158031016392
1896	1.3496796651473928
1897	1.3496796651473928
1898	1.3496796651473928
1899	1.11556901206934
1900	1.11556901206934
1901	1.11556901206934
1902	1.2179172922076698
1903	1.2179172922076698
1904	1.2179172922076698
1905	1.0635650067727866
1906	1.0635650067727866
1907	1.0635650067727866
1908	1.1456833217473887
1909	1.1456833217473887
1910	1.1456833217473887
1911	1.0926688144828562
1912	1.0926688144828562
1913	1.0926688144828562
1914	1.1002210533006147
1915	1.1002210533006147
1916	1.1002210533006147
1917	1.1058158176746697
1918	1.1058158176746697
1919	1.1058158176746697
1920	1.1801670237862232
1921	1.1801670237862232
1922	1.1801670237862232
1923	1.0491400186913493
1924	1.0491400186913493
1925	1.0491400186913493
1926	1.0629631219851685
1927	1.0629631219851685
1928	1.0629631219851685
1929	1.019241517916332
1930	1.019241517916332
1931	1.019241517916332
1932	1.244346605518421
1933	1.244346605518421
1934	1.244346605518421
1935	0.9825566908788457
1936	0.9825566908788457
1937	0.9825566908788457
1938	1.1330792315601494
1939	1.1330792315601494
1940	1.1330792315601494
1941	1.2201396905884188
1942	1.2201396905884188
1943	1.2201396905884188
1944	1.2741174191893005
1945	1.2741174191893005
1946	1.2741174191893005
1947	1.0616520488548276
1948	1.0616520488548276
1949	1.0616520488548276
1950	0.909283323912404
1951	0.909283323912404
1952	0.909283323912404
1953	1.2894808394811745
1954	1.2894808394811745
1955	3.46637027728426
1956	3.46637027728426
1957	3.46637027728426
1958	1.0023948209061415
1959	1.0023948209061415
1960	1.0023948209061415
1961	1.1235078129473193
1962	1.1235078129473193
1963	1.1235078129473193
1964	1.1380721198284567
1965	1.1380721198284567
1966	1.1380721198284567
1967	2.1834786318050696
1968	2.1834786318050696
1969	2.1834786318050696
1970	1.9094229651481733
1971	1.9094229651481733
1972	1.9094229651481733
1973	2.017253504511272
1974	2.017253504511272
1975	2.017253504511272
1976	1.8944786558741191
1977	1.8944786558741191
1978	1.8944786558741191
1979	1.9279934251056245
1980	1.9279934251056245
1981	1.9279934251056245
1982	2.0961774066249625
1983	2.0961774066249625
1984	2.0961774066249625
1985	1.8328574530712642
1986	1.8328574530712642
1987	1.8328574530712642
1988	1.7544702421957132
1989	1.7544702421957132
1990	1.7544702421957132
1991	2.0055975930575034
1992	2.0055975930575034
1993	2.0055975930575034
1994	1.8060288367040795
1995	1.8060288367040795
1996	1.8060288367040795
1997	2.229148905235291
1998	2.229148905235291
1999	2.229148905235291
