0	0.17683354642431326
1	0.17683354642431326
2	0.17683354642431326
3	1.3975551724140467
4	1.3975551724140467
5	1.3975551724140467
6	0.4875172634931072
7	0.4875172634931072
8	0.4875172634931072
9	0.8910261461748437
10	0.8910261461748437
11	0.8910261461748437
12	0.2781620468437656
13	0.2781620468437656
14	0.2781620468437656
15	0.6935244144666762
16	0.6935244144666762
17	0.6935244144666762
18	0.5814652267894349
19	0.5814652267894349
20	0.5814652267894349
21	0.6256184949702154
22	0.6256184949702154
23	0.6256184949702154
24	0.7578203745291094
25	0.7578203745291094
26	0.7578203745291094
27	0.9091330802921944
28	0.9091330802921944
29	0.9091330802921944
30	0.9635512523340544
31	0.9635512523340544
32	0.9635512523340544
33	0.56513147378653
34	0.56513147378653
35	0.56513147378653
36	0.3582284534490653
37	0.3582284534490653
38	0.3582284534490653
39	1.0270420010390753
40	1.0270420010390753
41	1.0270420010390753
42	0.5835933912115541
43	0.5835933912115541
44	0.5835933912115541
45	0.685105409979769
46	0.685105409979769
47	0.685105409979769
48	0.9062537996374205
49	0.9062537996374205
50	0.9062537996374205
51	1.2006768944607984
52	1.2006768944607984
53	1.2006768944607984
54	0.25268696855760486
55	0.25268696855760486
56	0.25268696855760486
57	0.39722463299508953
58	0.39722463299508953
59	0.39722463299508953
60	0.5339557604052784
61	0.5339557604052784
62	0.5339557604052784
63	0.9383486193860489
64	0.9383486193860489
65	0.9383486193860489
66	1.1349518202094793
67	1.1349518202094793
68	1.1349518202094793
69	0.47542988376153583
70	0.47542988376153583
71	0.47542988376153583
72	1.0544075449811503
73	1.0544075449811503
74	1.0544075449811503
75	0.11222700067020919
76	0.11222700067020919
77	0.11222700067020919
78	0.9672951491476118
79	0.9672951491476118
80	0.9672951491476118
81	0.13830450287841722
82	0.13830450287841722
83	0.13830450287841722
84	0.6727011894228033
85	0.6727011894228033
86	0.6727011894228033
87	0.4666888323148061
88	0.4666888323148061
89	0.4666888323148061
90	0.9977223947705941
91	0.9977223947705941
92	6.455464287200602
93	6.455464287200602
94	6.455464287200602
95	4.247311577563387
96	4.247311577563387
97	4.247311577563387
98	5.355231272685229
99	5.355231272685229
100	1.6383528880554623
101	1.6383528880554623
102	1.6383528880554623
103	1.6877459451792896
104	1.6877459451792896
105	1.6877459451792896
106	1.5681441350269425
107	1.5681441350269425
108	1.5681441350269425
109	1.0204115872456514
110	1.0204115872456514
111	1.0204115872456514
112	2.098352843171376
113	2.098352843171376
114	2.098352843171376
115	1.0612276014606867
116	1.0612276014606867
117	1.0612276014606867
118	1.440330312125982
119	1.440330312125982
120	1.440330312125982
121	1.9621965149710396
122	1.9621965149710396
123	1.9621965149710396
124	1.9932160790643763
125	1.9932160790643763
126	1.9932160790643763
127	4.40804030235576
128	4.40804030235576
129	4.40804030235576
130	2.103031731108426
131	2.103031731108426
132	2.103031731108426
133	0.7972396507801512
134	0.7972396507801512
135	0.7972396507801512
136	2.2649899845589134
137	2.2649899845589134
138	2.2649899845589134
139	0.9942847252396773
140	0.9942847252396773
141	0.9942847252396773
142	1.4845082003693346
143	1.4845082003693346
144	1.4845082003693346
145	0.17702679672995436
146	0.17702679672995436
147	0.17702679672995436
148	1.1069015425696227
149	1.1069015425696227
150	1.1069015425696227
151	1.9395707795122257
152	1.9395707795122257
153	1.9395707795122257
154	1.452588706008813
155	1.452588706008813
156	1.452588706008813
157	1.2475854421322952
158	2.219988064410351
159	2.219988064410351
160	2.219988064410351
161	1.676894517008578
162	1.676894517008578
163	1.676894517008578
164	1.6999914051964398
165	1.6999914051964398
166	1.6999914051964398
167	2.0611413358960684
168	2.0611413358960684
169	2.0611413358960684
170	1.375482451450158
171	1.375482451450158
172	1.375482451450158
173	1.3127159824018726
174	1.3127159824018726
175	1.3127159824018726
176	2.8590677761255385
177	2.8590677761255385
178	2.8590677761255385
179	2.836655738296596
180	2.836655738296596
181	2.836655738296596
182	1.6258649519569843
183	1.6258649519569843
184	1.6258649519569843
185	1.871331484181184
186	1.871331484181184
187	1.871331484181184
188	1.1926669632775102
189	1.1926669632775102
190	1.1926669632775102
191	2.8202052933189474
192	2.8202052933189474
193	2.8202052933189474
194	2.796994005156696
195	2.796994005156696
196	2.796994005156696
197	3.339331454140562
198	3.339331454140562
199	3.339331454140562
200	2.595108074802548
201	2.595108074802548
202	2.595108074802548
203	2.7458726443375534
204	2.7458726443375534
205	2.7458726443375534
206	1.9137078669703882
207	1.9137078669703882
208	1.9137078669703882
209	1.9441826602048662
210	1.9441826602048662
211	1.9441826602048662
212	2.2934652767916797
213	2.2934652767916797
214	2.2934652767916797
215	2.1967862453202844
216	2.1967862453202844
217	2.1967862453202844
218	1.9747210198750789
219	1.9747210198750789
220	0.10033633730527329
221	0.10033633730527329
222	0.10033633730527329
223	0.21280251001484585
224	0.21280251001484585
225	0.21280251001484585
226	0.2164236345198537
227	0.2164236345198537
228	0.2164236345198537
229	0.19070190195565093
230	0.19070190195565093
231	0.19070190195565093
232	0.1935562311515757
233	0.1935562311515757
234	0.1935562311515757
235	0.19880137646884857
236	0.19880137646884857
237	0.19880137646884857
238	0.12932835558949807
239	0.12932835558949807
240	0.12932835558949807
241	0.21040430993530693
242	0.21040430993530693
243	0.21040430993530693
244	0.1
245	0.1
246	0.1
247	0.2293733924213449
248	0.2293733924213449
249	0.2293733924213449
250	0.12703484926607977
251	0.12703484926607977
252	0.12703484926607977
253	0.1
254	0.1
255	0.1
256	0.29502044920142045
257	0.29502044920142045
258	0.29502044920142045
259	0.22648738276792446
260	0.22648738276792446
261	0.22648738276792446
262	0.20230853867636778
263	0.20230853867636778
264	0.20230853867636778
265	0.1792877590902738
266	0.1792877590902738
267	0.1792877590902738
268	0.2334422847639408
269	0.2334422847639408
270	0.2334422847639408
271	0.2915615132989233
272	0.2915615132989233
273	0.2915615132989233
274	0.1
275	0.1
276	0.1
277	0.1
278	0.1
279	0.1
280	0.17235339126814156
281	0.17235339126814156
282	0.17235339126814156
283	0.22258863053576122
284	0.22258863053576122
285	0.22258863053576122
286	0.1
287	0.1
288	0.1
289	0.1
290	0.1
291	0.1
292	0.17049529887508139
293	0.17049529887508139
294	0.17049529887508139
295	0.18510547096287597
296	0.18510547096287597
297	0.18510547096287597
298	0.306487213639425
299	0.306487213639425
300	0.306487213639425
301	0.1609174587396705
302	0.1609174587396705
303	0.1609174587396705
304	0.26250602871417433
305	0.26250602871417433
306	0.26250602871417433
307	0.27465444408635625
308	0.27465444408635625
309	0.27465444408635625
310	0.28768387837199194
311	0.28768387837199194
312	0.28768387837199194
313	0.12580740833990306
314	0.12580740833990306
315	0.12580740833990306
316	0.1
317	0.1
318	0.1
319	0.15604861684089186
320	0.15604861684089186
321	0.15604861684089186
322	0.221338694951731
323	0.221338694951731
324	0.221338694951731
325	0.28257326296700125
326	0.28257326296700125
327	0.28257326296700125
328	0.2614392199649937
329	0.2614392199649937
330	0.2614392199649937
331	0.1468247646718213
332	0.1468247646718213
333	0.1468247646718213
334	0.20106466002282117
335	0.20106466002282117
336	0.20106466002282117
337	0.2950398515933309
338	0.2950398515933309
339	0.2950398515933309
340	0.1680098350596066
341	0.1680098350596066
342	0.1680098350596066
343	0.19128823057932806
344	0.19128823057932806
345	0.19128823057932806
346	0.1
347	0.1
348	3.283480989343355
349	3.283480989343355
350	3.283480989343355
351	1.4593258614803108
352	1.4593258614803108
353	1.4593258614803108
354	5.438895963766601
355	5.438895963766601
356	5.438895963766601
357	1.0196738195218764
358	1.0196738195218764
359	1.0196738195218764
360	1.421750089588696
361	1.421750089588696
362	1.421750089588696
363	3.0168640665601503
364	3.0168640665601503
365	3.0168640665601503
366	0.610656734518662
367	0.610656734518662
368	0.610656734518662
369	2.0220127591552846
370	2.0220127591552846
371	2.0220127591552846
372	1.9816295134244089
373	1.9816295134244089
374	1.9816295134244089
375	2.5561833736189556
376	2.5561833736189556
377	2.5561833736189556
378	2.7440670226129082
379	2.7440670226129082
380	2.7440670226129082
381	2.2609569476095386
382	2.2609569476095386
383	2.2609569476095386
384	1.2599854764496952
385	1.2599854764496952
386	1.2599854764496952
387	1.6310890767330783
388	1.6310890767330783
389	1.6310890767330783
390	2.5885413050542483
391	2.5885413050542483
392	2.5885413050542483
393	2.904916382567119
394	2.904916382567119
395	2.904916382567119
396	2.6787938174308725
397	2.6787938174308725
398	2.6787938174308725
399	1.362410941437724
400	1.362410941437724
401	1.362410941437724
402	3.0305184355968406
403	3.0305184355968406
404	3.0305184355968406
405	2.6784572158020863
406	2.6784572158020863
407	2.6784572158020863
408	1.2732880105377202
409	1.2732880105377202
410	1.2732880105377202
411	1.5699584088543435
412	1.5699584088543435
413	1.5699584088543435
414	3.3659360940327376
415	3.3659360940327376
416	3.3659360940327376
417	0.7780988366163626
418	0.7780988366163626
419	0.7780988366163626
420	4.290123494793858
421	4.290123494793858
422	4.290123494793858
423	0.8371428089892712
424	0.8371428089892712
425	0.8371428089892712
426	5.402762663024637
427	5.402762663024637
428	5.402762663024637
429	2.4394036838070154
430	2.4394036838070154
431	2.4394036838070154
432	1.245447961688071
433	1.245447961688071
434	1.245447961688071
435	1.8946544100421743
436	1.8946544100421743
437	1.8946544100421743
438	3.7293541517493463
439	3.7293541517493463
440	3.7293541517493463
441	3.9125761165728457
442	3.9125761165728457
443	3.9125761165728457
444	1.660666555537618
445	1.660666555537618
446	1.660666555537618
447	2.107773463022833
448	2.107773463022833
449	2.107773463022833
450	2.829303986230372
451	2.829303986230372
452	2.829303986230372
453	3.069602515339342
454	3.069602515339342
455	3.069602515339342
456	2.583162403457601
457	2.583162403457601
458	2.583162403457601
459	0.8202734890946077
460	0.8202734890946077
461	0.8202734890946077
462	2.513094919100217
463	2.513094919100217
464	2.513094919100217
465	1.7658333848758816
466	1.7658333848758816
467	1.7658333848758816
468	4.968466154943576
469	4.968466154943576
470	4.968466154943576
471	3.380812983393361
472	3.380812983393361
473	3.380812983393361
474	4.565644539721259
475	4.565644539721259
476	4.565644539721259
477	2.4559732254552467
478	2.4559732254552467
479	2.4559732254552467
480	3.9127928981562237
481	3.9127928981562237
482	3.9127928981562237
483	2.4309402915743292
484	2.4309402915743292
485	2.4309402915743292
486	4.063124321418903
487	4.063124321418903
488	4.063124321418903
489	3.003996062767385
490	3.003996062767385
491	3.003996062767385
492	2.3393835526023334
493	2.3393835526023334
494	2.3393835526023334
495	2.3957574470694745
496	2.3957574470694745
497	2.3957574470694745
498	0.4062699659071205
499	0.4062699659071205
500	0.4062699659071205
501	0.5367486728540289
502	0.5367486728540289
503	0.5367486728540289
504	1.067630322898058
505	1.067630322898058
506	1.067630322898058
507	2.350713207978829
508	2.350713207978829
509	2.350713207978829
510	3.1114957459960535
511	3.1114957459960535
512	3.1114957459960535
513	0.20304178393729222
514	0.20304178393729222
515	1.1832539926522847
516	1.1832539926522847
517	1.1832539926522847
518	2.228261883325226
519	2.228261883325226
520	2.228261883325226
521	1.7753467449873728
522	1.7753467449873728
523	1.7753467449873728
524	1.079920453169386
525	1.079920453169386
526	1.079920453169386
527	1.0090363176879067
528	1.0090363176879067
529	1.0090363176879067
530	1.7235055219460498
531	1.7235055219460498
532	1.7235055219460498
533	1.988347460748992
534	1.5249842205802449
535	1.5249842205802449
536	1.5249842205802449
537	0.5363389718134084
538	0.5363389718134084
539	0.5363389718134084
540	1.192308415474809
541	1.192308415474809
542	1.192308415474809
543	3.0548230964672975
544	3.0548230964672975
545	3.0548230964672975
546	2.785296943250733
547	2.785296943250733
548	2.785296943250733
549	2.103861827353245
550	2.103861827353245
551	2.103861827353245
552	4.378358441426347
553	4.378358441426347
554	4.378358441426347
555	2.852782199761906
556	2.852782199761906
557	2.852782199761906
558	4.174005315724553
559	4.174005315724553
560	4.174005315724553
561	0.9373765749231358
562	0.9373765749231358
563	0.9373765749231358
564	0.8503515009374101
565	0.8503515009374101
566	0.8503515009374101
567	3.2139876434900336
568	3.2139876434900336
569	3.2139876434900336
570	4.052314756101129
571	4.052314756101129
572	4.052314756101129
573	5.179981187927391
574	5.179981187927391
575	5.179981187927391
576	3.3454081739543255
577	3.3454081739543255
578	3.3454081739543255
579	3.1305285401424574
580	3.1305285401424574
581	3.1305285401424574
582	2.5795716638821204
583	2.5795716638821204
584	2.5795716638821204
585	4.679427106125992
586	4.679427106125992
587	4.679427106125992
588	1.5159638877674182
589	1.5159638877674182
590	1.5159638877674182
591	4.146881508546118
592	4.146881508546118
593	4.146881508546118
594	2.545393173869755
595	2.545393173869755
596	2.545393173869755
597	3.371648604730646
598	3.371648604730646
599	3.371648604730646
600	4.268761406609092
601	4.268761406609092
602	4.268761406609092
603	5.556655307027107
604	5.556655307027107
605	5.556655307027107
606	2.8178153742439935
607	2.8178153742439935
608	2.8178153742439935
609	3.5578661909100244
610	3.5578661909100244
611	3.5578661909100244
612	5.806531059267609
613	5.806531059267609
614	5.806531059267609
615	2.541008562996926
616	2.541008562996926
617	2.541008562996926
618	2.43261220406109
619	2.43261220406109
620	2.43261220406109
621	1.768257600695312
622	1.768257600695312
623	1.768257600695312
624	0.6267244041910236
625	0.6267244041910236
626	0.6267244041910236
627	4.7358940613941805
628	4.7358940613941805
629	4.7358940613941805
630	1.1946167149546074
631	1.1946167149546074
632	1.1946167149546074
633	6.90495583063786
634	6.90495583063786
635	6.90495583063786
636	0.1
637	0.1
638	0.1
639	3.478860550119088
640	3.478860550119088
641	3.478860550119088
642	3.7347481585637854
643	3.7347481585637854
644	3.7347481585637854
645	3.504390222070722
646	3.504390222070722
647	1.3250806837024398
648	1.3250806837024398
649	1.3250806837024398
650	2.0027431160827085
651	2.0027431160827085
652	2.0027431160827085
653	1.325989966802543
654	1.325989966802543
655	1.325989966802543
656	2.1971827078381865
657	2.1971827078381865
658	2.1971827078381865
659	1.087609116846965
660	1.087609116846965
661	1.087609116846965
662	0.7184038877867941
663	0.7184038877867941
664	0.7184038877867941
665	2.8912716565715484
666	2.8912716565715484
667	2.8912716565715484
668	2.6076540237277506
669	0.1
670	0.1
671	0.1
672	0.1967674599550448
673	0.1967674599550448
674	0.1967674599550448
675	0.16020658182971087
676	0.16020658182971087
677	0.16020658182971087
678	0.12090849473580088
679	0.12090849473580088
680	0.12090849473580088
681	0.1
682	0.1
683	0.1
684	0.24752245856185653
685	0.24752245856185653
686	0.24752245856185653
687	0.15920870019394454
688	0.15920870019394454
689	0.15920870019394454
690	0.16312762846208895
691	0.16312762846208895
692	0.16312762846208895
693	0.32431175217305835
694	0.32431175217305835
695	0.32431175217305835
696	0.202491782101408
697	0.202491782101408
698	0.202491782101408
699	0.2255232741817484
700	0.2255232741817484
701	0.2255232741817484
702	0.23858947440534373
703	0.23858947440534373
704	0.23858947440534373
705	0.1
706	0.1
707	0.1
708	0.16912779835932643
709	0.16912779835932643
710	0.16912779835932643
711	0.1
712	0.1
713	0.1
714	0.21412844474876247
715	0.21412844474876247
716	0.21412844474876247
717	0.18814395483295482
718	0.963565417307082
719	0.963565417307082
720	0.963565417307082
721	0.622290316499707
722	0.622290316499707
723	0.622290316499707
724	0.6465294019295001
725	0.6465294019295001
726	0.6465294019295001
727	0.448507381858724
728	0.448507381858724
729	0.448507381858724
730	0.8867807213899663
731	0.8867807213899663
732	0.8867807213899663
733	2.35172490612642
734	2.35172490612642
735	2.35172490612642
736	1.504376729816853
737	1.504376729816853
738	1.504376729816853
739	0.3618350254826328
740	0.3618350254826328
741	0.3618350254826328
742	1.4343528387588171
743	1.4343528387588171
744	1.4343528387588171
745	1.9050114812774273
746	1.9050114812774273
747	1.9050114812774273
748	1.6071268877615996
749	1.6071268877615996
750	1.6071268877615996
751	2.354558446477083
752	2.354558446477083
753	2.354558446477083
754	1.2831707769852085
755	1.2831707769852085
756	1.2831707769852085
757	1.9691791552040603
758	1.9691791552040603
759	1.9691791552040603
760	1.1116790127566638
761	1.1116790127566638
762	1.1116790127566638
763	2.290348064436603
764	2.290348064436603
765	2.290348064436603
766	0.8656767755927351
767	0.8656767755927351
768	0.8656767755927351
769	2.41821665787225
770	2.41821665787225
771	2.41821665787225
772	0.9588439738890606
773	0.9588439738890606
774	0.9588439738890606
775	1.7688770406072318
776	1.7688770406072318
777	1.7688770406072318
778	1.6501150693428368
779	1.6501150693428368
780	1.6501150693428368
781	2.0066121423800913
782	2.0066121423800913
783	2.0066121423800913
784	1.7312012435872726
785	1.7312012435872726
786	1.7312012435872726
787	0.4794066562977626
788	0.4794066562977626
789	0.4794066562977626
790	2.174469693832612
791	2.174469693832612
792	2.174469693832612
793	1.2346133505432522
794	1.2346133505432522
795	1.2346133505432522
796	1.08252221441104
797	1.08252221441104
798	1.08252221441104
799	0.39335110356869607
800	0.39335110356869607
801	0.39335110356869607
802	1.4459427131083984
803	1.4459427131083984
804	1.4459427131083984
805	0.6064578908966182
806	0.6064578908966182
807	0.6064578908966182
808	0.1
809	0.1
810	0.1
811	0.9572434868761776
812	0.9572434868761776
813	0.9572434868761776
814	1.437941032535468
815	1.437941032535468
816	1.437941032535468
817	0.1262031533026401
818	0.1262031533026401
819	0.1262031533026401
820	0.5520429864375231
821	0.5520429864375231
822	0.5520429864375231
823	0.8693770027267764
824	0.8693770027267764
825	0.8693770027267764
826	3.417789491571574
827	3.417789491571574
828	3.417789491571574
829	3.601178346832842
830	3.601178346832842
831	3.601178346832842
832	4.471297321290263
833	4.471297321290263
834	4.471297321290263
835	6.833403188784796
836	6.833403188784796
837	6.833403188784796
838	3.313008880444857
839	3.313008880444857
840	3.313008880444857
841	4.188848254576848
842	4.188848254576848
843	4.188848254576848
844	2.9361678999330763
845	2.9361678999330763
846	2.9361678999330763
847	6.738362930270176
848	6.738362930270176
849	6.738362930270176
850	3.3187730568295777
851	3.3187730568295777
852	3.3187730568295777
853	4.262628501450954
854	4.262628501450954
855	4.262628501450954
856	0.9032790375452522
857	0.9032790375452522
858	0.9032790375452522
859	4.986740862831253
860	4.986740862831253
861	4.986740862831253
862	4.686386353302645
863	4.686386353302645
864	4.686386353302645
865	1.9651529996791095
866	3.9718116829155554
867	3.9718116829155554
868	3.9718116829155554
869	5.093941012667401
870	5.093941012667401
871	5.093941012667401
872	6.671478054970966
873	6.671478054970966
874	6.671478054970966
875	3.4560925737506185
876	3.4560925737506185
877	3.4560925737506185
878	3.2392158852206157
879	3.2392158852206157
880	3.2392158852206157
881	2.9937709676511117
882	2.9937709676511117
883	2.9937709676511117
884	7.052888492679239
885	7.052888492679239
886	7.052888492679239
887	0.1
888	0.1
889	0.1
890	3.511828740598371
891	3.511828740598371
892	3.511828740598371
893	3.2972387439583413
894	3.2972387439583413
895	3.2972387439583413
896	3.279830604403258
897	3.279830604403258
898	3.279830604403258
899	4.0297541766685985
900	4.0297541766685985
901	4.0297541766685985
902	5.64255907337768
903	5.64255907337768
904	5.64255907337768
905	4.9228186705419645
906	4.9228186705419645
907	4.9228186705419645
908	2.9798102298737117
909	2.9798102298737117
910	2.9798102298737117
911	4.236027967713749
912	4.236027967713749
913	4.236027967713749
914	5.026513869620019
915	5.026513869620019
916	5.026513869620019
917	2.3040835157010724
918	2.3040835157010724
919	2.3040835157010724
920	5.575315686178655
921	5.575315686178655
922	5.575315686178655
923	3.6473142249929777
924	3.6473142249929777
925	3.6473142249929777
926	4.064954250586828
927	4.064954250586828
928	4.064954250586828
929	5.512204543168726
930	5.512204543168726
931	5.512204543168726
932	6.438436715152401
933	6.438436715152401
934	6.438436715152401
935	4.419164002767711
936	4.419164002767711
937	4.419164002767711
938	6.24436439567441
939	6.24436439567441
940	6.24436439567441
941	3.436270082287803
942	3.436270082287803
943	3.436270082287803
944	2.7488791967225095
945	2.7488791967225095
946	2.7488791967225095
947	4.72599543484921
948	4.72599543484921
949	4.72599543484921
950	5.106212198754065
951	5.106212198754065
952	5.106212198754065
953	2.7912402430898107
954	2.7912402430898107
955	2.7912402430898107
956	7.62766298556846
957	7.62766298556846
958	7.62766298556846
959	7.136336014366984
960	7.136336014366984
961	7.136336014366984
962	5.817216092009651
963	5.817216092009651
964	5.817216092009651
965	5.60468625640344
966	5.60468625640344
967	5.60468625640344
968	8.828404126849126
969	8.828404126849126
970	8.828404126849126
971	2.925168271967263
972	2.925168271967263
973	2.925168271967263
974	3.3028932582455406
975	3.3028932582455406
976	3.3028932582455406
977	4.457673030776717
978	4.457673030776717
979	4.457673030776717
980	0.7824176128529952
981	0.7824176128529952
982	0.7824176128529952
983	4.970725867656633
984	4.970725867656633
985	4.970725867656633
986	2.324640968784105
987	2.324640968784105
988	2.324640968784105
989	2.906318636126293
990	2.906318636126293
991	2.906318636126293
992	3.0897740024607243
993	3.0897740024607243
994	3.0897740024607243
995	0.1
996	0.1
997	0.1
998	2.1434667125877698
999	2.1434667125877698
1000	2.1434667125877698
1001	2.7164702587798857
1002	2.7164702587798857
1003	2.7164702587798857
1004	9.93503040224164
1005	9.93503040224164
1006	9.93503040224164
1007	6.492730735942754
1008	6.492730735942754
1009	6.492730735942754
1010	4.764747076565161
1011	4.764747076565161
1012	4.764747076565161
1013	2.969312639545172
1014	2.969312639545172
1015	2.969312639545172
1016	3.2923949552088017
1017	3.2923949552088017
1018	3.2923949552088017
1019	3.682740033415579
1020	3.682740033415579
1021	3.682740033415579
1022	2.124721399363106
1023	2.124721399363106
1024	4.2581800469845215
1025	4.2581800469845215
1026	4.2581800469845215
1027	1.161014259992741
1028	1.161014259992741
1029	1.161014259992741
1030	1.9881462349666639
1031	1.9881462349666639
1032	1.9881462349666639
1033	1.5934125431475263
1034	1.5934125431475263
1035	1.5934125431475263
1036	6.084562431524781
1037	6.084562431524781
1038	6.084562431524781
1039	3.2316415725390977
1040	3.2316415725390977
1041	3.2316415725390977
1042	2.1309330526024897
1043	2.1309330526024897
1044	2.1309330526024897
1045	1.605301495746512
1046	1.605301495746512
1047	1.605301495746512
1048	2.100805766991196
1049	2.100805766991196
1050	2.100805766991196
1051	0.8637915304065715
1052	0.8637915304065715
1053	0.8637915304065715
1054	0.8858817954581286
1055	0.8858817954581286
1056	0.8858817954581286
1057	4.954139633424883
1058	4.954139633424883
1059	4.954139633424883
1060	3.7017454019752405
1061	3.7017454019752405
1062	3.7017454019752405
1063	2.4078751559818574
1064	2.4078751559818574
1065	2.4078751559818574
1066	3.165737684272478
1067	3.165737684272478
1068	3.165737684272478
1069	1.5647958450326998
1070	1.5647958450326998
1071	1.5647958450326998
1072	2.922966609726898
1073	2.922966609726898
1074	2.922966609726898
1075	2.339995076883159
1076	2.339995076883159
1077	2.339995076883159
1078	0.37461985166921874
1079	0.37461985166921874
1080	0.37461985166921874
1081	4.134435655933621
1082	4.134435655933621
1083	4.134435655933621
1084	2.9675793439017175
1085	2.9675793439017175
1086	2.9675793439017175
1087	1.3475318950154072
1088	1.3475318950154072
1089	1.3475318950154072
1090	3.869191852793603
1091	3.869191852793603
1092	3.869191852793603
1093	2.305279097353227
1094	2.305279097353227
1095	2.305279097353227
1096	2.5210921705172122
1097	2.5210921705172122
1098	2.5210921705172122
1099	1.8165791783256882
1100	1.8165791783256882
1101	1.8165791783256882
1102	2.5351851572975805
1103	2.5351851572975805
1104	2.5351851572975805
1105	2.792101613829736
1106	2.792101613829736
1107	2.792101613829736
1108	2.7508110107300223
1109	2.7508110107300223
1110	0.5470992829398029
1111	0.5470992829398029
1112	0.5470992829398029
1113	0.6458236248719873
1114	0.6458236248719873
1115	0.6458236248719873
1116	1.0062691763683158
1117	1.0062691763683158
1118	1.0062691763683158
1119	0.7168474596506228
1120	0.7168474596506228
1121	0.7168474596506228
1122	0.7695777701630367
1123	0.7695777701630367
1124	0.7695777701630367
1125	0.20949945673195253
1126	0.20949945673195253
1127	0.20949945673195253
1128	1.2587762547369112
1129	1.2587762547369112
1130	1.2587762547369112
1131	0.5556724841648628
1132	0.5556724841648628
1133	0.5556724841648628
1134	1.3947383174328283
1135	1.3947383174328283
1136	1.3947383174328283
1137	0.37912142160198764
1138	0.37912142160198764
1139	0.37912142160198764
1140	0.632445268932519
1141	0.632445268932519
1142	0.632445268932519
1143	0.7598391197699397
1144	0.7598391197699397
1145	0.7598391197699397
1146	1.2219637583041694
1147	1.2219637583041694
1148	1.2219637583041694
1149	0.5991823151580333
1150	0.5991823151580333
1151	0.5991823151580333
1152	0.3377630252474185
1153	0.3377630252474185
1154	0.3377630252474185
1155	0.9511276430846483
1156	0.9511276430846483
1157	0.9511276430846483
1158	0.5733720676472875
1159	0.5733720676472875
1160	0.5733720676472875
1161	0.35850106082470196
1162	0.35850106082470196
1163	4.80198842680455
1164	4.80198842680455
1165	4.80198842680455
1166	3.4127171638090372
1167	3.4127171638090372
1168	3.4127171638090372
1169	3.27139122944115
1170	3.27139122944115
1171	3.27139122944115
1172	4.8208606284159385
1173	4.8208606284159385
1174	4.8208606284159385
1175	1.7846890400666542
1176	1.7846890400666542
1177	1.7846890400666542
1178	4.811151209428167
1179	4.811151209428167
1180	4.811151209428167
1181	0.4396987641720429
1182	0.4396987641720429
1183	0.4396987641720429
1184	3.419370887702888
1185	3.419370887702888
1186	3.419370887702888
1187	2.4340575526983823
1188	2.4340575526983823
1189	2.4340575526983823
1190	2.5330135427258673
1191	2.5330135427258673
1192	2.5330135427258673
1193	3.2291873051569677
1194	1.012947683971516
1195	1.012947683971516
1196	1.012947683971516
1197	0.567651771812507
1198	0.567651771812507
1199	0.567651771812507
1200	0.6448376510799809
1201	0.6448376510799809
1202	0.6448376510799809
1203	0.8344116253652631
1204	0.8344116253652631
1205	0.8344116253652631
1206	0.9550911504975819
1207	0.9550911504975819
1208	0.9550911504975819
1209	0.8894393848272912
1210	0.8894393848272912
1211	0.8894393848272912
1212	0.33043661336199126
1213	0.33043661336199126
1214	0.33043661336199126
1215	0.9440868501204107
1216	0.9440868501204107
1217	0.9440868501204107
1218	0.8282731988821194
1219	0.8282731988821194
1220	0.8282731988821194
1221	0.8222559333277591
1222	0.8222559333277591
1223	0.8222559333277591
1224	0.7169443989637281
1225	0.7169443989637281
1226	0.7169443989637281
1227	0.3497678165868804
1228	0.3497678165868804
1229	0.3497678165868804
1230	0.6375403154282365
1231	0.6375403154282365
1232	0.6375403154282365
1233	0.8262220386211792
1234	0.8262220386211792
1235	0.8262220386211792
1236	0.5675460103679727
1237	0.5675460103679727
1238	0.5675460103679727
1239	0.5997069356538308
1240	0.5997069356538308
1241	0.5997069356538308
1242	0.37134351716606
1243	0.37134351716606
1244	0.37134351716606
1245	0.41905460145880336
1246	0.41905460145880336
1247	0.41905460145880336
1248	0.70748138308875
1249	0.70748138308875
1250	0.70748138308875
1251	0.4228745541245389
1252	0.4228745541245389
1253	0.4228745541245389
1254	2.6352825826500546
1255	2.6352825826500546
1256	2.6352825826500546
1257	4.651084070211641
1258	4.651084070211641
1259	4.651084070211641
1260	2.7857915200704677
1261	2.7857915200704677
1262	2.7857915200704677
1263	2.494172599873409
1264	2.494172599873409
1265	2.494172599873409
1266	3.596989548206556
1267	3.596989548206556
1268	3.596989548206556
1269	3.1191713405678154
1270	3.1191713405678154
1271	3.1191713405678154
1272	1.9511443256944903
1273	1.9511443256944903
1274	1.9511443256944903
1275	3.3402068870952455
1276	3.3402068870952455
1277	3.3402068870952455
1278	2.443146818788872
1279	2.443146818788872
1280	2.443146818788872
1281	2.818866020602276
1282	2.818866020602276
1283	2.818866020602276
1284	3.1714366456912995
1285	2.1166854471979146
1286	2.1166854471979146
1287	2.1166854471979146
1288	1.0197581870693888
1289	1.0197581870693888
1290	1.0197581870693888
1291	0.8325395153750321
1292	0.8325395153750321
1293	0.8325395153750321
1294	1.3617449245904993
1295	1.3617449245904993
1296	1.3617449245904993
1297	0.9293314853123741
1298	0.9293314853123741
1299	0.9293314853123741
1300	0.8915389056262315
1301	0.8915389056262315
1302	0.8915389056262315
1303	1.5801160600062334
1304	1.5801160600062334
1305	1.5801160600062334
1306	1.1709135616868525
1307	1.1709135616868525
1308	1.1709135616868525
1309	1.0544305282275732
1310	1.0544305282275732
1311	1.0544305282275732
1312	2.088861752910307
1313	2.088861752910307
1314	2.088861752910307
1315	3.736257170909603
1316	3.736257170909603
1317	3.736257170909603
1318	4.2838077312966725
1319	4.2838077312966725
1320	4.2838077312966725
1321	7.0793729922964745
1322	7.0793729922964745
1323	7.0793729922964745
1324	4.381819471829733
1325	4.381819471829733
1326	4.381819471829733
1327	5.127086678016757
1328	5.127086678016757
1329	5.127086678016757
1330	4.402846066086004
1331	4.402846066086004
1332	4.402846066086004
1333	3.867567453787395
1334	3.867567453787395
1335	3.867567453787395
1336	2.5253441022053735
1337	1.6908256597250908
1338	1.6908256597250908
1339	1.6908256597250908
1340	1.4878322979112752
1341	1.4878322979112752
1342	1.4878322979112752
1343	1.7811460086131914
1344	1.7811460086131914
1345	1.7811460086131914
1346	2.1331491409516943
1347	2.1331491409516943
1348	2.1331491409516943
1349	2.045199020288293
1350	2.045199020288293
1351	2.045199020288293
1352	1.6865821848834817
1353	1.6865821848834817
1354	1.6865821848834817
1355	2.239512139215722
1356	2.239512139215722
1357	2.239512139215722
1358	1.9229368499454174
1359	1.9229368499454174
1360	1.9229368499454174
1361	2.108670067956825
1362	2.108670067956825
1363	2.108670067956825
1364	0.4937238077067516
1365	0.4937238077067516
1366	0.4937238077067516
1367	1.7115108309324583
1368	1.7115108309324583
1369	1.7115108309324583
1370	2.7961445209774514
1371	2.7961445209774514
1372	2.7961445209774514
1373	0.9832823206321302
1374	0.9832823206321302
1375	0.9832823206321302
1376	1.2162598299554723
1377	1.2162598299554723
1378	1.2162598299554723
1379	2.1406369090422452
1380	2.1406369090422452
1381	2.1406369090422452
1382	1.7434253893883853
1383	1.7434253893883853
1384	1.7434253893883853
1385	2.292883881219784
1386	2.292883881219784
1387	2.292883881219784
1388	1.8203109786297924
1389	1.8203109786297924
1390	1.8203109786297924
1391	1.7676467423020252
1392	1.7676467423020252
1393	1.7676467423020252
1394	1.4366791232509226
1395	1.4366791232509226
1396	1.4366791232509226
1397	1.7039009485263843
1398	1.7039009485263843
1399	1.7039009485263843
1400	0.6837398608639766
1401	0.6837398608639766
1402	0.6837398608639766
1403	2.8041244105730394
1404	2.8041244105730394
1405	2.8041244105730394
1406	1.8961907056896783
1407	1.8961907056896783
1408	1.8961907056896783
1409	1.721914568954253
1410	1.721914568954253
1411	1.721914568954253
1412	2.4097868709608297
1413	2.4097868709608297
1414	2.4097868709608297
1415	2.0224004860137073
1416	2.0224004860137073
1417	2.0224004860137073
1418	2.748540933372875
1419	2.748540933372875
1420	2.748540933372875
1421	2.010210565758353
1422	2.010210565758353
1423	2.010210565758353
1424	1.8120409830185178
1425	1.8120409830185178
1426	1.8120409830185178
1427	0.8970551787567846
1428	0.8970551787567846
1429	0.8970551787567846
1430	1.9693239913258795
1431	1.9693239913258795
1432	1.9693239913258795
1433	0.35119092479560887
1434	2.9360582226594722
1435	2.9360582226594722
1436	2.9360582226594722
1437	2.2205060397059655
1438	2.2205060397059655
1439	2.2205060397059655
1440	3.786104432155375
1441	3.786104432155375
1442	3.786104432155375
1443	1.4629130121395737
1444	1.4629130121395737
1445	1.4629130121395737
1446	4.4883141122886245
1447	4.4883141122886245
1448	4.4883141122886245
1449	2.1367913522167883
1450	2.1367913522167883
1451	2.1367913522167883
1452	5.095012497598971
1453	5.095012497598971
1454	5.095012497598971
1455	2.7716949429100923
1456	2.7716949429100923
1457	2.7716949429100923
1458	3.7583810381531295
1459	3.7583810381531295
1460	3.7583810381531295
1461	4.208993277436279
1462	4.208993277436279
1463	4.208993277436279
1464	3.573786132102964
1465	3.573786132102964
1466	3.573786132102964
1467	5.347712550592004
1468	5.347712550592004
1469	5.347712550592004
1470	2.519021853095294
1471	2.519021853095294
1472	2.519021853095294
1473	3.861193331997344
1474	3.861193331997344
1475	3.861193331997344
1476	3.9991125314665625
1477	3.9991125314665625
1478	3.9991125314665625
1479	5.221587895266358
1480	5.221587895266358
1481	5.221587895266358
1482	3.992985765551873
1483	3.992985765551873
1484	3.992985765551873
1485	1.2638447447492105
1486	1.2638447447492105
1487	1.2638447447492105
1488	1.0184530949051704
1489	1.0184530949051704
1490	1.0184530949051704
1491	2.64986400387297
1492	2.64986400387297
1493	2.64986400387297
1494	1.1482381852128343
1495	1.1482381852128343
1496	1.1482381852128343
1497	3.772512892392145
1498	3.772512892392145
1499	3.772512892392145
1500	7.3742252150986
1501	7.3742252150986
1502	7.3742252150986
1503	3.8518075218778236
1504	3.8518075218778236
1505	3.8518075218778236
1506	4.007733989745713
1507	4.007733989745713
1508	4.007733989745713
1509	2.2310490342171905
1510	2.2310490342171905
1511	2.2310490342171905
1512	5.166510941364497
1513	5.166510941364497
1514	5.166510941364497
1515	3.2193950808767844
1516	3.2193950808767844
1517	3.2193950808767844
1518	2.144887314565682
1519	2.144887314565682
1520	2.144887314565682
1521	3.885582331914412
1522	3.885582331914412
1523	3.885582331914412
1524	1.7397919075148283
1525	1.7397919075148283
1526	1.7397919075148283
1527	3.5334629319488204
1528	3.5334629319488204
1529	3.5334629319488204
1530	2.329635719985256
1531	2.329635719985256
1532	2.329635719985256
1533	3.540660117867632
1534	3.540660117867632
1535	3.540660117867632
1536	3.1370098569292315
1537	3.1370098569292315
1538	3.1370098569292315
1539	2.1305902174412825
1540	2.1305902174412825
1541	2.1305902174412825
1542	1.7447057251956326
1543	1.7447057251956326
1544	1.7447057251956326
1545	3.8360493872657395
1546	3.8360493872657395
1547	3.8360493872657395
1548	1.3725394780983047
1549	1.3725394780983047
1550	1.3725394780983047
1551	3.730336288728135
1552	3.730336288728135
1553	3.730336288728135
1554	3.450112859804494
1555	3.450112859804494
1556	0.6644186477523137
1557	0.6644186477523137
1558	0.6644186477523137
1559	0.6316400529971118
1560	0.6316400529971118
1561	0.6316400529971118
1562	1.5048587318867286
1563	1.5048587318867286
1564	1.5048587318867286
1565	0.5625700122940893
1566	0.5625700122940893
1567	0.5625700122940893
1568	0.8492213109945639
1569	0.8492213109945639
1570	0.8492213109945639
1571	0.2426981644673376
1572	0.2426981644673376
1573	0.2426981644673376
1574	0.8699861630644498
1575	0.8699861630644498
1576	0.8699861630644498
1577	0.7099133141642063
1578	0.7099133141642063
1579	0.7099133141642063
1580	0.7572252914112699
1581	0.7572252914112699
1582	0.7572252914112699
1583	0.8030190080820868
1584	0.8030190080820868
1585	0.8030190080820868
1586	0.7852403153291362
1587	0.7852403153291362
1588	0.7852403153291362
1589	0.7498348428344953
1590	0.7498348428344953
1591	0.7498348428344953
1592	0.8738079225171329
1593	0.8738079225171329
1594	0.8738079225171329
1595	0.5144770501960071
1596	0.5144770501960071
1597	0.5144770501960071
1598	0.3572563755911162
1599	0.3572563755911162
1600	0.3572563755911162
1601	0.28129940561907196
1602	0.28129940561907196
1603	0.28129940561907196
1604	0.7137163760397285
1605	0.7137163760397285
1606	0.7137163760397285
1607	0.2169088863295
1608	0.2169088863295
1609	0.2169088863295
1610	0.3896145261860094
1611	0.3896145261860094
1612	0.3896145261860094
1613	0.5924167767807123
1614	0.5924167767807123
1615	0.5924167767807123
1616	0.6737523426385412
1617	0.6737523426385412
1618	0.6737523426385412
1619	0.6502573027818184
1620	0.6502573027818184
1621	3.31563653014182
1622	3.31563653014182
1623	3.31563653014182
1624	4.04370032072722
1625	4.04370032072722
1626	4.04370032072722
1627	2.404479629213885
1628	2.404479629213885
1629	2.404479629213885
1630	2.1368328707909994
1631	2.1368328707909994
1632	2.1368328707909994
1633	3.1684777544653504
1634	3.1684777544653504
1635	3.1684777544653504
1636	0.5170083153458989
1637	5.267408847134224
1638	5.267408847134224
1639	5.267408847134224
1640	3.2451673389251163
1641	3.2451673389251163
1642	3.2451673389251163
1643	4.425522495623905
1644	4.425522495623905
1645	4.425522495623905
1646	2.930259198297267
1647	2.930259198297267
1648	2.930259198297267
1649	2.762981077917285
1650	2.762981077917285
1651	2.762981077917285
1652	4.192470740736425
1653	4.192470740736425
1654	4.192470740736425
1655	3.4931858257235597
1656	3.4931858257235597
1657	3.4931858257235597
1658	2.494614688086171
1659	5.711337001538414
1660	0.8268056250421587
1661	0.8268056250421587
1662	0.8268056250421587
1663	1.6028887062496244
1664	1.6028887062496244
1665	1.6028887062496244
1666	0.9592275521649595
1667	0.9592275521649595
1668	0.9592275521649595
1669	1.1530420002661412
1670	1.1530420002661412
1671	1.1530420002661412
1672	0.7512267724083352
1673	0.7512267724083352
1674	0.7512267724083352
1675	0.7610617202193151
1676	0.7610617202193151
1677	0.7610617202193151
1678	0.9503369072575094
1679	0.9503369072575094
1680	0.9503369072575094
1681	0.5589189447154409
1682	0.5589189447154409
1683	0.5589189447154409
1684	0.2507018063363615
1685	1.9767344526850037
1686	1.9767344526850037
1687	1.9767344526850037
1688	0.1
1689	0.1
1690	0.1
1691	1.3959073093013599
1692	1.3959073093013599
1693	1.3959073093013599
1694	0.8916169498260125
1695	0.8916169498260125
1696	0.8916169498260125
1697	3.6563868081094926
1698	3.6563868081094926
1699	3.6563868081094926
1700	1.102216303287244
1701	1.102216303287244
1702	1.102216303287244
1703	3.2511474702599985
1704	3.2511474702599985
1705	3.2511474702599985
1706	2.7194674233248657
1707	2.7194674233248657
1708	2.7194674233248657
1709	2.641084361877156
1710	2.641084361877156
1711	2.641084361877156
1712	3.3431101393558436
1713	3.3431101393558436
1714	3.3431101393558436
1715	1.0699533164446176
1716	1.0699533164446176
1717	1.0699533164446176
1718	1.6971873687734123
1719	1.6971873687734123
1720	1.6971873687734123
1721	2.8475928963203385
1722	2.8475928963203385
1723	2.8475928963203385
1724	1.6992971896651685
1725	1.2222315428330743
1726	1.2222315428330743
1727	1.2222315428330743
1728	1.6601067420844682
1729	1.6601067420844682
1730	1.6601067420844682
1731	2.398368188630617
1732	2.398368188630617
1733	2.398368188630617
1734	2.602045437104082
1735	2.602045437104082
1736	2.602045437104082
1737	0.5195856456605712
1738	0.5195856456605712
1739	0.5195856456605712
1740	1.7300214160436735
1741	1.7300214160436735
1742	1.7300214160436735
1743	0.5734517165381539
1744	0.5734517165381539
1745	0.5734517165381539
1746	3.157874052745301
1747	3.157874052745301
1748	3.157874052745301
1749	1.7115948849406863
1750	1.7115948849406863
1751	1.7115948849406863
1752	1.9871532698957917
1753	1.9871532698957917
1754	1.9871532698957917
1755	0.5852195467729333
1756	0.5852195467729333
1757	0.5852195467729333
1758	2.135277491380194
1759	2.135277491380194
1760	2.135277491380194
1761	3.609512763360021
1762	3.609512763360021
1763	3.609512763360021
1764	3.742834105152481
1765	3.742834105152481
1766	3.742834105152481
1767	1.5410309079948612
1768	1.5410309079948612
1769	1.5410309079948612
1770	1.8043530447244447
1771	1.8043530447244447
1772	1.8043530447244447
1773	1.087830348854158
1774	1.087830348854158
1775	1.087830348854158
1776	0.7050663770649177
1777	0.7050663770649177
1778	0.7050663770649177
1779	0.44978622120693823
1780	0.44978622120693823
1781	0.44978622120693823
1782	1.0715498158896752
1783	1.0715498158896752
1784	1.0715498158896752
1785	1.1085837743116742
1786	1.1085837743116742
1787	1.1085837743116742
1788	0.7192809450751958
1789	0.7192809450751958
1790	0.7192809450751958
1791	0.8180191950129752
1792	0.8180191950129752
1793	0.8180191950129752
1794	1.0514572181071522
1795	1.0514572181071522
1796	1.0514572181071522
1797	1.0409229704253355
1798	1.0409229704253355
1799	1.0409229704253355
1800	1.4590096439660036
1801	1.4590096439660036
1802	1.4590096439660036
1803	0.3611031597347305
1804	0.3611031597347305
1805	0.3611031597347305
1806	0.631174538830821
1807	0.631174538830821
1808	0.631174538830821
1809	1.2925945953390212
1810	1.2925945953390212
1811	1.2925945953390212
1812	1.0480165346941086
1813	1.0480165346941086
1814	1.0480165346941086
1815	1.0696322317297287
1816	1.0696322317297287
1817	1.0696322317297287
1818	1.2575512005976026
1819	1.2575512005976026
1820	1.2575512005976026
1821	1.0563470627954206
1822	1.0563470627954206
1823	1.0563470627954206
1824	0.9783569893831515
1825	0.9783569893831515
1826	0.9783569893831515
1827	1.6602116169155847
1828	1.6602116169155847
1829	1.6602116169155847
1830	1.136408357655485
1831	1.136408357655485
1832	1.136408357655485
1833	0.873544139205654
1834	0.873544139205654
1835	0.873544139205654
1836	1.261312667743891
1837	1.261312667743891
1838	1.261312667743891
1839	1.5647952087481667
1840	1.5647952087481667
1841	1.5647952087481667
1842	1.613748279993624
1843	1.613748279993624
1844	1.613748279993624
1845	0.2767914538113362
1846	0.2767914538113362
1847	0.2767914538113362
1848	1.290992542948522
1849	1.290992542948522
1850	1.290992542948522
1851	1.2314153831043089
1852	1.2314153831043089
1853	1.2314153831043089
1854	1.1886564949579048
1855	1.1886564949579048
1856	1.1886564949579048
1857	1.1095041605135247
1858	1.1095041605135247
1859	1.1095041605135247
1860	2.8083477103711405
1861	2.8083477103711405
1862	2.8083477103711405
1863	5.934694837915508
1864	5.934694837915508
1865	5.934694837915508
1866	5.370936179716378
1867	5.370936179716378
1868	5.370936179716378
1869	3.6989613226489158
1870	3.6989613226489158
1871	3.6989613226489158
1872	5.518817283875766
1873	5.518817283875766
1874	5.518817283875766
1875	5.503841666968466
1876	5.503841666968466
1877	5.503841666968466
1878	4.220852815013009
1879	4.220852815013009
1880	4.220852815013009
1881	5.022355586015895
1882	5.022355586015895
1883	5.022355586015895
1884	7.156244060226662
1885	7.156244060226662
1886	7.156244060226662
1887	7.8127782209030485
1888	7.8127782209030485
1889	7.8127782209030485
1890	1.0329792049119497
1891	1.0329792049119497
1892	1.0329792049119497
1893	0.1355224778676205
1894	0.1355224778676205
1895	0.1355224778676205
1896	4.263555757619884
1897	4.263555757619884
1898	4.263555757619884
1899	3.5224315686721885
1900	3.5224315686721885
1901	3.5224315686721885
1902	3.7792176276268283
1903	3.7792176276268283
1904	3.7792176276268283
1905	3.17051583438294
1906	3.17051583438294
1907	3.17051583438294
1908	1.499853028774599
1909	1.499853028774599
1910	1.499853028774599
1911	4.882414350444744
1912	4.882414350444744
1913	4.882414350444744
1914	2.9849827961108755
1915	2.9849827961108755
1916	2.9849827961108755
1917	1.4424167344199623
1918	1.4424167344199623
1919	0.8680377174063063
1920	0.8680377174063063
1921	0.8680377174063063
1922	0.3062026291437528
1923	0.3062026291437528
1924	0.3062026291437528
1925	0.8814869014449651
1926	0.8814869014449651
1927	0.8814869014449651
1928	0.17220412438016613
1929	0.17220412438016613
1930	0.17220412438016613
1931	0.7040993089717263
1932	0.7040993089717263
1933	0.7040993089717263
1934	0.8285486858194695
1935	0.8285486858194695
1936	0.8285486858194695
1937	4.119840714114776
1938	4.119840714114776
1939	4.119840714114776
1940	5.174553834434353
1941	5.174553834434353
1942	5.174553834434353
1943	5.871652542523046
1944	5.871652542523046
1945	5.871652542523046
1946	6.025415547765869
1947	6.025415547765869
1948	6.025415547765869
1949	4.793774259565049
1950	4.793774259565049
1951	4.793774259565049
1952	6.861055195218033
1953	6.861055195218033
1954	6.861055195218033
1955	2.8817724071136825
1956	2.8817724071136825
1957	2.8817724071136825
1958	3.5216480736581453
1959	3.5216480736581453
1960	3.5216480736581453
1961	2.4059756605769422
1962	2.4059756605769422
1963	2.4059756605769422
1964	4.074694428285802
1965	4.074694428285802
1966	4.074694428285802
1967	2.400799912269787
1968	2.400799912269787
1969	2.400799912269787
1970	4.095351865896456
1971	4.095351865896456
1972	4.095351865896456
1973	2.6689647087610355
1974	2.6689647087610355
1975	2.6689647087610355
1976	1.4139958726052377
1977	1.4139958726052377
1978	1.4139958726052377
1979	2.2354920154332394
1980	2.2354920154332394
1981	2.2354920154332394
1982	2.767298580549449
1983	2.767298580549449
1984	2.767298580549449
1985	0.7288214819084432
1986	0.7288214819084432
1987	0.7288214819084432
1988	0.6276245986884489
1989	0.6276245986884489
1990	0.6276245986884489
1991	0.6002527778481935
1992	0.6002527778481935
1993	0.6002527778481935
1994	0.35123631470743777
1995	0.35123631470743777
1996	0.35123631470743777
1997	0.1
1998	0.1
1999	0.1
