0	1.6216846934160782
1	1.6216846934160782
2	1.6216846934160782
3	1.6216846934160782
4	1.9379000809327795
5	1.9379000809327795
6	1.9379000809327795
7	1.9379000809327795
8	1.9379000809327795
9	1.6081167115461188
10	1.6081167115461188
11	1.6081167115461188
12	1.6081167115461188
13	1.6081167115461188
14	1.7928393762699937
15	1.7928393762699937
16	1.7928393762699937
17	1.7928393762699937
18	1.7928393762699937
19	1.684625940198503
20	1.684625940198503
21	1.684625940198503
22	1.684625940198503
23	1.684625940198503
24	1.7315671752362185
25	1.7315671752362185
26	1.7315671752362185
27	1.7315671752362185
28	1.7315671752362185
29	0.6955060664232549
30	0.6955060664232549
31	0.6955060664232549
32	0.6955060664232549
33	0.6955060664232549
34	1.7757569227980154
35	1.7757569227980154
36	1.7757569227980154
37	1.7757569227980154
38	1.7757569227980154
39	0.47712857262486574
40	0.47712857262486574
41	0.47712857262486574
42	0.47712857262486574
43	0.47712857262486574
44	2.1119097428208966
45	2.1119097428208966
46	2.1119097428208966
47	0.9960123052924911
48	0.9960123052924911
49	0.9960123052924911
50	0.9960123052924911
51	0.9960123052924911
52	1.3742559908970289
53	1.3742559908970289
54	3.594252404116198
55	3.594252404116198
56	3.594252404116198
57	3.594252404116198
58	3.594252404116198
59	4.95738851359038
60	4.95738851359038
61	4.95738851359038
62	4.95738851359038
63	4.95738851359038
64	2.526958266131829
65	2.526958266131829
66	2.526958266131829
67	2.526958266131829
68	2.526958266131829
69	3.9935726967647955
70	3.9935726967647955
71	3.9935726967647955
72	3.9935726967647955
73	3.9935726967647955
74	3.8575146572067656
75	3.8575146572067656
76	3.8575146572067656
77	3.8575146572067656
78	3.8575146572067656
79	3.6787495478939416
80	3.6787495478939416
81	3.6787495478939416
82	3.6787495478939416
83	3.6787495478939416
84	4.882556330078724
85	4.882556330078724
86	4.882556330078724
87	4.882556330078724
88	4.882556330078724
89	3.044110360482332
90	3.044110360482332
91	3.044110360482332
92	3.044110360482332
93	3.044110360482332
94	2.4106434895955466
95	2.4106434895955466
96	5.104276386445282
97	5.104276386445282
98	5.104276386445282
99	5.104276386445282
100	5.104276386445282
101	4.635156352646567
102	4.635156352646567
103	4.635156352646567
104	4.635156352646567
105	4.635156352646567
106	4.02029575852857
107	4.02029575852857
108	4.02029575852857
109	4.02029575852857
110	4.02029575852857
111	2.8362698458840567
112	2.8362698458840567
113	2.8362698458840567
114	2.8362698458840567
115	2.8362698458840567
116	2.089686333538603
117	2.089686333538603
118	2.089686333538603
119	2.089686333538603
120	2.089686333538603
121	4.205359081537991
122	4.205359081537991
123	4.205359081537991
124	4.205359081537991
125	4.205359081537991
126	4.993819084423694
127	4.993819084423694
128	4.993819084423694
129	4.993819084423694
130	4.993819084423694
131	2.9135059404929593
132	2.9135059404929593
133	2.9135059404929593
134	2.9135059404929593
135	2.9135059404929593
136	3.5405310775548577
137	3.5405310775548577
138	3.5405310775548577
139	3.5405310775548577
140	3.5405310775548577
141	5.4010198231277915
142	5.4010198231277915
143	5.4010198231277915
144	5.4010198231277915
145	5.4010198231277915
146	4.582195331133247
147	4.582195331133247
148	4.582195331133247
149	4.582195331133247
150	4.582195331133247
151	3.5068811249330953
152	3.5068811249330953
153	3.5068811249330953
154	3.5068811249330953
155	3.5068811249330953
156	2.2458862832341744
157	2.2458862832341744
158	2.2458862832341744
159	2.2458862832341744
160	2.2458862832341744
161	3.7708127897132404
162	3.7708127897132404
163	3.7708127897132404
164	3.7708127897132404
165	3.7708127897132404
166	4.47574451228816
167	4.47574451228816
168	4.47574451228816
169	4.47574451228816
170	4.47574451228816
171	2.8885172549295843
172	2.8885172549295843
173	2.8885172549295843
174	2.8885172549295843
175	2.8885172549295843
176	5.3526877707469485
177	5.3526877707469485
178	5.3526877707469485
179	5.3526877707469485
180	5.3526877707469485
181	4.859141183073664
182	4.859141183073664
183	4.859141183073664
184	4.859141183073664
185	4.859141183073664
186	2.628304278111643
187	2.628304278111643
188	2.628304278111643
189	2.628304278111643
190	2.628304278111643
191	4.622265339286032
192	4.622265339286032
193	4.622265339286032
194	4.622265339286032
195	4.622265339286032
196	4.558807733813007
197	4.558807733813007
198	4.558807733813007
199	4.558807733813007
200	4.558807733813007
201	2.031614707944683
202	2.031614707944683
203	2.031614707944683
204	2.031614707944683
205	2.031614707944683
206	4.41069431229188
207	4.41069431229188
208	4.41069431229188
209	4.41069431229188
210	4.41069431229188
211	2.65198135392035
212	2.65198135392035
213	2.65198135392035
214	2.65198135392035
215	2.65198135392035
216	2.5804574113630485
217	2.5804574113630485
218	2.5804574113630485
219	2.5804574113630485
220	2.5804574113630485
221	2.7992976352801326
222	2.7992976352801326
223	2.7992976352801326
224	2.7992976352801326
225	1.8894198553945212
226	1.8894198553945212
227	1.8894198553945212
228	1.8894198553945212
229	1.8894198553945212
230	2.9657553996388075
231	2.9657553996388075
232	2.9657553996388075
233	2.9657553996388075
234	2.9657553996388075
235	2.183527444488615
236	2.183527444488615
237	2.183527444488615
238	2.183527444488615
239	2.183527444488615
240	3.3182189477132766
241	3.3182189477132766
242	3.3182189477132766
243	3.3182189477132766
244	3.3182189477132766
245	3.224065960741309
246	3.224065960741309
247	3.224065960741309
248	3.224065960741309
249	3.224065960741309
250	3.449182057185792
251	3.449182057185792
252	3.449182057185792
253	3.449182057185792
254	3.449182057185792
255	2.823059636722282
256	2.823059636722282
257	2.823059636722282
258	0.7225514449734509
259	0.7225514449734509
260	0.7225514449734509
261	0.7225514449734509
262	0.7225514449734509
263	0.5781292989386242
264	0.5781292989386242
265	0.5781292989386242
266	0.5781292989386242
267	0.5781292989386242
268	0.3001365751121557
269	0.3001365751121557
270	0.3001365751121557
271	0.3001365751121557
272	0.3001365751121557
273	0.7202604694108229
274	0.7202604694108229
275	0.7202604694108229
276	0.7202604694108229
277	0.7202604694108229
278	0.3881467354991869
279	0.3881467354991869
280	0.3881467354991869
281	0.3881467354991869
282	0.3881467354991869
283	0.88219327345003
284	0.88219327345003
285	0.88219327345003
286	0.88219327345003
287	0.88219327345003
288	0.7747131897808246
289	0.7747131897808246
290	0.7747131897808246
291	0.7747131897808246
292	0.7747131897808246
293	0.3433291891783403
294	0.3433291891783403
295	0.3433291891783403
296	0.3433291891783403
297	0.3433291891783403
298	0.7436404440063855
299	0.7436404440063855
300	0.7436404440063855
301	0.7436404440063855
302	0.7436404440063855
303	0.7330092601352098
304	0.7330092601352098
305	0.7330092601352098
306	0.7330092601352098
307	0.7330092601352098
308	0.512693585600167
309	0.512693585600167
310	0.512693585600167
311	0.512693585600167
312	0.512693585600167
313	0.36577575314210825
314	0.36577575314210825
315	1.1780921808530296
316	1.1780921808530296
317	1.1780921808530296
318	1.1780921808530296
319	1.1780921808530296
320	2.105995139292114
321	2.105995139292114
322	2.105995139292114
323	2.105995139292114
324	2.105995139292114
325	1.1272854239554595
326	1.1272854239554595
327	1.1272854239554595
328	1.1272854239554595
329	1.1272854239554595
330	1.7901519855016756
331	1.7901519855016756
332	1.7901519855016756
333	1.7901519855016756
334	1.7901519855016756
335	1.4746228690506007
336	1.4746228690506007
337	1.4746228690506007
338	1.4746228690506007
339	1.4746228690506007
340	1.138151194692492
341	1.138151194692492
342	1.138151194692492
343	1.138151194692492
344	1.138151194692492
345	1.3885996054878658
346	1.3885996054878658
347	1.3885996054878658
348	1.3885996054878658
349	1.3885996054878658
350	1.2737431632142857
351	1.2737431632142857
352	1.2737431632142857
353	1.2737431632142857
354	1.2737431632142857
355	1.7505178286979997
356	1.7505178286979997
357	1.7505178286979997
358	1.7505178286979997
359	1.7505178286979997
360	1.345975717037074
361	1.345975717037074
362	1.345975717037074
363	1.345975717037074
364	1.345975717037074
365	1.217238047861929
366	1.217238047861929
367	1.217238047861929
368	1.217238047861929
369	1.217238047861929
370	1.4640470098436027
371	1.4640470098436027
372	1.4640470098436027
373	1.4640470098436027
374	1.4640470098436027
375	2.142276626614611
376	2.142276626614611
377	2.142276626614611
378	2.142276626614611
379	2.142276626614611
380	1.2115405799626537
381	1.2115405799626537
382	1.2115405799626537
383	1.2115405799626537
384	1.2115405799626537
385	1.4773900300035618
386	1.4773900300035618
387	1.4773900300035618
388	1.4773900300035618
389	1.4773900300035618
390	1.3054350349804886
391	1.3054350349804886
392	1.3054350349804886
393	1.3054350349804886
394	1.3054350349804886
395	1.7447849589206825
396	1.7447849589206825
397	1.7447849589206825
398	1.7447849589206825
399	1.7447849589206825
400	1.6959589451676047
401	1.6959589451676047
402	1.6959589451676047
403	1.6959589451676047
404	1.6959589451676047
405	1.6644197837633186
406	1.6644197837633186
407	1.6644197837633186
408	1.6644197837633186
409	1.6644197837633186
410	2.0613935341144027
411	2.0613935341144027
412	2.0613935341144027
413	2.0613935341144027
414	2.0613935341144027
415	1.3664172310945615
416	1.3664172310945615
417	1.3664172310945615
418	1.3664172310945615
419	1.3664172310945615
420	0.9223045319187807
421	0.9223045319187807
422	2.3250445870192777
423	2.3250445870192777
424	2.3250445870192777
425	2.3250445870192777
426	2.3250445870192777
427	3.8446539780917033
428	3.8446539780917033
429	3.8446539780917033
430	3.8446539780917033
431	3.8446539780917033
432	1.155438843223957
433	1.155438843223957
434	1.155438843223957
435	1.155438843223957
436	1.155438843223957
437	3.2997931527843076
438	3.2997931527843076
439	3.2997931527843076
440	3.2997931527843076
441	3.2997931527843076
442	4.162601361568904
443	4.162601361568904
444	4.162601361568904
445	4.162601361568904
446	4.162601361568904
447	3.7408992968911727
448	3.7408992968911727
449	3.7408992968911727
450	3.7408992968911727
451	3.7408992968911727
452	4.056447407113281
453	4.056447407113281
454	4.056447407113281
455	4.056447407113281
456	4.056447407113281
457	3.220829146993519
458	3.220829146993519
459	3.220829146993519
460	3.220829146993519
461	3.220829146993519
462	3.716196999327564
463	3.716196999327564
464	3.716196999327564
465	3.716196999327564
466	3.716196999327564
467	2.9605672070453
468	2.9605672070453
469	2.9605672070453
470	2.9605672070453
471	2.9605672070453
472	2.728819227808481
473	2.728819227808481
474	2.728819227808481
475	2.728819227808481
476	2.728819227808481
477	2.7108648583916812
478	2.7108648583916812
479	2.7108648583916812
480	2.7108648583916812
481	2.7108648583916812
482	3.2321152469731746
483	3.2321152469731746
484	3.2321152469731746
485	3.2321152469731746
486	3.2321152469731746
487	3.207267851736902
488	3.207267851736902
489	3.207267851736902
490	3.207267851736902
491	3.207267851736902
492	3.3660877166660463
493	3.3660877166660463
494	3.3660877166660463
495	3.3660877166660463
496	3.3660877166660463
497	3.168876292896994
498	3.168876292896994
499	3.168876292896994
500	3.168876292896994
501	2.046321323143586
502	2.046321323143586
503	2.046321323143586
504	2.046321323143586
505	2.046321323143586
506	1.8632365062603566
507	1.8632365062603566
508	1.8632365062603566
509	1.8632365062603566
510	1.8632365062603566
511	2.5413835270125054
512	2.5413835270125054
513	2.5413835270125054
514	2.5413835270125054
515	2.5413835270125054
516	1.8809784896216248
517	1.8809784896216248
518	1.8809784896216248
519	1.8809784896216248
520	1.8809784896216248
521	2.539024809525122
522	2.539024809525122
523	2.539024809525122
524	2.539024809525122
525	2.539024809525122
526	1.8955315918736515
527	1.8955315918736515
528	1.8955315918736515
529	3.7885199807187906
530	3.7885199807187906
531	3.7885199807187906
532	3.7885199807187906
533	3.7885199807187906
534	3.2579265541903486
535	3.2579265541903486
536	3.2579265541903486
537	3.2579265541903486
538	0.6411040222068947
539	0.6411040222068947
540	1.7186858713855933
541	1.7186858713855933
542	1.7186858713855933
543	1.7186858713855933
544	1.7186858713855933
545	1.8070995556252996
546	1.8070995556252996
547	1.8070995556252996
548	1.8070995556252996
549	1.8070995556252996
550	1.1466399152214082
551	1.1466399152214082
552	1.1466399152214082
553	1.1466399152214082
554	2.2279214305581374
555	2.2279214305581374
556	2.2279214305581374
557	2.2279214305581374
558	2.2279214305581374
559	4.277956336479597
560	4.277956336479597
561	4.277956336479597
562	4.277956336479597
563	4.277956336479597
564	3.2264112045391613
565	3.2264112045391613
566	3.2264112045391613
567	3.2264112045391613
568	3.2264112045391613
569	4.121413073621483
570	4.121413073621483
571	4.121413073621483
572	4.121413073621483
573	4.121413073621483
574	3.07542115611112
575	3.07542115611112
576	3.07542115611112
577	3.07542115611112
578	3.07542115611112
579	4.11778475340858
580	4.11778475340858
581	4.11778475340858
582	4.11778475340858
583	4.11778475340858
584	5.164662454874703
585	5.164662454874703
586	5.164662454874703
587	5.164662454874703
588	5.164662454874703
589	2.9617056528666366
590	2.9617056528666366
591	2.9617056528666366
592	2.9617056528666366
593	2.9617056528666366
594	2.455163539937641
595	2.455163539937641
596	2.455163539937641
597	2.455163539937641
598	2.455163539937641
599	4.5330744952645325
600	4.5330744952645325
601	4.5330744952645325
602	4.5330744952645325
603	4.5330744952645325
604	4.543350402375313
605	4.543350402375313
606	4.543350402375313
607	4.543350402375313
608	4.543350402375313
609	3.9644018001567756
610	3.9644018001567756
611	1.5763634600608785
612	1.5763634600608785
613	1.5763634600608785
614	1.5763634600608785
615	1.5763634600608785
616	3.396532769179453
617	3.396532769179453
618	3.396532769179453
619	3.396532769179453
620	0.985141635140819
621	0.985141635140819
622	0.985141635140819
623	0.985141635140819
624	0.985141635140819
625	0.84605094083408
626	0.84605094083408
627	0.84605094083408
628	0.84605094083408
629	0.84605094083408
630	1.0581260890648898
631	1.0581260890648898
632	1.0581260890648898
633	1.0581260890648898
634	1.0581260890648898
635	0.5727983720275506
636	0.5727983720275506
637	0.5727983720275506
638	0.5727983720275506
639	0.5727983720275506
640	1.0872522628286418
641	1.0872522628286418
642	1.0872522628286418
643	1.0872522628286418
644	1.0872522628286418
645	0.8606619156036659
646	0.8606619156036659
647	0.8606619156036659
648	0.8606619156036659
649	0.8606619156036659
650	0.894073490248251
651	0.894073490248251
652	0.894073490248251
653	0.894073490248251
654	0.894073490248251
655	0.790183537026351
656	0.790183537026351
657	0.790183537026351
658	0.790183537026351
659	0.790183537026351
660	0.5841847307159393
661	0.5841847307159393
662	0.5841847307159393
663	0.5841847307159393
664	0.5841847307159393
665	1.1754654886287546
666	1.1754654886287546
667	1.1754654886287546
668	1.1754654886287546
669	1.1754654886287546
670	1.2273884796201644
671	1.2273884796201644
672	1.2273884796201644
673	1.2273884796201644
674	1.2273884796201644
675	1.3668943650994445
676	1.3668943650994445
677	1.3668943650994445
678	1.3668943650994445
679	1.3668943650994445
680	0.6349463906648241
681	0.6349463906648241
682	0.6349463906648241
683	0.6349463906648241
684	0.6349463906648241
685	1.0168887954502892
686	1.0168887954502892
687	1.0168887954502892
688	1.0168887954502892
689	1.0168887954502892
690	1.1014466534330944
691	1.1014466534330944
692	1.1014466534330944
693	1.1014466534330944
694	1.1014466534330944
695	1.5829550394473184
696	1.5829550394473184
697	1.5829550394473184
698	1.5829550394473184
699	1.5829550394473184
700	1.396539696698529
701	1.396539696698529
702	1.396539696698529
703	1.396539696698529
704	1.396539696698529
705	1.0395033917935153
706	1.0395033917935153
707	1.0395033917935153
708	1.0395033917935153
709	1.0395033917935153
710	0.9741415662633706
711	0.9741415662633706
712	0.9741415662633706
713	0.9741415662633706
714	0.9741415662633706
715	1.265776415475743
716	1.265776415475743
717	1.265776415475743
718	1.265776415475743
719	1.265776415475743
720	0.7940979250172019
721	0.7940979250172019
722	0.7940979250172019
723	0.7940979250172019
724	0.7940979250172019
725	1.0462635206689817
726	1.0462635206689817
727	1.0462635206689817
728	1.0462635206689817
729	1.0462635206689817
730	0.9863019239724987
731	0.9863019239724987
732	0.9863019239724987
733	0.9863019239724987
734	0.9863019239724987
735	1.1035148515457083
736	1.1035148515457083
737	1.1035148515457083
738	1.1035148515457083
739	1.1035148515457083
740	1.1306335933793006
741	1.1306335933793006
742	1.1306335933793006
743	1.1306335933793006
744	1.1306335933793006
745	1.3685485112277453
746	1.3685485112277453
747	1.3685485112277453
748	1.3685485112277453
749	1.3685485112277453
750	1.2610112900411852
751	1.2610112900411852
752	1.2610112900411852
753	1.2610112900411852
754	1.2610112900411852
755	1.9279897574417293
756	1.9279897574417293
757	1.9279897574417293
758	1.9279897574417293
759	1.9279897574417293
760	0.7553726639762353
761	0.7553726639762353
762	0.7553726639762353
763	0.7553726639762353
764	0.7553726639762353
765	1.2113634069997286
766	1.2113634069997286
767	1.2113634069997286
768	1.2113634069997286
769	1.2113634069997286
770	0.7821300925899977
771	0.7821300925899977
772	0.7821300925899977
773	0.7821300925899977
774	0.7821300925899977
775	0.9035322305950682
776	0.9035322305950682
777	0.9035322305950682
778	0.9035322305950682
779	0.9035322305950682
780	1.215555616001345
781	1.215555616001345
782	1.215555616001345
783	1.215555616001345
784	1.215555616001345
785	0.42429600463743866
786	0.42429600463743866
787	0.42429600463743866
788	1.6769543031592853
789	1.6769543031592853
790	1.6769543031592853
791	1.6769543031592853
792	1.6769543031592853
793	2.452474605413121
794	2.452474605413121
795	0.6060184609155914
796	0.6060184609155914
797	0.6060184609155914
798	0.6060184609155914
799	0.6060184609155914
800	0.7357413386999879
801	0.7357413386999879
802	0.7357413386999879
803	0.7357413386999879
804	0.7357413386999879
805	0.8008645407024209
806	0.8008645407024209
807	0.8008645407024209
808	0.8008645407024209
809	0.8008645407024209
810	0.6040478441099844
811	0.6040478441099844
812	0.6040478441099844
813	0.6040478441099844
814	0.6040478441099844
815	0.5755389592661144
816	0.5755389592661144
817	0.5755389592661144
818	0.5755389592661144
819	0.5755389592661144
820	0.7265960545224917
821	0.7265960545224917
822	0.7265960545224917
823	0.7265960545224917
824	0.7265960545224917
825	0.5490129660294597
826	0.5490129660294597
827	0.5490129660294597
828	0.5490129660294597
829	0.5490129660294597
830	0.7548169942309216
831	0.7548169942309216
832	0.7548169942309216
833	2.4553200163853317
834	2.4553200163853317
835	2.4553200163853317
836	2.4553200163853317
837	2.4553200163853317
838	3.4936479866917094
839	3.4936479866917094
840	3.4936479866917094
841	3.4936479866917094
842	3.4936479866917094
843	4.178412528145853
844	4.178412528145853
845	4.178412528145853
846	4.178412528145853
847	4.178412528145853
848	2.604459284970674
849	2.604459284970674
850	2.604459284970674
851	2.604459284970674
852	2.604459284970674
853	3.654266333466575
854	3.654266333466575
855	3.654266333466575
856	3.654266333466575
857	3.654266333466575
858	3.6819425308092506
859	3.6819425308092506
860	1.3005778797829106
861	1.3005778797829106
862	1.3005778797829106
863	1.3005778797829106
864	1.3005778797829106
865	0.6778153233424948
866	0.6778153233424948
867	0.6778153233424948
868	0.6778153233424948
869	0.6778153233424948
870	2.9057018027830814
871	2.9057018027830814
872	2.9057018027830814
873	2.9057018027830814
874	2.9057018027830814
875	2.0460871441630677
876	2.0460871441630677
877	2.0460871441630677
878	2.0460871441630677
879	2.0460871441630677
880	1.38586824719502
881	1.38586824719502
882	1.38586824719502
883	1.38586824719502
884	1.38586824719502
885	2.2187437434334463
886	2.2187437434334463
887	2.2187437434334463
888	2.2187437434334463
889	2.2187437434334463
890	1.449847122167803
891	1.449847122167803
892	1.449847122167803
893	1.449847122167803
894	1.449847122167803
895	1.6249328729277017
896	1.6249328729277017
897	1.6249328729277017
898	1.6249328729277017
899	1.6249328729277017
900	1.7753833440298687
901	1.7753833440298687
902	1.7753833440298687
903	1.7753833440298687
904	1.7753833440298687
905	2.369417668046307
906	2.369417668046307
907	2.369417668046307
908	2.369417668046307
909	2.369417668046307
910	2.341898761188276
911	2.341898761188276
912	2.341898761188276
913	2.341898761188276
914	2.341898761188276
915	1.912509914264913
916	1.912509914264913
917	1.912509914264913
918	1.912509914264913
919	1.912509914264913
920	2.2247271274593925
921	2.2247271274593925
922	2.2247271274593925
923	2.2247271274593925
924	2.2247271274593925
925	2.2055710013247336
926	2.2055710013247336
927	2.2055710013247336
928	2.2055710013247336
929	2.2055710013247336
930	1.6096664589181584
931	1.6096664589181584
932	1.6096664589181584
933	1.6096664589181584
934	1.6096664589181584
935	1.9616144627700751
936	1.9616144627700751
937	1.9616144627700751
938	1.9616144627700751
939	1.9616144627700751
940	2.356731725973368
941	2.356731725973368
942	2.356731725973368
943	2.356731725973368
944	2.356731725973368
945	2.585482813813437
946	2.585482813813437
947	2.585482813813437
948	2.585482813813437
949	2.585482813813437
950	2.2604391217200055
951	2.2604391217200055
952	2.2604391217200055
953	2.2604391217200055
954	2.2604391217200055
955	2.3014503185273276
956	2.3014503185273276
957	2.3014503185273276
958	2.3014503185273276
959	2.3014503185273276
960	1.9837118037276131
961	1.9837118037276131
962	1.9837118037276131
963	1.9837118037276131
964	1.9837118037276131
965	1.9812344319437494
966	1.9812344319437494
967	1.9812344319437494
968	1.9812344319437494
969	1.9812344319437494
970	2.3710332681871247
971	2.3710332681871247
972	2.3710332681871247
973	2.3710332681871247
974	2.3710332681871247
975	2.6090488222207653
976	2.6090488222207653
977	2.6090488222207653
978	2.6090488222207653
979	2.6090488222207653
980	1.4853883149561173
981	1.4853883149561173
982	1.4853883149561173
983	1.4853883149561173
984	1.4853883149561173
985	1.654625165360763
986	1.654625165360763
987	1.654625165360763
988	1.654625165360763
989	1.654625165360763
990	1.6237158805959149
991	1.6237158805959149
992	1.6237158805959149
993	1.6237158805959149
994	1.6237158805959149
995	1.2219378664096299
996	1.2219378664096299
997	1.2219378664096299
998	1.2219378664096299
999	1.2219378664096299
1000	2.410253435692477
1001	2.410253435692477
1002	2.410253435692477
1003	2.410253435692477
1004	2.410253435692477
1005	1.0041571638954057
1006	1.0041571638954057
1007	1.0041571638954057
1008	1.0041571638954057
1009	1.0041571638954057
1010	1.9096310032211377
1011	1.9096310032211377
1012	1.9096310032211377
1013	1.9096310032211377
1014	1.9096310032211377
1015	1.9445561098688
1016	1.9445561098688
1017	1.9445561098688
1018	1.9445561098688
1019	1.9445561098688
1020	1.9846219848662234
1021	1.9846219848662234
1022	1.9846219848662234
1023	1.9846219848662234
1024	1.9846219848662234
1025	2.081525538461011
1026	2.081525538461011
1027	2.081525538461011
1028	2.081525538461011
1029	2.081525538461011
1030	1.940530524009135
1031	1.940530524009135
1032	1.940530524009135
1033	1.940530524009135
1034	1.940530524009135
1035	1.8424236888672694
1036	1.8424236888672694
1037	1.8424236888672694
1038	1.8424236888672694
1039	1.8424236888672694
1040	1.751732630731523
1041	1.751732630731523
1042	1.751732630731523
1043	1.751732630731523
1044	1.751732630731523
1045	1.8504759300109561
1046	1.8504759300109561
1047	1.8504759300109561
1048	1.8504759300109561
1049	1.8504759300109561
1050	2.24572645136626
1051	2.24572645136626
1052	2.24572645136626
1053	2.24572645136626
1054	2.24572645136626
1055	2.3349439013405116
1056	2.3349439013405116
1057	2.3349439013405116
1058	2.3349439013405116
1059	1.9851986274664184
1060	1.9851986274664184
1061	1.9851986274664184
1062	1.9851986274664184
1063	1.9851986274664184
1064	1.5191407355711888
1065	1.5191407355711888
1066	1.5191407355711888
1067	1.5191407355711888
1068	1.5191407355711888
1069	1.8129384646068554
1070	1.8129384646068554
1071	1.8129384646068554
1072	1.8129384646068554
1073	1.8129384646068554
1074	1.4149801356973235
1075	1.4149801356973235
1076	1.4149801356973235
1077	1.4149801356973235
1078	1.4149801356973235
1079	1.3759435566481262
1080	1.3759435566481262
1081	1.3759435566481262
1082	1.3759435566481262
1083	1.3759435566481262
1084	1.0107235187611825
1085	1.0107235187611825
1086	1.0107235187611825
1087	1.0107235187611825
1088	1.0107235187611825
1089	2.08036155607183
1090	2.08036155607183
1091	2.08036155607183
1092	2.08036155607183
1093	2.08036155607183
1094	1.0300074578369485
1095	1.0300074578369485
1096	1.0300074578369485
1097	3.7926176901266704
1098	3.7926176901266704
1099	3.7926176901266704
1100	3.7926176901266704
1101	3.7926176901266704
1102	2.6107928889076977
1103	2.6107928889076977
1104	2.6107928889076977
1105	2.6107928889076977
1106	2.6107928889076977
1107	4.666921148250319
1108	4.666921148250319
1109	4.666921148250319
1110	4.666921148250319
1111	4.666921148250319
1112	2.6831370168628963
1113	2.6831370168628963
1114	2.6831370168628963
1115	2.6831370168628963
1116	2.6831370168628963
1117	4.4218383878884
1118	4.4218383878884
1119	4.4218383878884
1120	4.4218383878884
1121	4.4218383878884
1122	4.4579816853830865
1123	4.4579816853830865
1124	4.4579816853830865
1125	4.4579816853830865
1126	4.4579816853830865
1127	2.822925405489987
1128	2.822925405489987
1129	2.822925405489987
1130	2.822925405489987
1131	2.822925405489987
1132	4.315016065392108
1133	4.315016065392108
1134	4.315016065392108
1135	1.8450521977040795
1136	1.8450521977040795
1137	1.8450521977040795
1138	1.8450521977040795
1139	1.8450521977040795
1140	3.843231538427795
1141	3.843231538427795
1142	3.843231538427795
1143	3.843231538427795
1144	3.843231538427795
1145	3.7717866011701027
1146	3.7717866011701027
1147	3.7717866011701027
1148	3.7717866011701027
1149	3.7717866011701027
1150	1.8561027151961256
1151	1.8561027151961256
1152	1.8561027151961256
1153	1.8561027151961256
1154	1.8561027151961256
1155	2.9027627306854917
1156	2.9027627306854917
1157	2.9027627306854917
1158	2.9027627306854917
1159	2.9027627306854917
1160	1.9586989234820813
1161	1.9586989234820813
1162	1.9586989234820813
1163	1.9586989234820813
1164	1.9586989234820813
1165	2.72491223029822
1166	2.72491223029822
1167	2.72491223029822
1168	2.72491223029822
1169	2.72491223029822
1170	2.1747237601561964
1171	2.1747237601561964
1172	2.1747237601561964
1173	2.1747237601561964
1174	2.1747237601561964
1175	2.8099732244109417
1176	2.8099732244109417
1177	2.8099732244109417
1178	2.8099732244109417
1179	2.8099732244109417
1180	2.7926020127277322
1181	2.7926020127277322
1182	4.509421380412512
1183	4.509421380412512
1184	4.509421380412512
1185	4.509421380412512
1186	4.509421380412512
1187	2.469721270473999
1188	2.469721270473999
1189	2.469721270473999
1190	2.469721270473999
1191	2.469721270473999
1192	2.6387533763438924
1193	2.6387533763438924
1194	2.6387533763438924
1195	2.6387533763438924
1196	2.6387533763438924
1197	1.501012306075972
1198	1.501012306075972
1199	1.501012306075972
1200	1.501012306075972
1201	1.501012306075972
1202	2.3311545558200493
1203	2.3311545558200493
1204	2.3311545558200493
1205	2.3311545558200493
1206	2.3311545558200493
1207	1.3404176913365373
1208	1.3404176913365373
1209	1.3404176913365373
1210	1.3404176913365373
1211	1.3404176913365373
1212	2.0502740768765038
1213	2.0502740768765038
1214	2.0502740768765038
1215	2.324607497839242
1216	2.324607497839242
1217	2.324607497839242
1218	2.324607497839242
1219	2.324607497839242
1220	3.205660498391681
1221	3.205660498391681
1222	3.205660498391681
1223	3.205660498391681
1224	3.205660498391681
1225	2.060732762503936
1226	2.060732762503936
1227	2.060732762503936
1228	2.060732762503936
1229	2.060732762503936
1230	3.6152085859829644
1231	3.6152085859829644
1232	3.6152085859829644
1233	3.6152085859829644
1234	3.6152085859829644
1235	2.6446068730763064
1236	2.6446068730763064
1237	2.6446068730763064
1238	2.6446068730763064
1239	2.6446068730763064
1240	2.553138381480065
1241	5.2979990328698205
1242	2.74858636908682
1243	2.74858636908682
1244	2.74858636908682
1245	2.74858636908682
1246	2.74858636908682
1247	1.2211746608256262
1248	1.2211746608256262
1249	1.2211746608256262
1250	1.2211746608256262
1251	1.2211746608256262
1252	2.0896952476148556
1253	2.0896952476148556
1254	2.0896952476148556
1255	2.0896952476148556
1256	4.7546115176997
1257	4.7546115176997
1258	4.7546115176997
1259	4.7546115176997
1260	4.7546115176997
1261	4.747622319294176
1262	4.747622319294176
1263	4.747622319294176
1264	4.747622319294176
1265	4.747622319294176
1266	3.3231703687418483
1267	3.3231703687418483
1268	3.3231703687418483
1269	3.3231703687418483
1270	3.3231703687418483
1271	4.222402072532796
1272	4.222402072532796
1273	4.222402072532796
1274	4.222402072532796
1275	4.222402072532796
1276	4.240846857498892
1277	4.240846857498892
1278	4.240846857498892
1279	4.240846857498892
1280	4.240846857498892
1281	3.4430046742682188
1282	3.4430046742682188
1283	3.4430046742682188
1284	3.4430046742682188
1285	3.4430046742682188
1286	2.7298588839373332
1287	2.7298588839373332
1288	2.7298588839373332
1289	2.7298588839373332
1290	2.7298588839373332
1291	3.8388629918179955
1292	3.8388629918179955
1293	3.8388629918179955
1294	3.8388629918179955
1295	3.8388629918179955
1296	4.833719096720933
1297	4.833719096720933
1298	4.833719096720933
1299	4.833719096720933
1300	4.833719096720933
1301	3.2324899333400188
1302	3.2324899333400188
1303	3.2324899333400188
1304	3.2324899333400188
1305	3.2324899333400188
1306	2.3050482580223015
1307	2.3050482580223015
1308	2.3050482580223015
1309	2.3050482580223015
1310	2.3050482580223015
1311	5.783574576718823
1312	5.783574576718823
1313	5.783574576718823
1314	5.783574576718823
1315	5.783574576718823
1316	4.823019681453966
1317	4.823019681453966
1318	4.823019681453966
1319	4.823019681453966
1320	4.823019681453966
1321	3.595018117810367
1322	3.595018117810367
1323	3.595018117810367
1324	3.595018117810367
1325	3.595018117810367
1326	3.729516479719044
1327	3.729516479719044
1328	3.729516479719044
1329	3.729516479719044
1330	3.729516479719044
1331	3.3744864217668127
1332	1.5841640660142902
1333	1.5841640660142902
1334	1.5841640660142902
1335	1.5841640660142902
1336	1.5841640660142902
1337	1.9039035874121946
1338	1.9039035874121946
1339	1.9039035874121946
1340	1.9039035874121946
1341	1.9039035874121946
1342	1.725510497344643
1343	1.725510497344643
1344	1.725510497344643
1345	1.725510497344643
1346	1.725510497344643
1347	1.5388138965163174
1348	1.5388138965163174
1349	1.5388138965163174
1350	1.5388138965163174
1351	1.5388138965163174
1352	2.047973164524417
1353	2.047973164524417
1354	2.047973164524417
1355	2.047973164524417
1356	2.047973164524417
1357	1.3452456668036517
1358	1.3452456668036517
1359	1.3452456668036517
1360	1.3452456668036517
1361	1.3452456668036517
1362	1.2988206394281872
1363	1.2988206394281872
1364	1.2988206394281872
1365	1.2988206394281872
1366	1.2988206394281872
1367	1.9191566598483032
1368	1.9191566598483032
1369	1.9191566598483032
1370	1.9191566598483032
1371	1.9191566598483032
1372	1.7068111158119927
1373	1.7068111158119927
1374	1.7068111158119927
1375	1.7068111158119927
1376	1.7068111158119927
1377	2.0670739935074027
1378	2.0670739935074027
1379	2.0670739935074027
1380	2.0670739935074027
1381	2.0670739935074027
1382	1.531920740854042
1383	1.531920740854042
1384	1.531920740854042
1385	1.531920740854042
1386	1.531920740854042
1387	1.546642735116372
1388	1.546642735116372
1389	1.546642735116372
1390	1.546642735116372
1391	1.546642735116372
1392	1.3297749974962274
1393	1.3297749974962274
1394	1.3297749974962274
1395	1.3297749974962274
1396	1.3297749974962274
1397	1.3359103060578068
1398	1.3359103060578068
1399	1.3359103060578068
1400	1.3359103060578068
1401	1.3359103060578068
1402	1.6094387333581193
1403	1.6094387333581193
1404	1.6094387333581193
1405	1.6094387333581193
1406	1.6094387333581193
1407	1.9280809113967792
1408	1.9280809113967792
1409	1.9280809113967792
1410	1.9280809113967792
1411	1.9280809113967792
1412	2.171363706660551
1413	2.171363706660551
1414	2.171363706660551
1415	2.171363706660551
1416	2.171363706660551
1417	1.745007731576909
1418	1.745007731576909
1419	1.745007731576909
1420	1.745007731576909
1421	1.745007731576909
1422	1.15205028464018
1423	1.15205028464018
1424	1.15205028464018
1425	1.15205028464018
1426	1.15205028464018
1427	1.1595316961160893
1428	1.1595316961160893
1429	1.1595316961160893
1430	1.1595316961160893
1431	1.1595316961160893
1432	1.7313107252006334
1433	1.7313107252006334
1434	1.7313107252006334
1435	1.7313107252006334
1436	1.7313107252006334
1437	1.6435770632794402
1438	1.6435770632794402
1439	1.6435770632794402
1440	1.6435770632794402
1441	1.6435770632794402
1442	1.9056482791100517
1443	1.9056482791100517
1444	1.9056482791100517
1445	1.9056482791100517
1446	1.9056482791100517
1447	2.1980214322587597
1448	2.1980214322587597
1449	2.1980214322587597
1450	2.1980214322587597
1451	2.1980214322587597
1452	1.9953703683491195
1453	1.9953703683491195
1454	1.9953703683491195
1455	1.9953703683491195
1456	1.9953703683491195
1457	1.4095364482133483
1458	1.4095364482133483
1459	1.4095364482133483
1460	1.4095364482133483
1461	1.4095364482133483
1462	1.473329017001029
1463	1.473329017001029
1464	1.473329017001029
1465	1.473329017001029
1466	1.473329017001029
1467	1.9904562857581984
1468	1.9904562857581984
1469	1.9904562857581984
1470	1.9904562857581984
1471	1.9904562857581984
1472	1.0258308817805346
1473	1.0258308817805346
1474	1.0258308817805346
1475	1.0258308817805346
1476	1.0258308817805346
1477	1.752924926103128
1478	1.752924926103128
1479	1.752924926103128
1480	1.752924926103128
1481	1.752924926103128
1482	1.794660358005706
1483	1.794660358005706
1484	1.794660358005706
1485	1.794660358005706
1486	1.794660358005706
1487	1.2146141154595267
1488	1.2146141154595267
1489	1.2146141154595267
1490	1.2146141154595267
1491	1.2146141154595267
1492	1.6747270875146245
1493	1.6747270875146245
1494	1.6747270875146245
1495	1.6747270875146245
1496	1.6747270875146245
1497	1.8832392923559425
1498	1.8832392923559425
1499	1.8832392923559425
1500	1.8832392923559425
1501	1.8832392923559425
1502	1.7005567680205451
1503	1.7005567680205451
1504	1.7005567680205451
1505	1.7005567680205451
1506	1.7005567680205451
1507	1.9150941031078548
1508	1.9150941031078548
1509	1.9150941031078548
1510	1.9150941031078548
1511	1.9150941031078548
1512	0.8097046301494348
1513	0.8097046301494348
1514	0.8097046301494348
1515	0.8097046301494348
1516	0.8097046301494348
1517	1.8044514643536766
1518	1.8044514643536766
1519	1.8044514643536766
1520	1.8044514643536766
1521	1.8044514643536766
1522	0.8876496959453517
1523	0.8876496959453517
1524	3.9353537895024244
1525	3.9353537895024244
1526	3.9353537895024244
1527	3.9353537895024244
1528	3.9353537895024244
1529	4.185849147447018
1530	4.185849147447018
1531	4.185849147447018
1532	4.185849147447018
1533	4.185849147447018
1534	3.861269832581109
1535	3.861269832581109
1536	3.861269832581109
1537	3.861269832581109
1538	3.861269832581109
1539	2.831025531180985
1540	5.504907716312283
1541	5.504907716312283
1542	5.504907716312283
1543	5.504907716312283
1544	5.504907716312283
1545	2.653463134412976
1546	2.653463134412976
1547	2.653463134412976
1548	2.653463134412976
1549	2.653463134412976
1550	4.825777606855116
1551	4.825777606855116
1552	4.825777606855116
1553	4.825777606855116
1554	4.825777606855116
1555	2.491487303546788
1556	2.491487303546788
1557	2.491487303546788
1558	2.491487303546788
1559	2.491487303546788
1560	4.578264137465269
1561	4.578264137465269
1562	4.578264137465269
1563	4.578264137465269
1564	4.578264137465269
1565	2.561344553187996
1566	2.561344553187996
1567	2.561344553187996
1568	2.561344553187996
1569	2.561344553187996
1570	2.773166631909886
1571	2.773166631909886
1572	2.773166631909886
1573	2.773166631909886
1574	2.773166631909886
1575	4.891753995776673
1576	4.891753995776673
1577	4.891753995776673
1578	4.891753995776673
1579	4.891753995776673
1580	4.731491630806415
1581	4.731491630806415
1582	4.731491630806415
1583	4.731491630806415
1584	4.731491630806415
1585	3.817495757679305
1586	3.817495757679305
1587	3.817495757679305
1588	3.817495757679305
1589	3.817495757679305
1590	5.419679817344073
1591	5.419679817344073
1592	5.419679817344073
1593	5.419679817344073
1594	5.419679817344073
1595	5.9926687505677245
1596	5.9926687505677245
1597	5.9926687505677245
1598	5.9926687505677245
1599	5.9926687505677245
1600	3.97545113670707
1601	3.97545113670707
1602	3.97545113670707
1603	3.97545113670707
1604	3.97545113670707
1605	3.1757999256165492
1606	3.1757999256165492
1607	3.1757999256165492
1608	3.1757999256165492
1609	3.1757999256165492
1610	3.5091796345855877
1611	3.5091796345855877
1612	3.5091796345855877
1613	3.5091796345855877
1614	3.5091796345855877
1615	3.7122826452691013
1616	3.7122826452691013
1617	3.7122826452691013
1618	3.7122826452691013
1619	3.7122826452691013
1620	4.155219171897529
1621	4.155219171897529
1622	4.155219171897529
1623	4.155219171897529
1624	4.155219171897529
1625	3.7249720298430375
1626	3.7249720298430375
1627	3.7249720298430375
1628	3.7249720298430375
1629	3.7249720298430375
1630	5.355102658374689
1631	5.355102658374689
1632	5.355102658374689
1633	5.355102658374689
1634	5.355102658374689
1635	4.235119188270515
1636	4.235119188270515
1637	4.235119188270515
1638	2.8294462792635757
1639	0.22422169300829037
1640	0.22422169300829037
1641	0.22422169300829037
1642	0.22422169300829037
1643	0.22422169300829037
1644	0.22511637701440196
1645	0.22511637701440196
1646	0.22511637701440196
1647	0.22511637701440196
1648	0.22511637701440196
1649	0.18192384702442038
1650	0.18192384702442038
1651	0.18192384702442038
1652	0.18192384702442038
1653	0.18192384702442038
1654	0.28348709568845426
1655	0.28348709568845426
1656	0.28348709568845426
1657	0.28348709568845426
1658	0.28348709568845426
1659	0.21777626495270525
1660	0.21777626495270525
1661	0.21777626495270525
1662	0.21777626495270525
1663	0.21777626495270525
1664	0.2844401380762547
1665	0.2844401380762547
1666	0.2844401380762547
1667	0.2844401380762547
1668	0.2844401380762547
1669	1.051860147232088
1670	1.051860147232088
1671	1.051860147232088
1672	1.051860147232088
1673	1.051860147232088
1674	1.2131474230721853
1675	1.2131474230721853
1676	1.2131474230721853
1677	1.2131474230721853
1678	1.2131474230721853
1679	1.3069675027248056
1680	1.3069675027248056
1681	1.3069675027248056
1682	1.3069675027248056
1683	1.3069675027248056
1684	1.2453418360015016
1685	1.2453418360015016
1686	1.2453418360015016
1687	1.2453418360015016
1688	1.2453418360015016
1689	1.0628389801235802
1690	1.0628389801235802
1691	1.0628389801235802
1692	1.0628389801235802
1693	1.0628389801235802
1694	1.359066660577524
1695	1.359066660577524
1696	1.359066660577524
1697	1.359066660577524
1698	2.0536764413719
1699	2.347714735077902
1700	2.347714735077902
1701	2.347714735077902
1702	2.347714735077902
1703	2.347714735077902
1704	3.993730375678238
1705	3.993730375678238
1706	3.993730375678238
1707	1.8448470567680786
1708	1.8448470567680786
1709	1.8448470567680786
1710	1.8448470567680786
1711	1.8448470567680786
1712	0.9963394445984886
1713	0.9963394445984886
1714	0.9963394445984886
1715	0.9963394445984886
1716	0.9963394445984886
1717	0.9788740555697676
1718	0.9788740555697676
1719	0.9788740555697676
1720	0.9788740555697676
1721	0.9788740555697676
1722	0.9306202992249315
1723	0.9306202992249315
1724	0.9306202992249315
1725	0.9306202992249315
1726	0.9306202992249315
1727	1.924377149218123
1728	1.924377149218123
1729	1.924377149218123
1730	1.924377149218123
1731	1.924377149218123
1732	2.1132228189231688
1733	2.1132228189231688
1734	2.1132228189231688
1735	2.1132228189231688
1736	2.1132228189231688
1737	1.1465113468428554
1738	1.1465113468428554
1739	1.1465113468428554
1740	1.1465113468428554
1741	1.1465113468428554
1742	0.8365188390913677
1743	0.8365188390913677
1744	0.8365188390913677
1745	0.8365188390913677
1746	0.8365188390913677
1747	1.147901754586437
1748	1.147901754586437
1749	1.147901754586437
1750	1.147901754586437
1751	1.147901754586437
1752	2.5603266569467014
1753	2.5603266569467014
1754	2.5603266569467014
1755	2.5603266569467014
1756	2.5603266569467014
1757	3.226571055665191
1758	3.226571055665191
1759	3.226571055665191
1760	3.226571055665191
1761	3.226571055665191
1762	3.5660670668896426
1763	3.5660670668896426
1764	3.5660670668896426
1765	3.5660670668896426
1766	3.5660670668896426
1767	2.901510075654204
1768	2.901510075654204
1769	2.901510075654204
1770	2.901510075654204
1771	2.901510075654204
1772	2.9334823703252884
1773	2.9334823703252884
1774	2.9334823703252884
1775	2.9334823703252884
1776	2.9334823703252884
1777	3.608947090163532
1778	3.608947090163532
1779	3.608947090163532
1780	3.608947090163532
1781	3.608947090163532
1782	2.2751547611995564
1783	2.2751547611995564
1784	2.2751547611995564
1785	2.2751547611995564
1786	2.2751547611995564
1787	3.413401872651936
1788	3.413401872651936
1789	3.413401872651936
1790	3.413401872651936
1791	3.413401872651936
1792	2.386838959970369
1793	2.386838959970369
1794	2.386838959970369
1795	2.386838959970369
1796	2.386838959970369
1797	2.9366165363416354
1798	2.9366165363416354
1799	2.9366165363416354
1800	2.9366165363416354
1801	2.9366165363416354
1802	1.2654394231016186
1803	1.2654394231016186
1804	1.2654394231016186
1805	1.2654394231016186
1806	1.2654394231016186
1807	3.1975284368963286
1808	3.1975284368963286
1809	3.1975284368963286
1810	3.1975284368963286
1811	3.1975284368963286
1812	4.26424133112862
1813	4.26424133112862
1814	4.26424133112862
1815	4.26424133112862
1816	4.26424133112862
1817	3.570253718421144
1818	3.570253718421144
1819	3.570253718421144
1820	3.570253718421144
1821	3.570253718421144
1822	2.646326838040846
1823	2.646326838040846
1824	2.646326838040846
1825	2.646326838040846
1826	2.646326838040846
1827	3.349926955497252
1828	3.349926955497252
1829	3.349926955497252
1830	3.349926955497252
1831	3.349926955497252
1832	2.552369072355942
1833	2.552369072355942
1834	2.552369072355942
1835	2.552369072355942
1836	2.552369072355942
1837	3.021044199234894
1838	3.021044199234894
1839	3.021044199234894
1840	3.021044199234894
1841	3.021044199234894
1842	3.434755858971647
1843	3.434755858971647
1844	3.434755858971647
1845	3.434755858971647
1846	3.434755858971647
1847	4.290385813072618
1848	4.290385813072618
1849	4.290385813072618
1850	4.290385813072618
1851	4.290385813072618
1852	4.021937828673352
1853	4.021937828673352
1854	4.021937828673352
1855	4.021937828673352
1856	4.021937828673352
1857	3.4345641744059456
1858	3.4345641744059456
1859	3.4345641744059456
1860	3.4345641744059456
1861	3.4345641744059456
1862	4.722635082331203
1863	4.722635082331203
1864	4.722635082331203
1865	4.722635082331203
1866	4.722635082331203
1867	2.575434549905327
1868	2.575434549905327
1869	2.575434549905327
1870	2.575434549905327
1871	2.575434549905327
1872	4.331197785588164
1873	4.331197785588164
1874	4.331197785588164
1875	4.331197785588164
1876	4.331197785588164
1877	3.8178675968527394
1878	3.8178675968527394
1879	3.8178675968527394
1880	3.8178675968527394
1881	3.8178675968527394
1882	2.3452906541966527
1883	2.3452906541966527
1884	2.3452906541966527
1885	2.3452906541966527
1886	2.3452906541966527
1887	3.5966365650161296
1888	3.5966365650161296
1889	3.5966365650161296
1890	3.5966365650161296
1891	3.5966365650161296
1892	4.04517164055971
1893	4.04517164055971
1894	4.04517164055971
1895	4.04517164055971
1896	4.04517164055971
1897	3.4000653448226115
1898	3.4000653448226115
1899	3.4000653448226115
1900	3.4000653448226115
1901	3.4000653448226115
1902	3.2429696260302516
1903	3.2429696260302516
1904	3.2429696260302516
1905	3.2429696260302516
1906	3.2429696260302516
1907	3.6552097962293826
1908	3.6552097962293826
1909	3.6552097962293826
1910	3.6552097962293826
1911	3.6552097962293826
1912	3.9027302105012636
1913	3.9027302105012636
1914	3.9027302105012636
1915	3.9027302105012636
1916	3.9027302105012636
1917	3.3280753732805204
1918	3.3280753732805204
1919	2.4934543113780996
1920	2.4934543113780996
1921	2.4934543113780996
1922	2.4934543113780996
1923	2.4934543113780996
1924	1.5665028615210672
1925	1.5665028615210672
1926	1.5665028615210672
1927	1.5665028615210672
1928	1.5665028615210672
1929	2.5347538709027884
1930	0.22189826582039027
1931	0.22189826582039027
1932	1.6688942468519332
1933	1.6688942468519332
1934	1.6688942468519332
1935	1.6688942468519332
1936	2.8351373636079966
1937	2.8351373636079966
1938	2.8351373636079966
1939	2.8351373636079966
1940	2.8351373636079966
1941	4.638283070936018
1942	4.638283070936018
1943	4.638283070936018
1944	4.638283070936018
1945	4.638283070936018
1946	3.2101688502702257
1947	3.2101688502702257
1948	3.2101688502702257
1949	3.2101688502702257
1950	3.2101688502702257
1951	1.9650224286150073
1952	1.9650224286150073
1953	1.9650224286150073
1954	1.9650224286150073
1955	1.9650224286150073
1956	4.418840866948164
1957	4.418840866948164
1958	4.418840866948164
1959	4.418840866948164
1960	4.418840866948164
1961	3.665016480297159
1962	3.665016480297159
1963	3.665016480297159
1964	3.665016480297159
1965	3.665016480297159
1966	3.941903590642468
1967	3.941903590642468
1968	3.941903590642468
1969	3.941903590642468
1970	3.941903590642468
1971	2.69670120960235
1972	2.69670120960235
1973	2.69670120960235
1974	2.69670120960235
1975	2.69670120960235
1976	2.6607808654879817
1977	2.6607808654879817
1978	2.6607808654879817
1979	2.6607808654879817
1980	2.6607808654879817
1981	2.8055629234819808
1982	2.8055629234819808
1983	2.8055629234819808
1984	2.8055629234819808
1985	2.8055629234819808
1986	3.940360481348705
1987	3.940360481348705
1988	3.940360481348705
1989	3.940360481348705
1990	3.940360481348705
1991	3.0484113206729306
1992	3.0484113206729306
1993	3.0484113206729306
1994	3.0484113206729306
1995	3.0484113206729306
1996	3.163435128043424
1997	3.163435128043424
1998	3.163435128043424
1999	3.163435128043424
