0	2.4876937165447215
1	2.4876937165447215
2	2.4876937165447215
3	2.4876937165447215
4	2.2566957476034264
5	2.2566957476034264
6	2.2566957476034264
7	0.7236195409074251
8	0.7236195409074251
9	0.7236195409074251
10	0.7236195409074251
11	0.5617875675255508
12	0.5617875675255508
13	0.5617875675255508
14	0.5617875675255508
15	0.8096433711682967
16	0.8096433711682967
17	0.8096433711682967
18	0.8096433711682967
19	0.6168127896823062
20	0.6168127896823062
21	0.6168127896823062
22	0.6168127896823062
23	0.8231499521311636
24	0.8231499521311636
25	0.8231499521311636
26	0.8231499521311636
27	0.6229948789745224
28	0.6229948789745224
29	0.6229948789745224
30	0.6229948789745224
31	0.7340527015164211
32	0.7340527015164211
33	0.7340527015164211
34	0.7340527015164211
35	0.6580899114489002
36	0.6580899114489002
37	0.6580899114489002
38	0.6580899114489002
39	0.7751462140421056
40	0.7751462140421056
41	0.7751462140421056
42	0.7751462140421056
43	0.6559221519019444
44	0.6559221519019444
45	0.6559221519019444
46	0.6559221519019444
47	0.6050326910251301
48	0.6050326910251301
49	0.6050326910251301
50	0.6050326910251301
51	0.733615216899311
52	0.733615216899311
53	0.733615216899311
54	0.733615216899311
55	0.5081835944432409
56	0.5081835944432409
57	0.5081835944432409
58	0.5081835944432409
59	0.6345880761240661
60	0.6345880761240661
61	0.6345880761240661
62	0.6345880761240661
63	0.5157152780289399
64	0.5157152780289399
65	0.5157152780289399
66	0.5157152780289399
67	0.8016119877235732
68	0.8016119877235732
69	0.8888826336573095
70	0.8888826336573095
71	0.8888826336573095
72	0.8888826336573095
73	0.8689136251522375
74	0.8689136251522375
75	0.8689136251522375
76	0.8689136251522375
77	1.0654450494965613
78	1.0654450494965613
79	1.0654450494965613
80	1.0654450494965613
81	1.2472479751907415
82	1.2472479751907415
83	1.2472479751907415
84	1.2472479751907415
85	1.0548631436707168
86	1.0548631436707168
87	1.0548631436707168
88	1.0548631436707168
89	1.2226486996399244
90	1.2226486996399244
91	1.2226486996399244
92	1.2226486996399244
93	1.2467230987471227
94	1.2467230987471227
95	1.2467230987471227
96	1.2467230987471227
97	2.9349427889988187
98	2.9349427889988187
99	2.9349427889988187
100	2.9349427889988187
101	3.000491003771218
102	3.000491003771218
103	3.000491003771218
104	3.000491003771218
105	3.597554442562532
106	3.597554442562532
107	3.597554442562532
108	3.597554442562532
109	3.709731681509451
110	3.709731681509451
111	3.709731681509451
112	3.709731681509451
113	3.382617578776308
114	3.382617578776308
115	3.382617578776308
116	3.382617578776308
117	3.7154550902997023
118	3.7154550902997023
119	3.7154550902997023
120	3.7154550902997023
121	4.3908996688942405
122	4.3908996688942405
123	4.3908996688942405
124	4.3908996688942405
125	3.9513988048820305
126	3.9513988048820305
127	3.9513988048820305
128	3.9513988048820305
129	2.452732901367705
130	2.452732901367705
131	2.452732901367705
132	2.452732901367705
133	3.8318377702996123
134	3.8318377702996123
135	3.8318377702996123
136	3.8318377702996123
137	4.542676214376707
138	4.542676214376707
139	4.542676214376707
140	4.542676214376707
141	4.127793835975892
142	4.127793835975892
143	4.127793835975892
144	4.127793835975892
145	3.797673383900299
146	3.797673383900299
147	3.797673383900299
148	3.797673383900299
149	3.067210443167575
150	3.067210443167575
151	3.067210443167575
152	3.067210443167575
153	5.1583216555845715
154	5.1583216555845715
155	5.1583216555845715
156	5.1583216555845715
157	5.188677807049078
158	5.188677807049078
159	5.188677807049078
160	5.188677807049078
161	4.048936293747866
162	4.048936293747866
163	4.048936293747866
164	4.048936293747866
165	4.037202688288512
166	4.037202688288512
167	4.037202688288512
168	4.037202688288512
169	4.095782695766425
170	4.095782695766425
171	4.095782695766425
172	4.095782695766425
173	2.9858311587648863
174	2.9858311587648863
175	2.9858311587648863
176	2.9858311587648863
177	3.240174855665245
178	3.240174855665245
179	3.240174855665245
180	3.240174855665245
181	5.855856023062145
182	5.855856023062145
183	5.855856023062145
184	5.855856023062145
185	5.4116102746565575
186	5.4116102746565575
187	5.4116102746565575
188	5.4116102746565575
189	3.744070576799797
190	3.744070576799797
191	3.744070576799797
192	3.744070576799797
193	3.5475115952816285
194	3.5475115952816285
195	3.5475115952816285
196	3.5475115952816285
197	3.2204693403608564
198	3.2204693403608564
199	3.2204693403608564
200	3.2204693403608564
201	5.593596882960778
202	5.593596882960778
203	5.593596882960778
204	5.593596882960778
205	5.281069592450339
206	5.281069592450339
207	5.281069592450339
208	5.281069592450339
209	5.4391470255538374
210	5.4391470255538374
211	5.4391470255538374
212	5.4391470255538374
213	3.389874115773128
214	3.389874115773128
215	3.389874115773128
216	3.389874115773128
217	3.8986793688577293
218	3.8986793688577293
219	3.8986793688577293
220	3.8986793688577293
221	3.9367107573483278
222	3.9367107573483278
223	3.9367107573483278
224	3.9367107573483278
225	3.2492509269084664
226	3.2492509269084664
227	3.2492509269084664
228	3.2492509269084664
229	4.327919581759656
230	4.327919581759656
231	4.327919581759656
232	4.327919581759656
233	4.58381964541057
234	4.58381964541057
235	4.58381964541057
236	4.58381964541057
237	4.626854707392497
238	4.626854707392497
239	4.626854707392497
240	4.626854707392497
241	3.423811078849071
242	3.423811078849071
243	3.423811078849071
244	3.423811078849071
245	3.999761169378298
246	3.999761169378298
247	3.999761169378298
248	3.999761169378298
249	3.2074418655222505
250	3.2074418655222505
251	3.2074418655222505
252	3.2074418655222505
253	4.573351935782826
254	4.573351935782826
255	4.573351935782826
256	4.573351935782826
257	6.083230637559353
258	6.083230637559353
259	6.083230637559353
260	6.083230637559353
261	3.5873696036190967
262	3.5873696036190967
263	3.5873696036190967
264	3.5873696036190967
265	4.240766986422857
266	4.240766986422857
267	4.240766986422857
268	4.240766986422857
269	4.48537836112377
270	4.48537836112377
271	4.48537836112377
272	4.48537836112377
273	4.104075409264464
274	4.104075409264464
275	4.104075409264464
276	4.104075409264464
277	4.233982949362953
278	4.233982949362953
279	4.233982949362953
280	4.233982949362953
281	3.6251890834775495
282	3.6251890834775495
283	3.6251890834775495
284	3.6251890834775495
285	3.2945422668336524
286	3.2945422668336524
287	3.2945422668336524
288	3.2945422668336524
289	3.5822202594674573
290	3.5822202594674573
291	3.5822202594674573
292	3.5822202594674573
293	3.6118340560961717
294	3.6118340560961717
295	3.6118340560961717
296	3.6118340560961717
297	4.918407832729318
298	4.918407832729318
299	4.918407832729318
300	4.918407832729318
301	2.762499408293823
302	2.762499408293823
303	2.762499408293823
304	2.762499408293823
305	2.4192264296900334
306	2.4192264296900334
307	2.4192264296900334
308	2.4192264296900334
309	5.0682250972015215
310	5.0682250972015215
311	5.0682250972015215
312	5.0682250972015215
313	3.061850118040928
314	3.061850118040928
315	3.061850118040928
316	3.061850118040928
317	2.796953982483986
318	2.796953982483986
319	2.796953982483986
320	2.435931035702161
321	2.435931035702161
322	2.435931035702161
323	2.435931035702161
324	2.367680982762189
325	2.367680982762189
326	2.367680982762189
327	2.367680982762189
328	1.192648130509358
329	1.192648130509358
330	1.192648130509358
331	1.192648130509358
332	1.8908673463412664
333	1.8908673463412664
334	1.8908673463412664
335	1.8908673463412664
336	1.5799317763582392
337	1.5799317763582392
338	1.5799317763582392
339	1.5799317763582392
340	2.137864890403108
341	2.137864890403108
342	2.137864890403108
343	2.137864890403108
344	2.272212871716891
345	0.85189459585687
346	3.0872240814429706
347	3.0872240814429706
348	3.0872240814429706
349	3.0872240814429706
350	2.438280045399882
351	2.438280045399882
352	2.438280045399882
353	2.438280045399882
354	3.968143229810452
355	3.968143229810452
356	3.968143229810452
357	3.968143229810452
358	4.699114511238327
359	4.699114511238327
360	4.699114511238327
361	4.699114511238327
362	3.672515482165898
363	3.672515482165898
364	3.672515482165898
365	3.672515482165898
366	4.90518112792382
367	4.90518112792382
368	4.90518112792382
369	4.90518112792382
370	5.1666199320584845
371	5.1666199320584845
372	5.1666199320584845
373	5.1666199320584845
374	5.101813092636661
375	2.5396908250324417
376	2.5396908250324417
377	2.5396908250324417
378	2.5396908250324417
379	3.6574791456442783
380	1.3192093367273083
381	1.3192093367273083
382	1.3192093367273083
383	1.3192093367273083
384	1.3228771494139946
385	1.3228771494139946
386	1.3228771494139946
387	1.3228771494139946
388	1.7115527473097767
389	1.7115527473097767
390	1.7115527473097767
391	1.7115527473097767
392	1.7728254150390936
393	1.7728254150390936
394	1.7728254150390936
395	1.7728254150390936
396	1.99479710235759
397	4.455017578512077
398	4.455017578512077
399	4.455017578512077
400	4.455017578512077
401	3.13450577431387
402	5.086719965002821
403	5.086719965002821
404	5.086719965002821
405	5.086719965002821
406	3.884044552040597
407	3.884044552040597
408	3.884044552040597
409	3.884044552040597
410	3.975776340904018
411	3.975776340904018
412	3.975776340904018
413	3.975776340904018
414	5.187901487023773
415	5.187901487023773
416	5.187901487023773
417	5.187901487023773
418	2.3687175646502645
419	2.3687175646502645
420	2.3687175646502645
421	2.3687175646502645
422	4.540627243350058
423	4.540627243350058
424	4.540627243350058
425	4.540627243350058
426	4.816759580318595
427	4.816759580318595
428	4.816759580318595
429	4.816759580318595
430	5.439358231540247
431	5.439358231540247
432	5.439358231540247
433	5.439358231540247
434	4.724601307501256
435	4.724601307501256
436	4.724601307501256
437	4.724601307501256
438	2.0315374586585895
439	2.0315374586585895
440	2.0315374586585895
441	2.0315374586585895
442	5.524534741781521
443	5.524534741781521
444	5.524534741781521
445	5.524534741781521
446	3.766165561960823
447	3.766165561960823
448	3.766165561960823
449	3.766165561960823
450	3.4848148734639173
451	3.4848148734639173
452	3.4848148734639173
453	3.4848148734639173
454	3.2342408121560697
455	3.2342408121560697
456	3.2342408121560697
457	3.2342408121560697
458	4.342338147859578
459	4.342338147859578
460	4.342338147859578
461	4.342338147859578
462	4.104749661559673
463	4.104749661559673
464	4.104749661559673
465	4.104749661559673
466	4.009132151472234
467	4.009132151472234
468	4.009132151472234
469	4.009132151472234
470	5.692823117154269
471	5.692823117154269
472	5.692823117154269
473	5.692823117154269
474	3.3823341168945498
475	2.0878475016403883
476	2.0878475016403883
477	2.0878475016403883
478	2.0878475016403883
479	3.1343970343941354
480	3.1343970343941354
481	3.1343970343941354
482	3.1343970343941354
483	1.3877356863285684
484	1.3877356863285684
485	1.3877356863285684
486	1.3877356863285684
487	1.892812963313033
488	1.892812963313033
489	1.892812963313033
490	1.892812963313033
491	1.8013961026591978
492	1.8013961026591978
493	1.8013961026591978
494	1.8013961026591978
495	1.4697947417899293
496	1.4697947417899293
497	1.4697947417899293
498	1.4697947417899293
499	1.7311044820054189
500	1.7311044820054189
501	1.7311044820054189
502	1.7311044820054189
503	1.0041043288306672
504	1.0041043288306672
505	1.0041043288306672
506	1.0041043288306672
507	0.8516331742493501
508	0.8516331742493501
509	0.8516331742493501
510	0.8516331742493501
511	1.0396277194016301
512	1.0396277194016301
513	1.0396277194016301
514	1.0396277194016301
515	1.5152515773929167
516	1.5152515773929167
517	1.5152515773929167
518	1.5152515773929167
519	1.3300432566177498
520	1.3300432566177498
521	1.3300432566177498
522	1.3300432566177498
523	1.1719691483476755
524	1.1719691483476755
525	1.1719691483476755
526	1.1719691483476755
527	1.0053499104595027
528	1.0053499104595027
529	1.0053499104595027
530	1.0053499104595027
531	0.8806247236741676
532	0.8806247236741676
533	0.8806247236741676
534	0.8806247236741676
535	0.8734608640698243
536	0.8734608640698243
537	0.8734608640698243
538	0.8734608640698243
539	1.3415701371673128
540	1.3415701371673128
541	1.3415701371673128
542	1.3415701371673128
543	0.919278776546368
544	0.919278776546368
545	0.919278776546368
546	0.919278776546368
547	0.958865412357094
548	0.958865412357094
549	0.958865412357094
550	0.958865412357094
551	1.2891021281875323
552	1.2891021281875323
553	1.2891021281875323
554	1.2891021281875323
555	0.929084246287855
556	0.929084246287855
557	0.929084246287855
558	0.929084246287855
559	1.1389262812544758
560	1.1389262812544758
561	1.1389262812544758
562	1.1389262812544758
563	1.364176909073631
564	1.364176909073631
565	1.364176909073631
566	1.364176909073631
567	1.1177366299040574
568	1.1177366299040574
569	1.1177366299040574
570	1.1177366299040574
571	0.6794497775871209
572	0.6794497775871209
573	0.6794497775871209
574	0.6794497775871209
575	1.1828585569815053
576	1.1828585569815053
577	1.1828585569815053
578	1.1828585569815053
579	0.7729553170649506
580	0.7729553170649506
581	0.7729553170649506
582	0.7729553170649506
583	1.0879898390924496
584	1.0879898390924496
585	1.0879898390924496
586	1.0879898390924496
587	1.20930245178896
588	1.20930245178896
589	1.20930245178896
590	1.20930245178896
591	0.913254498012601
592	0.913254498012601
593	0.913254498012601
594	0.913254498012601
595	0.8163556451563949
596	0.8163556451563949
597	0.8163556451563949
598	0.8163556451563949
599	0.9350500541318086
600	0.9350500541318086
601	0.9350500541318086
602	0.9350500541318086
603	1.2086172092132224
604	1.2086172092132224
605	1.2086172092132224
606	1.2086172092132224
607	1.0671655383454066
608	1.0671655383454066
609	1.0671655383454066
610	1.0671655383454066
611	0.967597624916578
612	0.967597624916578
613	0.967597624916578
614	0.967597624916578
615	1.2930091276398572
616	1.2930091276398572
617	1.2930091276398572
618	1.2930091276398572
619	0.9290427663425511
620	0.9290427663425511
621	0.9290427663425511
622	0.9290427663425511
623	1.2452544080912695
624	1.2452544080912695
625	1.2452544080912695
626	1.2452544080912695
627	0.8379900649306034
628	0.8379900649306034
629	0.8379900649306034
630	0.8379900649306034
631	1.278945780086187
632	1.278945780086187
633	1.278945780086187
634	1.278945780086187
635	1.087239488764062
636	1.087239488764062
637	1.087239488764062
638	1.087239488764062
639	1.1668415050871344
640	1.1668415050871344
641	1.1668415050871344
642	1.1668415050871344
643	0.5768206792166772
644	0.5768206792166772
645	0.5768206792166772
646	0.5768206792166772
647	1.1867914554487031
648	1.1867914554487031
649	0.8631584871188301
650	0.8631584871188301
651	0.8631584871188301
652	0.8631584871188301
653	0.6111474574198363
654	0.6111474574198363
655	0.6111474574198363
656	0.6111474574198363
657	0.8469727755686581
658	0.8469727755686581
659	0.8469727755686581
660	0.8469727755686581
661	0.3994941033181579
662	0.3994941033181579
663	0.3994941033181579
664	0.3994941033181579
665	0.5808925842693238
666	0.5808925842693238
667	0.5808925842693238
668	0.5808925842693238
669	0.9035908563782246
670	0.9035908563782246
671	0.9035908563782246
672	0.9035908563782246
673	0.5810245645183938
674	0.5810245645183938
675	1.450050911949763
676	1.450050911949763
677	1.450050911949763
678	1.450050911949763
679	2.827084703054975
680	2.827084703054975
681	2.827084703054975
682	2.827084703054975
683	3.1328756750799407
684	3.1328756750799407
685	3.1328756750799407
686	3.1328756750799407
687	2.1645399353134844
688	2.1645399353134844
689	2.1645399353134844
690	2.1645399353134844
691	2.268077857356839
692	2.268077857356839
693	2.268077857356839
694	2.268077857356839
695	2.9634724203510916
696	2.9634724203510916
697	2.9634724203510916
698	2.9634724203510916
699	2.029108864351665
700	2.029108864351665
701	2.029108864351665
702	2.029108864351665
703	2.1871082875715806
704	2.1871082875715806
705	2.1871082875715806
706	2.1871082875715806
707	2.7312862247924903
708	2.7312862247924903
709	2.7312862247924903
710	2.7312862247924903
711	3.065045313615241
712	3.065045313615241
713	3.065045313615241
714	3.065045313615241
715	1.8938502010901823
716	1.8938502010901823
717	1.8938502010901823
718	1.8938502010901823
719	2.76823398094663
720	2.76823398094663
721	2.76823398094663
722	2.76823398094663
723	3.0311096549495833
724	3.0311096549495833
725	3.0311096549495833
726	3.0311096549495833
727	1.8612803326687257
728	1.8612803326687257
729	1.8612803326687257
730	1.8612803326687257
731	2.829814976055718
732	2.829814976055718
733	2.829814976055718
734	2.829814976055718
735	2.3689963049915224
736	2.3689963049915224
737	2.3689963049915224
738	2.3689963049915224
739	2.7861959556930596
740	2.7861959556930596
741	2.7861959556930596
742	2.7861959556930596
743	0.5833689857595891
744	0.5833689857595891
745	0.5833689857595891
746	3.107308408614495
747	3.107308408614495
748	3.107308408614495
749	3.107308408614495
750	2.1828489945548535
751	2.1828489945548535
752	2.1828489945548535
753	2.1828489945548535
754	2.3862011213217773
755	2.3862011213217773
756	2.3862011213217773
757	2.3862011213217773
758	2.4318182170024394
759	2.4318182170024394
760	2.4318182170024394
761	2.4318182170024394
762	2.0831953764879296
763	2.0831953764879296
764	2.0831953764879296
765	2.0831953764879296
766	2.196517604084035
767	2.196517604084035
768	2.196517604084035
769	1.5389053665165058
770	1.5389053665165058
771	1.5389053665165058
772	1.5389053665165058
773	1.3355647978365575
774	1.3355647978365575
775	1.3355647978365575
776	1.5113753596976243
777	1.5113753596976243
778	1.5113753596976243
779	1.5113753596976243
780	1.3984810619085086
781	1.3984810619085086
782	1.3984810619085086
783	1.3984810619085086
784	1.2097008940340535
785	1.2097008940340535
786	1.2097008940340535
787	1.2097008940340535
788	1.0724708811297
789	1.0724708811297
790	1.0724708811297
791	1.0724708811297
792	1.5231119273695086
793	1.5231119273695086
794	1.5231119273695086
795	1.5231119273695086
796	2.0071673612874763
797	2.0071673612874763
798	2.0071673612874763
799	2.0071673612874763
800	2.0165973442048113
801	2.0165973442048113
802	2.0165973442048113
803	2.0165973442048113
804	1.7667099264894501
805	1.7667099264894501
806	1.7667099264894501
807	1.7667099264894501
808	1.643039276814883
809	1.643039276814883
810	1.643039276814883
811	1.643039276814883
812	2.0215375290532958
813	2.0215375290532958
814	2.0215375290532958
815	2.0215375290532958
816	1.568159476689182
817	1.568159476689182
818	1.568159476689182
819	1.568159476689182
820	1.5338142680902724
821	1.5338142680902724
822	1.5338142680902724
823	1.5338142680902724
824	2.1011032395308775
825	2.1011032395308775
826	2.1011032395308775
827	2.1011032395308775
828	1.2744609154062707
829	1.2744609154062707
830	1.2744609154062707
831	1.2744609154062707
832	1.8654541109804408
833	1.8654541109804408
834	0.5008931731121766
835	0.5008931731121766
836	0.5008931731121766
837	2.901902228835232
838	2.901902228835232
839	2.901902228835232
840	2.901902228835232
841	3.916904827892275
842	3.916904827892275
843	3.916904827892275
844	3.916904827892275
845	3.0158839318489123
846	3.0158839318489123
847	3.0158839318489123
848	3.0158839318489123
849	2.5046456669025026
850	2.5046456669025026
851	2.5046456669025026
852	2.5046456669025026
853	2.7605987354019352
854	2.7605987354019352
855	2.7605987354019352
856	2.7605987354019352
857	2.213372304826817
858	2.213372304826817
859	2.213372304826817
860	2.213372304826817
861	3.1810704373805563
862	3.1810704373805563
863	3.1810704373805563
864	3.1810704373805563
865	3.191423920386017
866	3.191423920386017
867	3.191423920386017
868	3.191423920386017
869	2.4862677753383156
870	2.4862677753383156
871	2.4862677753383156
872	2.4862677753383156
873	2.7847868082696503
874	2.7847868082696503
875	2.7847868082696503
876	2.7847868082696503
877	2.882262028602435
878	2.882262028602435
879	2.882262028602435
880	2.882262028602435
881	2.4148619232027793
882	2.4148619232027793
883	2.4148619232027793
884	2.4148619232027793
885	3.135332724153031
886	3.135332724153031
887	5.426523310366016
888	5.426523310366016
889	5.426523310366016
890	5.426523310366016
891	3.877374409534011
892	3.877374409534011
893	3.877374409534011
894	3.877374409534011
895	3.3865970753172228
896	3.3865970753172228
897	3.3865970753172228
898	3.3865970753172228
899	5.285582929753786
900	5.285582929753786
901	5.285582929753786
902	5.285582929753786
903	4.4461322394104705
904	4.4461322394104705
905	4.4461322394104705
906	4.4461322394104705
907	4.7518221017320865
908	4.7518221017320865
909	4.7518221017320865
910	4.7518221017320865
911	4.848319229782835
912	4.848319229782835
913	4.848319229782835
914	4.848319229782835
915	4.638571922864554
916	4.638571922864554
917	4.638571922864554
918	1.3441448722950131
919	1.3441448722950131
920	1.3441448722950131
921	1.3441448722950131
922	1.1074909719703343
923	1.1074909719703343
924	1.1074909719703343
925	1.1074909719703343
926	0.9621414367086254
927	0.9621414367086254
928	0.9621414367086254
929	0.9621414367086254
930	1.54126806993734
931	1.54126806993734
932	1.54126806993734
933	1.54126806993734
934	1.5033354990829102
935	1.5033354990829102
936	1.5033354990829102
937	1.5033354990829102
938	0.860367900582057
939	0.860367900582057
940	0.860367900582057
941	0.860367900582057
942	1.2819809243719582
943	1.2819809243719582
944	1.2819809243719582
945	1.2819809243719582
946	0.8675563573740461
947	0.8675563573740461
948	0.8675563573740461
949	0.8675563573740461
950	0.717633537218205
951	0.717633537218205
952	0.717633537218205
953	0.717633537218205
954	1.1800140726934938
955	2.098472492254156
956	2.098472492254156
957	2.098472492254156
958	2.098472492254156
959	1.8342365979996011
960	1.8342365979996011
961	1.8342365979996011
962	1.8342365979996011
963	1.4363981217898627
964	1.4363981217898627
965	1.4363981217898627
966	1.4363981217898627
967	2.3174656563197273
968	2.3174656563197273
969	2.3174656563197273
970	2.3174656563197273
971	2.58871610381747
972	2.58871610381747
973	2.58871610381747
974	2.58871610381747
975	2.2857720222043327
976	2.2857720222043327
977	2.2857720222043327
978	2.2857720222043327
979	1.8996082070744633
980	1.8996082070744633
981	1.8996082070744633
982	1.8996082070744633
983	1.4748594382153994
984	1.4748594382153994
985	1.4748594382153994
986	1.4748594382153994
987	2.688886529333015
988	2.688886529333015
989	2.688886529333015
990	2.688886529333015
991	2.6862981615136166
992	2.6862981615136166
993	2.6862981615136166
994	2.6862981615136166
995	2.5775103968437723
996	2.5775103968437723
997	2.5775103968437723
998	2.5775103968437723
999	2.409920694340139
1000	2.409920694340139
1001	2.409920694340139
1002	2.409920694340139
1003	1.3832939537166011
1004	1.3832939537166011
1005	1.3832939537166011
1006	1.3832939537166011
1007	2.042126900089998
1008	2.042126900089998
1009	2.042126900089998
1010	2.042126900089998
1011	2.114933367845825
1012	2.114933367845825
1013	2.114933367845825
1014	2.114933367845825
1015	1.5170923960553626
1016	1.5170923960553626
1017	1.5170923960553626
1018	1.5170923960553626
1019	2.2274036084092983
1020	2.2274036084092983
1021	2.2274036084092983
1022	2.2274036084092983
1023	2.308553076447974
1024	2.308553076447974
1025	2.308553076447974
1026	2.308553076447974
1027	1.991902963690583
1028	1.991902963690583
1029	1.991902963690583
1030	1.991902963690583
1031	2.4467262320639813
1032	2.4467262320639813
1033	2.4467262320639813
1034	2.4467262320639813
1035	1.8533273281097147
1036	1.8533273281097147
1037	1.8533273281097147
1038	1.8533273281097147
1039	1.9930692801472103
1040	1.9930692801472103
1041	1.9930692801472103
1042	1.9930692801472103
1043	2.321592053169105
1044	2.321592053169105
1045	2.321592053169105
1046	2.321592053169105
1047	1.8388995337503176
1048	1.8388995337503176
1049	1.8388995337503176
1050	1.8388995337503176
1051	1.5725741391316934
1052	1.5725741391316934
1053	1.5725741391316934
1054	1.5725741391316934
1055	2.285877348709414
1056	2.285877348709414
1057	2.285877348709414
1058	2.285877348709414
1059	2.152433216802504
1060	2.152433216802504
1061	2.152433216802504
1062	2.152433216802504
1063	2.163083900493645
1064	2.163083900493645
1065	2.163083900493645
1066	2.163083900493645
1067	2.4009422641852485
1068	2.4009422641852485
1069	2.4009422641852485
1070	2.4009422641852485
1071	1.699225982974796
1072	1.699225982974796
1073	1.699225982974796
1074	1.699225982974796
1075	1.5042899317094152
1076	1.5042899317094152
1077	1.5042899317094152
1078	1.5042899317094152
1079	1.5660823385814275
1080	1.5660823385814275
1081	1.5660823385814275
1082	1.5660823385814275
1083	1.7533861644494835
1084	1.7533861644494835
1085	1.7533861644494835
1086	1.7533861644494835
1087	1.7087147460639047
1088	1.7087147460639047
1089	1.7087147460639047
1090	1.7087147460639047
1091	2.1318332737333
1092	2.1318332737333
1093	2.1318332737333
1094	2.1318332737333
1095	2.2955328755820568
1096	2.2955328755820568
1097	2.2955328755820568
1098	2.2955328755820568
1099	1.6021395886112324
1100	1.6021395886112324
1101	1.6021395886112324
1102	1.6021395886112324
1103	1.947928880879604
1104	1.947928880879604
1105	1.947928880879604
1106	1.947928880879604
1107	2.1947632184290438
1108	2.1947632184290438
1109	2.1947632184290438
1110	2.1947632184290438
1111	2.7284769926506955
1112	2.7284769926506955
1113	2.7284769926506955
1114	2.7284769926506955
1115	2.358914595857568
1116	2.358914595857568
1117	2.358914595857568
1118	2.358914595857568
1119	2.073506189809683
1120	2.073506189809683
1121	2.073506189809683
1122	2.073506189809683
1123	1.3182811963638348
1124	1.3182811963638348
1125	1.3182811963638348
1126	1.3182811963638348
1127	1.6743639503993293
1128	1.6743639503993293
1129	1.6743639503993293
1130	1.6743639503993293
1131	2.0346707268903903
1132	2.0346707268903903
1133	2.0346707268903903
1134	2.0346707268903903
1135	1.5016876460721424
1136	1.5016876460721424
1137	1.5016876460721424
1138	1.5016876460721424
1139	2.099524009700858
1140	2.099524009700858
1141	2.099524009700858
1142	2.099524009700858
1143	1.9804960711540016
1144	1.9804960711540016
1145	1.9804960711540016
1146	1.9804960711540016
1147	1.4578712822912916
1148	1.4578712822912916
1149	1.4578712822912916
1150	1.4578712822912916
1151	2.0781768780469387
1152	2.0781768780469387
1153	2.0781768780469387
1154	1.0765549541647932
1155	1.0765549541647932
1156	1.0765549541647932
1157	1.0765549541647932
1158	0.7071719440564754
1159	0.7071719440564754
1160	0.7071719440564754
1161	0.7071719440564754
1162	1.3402038994518963
1163	1.3402038994518963
1164	1.3402038994518963
1165	1.3402038994518963
1166	1.2115323528073958
1167	1.2115323528073958
1168	1.2115323528073958
1169	1.2115323528073958
1170	1.087616886621444
1171	1.087616886621444
1172	1.087616886621444
1173	1.087616886621444
1174	1.0561537996488894
1175	1.0561537996488894
1176	1.0561537996488894
1177	1.0561537996488894
1178	1.1437275215800158
1179	1.1437275215800158
1180	1.1437275215800158
1181	1.1437275215800158
1182	0.5567815489246483
1183	0.5567815489246483
1184	0.5567815489246483
1185	0.5567815489246483
1186	1.0118422345108877
1187	1.0118422345108877
1188	1.0118422345108877
1189	1.0118422345108877
1190	0.978516433246151
1191	0.978516433246151
1192	0.978516433246151
1193	0.978516433246151
1194	1.0614520157452543
1195	1.0614520157452543
1196	1.0614520157452543
1197	1.0614520157452543
1198	0.9333165191900428
1199	0.9333165191900428
1200	0.9333165191900428
1201	0.9333165191900428
1202	1.300331643628362
1203	1.300331643628362
1204	1.300331643628362
1205	1.300331643628362
1206	1.2826644077866787
1207	1.2826644077866787
1208	1.2826644077866787
1209	1.2826644077866787
1210	1.0183323270675484
1211	1.0183323270675484
1212	1.0183323270675484
1213	1.0183323270675484
1214	1.2687502817820218
1215	1.2687502817820218
1216	1.2687502817820218
1217	1.2687502817820218
1218	1.1965434735448237
1219	1.1965434735448237
1220	1.1965434735448237
1221	1.1965434735448237
1222	1.3685259441490751
1223	1.3685259441490751
1224	1.3685259441490751
1225	1.3685259441490751
1226	0.9425378828877409
1227	0.9425378828877409
1228	0.9425378828877409
1229	0.9425378828877409
1230	0.8946607587069451
1231	0.8946607587069451
1232	0.8946607587069451
1233	0.8946607587069451
1234	0.9896982393257636
1235	0.9896982393257636
1236	0.9896982393257636
1237	0.9896982393257636
1238	1.1611010486194833
1239	1.1611010486194833
1240	1.1611010486194833
1241	1.1611010486194833
1242	1.1923101295545069
1243	1.1923101295545069
1244	1.1923101295545069
1245	1.1923101295545069
1246	1.2252779615380303
1247	1.2252779615380303
1248	1.2252779615380303
1249	1.2252779615380303
1250	1.3033318728742356
1251	1.3033318728742356
1252	1.3033318728742356
1253	2.6663672566388046
1254	2.6663672566388046
1255	2.6663672566388046
1256	1.818617963021889
1257	1.818617963021889
1258	1.818617963021889
1259	1.818617963021889
1260	1.2762184902179785
1261	1.2762184902179785
1262	1.2762184902179785
1263	1.2762184902179785
1264	1.225524227480632
1265	1.225524227480632
1266	1.225524227480632
1267	1.225524227480632
1268	1.4419085804583287
1269	1.4419085804583287
1270	1.4419085804583287
1271	1.4419085804583287
1272	1.3193603971989616
1273	1.3193603971989616
1274	1.3193603971989616
1275	1.3193603971989616
1276	1.1876001060161534
1277	1.1876001060161534
1278	1.1876001060161534
1279	1.1876001060161534
1280	1.4433525913613914
1281	1.4433525913613914
1282	1.4433525913613914
1283	1.4433525913613914
1284	1.6840805492175064
1285	1.6840805492175064
1286	1.6840805492175064
1287	1.6840805492175064
1288	1.1245217675964994
1289	1.1245217675964994
1290	1.1245217675964994
1291	1.1245217675964994
1292	1.7002822703790135
1293	1.7002822703790135
1294	1.7002822703790135
1295	1.7002822703790135
1296	1.4380461688432056
1297	1.4380461688432056
1298	1.4380461688432056
1299	1.4380461688432056
1300	1.3759615043617839
1301	1.3759615043617839
1302	1.3759615043617839
1303	1.3759615043617839
1304	1.5465683451745154
1305	1.5465683451745154
1306	1.5465683451745154
1307	1.5465683451745154
1308	1.634088749836498
1309	1.634088749836498
1310	1.634088749836498
1311	1.634088749836498
1312	1.8913999816726847
1313	1.8913999816726847
1314	1.8913999816726847
1315	1.8913999816726847
1316	1.4226824116901016
1317	1.4226824116901016
1318	1.4226824116901016
1319	1.4226824116901016
1320	1.2636047367485588
1321	1.2636047367485588
1322	1.2636047367485588
1323	1.2636047367485588
1324	1.6832709668505013
1325	1.6832709668505013
1326	1.6832709668505013
1327	1.6832709668505013
1328	1.0086984947402464
1329	1.0086984947402464
1330	1.0086984947402464
1331	1.0086984947402464
1332	1.644338208457522
1333	1.644338208457522
1334	1.644338208457522
1335	1.644338208457522
1336	2.0637199353722426
1337	2.0637199353722426
1338	2.0637199353722426
1339	2.0637199353722426
1340	1.3498685575395397
1341	1.3498685575395397
1342	1.3498685575395397
1343	1.3498685575395397
1344	1.8831384128702553
1345	1.8831384128702553
1346	1.8831384128702553
1347	1.8831384128702553
1348	1.9066344644966942
1349	1.9066344644966942
1350	2.113449867979089
1351	2.113449867979089
1352	2.113449867979089
1353	2.113449867979089
1354	1.83009666284352
1355	1.83009666284352
1356	1.83009666284352
1357	1.83009666284352
1358	2.2019275266904126
1359	2.2019275266904126
1360	2.2019275266904126
1361	2.2019275266904126
1362	1.5227048036324615
1363	1.5227048036324615
1364	1.5227048036324615
1365	1.5227048036324615
1366	2.0217650402607257
1367	2.0217650402607257
1368	2.0217650402607257
1369	2.0217650402607257
1370	2.3161996843258823
1371	2.3161996843258823
1372	2.3161996843258823
1373	2.3161996843258823
1374	1.7914691642383347
1375	1.7914691642383347
1376	1.7914691642383347
1377	1.7914691642383347
1378	1.3970964558428467
1379	0.8203200443398213
1380	0.8203200443398213
1381	0.8203200443398213
1382	0.8203200443398213
1383	0.9076897804733619
1384	0.9076897804733619
1385	0.9076897804733619
1386	2.7621610979242703
1387	2.7621610979242703
1388	2.7621610979242703
1389	2.7621610979242703
1390	2.0605130007064587
1391	2.0605130007064587
1392	2.0605130007064587
1393	2.0605130007064587
1394	2.4213644297272663
1395	2.4213644297272663
1396	2.4213644297272663
1397	2.4213644297272663
1398	2.0456024966781254
1399	2.0456024966781254
1400	2.0456024966781254
1401	2.0456024966781254
1402	1.8559150442020655
1403	1.8559150442020655
1404	1.8559150442020655
1405	1.8559150442020655
1406	1.9270302905262089
1407	1.9270302905262089
1408	1.9270302905262089
1409	1.9270302905262089
1410	2.09482359923973
1411	2.09482359923973
1412	2.09482359923973
1413	2.09482359923973
1414	1.9524845102913928
1415	1.9524845102913928
1416	1.9524845102913928
1417	1.9524845102913928
1418	2.3035442691338286
1419	2.3035442691338286
1420	2.3035442691338286
1421	2.3035442691338286
1422	2.159755296536931
1423	2.159755296536931
1424	2.159755296536931
1425	2.159755296536931
1426	1.5081130152624809
1427	1.5081130152624809
1428	1.5081130152624809
1429	1.5081130152624809
1430	2.0504795162094793
1431	2.0504795162094793
1432	2.0504795162094793
1433	2.0504795162094793
1434	2.329405381533311
1435	2.329405381533311
1436	2.329405381533311
1437	2.329405381533311
1438	1.5075913945566861
1439	1.5075913945566861
1440	1.5075913945566861
1441	1.5075913945566861
1442	1.743234199585889
1443	1.743234199585889
1444	1.743234199585889
1445	1.743234199585889
1446	2.141449356855812
1447	2.141449356855812
1448	2.141449356855812
1449	2.141449356855812
1450	2.0848591328021144
1451	2.0848591328021144
1452	2.0848591328021144
1453	2.0848591328021144
1454	1.840440108821473
1455	1.840440108821473
1456	1.840440108821473
1457	1.840440108821473
1458	1.8526778980184289
1459	1.8526778980184289
1460	1.8526778980184289
1461	1.8526778980184289
1462	2.3586347685169415
1463	2.3586347685169415
1464	2.3586347685169415
1465	2.3586347685169415
1466	2.3125504460305684
1467	2.3125504460305684
1468	2.3125504460305684
1469	2.3125504460305684
1470	2.078063462849767
1471	2.078063462849767
1472	2.078063462849767
1473	2.078063462849767
1474	2.62608218485294
1475	2.62608218485294
1476	2.62608218485294
1477	2.62608218485294
1478	1.898071712635803
1479	1.898071712635803
1480	1.898071712635803
1481	1.898071712635803
1482	2.737394619217206
1483	2.737394619217206
1484	2.737394619217206
1485	2.737394619217206
1486	2.245255515106991
1487	2.245255515106991
1488	2.245255515106991
1489	2.245255515106991
1490	2.1972167627174075
1491	2.1972167627174075
1492	2.1972167627174075
1493	2.1972167627174075
1494	1.9886090261845673
1495	1.9886090261845673
1496	1.9886090261845673
1497	1.9886090261845673
1498	1.986754603391002
1499	1.986754603391002
1500	1.986754603391002
1501	1.986754603391002
1502	1.6965213934961145
1503	1.6965213934961145
1504	1.6965213934961145
1505	1.6965213934961145
1506	2.086445878534225
1507	2.086445878534225
1508	2.086445878534225
1509	2.086445878534225
1510	2.1423096514055198
1511	2.1423096514055198
1512	2.1423096514055198
1513	2.1423096514055198
1514	1.850100592507498
1515	1.850100592507498
1516	1.850100592507498
1517	1.850100592507498
1518	2.0014225471847684
1519	2.0014225471847684
1520	2.0014225471847684
1521	2.0014225471847684
1522	1.8626064547827594
1523	1.8626064547827594
1524	1.7039684508484991
1525	1.7039684508484991
1526	1.7039684508484991
1527	1.7039684508484991
1528	3.4614180231164715
1529	3.4614180231164715
1530	3.4614180231164715
1531	3.4614180231164715
1532	2.844929757717374
1533	2.844929757717374
1534	2.844929757717374
1535	2.844929757717374
1536	2.4698905950104457
1537	2.4698905950104457
1538	2.4698905950104457
1539	2.4698905950104457
1540	3.2916129558289455
1541	3.2916129558289455
1542	3.2916129558289455
1543	3.2916129558289455
1544	2.2615236251660895
1545	2.2615236251660895
1546	2.2615236251660895
1547	2.2615236251660895
1548	2.8025862456752666
1549	2.8025862456752666
1550	2.8025862456752666
1551	2.8025862456752666
1552	1.3707497337290528
1553	1.3707497337290528
1554	1.3707497337290528
1555	1.3707497337290528
1556	2.911235800007196
1557	2.911235800007196
1558	2.911235800007196
1559	2.911235800007196
1560	2.314308252682716
1561	2.314308252682716
1562	2.314308252682716
1563	2.314308252682716
1564	3.2043870616315635
1565	3.2043870616315635
1566	3.2043870616315635
1567	3.2043870616315635
1568	3.252951707709956
1569	3.252951707709956
1570	3.252951707709956
1571	3.252951707709956
1572	2.2793238654615626
1573	2.2793238654615626
1574	2.2793238654615626
1575	2.2793238654615626
1576	2.8118288300322063
1577	2.8118288300322063
1578	2.8118288300322063
1579	2.8118288300322063
1580	2.697925258691404
1581	2.697925258691404
1582	2.697925258691404
1583	2.697925258691404
1584	1.120614125905773
1585	1.120614125905773
1586	1.120614125905773
1587	1.120614125905773
1588	1.6012691447979293
1589	1.6012691447979293
1590	1.6012691447979293
1591	1.6012691447979293
1592	1.6651403420382807
1593	1.6651403420382807
1594	1.6651403420382807
1595	1.6651403420382807
1596	1.632546316362769
1597	1.632546316362769
1598	1.632546316362769
1599	1.632546316362769
1600	1.1654593746361752
1601	1.1654593746361752
1602	1.1654593746361752
1603	1.1654593746361752
1604	1.6139019212173389
1605	1.6139019212173389
1606	1.6139019212173389
1607	1.6139019212173389
1608	1.1848340654880387
1609	1.1848340654880387
1610	1.1848340654880387
1611	1.1848340654880387
1612	1.059848857676256
1613	1.059848857676256
1614	1.059848857676256
1615	1.059848857676256
1616	1.7620082465865472
1617	1.7620082465865472
1618	1.7620082465865472
1619	1.7620082465865472
1620	1.9241672393089178
1621	1.9241672393089178
1622	1.9241672393089178
1623	1.9241672393089178
1624	1.5969535357451634
1625	1.5969535357451634
1626	1.5969535357451634
1627	1.5969535357451634
1628	1.3836754150228887
1629	1.3836754150228887
1630	1.3836754150228887
1631	1.3836754150228887
1632	1.93458345882001
1633	1.93458345882001
1634	1.93458345882001
1635	1.93458345882001
1636	1.37888066263307
1637	1.37888066263307
1638	1.37888066263307
1639	1.37888066263307
1640	1.371414253048512
1641	1.371414253048512
1642	1.371414253048512
1643	1.371414253048512
1644	1.3343375141126432
1645	1.3343375141126432
1646	1.3343375141126432
1647	1.3343375141126432
1648	1.4655058261250318
1649	1.4655058261250318
1650	1.4655058261250318
1651	1.4655058261250318
1652	1.7367395178182354
1653	1.7367395178182354
1654	1.7367395178182354
1655	1.7367395178182354
1656	1.5592532456698307
1657	1.5592532456698307
1658	1.5592532456698307
1659	1.5592532456698307
1660	1.612658910177541
1661	1.612658910177541
1662	1.612658910177541
1663	2.728534881979919
1664	2.728534881979919
1665	2.728534881979919
1666	2.728534881979919
1667	3.391492847127185
1668	3.391492847127185
1669	3.391492847127185
1670	3.391492847127185
1671	4.526546584487223
1672	4.526546584487223
1673	4.526546584487223
1674	4.526546584487223
1675	5.157173020274395
1676	5.157173020274395
1677	5.157173020274395
1678	5.157173020274395
1679	1.26174889119793
1680	1.26174889119793
1681	1.26174889119793
1682	1.26174889119793
1683	1.255620195199017
1684	1.255620195199017
1685	0.18654178531222287
1686	0.18654178531222287
1687	0.18654178531222287
1688	0.18654178531222287
1689	0.11700725062980509
1690	0.11700725062980509
1691	0.11700725062980509
1692	0.11700725062980509
1693	0.19111840942733058
1694	0.19111840942733058
1695	0.19111840942733058
1696	0.19111840942733058
1697	0.22295839327315897
1698	0.22295839327315897
1699	0.22295839327315897
1700	0.22295839327315897
1701	0.16881768776421352
1702	0.16881768776421352
1703	0.16881768776421352
1704	0.16881768776421352
1705	0.2216598102807561
1706	0.2216598102807561
1707	0.2216598102807561
1708	0.2216598102807561
1709	0.21714021788066207
1710	0.21714021788066207
1711	0.21714021788066207
1712	0.21714021788066207
1713	0.21127259202599438
1714	0.21127259202599438
1715	0.21127259202599438
1716	0.21127259202599438
1717	0.22504620592004035
1718	0.22504620592004035
1719	0.22504620592004035
1720	0.22504620592004035
1721	0.15469341394674554
1722	0.15469341394674554
1723	0.15469341394674554
1724	0.15469341394674554
1725	0.25032178839723307
1726	0.25032178839723307
1727	0.25032178839723307
1728	0.25032178839723307
1729	0.17839410198831493
1730	0.17839410198831493
1731	0.17839410198831493
1732	0.17839410198831493
1733	0.21943443873186086
1734	0.21943443873186086
1735	0.21943443873186086
1736	0.21943443873186086
1737	0.22623536242324754
1738	0.22623536242324754
1739	1.9854032222732498
1740	1.9854032222732498
1741	1.9854032222732498
1742	1.9854032222732498
1743	1.473226233557741
1744	1.473226233557741
1745	1.473226233557741
1746	1.473226233557741
1747	3.570632145845479
1748	3.570632145845479
1749	3.570632145845479
1750	3.570632145845479
1751	2.905651955925779
1752	2.905651955925779
1753	2.905651955925779
1754	2.905651955925779
1755	2.6507475809644663
1756	2.6507475809644663
1757	2.6507475809644663
1758	2.6507475809644663
1759	2.5383285462342617
1760	2.5383285462342617
1761	2.5383285462342617
1762	2.5383285462342617
1763	3.7147041585100924
1764	3.7147041585100924
1765	3.7147041585100924
1766	3.7147041585100924
1767	2.9374525656735373
1768	2.9374525656735373
1769	2.9374525656735373
1770	2.9374525656735373
1771	2.9025623120345494
1772	2.9025623120345494
1773	2.9025623120345494
1774	2.9025623120345494
1775	1.7828774805292082
1776	1.7828774805292082
1777	1.7828774805292082
1778	1.7828774805292082
1779	2.6450199175182436
1780	2.6450199175182436
1781	2.6450199175182436
1782	2.6450199175182436
1783	2.055793712005935
1784	2.055793712005935
1785	2.055793712005935
1786	2.055793712005935
1787	3.3164166481906174
1788	3.3164166481906174
1789	3.3164166481906174
1790	3.3164166481906174
1791	3.434426630129434
1792	3.434426630129434
1793	3.434426630129434
1794	3.434426630129434
1795	3.453023287306901
1796	3.453023287306901
1797	3.453023287306901
1798	3.453023287306901
1799	4.06643711387331
1800	4.06643711387331
1801	4.06643711387331
1802	4.06643711387331
1803	3.738974830152913
1804	3.738974830152913
1805	3.738974830152913
1806	3.738974830152913
1807	3.5985979155069696
1808	3.5985979155069696
1809	3.5985979155069696
1810	3.5985979155069696
1811	2.339769485630074
1812	2.339769485630074
1813	2.339769485630074
1814	2.339769485630074
1815	2.7906242658701665
1816	2.7906242658701665
1817	2.7906242658701665
1818	2.7906242658701665
1819	2.000586607350581
1820	2.000586607350581
1821	2.000586607350581
1822	2.000586607350581
1823	2.8013845068642627
1824	2.8013845068642627
1825	2.8013845068642627
1826	2.8013845068642627
1827	3.218149249387308
1828	3.218149249387308
1829	3.218149249387308
1830	3.218149249387308
1831	2.7097581388685383
1832	2.7097581388685383
1833	2.7097581388685383
1834	2.7097581388685383
1835	3.718286577555853
1836	3.718286577555853
1837	3.718286577555853
1838	3.718286577555853
1839	3.386705436153381
1840	3.386705436153381
1841	3.386705436153381
1842	3.386705436153381
1843	3.0913883701317606
1844	3.0913883701317606
1845	3.0913883701317606
1846	3.0913883701317606
1847	2.2778427551291585
1848	2.2778427551291585
1849	2.2778427551291585
1850	2.2778427551291585
1851	3.5228889417924885
1852	3.5228889417924885
1853	3.5228889417924885
1854	3.5228889417924885
1855	2.578176283243631
1856	2.578176283243631
1857	2.578176283243631
1858	2.578176283243631
1859	2.395916675147288
1860	2.395916675147288
1861	2.395916675147288
1862	2.395916675147288
1863	3.5338920301234547
1864	3.5338920301234547
1865	3.5338920301234547
1866	3.5338920301234547
1867	2.590156372273666
1868	2.590156372273666
1869	2.590156372273666
1870	2.590156372273666
1871	3.4751433469548596
1872	3.4751433469548596
1873	3.4751433469548596
1874	3.4751433469548596
1875	2.6704052373674836
1876	2.6704052373674836
1877	2.6704052373674836
1878	2.6704052373674836
1879	3.020094370920675
1880	3.020094370920675
1881	3.020094370920675
1882	3.020094370920675
1883	3.522807795864045
1884	3.522807795864045
1885	3.522807795864045
1886	3.522807795864045
1887	4.522792210796337
1888	4.522792210796337
1889	4.522792210796337
1890	4.522792210796337
1891	2.4353027187671406
1892	2.4353027187671406
1893	2.4353027187671406
1894	2.4353027187671406
1895	3.1115564837205203
1896	3.1115564837205203
1897	3.1115564837205203
1898	3.1115564837205203
1899	3.407449519846573
1900	3.407449519846573
1901	3.407449519846573
1902	3.407449519846573
1903	3.23894427687162
1904	3.23894427687162
1905	3.23894427687162
1906	3.23894427687162
1907	2.8087591116454114
1908	2.8087591116454114
1909	2.8087591116454114
1910	2.8087591116454114
1911	2.235292168812788
1912	2.235292168812788
1913	2.235292168812788
1914	2.235292168812788
1915	2.9028417026205875
1916	2.9028417026205875
1917	2.9028417026205875
1918	2.9028417026205875
1919	2.4992422879198903
1920	2.4992422879198903
1921	2.4992422879198903
1922	2.4992422879198903
1923	3.15496035728636
1924	3.15496035728636
1925	3.15496035728636
1926	3.15496035728636
1927	2.6117145287423202
1928	2.6117145287423202
1929	2.6117145287423202
1930	2.6117145287423202
1931	3.1914999449429087
1932	3.1914999449429087
1933	3.1914999449429087
1934	3.1914999449429087
1935	3.4954749945028216
1936	3.4954749945028216
1937	3.4954749945028216
1938	3.4954749945028216
1939	2.456870822827637
1940	2.456870822827637
1941	2.456870822827637
1942	2.456870822827637
1943	3.0571710260995353
1944	3.0571710260995353
1945	3.0571710260995353
1946	3.0571710260995353
1947	2.3864249551482435
1948	2.3864249551482435
1949	2.3864249551482435
1950	2.3864249551482435
1951	4.227055444472646
1952	4.227055444472646
1953	4.227055444472646
1954	4.227055444472646
1955	2.56361428033055
1956	2.56361428033055
1957	2.56361428033055
1958	2.56361428033055
1959	2.576734963116556
1960	2.576734963116556
1961	2.576734963116556
1962	2.576734963116556
1963	2.192107254434818
1964	2.192107254434818
1965	2.192107254434818
1966	2.192107254434818
1967	2.6288835238231605
1968	2.6288835238231605
1969	2.6288835238231605
1970	2.6288835238231605
1971	3.087354372656848
1972	3.087354372656848
1973	3.087354372656848
1974	3.087354372656848
1975	3.2130050294935404
1976	3.2130050294935404
1977	3.2130050294935404
1978	3.2130050294935404
1979	2.1920942398591317
1980	2.1920942398591317
1981	2.1920942398591317
1982	2.1920942398591317
1983	4.6054691174197355
1984	4.6054691174197355
1985	4.6054691174197355
1986	4.6054691174197355
1987	2.1859659488095327
1988	2.1859659488095327
1989	2.1859659488095327
1990	2.1859659488095327
1991	2.9470866926523316
1992	2.9470866926523316
1993	2.9470866926523316
1994	2.9470866926523316
1995	3.651606904513458
1996	3.651606904513458
1997	3.651606904513458
1998	3.651606904513458
1999	2.001667507880133
