0	4.641114887868369
1	4.641114887868369
2	4.641114887868369
3	4.438685070560389
4	4.438685070560389
5	4.438685070560389
6	4.061271245544641
7	4.061271245544641
8	4.061271245544641
9	4.487528547029979
10	4.487528547029979
11	4.487528547029979
12	5.0530555668374415
13	5.0530555668374415
14	5.0530555668374415
15	3.6867183233009286
16	3.6867183233009286
17	3.6867183233009286
18	1.795838050645271
19	1.795838050645271
20	1.795838050645271
21	1.9272539908129374
22	1.9272539908129374
23	1.9272539908129374
24	2.03936007107868
25	2.03936007107868
26	2.03936007107868
27	1.8373764456000612
28	1.8373764456000612
29	1.8373764456000612
30	2.216658854696729
31	2.216658854696729
32	2.216658854696729
33	1.7917028502983663
34	1.7917028502983663
35	1.7917028502983663
36	1.2862620518545278
37	1.2862620518545278
38	1.2862620518545278
39	1.9242096424888293
40	1.9242096424888293
41	1.9242096424888293
42	0.6012655306384556
43	0.6012655306384556
44	0.6012655306384556
45	1.262461954881078
46	1.262461954881078
47	1.262461954881078
48	1.784078024605238
49	1.784078024605238
50	1.784078024605238
51	2.4177048232130165
52	2.4177048232130165
53	2.4177048232130165
54	1.5733895810488883
55	1.5733895810488883
56	1.5733895810488883
57	2.0671096223133625
58	2.0671096223133625
59	2.0671096223133625
60	1.209992150942125
61	1.209992150942125
62	1.209992150942125
63	1.1818571371927862
64	1.1818571371927862
65	1.1818571371927862
66	1.9942431428192093
67	1.9942431428192093
68	1.9942431428192093
69	0.9501721868054239
70	0.9501721868054239
71	0.9501721868054239
72	1.6022304916957228
73	1.6022304916957228
74	1.6022304916957228
75	2.044257736562846
76	2.044257736562846
77	2.044257736562846
78	1.5651824636593417
79	1.5651824636593417
80	2.7149262998815007
81	2.7149262998815007
82	2.7149262998815007
83	1.703044067082294
84	1.703044067082294
85	1.703044067082294
86	3.3863156875671847
87	3.3863156875671847
88	3.3863156875671847
89	1.4067629123879735
90	1.4067629123879735
91	1.4067629123879735
92	3.3334631003488133
93	3.3334631003488133
94	3.3334631003488133
95	3.1609043860558343
96	3.1609043860558343
97	3.1609043860558343
98	2.939511850860079
99	2.939511850860079
100	2.939511850860079
101	2.236182963340043
102	2.236182963340043
103	2.236182963340043
104	1.8125850781178436
105	1.8125850781178436
106	1.8125850781178436
107	2.5155722788499633
108	2.5155722788499633
109	2.5155722788499633
110	2.1371261354342543
111	2.1371261354342543
112	2.1371261354342543
113	2.7847933120240285
114	2.7847933120240285
115	2.7847933120240285
116	2.5514567186154977
117	2.5514567186154977
118	2.5514567186154977
119	2.4383180484115776
120	2.4383180484115776
121	2.4383180484115776
122	2.4889848202592124
123	2.4889848202592124
124	2.4889848202592124
125	2.1765694298728144
126	2.1765694298728144
127	2.1765694298728144
128	2.112756553633983
129	2.112756553633983
130	2.112756553633983
131	3.199055500074461
132	3.199055500074461
133	3.199055500074461
134	2.51230332031547
135	2.51230332031547
136	2.51230332031547
137	2.363716291279556
138	2.363716291279556
139	2.363716291279556
140	1.356924565345175
141	1.356924565345175
142	1.356924565345175
143	2.485452448030269
144	2.485452448030269
145	2.485452448030269
146	2.109597750120445
147	2.109597750120445
148	2.109597750120445
149	2.6285288169242502
150	2.6285288169242502
151	2.6285288169242502
152	2.2198832084400903
153	2.2198832084400903
154	2.2198832084400903
155	2.6157890530584083
156	2.6157890530584083
157	2.6157890530584083
158	1.6133699232219136
159	1.6133699232219136
160	1.6133699232219136
161	2.759148836565793
162	2.759148836565793
163	2.759148836565793
164	2.931862274226915
165	2.931862274226915
166	2.931862274226915
167	1.8621212720063376
168	1.8621212720063376
169	1.8621212720063376
170	2.522763246429179
171	2.522763246429179
172	2.522763246429179
173	2.0528530141199846
174	2.0528530141199846
175	2.0528530141199846
176	3.4815216784507887
177	3.4815216784507887
178	3.4815216784507887
179	2.1703385294252313
180	2.1703385294252313
181	2.1703385294252313
182	3.0303838474955773
183	3.0303838474955773
184	3.0303838474955773
185	2.337430096733719
186	2.337430096733719
187	2.337430096733719
188	3.0186060432515047
189	3.0186060432515047
190	1.566994589819373
191	1.566994589819373
192	1.566994589819373
193	1.171451689794698
194	1.171451689794698
195	1.171451689794698
196	1.2511842874708625
197	1.2511842874708625
198	1.2511842874708625
199	1.1123943943716557
200	1.1123943943716557
201	1.1123943943716557
202	1.667029313655006
203	1.667029313655006
204	1.667029313655006
205	1.6475742452690554
206	1.6475742452690554
207	1.6475742452690554
208	1.5448204231182283
209	1.5448204231182283
210	1.5448204231182283
211	1.7345480059093834
212	1.7345480059093834
213	1.7345480059093834
214	1.7552494742970548
215	1.7552494742970548
216	1.7552494742970548
217	0.9939795536750325
218	0.9939795536750325
219	0.9939795536750325
220	1.6659125433206345
221	1.6659125433206345
222	1.6659125433206345
223	2.562306820722003
224	2.562306820722003
225	2.562306820722003
226	1.2522365240028124
227	1.2522365240028124
228	1.2522365240028124
229	1.3813876452577651
230	1.3813876452577651
231	1.3813876452577651
232	1.6008498247691638
233	1.6008498247691638
234	1.6008498247691638
235	1.9776201347157563
236	1.9776201347157563
237	1.9776201347157563
238	1.3371832072555936
239	1.3371832072555936
240	1.3371832072555936
241	1.7097349481657993
242	1.7097349481657993
243	1.7097349481657993
244	2.1043207730972426
245	2.1043207730972426
246	2.1043207730972426
247	1.786449663216617
248	1.786449663216617
249	1.786449663216617
250	1.6812611440464142
251	1.6812611440464142
252	1.6812611440464142
253	1.9881023656527645
254	1.9881023656527645
255	1.9881023656527645
256	1.5777191755741466
257	1.5777191755741466
258	1.5777191755741466
259	1.1860502366382906
260	1.1860502366382906
261	1.1860502366382906
262	1.3954631812454723
263	1.3954631812454723
264	1.3954631812454723
265	1.1678436577546734
266	1.1678436577546734
267	1.1678436577546734
268	0.5803171133653965
269	0.5803171133653965
270	0.5803171133653965
271	1.7921865115699065
272	1.7921865115699065
273	1.7921865115699065
274	0.7175561303598091
275	0.7175561303598091
276	0.24430447719460055
277	2.23146082477695
278	2.23146082477695
279	2.23146082477695
280	2.492419611685643
281	2.492419611685643
282	2.492419611685643
283	2.452545977096264
284	2.452545977096264
285	2.452545977096264
286	3.9085879692023147
287	3.9085879692023147
288	3.9085879692023147
289	2.808598707362041
290	2.808598707362041
291	2.808598707362041
292	3.1681948400053495
293	3.1681948400053495
294	3.1681948400053495
295	3.860263830770643
296	3.860263830770643
297	3.860263830770643
298	2.73672109181536
299	2.73672109181536
300	2.73672109181536
301	3.949061393616769
302	3.949061393616769
303	3.949061393616769
304	3.0499810533019716
305	3.0499810533019716
306	3.0499810533019716
307	3.8919258786575748
308	1.9444627166102668
309	1.9444627166102668
310	1.9444627166102668
311	1.6839194132791182
312	1.1328500585335053
313	1.1328500585335053
314	1.1328500585335053
315	1.2855280025356932
316	1.2855280025356932
317	2.7992564860555658
318	2.7992564860555658
319	2.7992564860555658
320	2.9916173216077646
321	2.9916173216077646
322	2.9916173216077646
323	3.3770094092638328
324	3.3770094092638328
325	3.3770094092638328
326	2.4772077873792715
327	2.4772077873792715
328	2.4772077873792715
329	1.3570798340439458
330	1.3570798340439458
331	1.3570798340439458
332	3.285358975995865
333	3.285358975995865
334	3.285358975995865
335	1.7767378253959345
336	1.7767378253959345
337	1.7767378253959345
338	2.5491919397781526
339	2.5491919397781526
340	2.5491919397781526
341	1.8860111083687376
342	1.8860111083687376
343	1.8860111083687376
344	3.338978806215983
345	3.338978806215983
346	3.338978806215983
347	3.5046531319226246
348	3.5046531319226246
349	3.5046531319226246
350	2.5401525010872152
351	2.5401525010872152
352	2.5401525010872152
353	3.4784396567783347
354	3.4784396567783347
355	1.236823820068339
356	1.236823820068339
357	1.236823820068339
358	0.8456033302023138
359	0.8456033302023138
360	0.8456033302023138
361	0.9849670912518707
362	0.9849670912518707
363	0.9849670912518707
364	0.861325924941112
365	0.861325924941112
366	0.861325924941112
367	0.80858559272458
368	0.80858559272458
369	0.80858559272458
370	1.238047591002698
371	1.238047591002698
372	1.238047591002698
373	1.2526471121331828
374	1.2526471121331828
375	1.2526471121331828
376	1.4123731356866909
377	1.4123731356866909
378	1.4123731356866909
379	1.2920450154473557
380	1.2920450154473557
381	1.2920450154473557
382	0.7011858518739089
383	0.7011858518739089
384	0.7011858518739089
385	1.3325862627508607
386	1.3325862627508607
387	1.3325862627508607
388	1.3886564475088337
389	1.3886564475088337
390	1.3886564475088337
391	1.3099892086985243
392	1.3099892086985243
393	1.3099892086985243
394	1.231661433887558
395	1.231661433887558
396	1.231661433887558
397	0.8126757613200994
398	0.8126757613200994
399	0.8126757613200994
400	1.3313519482545069
401	1.3313519482545069
402	1.3313519482545069
403	1.2433866552747193
404	1.2433866552747193
405	1.2433866552747193
406	1.0450206946979281
407	1.0450206946979281
408	1.0450206946979281
409	1.5085122484567455
410	1.5085122484567455
411	1.5085122484567455
412	1.1525901557578546
413	1.1525901557578546
414	1.1525901557578546
415	0.8275041164091714
416	0.8275041164091714
417	0.8275041164091714
418	0.8784986870999557
419	0.8784986870999557
420	0.8784986870999557
421	1.3086210041594466
422	1.3086210041594466
423	1.3086210041594466
424	0.8777371566114602
425	0.8777371566114602
426	0.8777371566114602
427	1.4406800961647763
428	1.4406800961647763
429	1.4406800961647763
430	1.5109206573230909
431	1.5109206573230909
432	1.5109206573230909
433	1.12986179611059
434	1.12986179611059
435	1.12986179611059
436	1.255121738799686
437	1.255121738799686
438	1.255121738799686
439	4.831546355284463
440	4.831546355284463
441	4.831546355284463
442	4.3951219660789045
443	4.3951219660789045
444	4.3951219660789045
445	4.627574344959415
446	4.627574344959415
447	4.627574344959415
448	3.3594577112254145
449	3.3594577112254145
450	3.3594577112254145
451	3.7903026031855567
452	3.7903026031855567
453	3.7903026031855567
454	5.373329857981035
455	5.373329857981035
456	5.373329857981035
457	5.178011809644615
458	5.178011809644615
459	5.178011809644615
460	2.4493907783539086
461	2.4493907783539086
462	2.4493907783539086
463	4.190375002235403
464	4.190375002235403
465	4.190375002235403
466	2.9899339644905805
467	2.9899339644905805
468	2.9899339644905805
469	3.3463629018444903
470	3.3463629018444903
471	3.3463629018444903
472	2.6363760905014875
473	2.6363760905014875
474	2.6363760905014875
475	3.4448915113040615
476	3.4448915113040615
477	3.4448915113040615
478	3.4242788075143
479	3.4242788075143
480	3.4242788075143
481	3.2330060738118336
482	3.2330060738118336
483	3.2330060738118336
484	3.9893462586805635
485	3.9893462586805635
486	3.9893462586805635
487	5.573596520303748
488	5.573596520303748
489	5.573596520303748
490	4.077346211892333
491	4.077346211892333
492	4.077346211892333
493	4.398506543261469
494	4.398506543261469
495	4.398506543261469
496	2.9788402668447764
497	2.9788402668447764
498	2.9788402668447764
499	2.4299852923329848
500	2.4299852923329848
501	2.4299852923329848
502	3.6626336384662883
503	3.6626336384662883
504	3.6626336384662883
505	4.602566169223181
506	4.602566169223181
507	4.602566169223181
508	3.413351145512899
509	3.413351145512899
510	3.413351145512899
511	3.8299322370482938
512	3.8299322370482938
513	3.8299322370482938
514	4.093168715837622
515	4.093168715837622
516	4.093168715837622
517	2.808370844398271
518	2.808370844398271
519	2.808370844398271
520	3.6352325764654547
521	3.6352325764654547
522	3.6352325764654547
523	3.936426596662165
524	3.936426596662165
525	3.936426596662165
526	2.9777592480312007
527	2.9777592480312007
528	2.9777592480312007
529	3.8790240950742936
530	3.8790240950742936
531	3.8790240950742936
532	5.55619656491522
533	5.55619656491522
534	5.55619656491522
535	2.746271859912795
536	2.746271859912795
537	2.746271859912795
538	4.012266134124681
539	4.012266134124681
540	4.012266134124681
541	2.5212644569233915
542	2.5212644569233915
543	2.5212644569233915
544	3.7591797584759115
545	3.7591797584759115
546	3.7591797584759115
547	2.635306423665123
548	2.635306423665123
549	2.635306423665123
550	3.8108135633237956
551	3.8108135633237956
552	3.8108135633237956
553	3.5388458940296434
554	3.5388458940296434
555	3.5388458940296434
556	3.9097155080252484
557	3.9097155080252484
558	3.9097155080252484
559	4.566319919397443
560	4.566319919397443
561	4.566319919397443
562	4.081078233825903
563	4.081078233825903
564	4.081078233825903
565	4.6009174946714735
566	4.6009174946714735
567	4.6009174946714735
568	3.869097223263225
569	3.869097223263225
570	3.869097223263225
571	3.0630098857271038
572	3.0630098857271038
573	3.0630098857271038
574	2.635940319175095
575	2.635940319175095
576	2.635940319175095
577	3.1288027557161344
578	3.1288027557161344
579	3.1288027557161344
580	4.090843674303048
581	4.090843674303048
582	4.090843674303048
583	1.594183784179961
584	1.594183784179961
585	1.594183784179961
586	3.8191183445025887
587	3.8191183445025887
588	3.8191183445025887
589	3.835279949866918
590	3.835279949866918
591	3.835279949866918
592	3.8918655412095244
593	3.8918655412095244
594	3.8918655412095244
595	2.1582908775295984
596	2.1582908775295984
597	2.1582908775295984
598	4.7056145511845475
599	4.7056145511845475
600	4.7056145511845475
601	4.08162186951246
602	4.08162186951246
603	4.08162186951246
604	2.809727744963231
605	2.809727744963231
606	2.809727744963231
607	3.846893070325885
608	3.846893070325885
609	3.846893070325885
610	5.034586676063231
611	5.034586676063231
612	5.034586676063231
613	3.5640022443505655
614	3.5640022443505655
615	3.5640022443505655
616	3.8354678779041578
617	3.8354678779041578
618	3.8354678779041578
619	4.012123636803795
620	4.012123636803795
621	4.012123636803795
622	3.8061795664597278
623	3.8061795664597278
624	3.8061795664597278
625	4.798076947619359
626	4.798076947619359
627	4.798076947619359
628	4.11708370731272
629	4.11708370731272
630	4.11708370731272
631	4.2108670984890075
632	4.2108670984890075
633	4.2108670984890075
634	4.638415772957267
635	4.638415772957267
636	4.638415772957267
637	2.851134643235131
638	2.851134643235131
639	2.851134643235131
640	4.080768249567775
641	4.080768249567775
642	4.080768249567775
643	4.531125270331866
644	4.531125270331866
645	4.531125270331866
646	3.180209701491509
647	3.180209701491509
648	3.180209701491509
649	4.543261354020875
650	4.543261354020875
651	4.543261354020875
652	2.2976405953519246
653	2.2976405953519246
654	2.2976405953519246
655	3.4285782349202907
656	3.4285782349202907
657	3.4285782349202907
658	3.8831215893264965
659	3.8831215893264965
660	3.8831215893264965
661	3.272539728301248
662	3.272539728301248
663	3.272539728301248
664	3.388339740713182
665	3.388339740713182
666	3.388339740713182
667	5.230588864401999
668	5.230588864401999
669	5.230588864401999
670	4.499508328981927
671	4.499508328981927
672	4.499508328981927
673	5.276236662584346
674	5.276236662584346
675	5.276236662584346
676	3.031882126032685
677	3.031882126032685
678	3.031882126032685
679	3.801249923956981
680	3.801249923956981
681	3.801249923956981
682	3.2786819818716606
683	3.2786819818716606
684	3.2786819818716606
685	4.588868185442998
686	4.588868185442998
687	4.588868185442998
688	2.7023987639743425
689	2.7023987639743425
690	2.7023987639743425
691	2.528522278032322
692	2.528522278032322
693	2.528522278032322
694	4.163686366125157
695	4.163686366125157
696	4.163686366125157
697	4.795292445618527
698	4.795292445618527
699	4.795292445618527
700	3.548084694813904
701	3.548084694813904
702	3.548084694813904
703	3.513435706487355
704	3.513435706487355
705	3.513435706487355
706	5.035793472041259
707	5.035793472041259
708	5.035793472041259
709	3.8408251253192063
710	3.8408251253192063
711	3.8408251253192063
712	5.623383512754955
713	5.623383512754955
714	5.623383512754955
715	2.9845779075518917
716	2.9845779075518917
717	2.9845779075518917
718	3.8758887671901623
719	3.8758887671901623
720	3.8758887671901623
721	4.860973991248327
722	4.860973991248327
723	4.860973991248327
724	3.9055440032771633
725	3.9055440032771633
726	3.9055440032771633
727	4.985721585304666
728	4.985721585304666
729	4.985721585304666
730	4.705040585332234
731	4.705040585332234
732	4.705040585332234
733	4.910795686798989
734	4.910795686798989
735	4.910795686798989
736	3.9604944695682693
737	3.9604944695682693
738	3.9604944695682693
739	4.995182121050308
740	4.995182121050308
741	4.995182121050308
742	2.3814269440074147
743	2.3814269440074147
744	2.3814269440074147
745	4.33971414492814
746	4.33971414492814
747	4.33971414492814
748	2.875549284587844
749	2.875549284587844
750	2.875549284587844
751	2.897988398609157
752	2.897988398609157
753	2.897988398609157
754	4.225987640477006
755	4.225987640477006
756	4.225987640477006
757	4.551456872273033
758	4.551456872273033
759	0.9066846925444261
760	0.9066846925444261
761	0.9066846925444261
762	0.6744277314948223
763	0.6744277314948223
764	0.6744277314948223
765	0.6425679863092427
766	0.6425679863092427
767	0.6425679863092427
768	0.6515355208880227
769	0.6515355208880227
770	0.6515355208880227
771	0.7067378988728282
772	0.7067378988728282
773	0.7067378988728282
774	0.670748377207206
775	0.670748377207206
776	0.670748377207206
777	0.5919323182492493
778	0.5919323182492493
779	0.5919323182492493
780	0.7071915762815927
781	0.7071915762815927
782	0.7071915762815927
783	0.6171453951890629
784	0.6171453951890629
785	0.6171453951890629
786	0.3123052976935525
787	0.3123052976935525
788	0.3123052976935525
789	0.6867399581317787
790	0.6867399581317787
791	0.6867399581317787
792	0.7144709337818287
793	0.7144709337818287
794	0.7144709337818287
795	0.7461725862670017
796	0.7461725862670017
797	0.7461725862670017
798	0.25604545581526084
799	0.25604545581526084
800	0.25604545581526084
801	0.4991071826811712
802	0.4991071826811712
803	0.4991071826811712
804	0.6733762764577732
805	0.6733762764577732
806	0.6733762764577732
807	0.7499255195718643
808	0.7499255195718643
809	0.7499255195718643
810	0.7737379896628698
811	0.7737379896628698
812	0.7737379896628698
813	0.5403049220193749
814	0.5403049220193749
815	0.5403049220193749
816	0.7154080248949272
817	0.7154080248949272
818	0.7154080248949272
819	0.33416778467255404
820	0.33416778467255404
821	0.33416778467255404
822	0.6692380447093067
823	0.6692380447093067
824	0.11137792350910412
825	0.11137792350910412
826	0.11137792350910412
827	0.17863056439085012
828	0.17863056439085012
829	0.17863056439085012
830	0.16654796520798154
831	0.16654796520798154
832	0.16654796520798154
833	0.1574787823943034
834	0.1574787823943034
835	0.1574787823943034
836	0.15696642365567298
837	0.15696642365567298
838	0.15696642365567298
839	0.2446885105621243
840	0.2446885105621243
841	0.2446885105621243
842	0.2967621334825208
843	0.2967621334825208
844	0.2967621334825208
845	0.20306077534616304
846	0.20306077534616304
847	0.7373175587209206
848	0.7373175587209206
849	0.7373175587209206
850	0.7012084731617749
851	0.7012084731617749
852	0.7012084731617749
853	0.4000030122412352
854	0.4000030122412352
855	0.4000030122412352
856	0.8251047081641997
857	0.8251047081641997
858	0.8251047081641997
859	0.9053039266871077
860	0.9053039266871077
861	0.9053039266871077
862	0.7411077114150749
863	0.7411077114150749
864	0.7411077114150749
865	0.5006944091377572
866	0.5006944091377572
867	0.5006944091377572
868	0.5851676548540234
869	0.5851676548540234
870	0.5851676548540234
871	0.6649542461752863
872	0.6649542461752863
873	0.6649542461752863
874	0.3962693643692838
875	0.3962693643692838
876	0.3962693643692838
877	0.8340292024107661
878	0.8340292024107661
879	0.8340292024107661
880	0.9091266725319764
881	0.9091266725319764
882	0.9091266725319764
883	0.5327646163234547
884	0.5327646163234547
885	0.5327646163234547
886	0.7116442212361072
887	0.7116442212361072
888	0.7116442212361072
889	0.4336977565350949
890	0.4336977565350949
891	0.4336977565350949
892	0.8739442136742023
893	0.8739442136742023
894	0.8739442136742023
895	0.5440818796510623
896	0.5440818796510623
897	0.5440818796510623
898	0.7585450127682829
899	0.7585450127682829
900	0.7585450127682829
901	0.6679181622922378
902	0.6679181622922378
903	0.6679181622922378
904	0.4997619311189282
905	0.4997619311189282
906	0.4997619311189282
907	0.6884893806028924
908	2.2629205293151236
909	2.2629205293151236
910	2.2629205293151236
911	2.4520935984543306
912	2.4520935984543306
913	2.4520935984543306
914	1.9769598904669712
915	1.9769598904669712
916	1.9769598904669712
917	1.561826932175383
918	1.561826932175383
919	1.561826932175383
920	2.226649024126487
921	2.226649024126487
922	2.226649024126487
923	1.8749178044269792
924	1.8749178044269792
925	1.8749178044269792
926	2.917711178166907
927	2.917711178166907
928	2.917711178166907
929	2.553836003710633
930	2.553836003710633
931	2.553836003710633
932	2.9994226056761297
933	2.9994226056761297
934	2.9994226056761297
935	2.699533207956229
936	2.699533207956229
937	2.699533207956229
938	2.051989661635582
939	2.051989661635582
940	2.051989661635582
941	2.777987161911549
942	2.777987161911549
943	2.777987161911549
944	3.1624571389825764
945	3.1624571389825764
946	3.1624571389825764
947	2.81720591923149
948	2.81720591923149
949	2.81720591923149
950	1.5332308549120208
951	1.5332308549120208
952	1.5332308549120208
953	1.701295470899053
954	1.701295470899053
955	1.701295470899053
956	3.482727473492962
957	3.482727473492962
958	3.482727473492962
959	3.001992771443688
960	3.001992771443688
961	3.001992771443688
962	2.122888736085241
963	2.122888736085241
964	2.122888736085241
965	2.6769307184741065
966	2.6769307184741065
967	2.6769307184741065
968	1.8714595769936788
969	1.8714595769936788
970	1.8714595769936788
971	2.490209110306389
972	2.490209110306389
973	2.490209110306389
974	2.315673045036794
975	2.315673045036794
976	2.315673045036794
977	3.5279270168966845
978	3.5279270168966845
979	3.5279270168966845
980	1.8618432547494115
981	1.8618432547494115
982	1.8618432547494115
983	2.7862403462970238
984	2.7862403462970238
985	2.7862403462970238
986	1.665263488038208
987	1.665263488038208
988	1.665263488038208
989	3.057638595195513
990	3.057638595195513
991	3.057638595195513
992	2.268332870905084
993	2.268332870905084
994	2.268332870905084
995	1.767913260824577
996	1.767913260824577
997	1.767913260824577
998	2.5789599060807267
999	2.5789599060807267
1000	2.5789599060807267
1001	2.6597636478646085
1002	2.6597636478646085
1003	2.6597636478646085
1004	1.6544062838100515
1005	1.6544062838100515
1006	1.6544062838100515
1007	2.2484015093372247
1008	2.2484015093372247
1009	2.2484015093372247
1010	1.5602944776128678
1011	1.5602944776128678
1012	1.5602944776128678
1013	2.8840957824694575
1014	2.8840957824694575
1015	2.8840957824694575
1016	3.0682642517302687
1017	3.0682642517302687
1018	3.0682642517302687
1019	2.5538715287057756
1020	2.5538715287057756
1021	2.5538715287057756
1022	2.9154819427968386
1023	2.9154819427968386
1024	2.9154819427968386
1025	2.956556327765399
1026	2.956556327765399
1027	2.956556327765399
1028	2.097182543319154
1029	2.097182543319154
1030	2.097182543319154
1031	1.7283305658360444
1032	1.7283305658360444
1033	1.7283305658360444
1034	2.516959130645198
1035	2.516959130645198
1036	2.516959130645198
1037	1.8012613603090553
1038	1.8012613603090553
1039	1.8012613603090553
1040	2.7370376856899643
1041	2.7370376856899643
1042	2.7370376856899643
1043	2.9363413104409797
1044	2.9363413104409797
1045	2.9363413104409797
1046	2.10659047132604
1047	2.10659047132604
1048	2.10659047132604
1049	2.9242934890720123
1050	2.9242934890720123
1051	2.9242934890720123
1052	2.2198058856057283
1053	2.2198058856057283
1054	2.2198058856057283
1055	2.2158141810110266
1056	2.2158141810110266
1057	2.2158141810110266
1058	2.5369613799205033
1059	2.5369613799205033
1060	2.5369613799205033
1061	2.9388174572803836
1062	2.9388174572803836
1063	2.9388174572803836
1064	2.2673156929387783
1065	2.2673156929387783
1066	2.2673156929387783
1067	2.1078806433949646
1068	2.1078806433949646
1069	2.1078806433949646
1070	2.9307494151685325
1071	2.9307494151685325
1072	2.9307494151685325
1073	3.110968221354451
1074	3.110968221354451
1075	3.110968221354451
1076	2.9014618693088874
1077	2.9014618693088874
1078	2.9014618693088874
1079	2.296966125278677
1080	2.296966125278677
1081	2.296966125278677
1082	1.9724757592566888
1083	1.9724757592566888
1084	1.9724757592566888
1085	2.437859860936431
1086	2.437859860936431
1087	2.437859860936431
1088	3.398667059685538
1089	3.398667059685538
1090	3.398667059685538
1091	1.943625353289745
1092	1.943625353289745
1093	1.943625353289745
1094	2.3268381524842705
1095	2.3268381524842705
1096	2.3268381524842705
1097	3.3485955251204054
1098	3.3485955251204054
1099	3.3485955251204054
1100	2.838881799220495
1101	2.838881799220495
1102	2.838881799220495
1103	2.975619035192929
1104	2.975619035192929
1105	2.975619035192929
1106	2.809130633996528
1107	2.809130633996528
1108	2.809130633996528
1109	2.66419878474306
1110	2.66419878474306
1111	2.66419878474306
1112	1.9230947423662585
1113	1.9230947423662585
1114	1.9230947423662585
1115	2.3807518495620426
1116	2.3807518495620426
1117	2.3807518495620426
1118	2.926074429317167
1119	2.926074429317167
1120	2.926074429317167
1121	2.0479421088358416
1122	2.0479421088358416
1123	2.0479421088358416
1124	1.1545177031308314
1125	1.1545177031308314
1126	1.1545177031308314
1127	2.385213971476915
1128	2.385213971476915
1129	2.385213971476915
1130	2.556624982188423
1131	2.556624982188423
1132	2.556624982188423
1133	1.5501316780378973
1134	1.5501316780378973
1135	1.5501316780378973
1136	2.3254155817284707
1137	2.3254155817284707
1138	2.3254155817284707
1139	3.2667850855751173
1140	3.2667850855751173
1141	3.2667850855751173
1142	2.6088680080080433
1143	2.6088680080080433
1144	2.6088680080080433
1145	1.078750019378397
1146	1.078750019378397
1147	1.078750019378397
1148	2.3194083336142417
1149	2.3194083336142417
1150	2.3194083336142417
1151	2.7953258400985908
1152	2.7953258400985908
1153	2.7953258400985908
1154	2.9179305766456163
1155	2.9179305766456163
1156	2.9179305766456163
1157	2.772943856796089
1158	2.772943856796089
1159	2.772943856796089
1160	2.6929123672771857
1161	2.6929123672771857
1162	2.6929123672771857
1163	2.1206153586469036
1164	2.1206153586469036
1165	2.1206153586469036
1166	2.2628077832692344
1167	2.2628077832692344
1168	2.2628077832692344
1169	2.4360961713067617
1170	2.4360961713067617
1171	2.4360961713067617
1172	2.0609426177994754
1173	2.0609426177994754
1174	2.0609426177994754
1175	2.4327662429726753
1176	2.4327662429726753
1177	2.4327662429726753
1178	2.86946451689162
1179	2.86946451689162
1180	2.86946451689162
1181	2.096587224993963
1182	2.096587224993963
1183	2.096587224993963
1184	2.4474251191720136
1185	2.4474251191720136
1186	2.4474251191720136
1187	2.6426810456656877
1188	2.6426810456656877
1189	2.6426810456656877
1190	2.501803111857468
1191	2.501803111857468
1192	2.501803111857468
1193	2.0569613185419877
1194	2.0569613185419877
1195	2.0569613185419877
1196	3.094800123592582
1197	3.094800123592582
1198	3.094800123592582
1199	2.4610652034807097
1200	2.4610652034807097
1201	2.4610652034807097
1202	1.9425183203845824
1203	1.9425183203845824
1204	1.9425183203845824
1205	2.6938365515434617
1206	2.6938365515434617
1207	2.6938365515434617
1208	2.040445595067436
1209	2.040445595067436
1210	2.040445595067436
1211	1.7423486907708958
1212	1.7423486907708958
1213	1.7423486907708958
1214	3.1382795071585656
1215	3.1382795071585656
1216	3.1382795071585656
1217	2.887848895619915
1218	2.887848895619915
1219	2.887848895619915
1220	3.2934378562790494
1221	3.2934378562790494
1222	3.2934378562790494
1223	2.2614379843992265
1224	2.2614379843992265
1225	2.2614379843992265
1226	2.596474914662301
1227	2.596474914662301
1228	2.596474914662301
1229	3.2593088877793477
1230	3.2593088877793477
1231	3.2593088877793477
1232	2.5794016695433046
1233	2.5794016695433046
1234	2.5794016695433046
1235	3.09862136219039
1236	3.09862136219039
1237	3.09862136219039
1238	3.0313838303379326
1239	3.0313838303379326
1240	3.0313838303379326
1241	2.839894952103015
1242	2.839894952103015
1243	2.839894952103015
1244	1.4510720477207348
1245	1.4510720477207348
1246	1.4510720477207348
1247	2.7439679688576972
1248	2.7439679688576972
1249	2.7439679688576972
1250	2.3380432190630636
1251	2.3380432190630636
1252	2.3380432190630636
1253	1.6431793693541277
1254	1.6431793693541277
1255	1.6431793693541277
1256	3.408382284009627
1257	3.408382284009627
1258	3.408382284009627
1259	2.8995542297388814
1260	2.8995542297388814
1261	2.8995542297388814
1262	2.728335230418366
1263	2.728335230418366
1264	2.728335230418366
1265	1.744127051868583
1266	1.744127051868583
1267	1.744127051868583
1268	2.15248290843461
1269	2.15248290843461
1270	2.15248290843461
1271	1.905412591464335
1272	1.905412591464335
1273	1.905412591464335
1274	2.7310580056608313
1275	2.7310580056608313
1276	2.7310580056608313
1277	4.140099286234049
1278	4.140099286234049
1279	4.140099286234049
1280	2.105368316662518
1281	2.105368316662518
1282	2.105368316662518
1283	3.6273818181942783
1284	3.6273818181942783
1285	3.6273818181942783
1286	2.4854005660744436
1287	2.4854005660744436
1288	2.4854005660744436
1289	1.117205519563188
1290	1.117205519563188
1291	1.117205519563188
1292	2.897144291002438
1293	2.897144291002438
1294	2.897144291002438
1295	2.7673402556104727
1296	2.7673402556104727
1297	2.7673402556104727
1298	2.2145117727321755
1299	2.2145117727321755
1300	2.2145117727321755
1301	3.728116920311452
1302	3.728116920311452
1303	3.728116920311452
1304	3.8270304569158466
1305	3.8270304569158466
1306	3.8270304569158466
1307	4.920812855626105
1308	4.920812855626105
1309	4.920812855626105
1310	2.0645366510090444
1311	2.0645366510090444
1312	2.0645366510090444
1313	2.6115644359423786
1314	2.6115644359423786
1315	2.6115644359423786
1316	4.656020799155409
1317	4.656020799155409
1318	4.656020799155409
1319	4.951708928442964
1320	4.951708928442964
1321	4.951708928442964
1322	2.890527660932578
1323	2.890527660932578
1324	2.890527660932578
1325	3.3788232640939184
1326	3.3788232640939184
1327	3.3788232640939184
1328	5.491509195016723
1329	5.491509195016723
1330	5.491509195016723
1331	4.038955615512878
1332	4.038955615512878
1333	4.038955615512878
1334	2.462585534013176
1335	2.462585534013176
1336	2.462585534013176
1337	4.253617876247682
1338	4.253617876247682
1339	4.253617876247682
1340	2.3948033270894773
1341	2.3948033270894773
1342	2.3948033270894773
1343	4.324161595280904
1344	4.324161595280904
1345	4.324161595280904
1346	4.504226195661978
1347	4.504226195661978
1348	4.504226195661978
1349	5.240452855227719
1350	5.240452855227719
1351	5.240452855227719
1352	4.060147848271562
1353	4.060147848271562
1354	4.060147848271562
1355	3.010930552383335
1356	3.010930552383335
1357	3.010930552383335
1358	3.865471379098262
1359	3.865471379098262
1360	3.865471379098262
1361	3.686487732761343
1362	3.686487732761343
1363	3.686487732761343
1364	5.410474194075181
1365	5.410474194075181
1366	5.410474194075181
1367	2.5574379126210536
1368	2.5574379126210536
1369	2.5574379126210536
1370	3.7784345903623726
1371	3.7784345903623726
1372	3.7784345903623726
1373	3.812895038405793
1374	3.812895038405793
1375	3.812895038405793
1376	2.6154374491846104
1377	2.6154374491846104
1378	2.6154374491846104
1379	4.417744853287031
1380	4.417744853287031
1381	4.417744853287031
1382	3.5059871491429453
1383	3.5059871491429453
1384	3.5059871491429453
1385	4.534303142735906
1386	4.534303142735906
1387	4.534303142735906
1388	3.883362156519175
1389	3.883362156519175
1390	3.883362156519175
1391	2.7711985353720276
1392	2.7711985353720276
1393	2.7711985353720276
1394	5.192147932148582
1395	5.192147932148582
1396	5.192147932148582
1397	3.2197461502381657
1398	3.2197461502381657
1399	3.2197461502381657
1400	3.124203315668103
1401	3.124203315668103
1402	3.124203315668103
1403	4.054040499223153
1404	4.054040499223153
1405	4.054040499223153
1406	4.420159389261971
1407	4.420159389261971
1408	4.420159389261971
1409	2.396493361913067
1410	2.396493361913067
1411	2.396493361913067
1412	3.884425452939932
1413	3.884425452939932
1414	3.884425452939932
1415	4.162723233777112
1416	4.162723233777112
1417	4.162723233777112
1418	3.900307835470966
1419	3.900307835470966
1420	3.900307835470966
1421	3.816245328871525
1422	3.816245328871525
1423	3.816245328871525
1424	4.512311916567649
1425	4.512311916567649
1426	4.512311916567649
1427	4.650325793139768
1428	4.650325793139768
1429	4.650325793139768
1430	4.3997889559135706
1431	4.3997889559135706
1432	4.3997889559135706
1433	4.28902416963789
1434	4.28902416963789
1435	4.28902416963789
1436	5.164251533978038
1437	5.164251533978038
1438	5.164251533978038
1439	4.788567706363493
1440	4.788567706363493
1441	4.788567706363493
1442	3.6423384625186417
1443	3.6423384625186417
1444	3.6423384625186417
1445	5.281310618710772
1446	5.281310618710772
1447	5.281310618710772
1448	2.301945154229492
1449	2.301945154229492
1450	2.301945154229492
1451	4.1676548768802375
1452	4.1676548768802375
1453	4.1676548768802375
1454	4.074384040022055
1455	4.074384040022055
1456	4.074384040022055
1457	3.6856145453193774
1458	3.6856145453193774
1459	3.6856145453193774
1460	4.8625453249738495
1461	4.8625453249738495
1462	4.8625453249738495
1463	4.506762465419406
1464	4.506762465419406
1465	4.506762465419406
1466	4.168459555697524
1467	4.168459555697524
1468	4.168459555697524
1469	3.5513548552954486
1470	3.5513548552954486
1471	3.5513548552954486
1472	3.61719270505
1473	3.61719270505
1474	3.61719270505
1475	3.499667685794789
1476	3.499667685794789
1477	3.499667685794789
1478	4.670095970443759
1479	4.670095970443759
1480	4.670095970443759
1481	3.988578024111532
1482	3.988578024111532
1483	3.988578024111532
1484	3.5418654847546227
1485	3.5418654847546227
1486	3.5418654847546227
1487	3.2117536302875607
1488	3.2117536302875607
1489	3.2117536302875607
1490	3.880849218396666
1491	3.880849218396666
1492	3.880849218396666
1493	5.081266604057747
1494	5.081266604057747
1495	5.081266604057747
1496	3.50583295976093
1497	3.50583295976093
1498	3.50583295976093
1499	3.6877239558853767
1500	3.6877239558853767
1501	3.6877239558853767
1502	3.646991294474697
1503	3.646991294474697
1504	3.646991294474697
1505	3.7235164812706563
1506	3.7235164812706563
1507	3.7235164812706563
1508	4.035893212217318
1509	4.035893212217318
1510	4.035893212217318
1511	4.0020687273004265
1512	4.0020687273004265
1513	4.0020687273004265
1514	4.259394890816283
1515	4.259394890816283
1516	4.259394890816283
1517	4.139176661393428
1518	4.139176661393428
1519	4.139176661393428
1520	3.6567520531085624
1521	3.6567520531085624
1522	3.6567520531085624
1523	5.0221629778866035
1524	5.0221629778866035
1525	5.0221629778866035
1526	4.568644120645715
1527	4.568644120645715
1528	4.568644120645715
1529	4.339299828492697
1530	4.339299828492697
1531	4.339299828492697
1532	4.3241284496501216
1533	4.3241284496501216
1534	4.3241284496501216
1535	2.7082526866458805
1536	2.7082526866458805
1537	2.7082526866458805
1538	4.454862422172434
1539	4.454862422172434
1540	4.454862422172434
1541	4.447561987304623
1542	4.447561987304623
1543	4.447561987304623
1544	3.492913435847264
1545	3.492913435847264
1546	3.492913435847264
1547	6.308086761303607
1548	6.308086761303607
1549	6.308086761303607
1550	2.7628917889176448
1551	2.7628917889176448
1552	2.7628917889176448
1553	4.450518813712532
1554	4.450518813712532
1555	4.450518813712532
1556	3.8121489135462814
1557	3.8121489135462814
1558	3.8121489135462814
1559	5.617441019887311
1560	5.617441019887311
1561	5.617441019887311
1562	2.12040273563795
1563	2.12040273563795
1564	2.12040273563795
1565	2.5046233194011163
1566	2.5046233194011163
1567	2.5046233194011163
1568	3.652790231502755
1569	3.652790231502755
1570	3.652790231502755
1571	3.430218207220948
1572	3.430218207220948
1573	3.430218207220948
1574	5.602875125992423
1575	5.602875125992423
1576	5.602875125992423
1577	4.746909233181231
1578	4.746909233181231
1579	4.746909233181231
1580	4.324245281967723
1581	4.324245281967723
1582	4.324245281967723
1583	3.6351102368208066
1584	3.6351102368208066
1585	3.6351102368208066
1586	3.156985000684443
1587	3.156985000684443
1588	3.156985000684443
1589	3.324238910277943
1590	3.324238910277943
1591	3.324238910277943
1592	4.9999578713698725
1593	4.9999578713698725
1594	4.9999578713698725
1595	4.68880592116063
1596	4.68880592116063
1597	4.68880592116063
1598	5.58465664736628
1599	5.58465664736628
1600	5.58465664736628
1601	4.136459291429732
1602	4.136459291429732
1603	4.136459291429732
1604	3.946055097283079
1605	3.946055097283079
1606	3.946055097283079
1607	2.7135998834767685
1608	2.7135998834767685
1609	2.7135998834767685
1610	3.6257938207687643
1611	0.8355102187152965
1612	0.8355102187152965
1613	0.8355102187152965
1614	0.6036492302621854
1615	0.6036492302621854
1616	0.6036492302621854
1617	0.6368244047951189
1618	0.6368244047951189
1619	0.6368244047951189
1620	0.5085382357816852
1621	0.5085382357816852
1622	0.5085382357816852
1623	0.5307368804889823
1624	2.2081138242100367
1625	2.2081138242100367
1626	2.2081138242100367
1627	3.375140950793247
1628	3.375140950793247
1629	3.375140950793247
1630	2.3654950683931615
1631	2.3654950683931615
1632	2.3654950683931615
1633	2.920872811056472
1634	2.920872811056472
1635	2.920872811056472
1636	2.571965949702748
1637	2.571965949702748
1638	2.571965949702748
1639	1.9292868034689012
1640	1.9292868034689012
1641	1.9292868034689012
1642	2.4751300794886526
1643	2.4751300794886526
1644	2.4751300794886526
1645	1.9932270535637011
1646	1.9932270535637011
1647	1.9932270535637011
1648	1.8603294286522192
1649	1.8603294286522192
1650	1.8603294286522192
1651	2.8947328513815025
1652	2.8947328513815025
1653	2.8947328513815025
1654	3.827084125945157
1655	3.827084125945157
1656	3.827084125945157
1657	3.580608120268174
1658	3.580608120268174
1659	3.580608120268174
1660	3.854939461932709
1661	3.854939461932709
1662	3.854939461932709
1663	1.8418726711899644
1664	1.8418726711899644
1665	1.8418726711899644
1666	3.0516455623026157
1667	3.0516455623026157
1668	3.0516455623026157
1669	2.2067338986268776
1670	2.2067338986268776
1671	2.2067338986268776
1672	2.247740008802934
1673	2.247740008802934
1674	2.247740008802934
1675	3.8377290527703596
1676	3.8377290527703596
1677	3.8377290527703596
1678	3.350787200005767
1679	3.350787200005767
1680	3.350787200005767
1681	2.34634273843114
1682	2.34634273843114
1683	2.34634273843114
1684	4.157878177725864
1685	4.157878177725864
1686	4.157878177725864
1687	5.012669953254635
1688	5.012669953254635
1689	5.012669953254635
1690	4.014799080749708
1691	4.014799080749708
1692	4.014799080749708
1693	3.0521527511234483
1694	3.0521527511234483
1695	3.0521527511234483
1696	3.1790167498754465
1697	3.1790167498754465
1698	3.1790167498754465
1699	5.150502686228
1700	5.150502686228
1701	5.150502686228
1702	4.973694648164896
1703	4.973694648164896
1704	4.973694648164896
1705	2.5532622973934807
1706	2.5532622973934807
1707	2.5532622973934807
1708	3.394330815809217
1709	3.394330815809217
1710	3.394330815809217
1711	3.314745208167362
1712	3.314745208167362
1713	3.314745208167362
1714	3.039603731540008
1715	3.039603731540008
1716	3.039603731540008
1717	2.804710450845657
1718	2.804710450845657
1719	2.804710450845657
1720	4.329707974353542
1721	4.329707974353542
1722	4.329707974353542
1723	4.359432973977068
1724	4.359432973977068
1725	4.359432973977068
1726	4.7946129606312295
1727	4.7946129606312295
1728	4.7946129606312295
1729	4.071550511271637
1730	4.071550511271637
1731	4.071550511271637
1732	4.591822036972318
1733	4.591822036972318
1734	4.591822036972318
1735	3.171790040918181
1736	3.171790040918181
1737	3.171790040918181
1738	4.8332643891645555
1739	4.8332643891645555
1740	4.8332643891645555
1741	3.492893916388394
1742	3.492893916388394
1743	3.492893916388394
1744	4.314737571337243
1745	4.314737571337243
1746	4.314737571337243
1747	3.1396277909579133
1748	3.1396277909579133
1749	3.1396277909579133
1750	3.8409395512451217
1751	3.8409395512451217
1752	3.8409395512451217
1753	3.0711646503219647
1754	3.0711646503219647
1755	3.0711646503219647
1756	3.045626424372247
1757	3.045626424372247
1758	3.045626424372247
1759	3.4819888503906022
1760	3.4819888503906022
1761	3.4819888503906022
1762	2.4829327219892514
1763	2.4829327219892514
1764	2.4829327219892514
1765	4.477424966186726
1766	4.477424966186726
1767	4.477424966186726
1768	5.13326420198012
1769	5.13326420198012
1770	5.13326420198012
1771	2.89120750805093
1772	2.89120750805093
1773	2.89120750805093
1774	4.23005708260408
1775	4.23005708260408
1776	4.23005708260408
1777	5.245596247404657
1778	5.245596247404657
1779	5.245596247404657
1780	3.1439499243277766
1781	3.1439499243277766
1782	3.1439499243277766
1783	3.6860630578811104
1784	3.6860630578811104
1785	3.6860630578811104
1786	3.175399385800761
1787	3.175399385800761
1788	3.175399385800761
1789	4.23007464707958
1790	4.23007464707958
1791	4.23007464707958
1792	3.5041336248386994
1793	3.5041336248386994
1794	3.5041336248386994
1795	5.36143889795505
1796	5.36143889795505
1797	5.36143889795505
1798	2.8020423086065835
1799	2.8020423086065835
1800	2.8020423086065835
1801	3.0919161698817876
1802	3.0919161698817876
1803	3.0919161698817876
1804	4.220592566834444
1805	4.220592566834444
1806	0.5995297448951923
1807	0.5995297448951923
1808	0.5995297448951923
1809	1.4790377664111876
1810	1.4790377664111876
1811	1.4790377664111876
1812	0.9491560408073076
1813	0.9491560408073076
1814	0.9491560408073076
1815	1.4968408829693172
1816	1.4968408829693172
1817	1.4968408829693172
1818	1.0365301953821466
1819	1.0365301953821466
1820	1.0365301953821466
1821	1.2506905070076475
1822	1.2506905070076475
1823	1.2506905070076475
1824	1.3645041191400495
1825	1.3645041191400495
1826	1.3645041191400495
1827	1.1343785102501143
1828	1.1343785102501143
1829	1.1343785102501143
1830	1.2171811385252866
1831	1.2171811385252866
1832	1.2171811385252866
1833	1.2448440662281506
1834	1.2448440662281506
1835	1.2448440662281506
1836	1.1359404959676727
1837	1.1359404959676727
1838	1.1359404959676727
1839	0.7173526461877517
1840	0.7173526461877517
1841	0.7173526461877517
1842	1.252229628784294
1843	1.252229628784294
1844	1.252229628784294
1845	1.2517909839183692
1846	1.2517909839183692
1847	1.2517909839183692
1848	1.4559393264073102
1849	1.4559393264073102
1850	1.4559393264073102
1851	1.458174889321454
1852	1.458174889321454
1853	1.458174889321454
1854	1.1216771240869303
1855	1.1216771240869303
1856	1.1216771240869303
1857	1.0195817325524485
1858	1.0195817325524485
1859	1.0195817325524485
1860	0.6569052592224874
1861	0.6569052592224874
1862	0.6569052592224874
1863	1.133568273419323
1864	1.133568273419323
1865	1.133568273419323
1866	0.7743701043281663
1867	0.7743701043281663
1868	0.7743701043281663
1869	1.230848278624795
1870	1.230848278624795
1871	1.230848278624795
1872	0.7038890564883601
1873	0.7038890564883601
1874	0.7038890564883601
1875	1.182606009579958
1876	1.182606009579958
1877	1.182606009579958
1878	0.7688570823993671
1879	0.7688570823993671
1880	0.7688570823993671
1881	0.26100440941723824
1882	0.26100440941723824
1883	0.26100440941723824
1884	1.1923486668724148
1885	1.1923486668724148
1886	1.1923486668724148
1887	0.6029945139099652
1888	0.6029945139099652
1889	0.6029945139099652
1890	0.8188756178407133
1891	0.8188756178407133
1892	0.8188756178407133
1893	0.5953120026735634
1894	0.5953120026735634
1895	0.5953120026735634
1896	0.8014987124208959
1897	0.8014987124208959
1898	0.8014987124208959
1899	1.3428111185316152
1900	1.3428111185316152
1901	1.3428111185316152
1902	1.0013100978793144
1903	1.0013100978793144
1904	1.0013100978793144
1905	0.5791058479886704
1906	0.5791058479886704
1907	0.5791058479886704
1908	1.4206326887302059
1909	1.4206326887302059
1910	1.4206326887302059
1911	0.9465162528168569
1912	0.9465162528168569
1913	0.9465162528168569
1914	0.8239506562620791
1915	0.8239506562620791
1916	0.8239506562620791
1917	0.8147616391415857
1918	0.8147616391415857
1919	0.8147616391415857
1920	1.1363472264134644
1921	1.1363472264134644
1922	1.1363472264134644
1923	0.6196169244745702
1924	0.6196169244745702
1925	0.6196169244745702
1926	1.1261752528354632
1927	1.1261752528354632
1928	1.1261752528354632
1929	0.944409201287639
1930	0.944409201287639
1931	0.944409201287639
1932	1.0084258285316265
1933	1.0084258285316265
1934	1.0084258285316265
1935	1.054729579426054
1936	1.054729579426054
1937	1.054729579426054
1938	1.0004830015553847
1939	1.0004830015553847
1940	1.0004830015553847
1941	1.3803811681026632
1942	1.3803811681026632
1943	1.3803811681026632
1944	0.8153859786392084
1945	0.8153859786392084
1946	0.8153859786392084
1947	0.7722185919313451
1948	0.7722185919313451
1949	0.7722185919313451
1950	1.12797133844755
1951	1.12797133844755
1952	1.12797133844755
1953	1.3831131262354237
1954	1.3831131262354237
1955	1.3831131262354237
1956	1.3976640037169328
1957	1.3976640037169328
1958	1.3976640037169328
1959	0.9273734938948095
1960	0.9273734938948095
1961	0.9273734938948095
1962	0.7672195323326536
1963	0.7672195323326536
1964	0.7672195323326536
1965	0.821726042163422
1966	0.821726042163422
1967	0.821726042163422
1968	1.641193909218531
1969	1.641193909218531
1970	1.641193909218531
1971	1.4007864002886
1972	1.4007864002886
1973	1.4007864002886
1974	0.842571775265972
1975	0.842571775265972
1976	0.842571775265972
1977	1.1892700255053728
1978	1.1892700255053728
1979	1.1892700255053728
1980	1.0675712415158405
1981	1.0675712415158405
1982	1.0675712415158405
1983	1.140180142729245
1984	1.140180142729245
1985	1.140180142729245
1986	1.1511035808580934
1987	1.1511035808580934
1988	1.1511035808580934
1989	1.4695780985909983
1990	1.4695780985909983
1991	1.4695780985909983
1992	1.1894660871811826
1993	1.1894660871811826
1994	1.1894660871811826
1995	0.8532318751461427
1996	0.8532318751461427
1997	0.8532318751461427
1998	1.2696427914946995
1999	1.2696427914946995
