0	1.486714036600262
1	1.486714036600262
2	1.486714036600262
3	1.486714036600262
4	1.486714036600262
5	1.4953560682077642
6	1.4953560682077642
7	1.4953560682077642
8	1.4953560682077642
9	1.4953560682077642
10	1.493632689287445
11	1.493632689287445
12	1.493632689287445
13	1.493632689287445
14	1.493632689287445
15	0.46974990120120363
16	0.46974990120120363
17	0.46974990120120363
18	0.46974990120120363
19	0.46974990120120363
20	1.1215989370105721
21	1.1215989370105721
22	1.1215989370105721
23	1.1215989370105721
24	1.1215989370105721
25	0.7863596500202652
26	0.7863596500202652
27	0.7863596500202652
28	0.7863596500202652
29	0.7863596500202652
30	1.4926746662133363
31	1.4926746662133363
32	1.4926746662133363
33	1.4926746662133363
34	1.4926746662133363
35	1.246675521046885
36	1.246675521046885
37	1.246675521046885
38	1.246675521046885
39	1.246675521046885
40	1.5983259915724788
41	1.5983259915724788
42	1.5983259915724788
43	1.5983259915724788
44	1.5983259915724788
45	0.5752428110419078
46	0.5752428110419078
47	0.5752428110419078
48	0.5752428110419078
49	0.5752428110419078
50	1.1203273823013928
51	1.1203273823013928
52	1.1203273823013928
53	1.1203273823013928
54	1.1203273823013928
55	0.7425422783913229
56	0.7425422783913229
57	0.7425422783913229
58	0.7425422783913229
59	0.7425422783913229
60	0.9837902126665857
61	0.9837902126665857
62	0.9837902126665857
63	0.9837902126665857
64	0.9837902126665857
65	2.0773095882339647
66	2.0773095882339647
67	2.0773095882339647
68	2.0773095882339647
69	2.0773095882339647
70	0.9031855222375256
71	0.9031855222375256
72	0.9031855222375256
73	0.9031855222375256
74	0.9031855222375256
75	1.595932782843262
76	1.595932782843262
77	1.595932782843262
78	1.595932782843262
79	1.595932782843262
80	1.1815427476008147
81	1.1815427476008147
82	1.1815427476008147
83	1.1815427476008147
84	1.1815427476008147
85	0.6027999251896266
86	0.6027999251896266
87	0.6027999251896266
88	0.6027999251896266
89	0.6027999251896266
90	1.4097197337025835
91	1.4097197337025835
92	1.4097197337025835
93	1.4097197337025835
94	1.4097197337025835
95	1.51530645560233
96	1.51530645560233
97	1.51530645560233
98	1.51530645560233
99	1.51530645560233
100	2.265209212619517
101	2.265209212619517
102	2.265209212619517
103	2.265209212619517
104	2.265209212619517
105	2.067158277414568
106	2.067158277414568
107	2.067158277414568
108	2.067158277414568
109	2.067158277414568
110	1.3403508661436445
111	1.3403508661436445
112	1.3403508661436445
113	1.3403508661436445
114	1.3403508661436445
115	0.8964887612195672
116	0.8964887612195672
117	0.8964887612195672
118	0.8964887612195672
119	0.8964887612195672
120	2.547453815298888
121	2.547453815298888
122	2.547453815298888
123	0.6563065066461747
124	0.6563065066461747
125	0.6563065066461747
126	0.6563065066461747
127	0.6563065066461747
128	0.3489201211279867
129	0.3489201211279867
130	0.3489201211279867
131	0.3489201211279867
132	0.3489201211279867
133	0.5828537613906549
134	0.5828537613906549
135	0.5828537613906549
136	0.5828537613906549
137	0.5828537613906549
138	0.6698281584048901
139	0.6698281584048901
140	0.6698281584048901
141	0.6698281584048901
142	0.6698281584048901
143	0.5491295326533677
144	0.5491295326533677
145	0.5491295326533677
146	0.5491295326533677
147	0.5491295326533677
148	0.34766017100880964
149	0.34766017100880964
150	0.34766017100880964
151	0.34766017100880964
152	0.34766017100880964
153	0.6860532969657805
154	0.6860532969657805
155	0.6860532969657805
156	0.6860532969657805
157	0.6860532969657805
158	0.612130127411231
159	0.612130127411231
160	0.612130127411231
161	0.612130127411231
162	0.612130127411231
163	0.5206899446899353
164	0.5206899446899353
165	0.5206899446899353
166	0.5206899446899353
167	0.5206899446899353
168	0.7803677540958155
169	0.7803677540958155
170	0.7803677540958155
171	0.7803677540958155
172	0.7803677540958155
173	0.7300896077435453
174	0.7300896077435453
175	0.7300896077435453
176	0.7300896077435453
177	0.7300896077435453
178	1.2406689664863588
179	1.2406689664863588
180	1.2406689664863588
181	1.2406689664863588
182	1.2406689664863588
183	2.773994491070845
184	2.773994491070845
185	2.773994491070845
186	2.773994491070845
187	2.773994491070845
188	2.5288147796271527
189	2.5288147796271527
190	2.5288147796271527
191	2.5288147796271527
192	2.5288147796271527
193	2.227163132538837
194	2.227163132538837
195	2.227163132538837
196	2.227163132538837
197	2.227163132538837
198	2.9575502009628813
199	2.9575502009628813
200	0.6256582549163748
201	0.6256582549163748
202	0.6256582549163748
203	0.6256582549163748
204	0.6256582549163748
205	0.10570227885009031
206	0.10570227885009031
207	0.10570227885009031
208	0.10570227885009031
209	0.10570227885009031
210	0.6610680142273182
211	0.6610680142273182
212	0.6610680142273182
213	0.6610680142273182
214	0.6610680142273182
215	0.621733894813264
216	0.621733894813264
217	0.621733894813264
218	0.621733894813264
219	0.621733894813264
220	0.2814474223657545
221	0.2814474223657545
222	0.2814474223657545
223	0.2814474223657545
224	0.2814474223657545
225	0.9964634186659345
226	0.9964634186659345
227	0.9964634186659345
228	0.9964634186659345
229	0.9964634186659345
230	0.5516596245168488
231	0.5516596245168488
232	0.5516596245168488
233	0.5516596245168488
234	0.5516596245168488
235	0.7942459544207111
236	0.7942459544207111
237	0.7942459544207111
238	0.7942459544207111
239	0.7942459544207111
240	0.5707913576105965
241	0.5707913576105965
242	0.5707913576105965
243	0.5707913576105965
244	0.5707913576105965
245	0.6094083628742821
246	0.6094083628742821
247	0.6094083628742821
248	0.6094083628742821
249	0.6094083628742821
250	0.7506788491174158
251	0.7506788491174158
252	0.7506788491174158
253	0.7506788491174158
254	0.7506788491174158
255	0.5999437944608846
256	0.5999437944608846
257	0.5999437944608846
258	0.5999437944608846
259	0.5999437944608846
260	0.8858582590505494
261	0.8858582590505494
262	0.8858582590505494
263	0.8858582590505494
264	0.8858582590505494
265	0.45022210945444086
266	0.45022210945444086
267	0.45022210945444086
268	0.45022210945444086
269	0.45022210945444086
270	0.46093567328721513
271	0.46093567328721513
272	0.46093567328721513
273	0.46093567328721513
274	0.46093567328721513
275	0.9875961800802096
276	0.9875961800802096
277	0.9875961800802096
278	0.9875961800802096
279	0.9875961800802096
280	0.9687654085443014
281	0.9687654085443014
282	0.9687654085443014
283	0.9687654085443014
284	0.9687654085443014
285	0.43352180733090295
286	0.43352180733090295
287	0.43352180733090295
288	0.43352180733090295
289	0.43352180733090295
290	0.5863925370884551
291	0.5863925370884551
292	0.5863925370884551
293	0.5863925370884551
294	0.5863925370884551
295	0.8431486351984747
296	0.8431486351984747
297	0.8431486351984747
298	0.8431486351984747
299	0.8431486351984747
300	0.3330052160565009
301	0.3330052160565009
302	0.3330052160565009
303	0.3330052160565009
304	0.3330052160565009
305	0.8134460261199098
306	0.8134460261199098
307	0.8134460261199098
308	0.8134460261199098
309	0.8134460261199098
310	0.5110505342656115
311	0.5110505342656115
312	0.5110505342656115
313	0.5110505342656115
314	0.5110505342656115
315	0.5286508138647757
316	0.5286508138647757
317	0.5286508138647757
318	0.5286508138647757
319	0.5286508138647757
320	0.5811787170833178
321	0.5811787170833178
322	0.5811787170833178
323	0.5811787170833178
324	0.5811787170833178
325	0.3913507027697992
326	0.3913507027697992
327	0.3913507027697992
328	0.3913507027697992
329	0.3913507027697992
330	0.3397716474087682
331	0.3397716474087682
332	0.3397716474087682
333	0.3397716474087682
334	0.3397716474087682
335	0.6689880416037501
336	0.6689880416037501
337	0.6689880416037501
338	0.6689880416037501
339	0.6689880416037501
340	0.5263827320416856
341	0.5263827320416856
342	0.5263827320416856
343	0.5263827320416856
344	0.5263827320416856
345	0.7846672273606772
346	0.7846672273606772
347	1.3363587435915192
348	1.3363587435915192
349	1.3363587435915192
350	1.3363587435915192
351	1.3363587435915192
352	0.9692592507409039
353	0.9692592507409039
354	0.9692592507409039
355	0.9692592507409039
356	0.9692592507409039
357	1.8078737086326264
358	1.8078737086326264
359	1.8078737086326264
360	1.8078737086326264
361	1.8078737086326264
362	2.6100486958675404
363	2.6100486958675404
364	1.578641412047641
365	1.578641412047641
366	1.578641412047641
367	1.578641412047641
368	1.578641412047641
369	2.2573351732445097
370	2.2573351732445097
371	2.2573351732445097
372	2.2573351732445097
373	2.2573351732445097
374	1.8980580778852176
375	1.8980580778852176
376	1.8980580778852176
377	1.8980580778852176
378	1.8980580778852176
379	1.4070200999095448
380	1.4070200999095448
381	1.4070200999095448
382	1.4070200999095448
383	1.4070200999095448
384	2.1736371265559633
385	2.1736371265559633
386	2.1736371265559633
387	2.1736371265559633
388	2.1736371265559633
389	2.2666629841450687
390	2.2666629841450687
391	2.2666629841450687
392	2.2666629841450687
393	2.2666629841450687
394	1.886208350671935
395	1.886208350671935
396	1.886208350671935
397	1.886208350671935
398	1.886208350671935
399	2.0434086458874074
400	2.0434086458874074
401	2.0434086458874074
402	2.0434086458874074
403	2.0434086458874074
404	1.2284705751866847
405	1.2284705751866847
406	1.2284705751866847
407	1.2284705751866847
408	1.2284705751866847
409	1.8802827025816093
410	1.8802827025816093
411	1.8802827025816093
412	1.8802827025816093
413	1.8802827025816093
414	1.3718124895018284
415	1.3718124895018284
416	1.3718124895018284
417	1.3718124895018284
418	1.3718124895018284
419	1.6298518224474374
420	1.6298518224474374
421	1.6298518224474374
422	1.6298518224474374
423	1.6298518224474374
424	1.9682448824917795
425	1.9682448824917795
426	1.9682448824917795
427	1.9682448824917795
428	1.9682448824917795
429	2.1467895026553108
430	2.1467895026553108
431	2.1467895026553108
432	2.1467895026553108
433	2.1467895026553108
434	1.3937181604954811
435	1.3937181604954811
436	1.3937181604954811
437	1.3937181604954811
438	1.3937181604954811
439	2.6028222130231766
440	2.6028222130231766
441	2.6028222130231766
442	2.6028222130231766
443	2.6028222130231766
444	2.095185560813794
445	2.095185560813794
446	2.095185560813794
447	2.095185560813794
448	2.095185560813794
449	2.4794498972245687
450	2.4794498972245687
451	2.4794498972245687
452	2.4794498972245687
453	2.4794498972245687
454	1.4846736790822943
455	1.4846736790822943
456	1.4846736790822943
457	1.4846736790822943
458	1.4846736790822943
459	1.946106212281645
460	1.946106212281645
461	1.946106212281645
462	1.946106212281645
463	1.946106212281645
464	2.2916153929756504
465	2.2916153929756504
466	2.2916153929756504
467	2.2916153929756504
468	2.2916153929756504
469	2.42000842193693
470	2.42000842193693
471	2.42000842193693
472	2.2875389047424237
473	2.2875389047424237
474	2.2875389047424237
475	2.2875389047424237
476	2.2875389047424237
477	3.2298394079273334
478	3.2298394079273334
479	3.2298394079273334
480	3.2298394079273334
481	3.2298394079273334
482	3.062317015631036
483	3.062317015631036
484	3.062317015631036
485	3.062317015631036
486	3.062317015631036
487	3.37056554429869
488	3.37056554429869
489	3.37056554429869
490	3.37056554429869
491	3.37056554429869
492	4.86608330446316
493	4.86608330446316
494	4.86608330446316
495	4.86608330446316
496	4.86608330446316
497	3.4655724138464836
498	3.4655724138464836
499	3.4655724138464836
500	3.4655724138464836
501	3.4655724138464836
502	3.6276313496593913
503	3.6276313496593913
504	3.6276313496593913
505	3.6276313496593913
506	3.6276313496593913
507	4.666106137437358
508	4.666106137437358
509	4.666106137437358
510	4.666106137437358
511	4.666106137437358
512	2.489725454635517
513	2.489725454635517
514	2.489725454635517
515	2.489725454635517
516	2.489725454635517
517	2.2747575939596785
518	2.2747575939596785
519	2.2747575939596785
520	2.2747575939596785
521	2.2747575939596785
522	3.3104835155820904
523	3.3104835155820904
524	3.3104835155820904
525	3.3104835155820904
526	3.3104835155820904
527	3.1217909255581535
528	3.1217909255581535
529	3.1217909255581535
530	2.0837964514170078
531	2.0837964514170078
532	2.0837964514170078
533	2.0837964514170078
534	2.0837964514170078
535	2.1928434790428377
536	2.1928434790428377
537	2.1928434790428377
538	2.1928434790428377
539	2.1928434790428377
540	0.5568079044750971
541	0.5568079044750971
542	0.5568079044750971
543	0.5568079044750971
544	0.5568079044750971
545	1.1953798010045706
546	1.1953798010045706
547	1.1953798010045706
548	1.1953798010045706
549	1.1953798010045706
550	1.3443387095483417
551	1.3443387095483417
552	1.3443387095483417
553	1.3443387095483417
554	1.3443387095483417
555	1.1875225825786313
556	1.1875225825786313
557	1.1875225825786313
558	1.1875225825786313
559	1.1875225825786313
560	1.2794119108505926
561	1.2794119108505926
562	1.2794119108505926
563	1.2794119108505926
564	1.2794119108505926
565	1.782945397805745
566	1.782945397805745
567	1.782945397805745
568	1.782945397805745
569	1.782945397805745
570	2.0423561844568625
571	2.0423561844568625
572	2.0423561844568625
573	2.0423561844568625
574	2.0423561844568625
575	2.017186190540275
576	2.017186190540275
577	2.017186190540275
578	2.017186190540275
579	2.017186190540275
580	1.7030173410565643
581	1.7030173410565643
582	1.7030173410565643
583	1.7030173410565643
584	1.7030173410565643
585	0.5125257828784602
586	0.5125257828784602
587	0.5125257828784602
588	0.5125257828784602
589	0.5125257828784602
590	2.3638192118808754
591	2.3638192118808754
592	2.3638192118808754
593	2.3638192118808754
594	2.3638192118808754
595	2.134839024980102
596	2.134839024980102
597	2.134839024980102
598	2.134839024980102
599	2.134839024980102
600	1.323369360886852
601	1.323369360886852
602	1.323369360886852
603	1.323369360886852
604	1.323369360886852
605	1.4976802479729128
606	1.4976802479729128
607	1.4976802479729128
608	1.4976802479729128
609	1.4976802479729128
610	2.713163881736085
611	2.713163881736085
612	2.713163881736085
613	2.713163881736085
614	2.713163881736085
615	1.49978983128136
616	1.49978983128136
617	1.49978983128136
618	1.49978983128136
619	1.49978983128136
620	1.9088012763066735
621	1.9088012763066735
622	1.9088012763066735
623	1.9088012763066735
624	1.9088012763066735
625	1.9347113027089144
626	1.9347113027089144
627	1.9347113027089144
628	1.9347113027089144
629	4.131054229645716
630	4.131054229645716
631	4.131054229645716
632	4.131054229645716
633	4.131054229645716
634	4.749195991990105
635	4.749195991990105
636	4.749195991990105
637	4.749195991990105
638	4.749195991990105
639	2.468641868449935
640	2.468641868449935
641	2.468641868449935
642	2.468641868449935
643	2.468641868449935
644	3.838021667729116
645	3.838021667729116
646	3.838021667729116
647	3.838021667729116
648	3.838021667729116
649	1.9324431738862076
650	1.9324431738862076
651	1.9324431738862076
652	1.9324431738862076
653	1.9324431738862076
654	5.247211027493909
655	5.247211027493909
656	5.247211027493909
657	5.247211027493909
658	5.247211027493909
659	3.8699935097366787
660	3.8699935097366787
661	3.8699935097366787
662	3.8699935097366787
663	3.8699935097366787
664	4.680199923633779
665	4.680199923633779
666	4.680199923633779
667	4.680199923633779
668	4.680199923633779
669	5.155113088389538
670	5.155113088389538
671	5.155113088389538
672	5.155113088389538
673	5.155113088389538
674	5.0393633404698965
675	5.0393633404698965
676	5.0393633404698965
677	5.0393633404698965
678	5.0393633404698965
679	5.614725365114484
680	5.614725365114484
681	5.614725365114484
682	5.614725365114484
683	5.614725365114484
684	5.063554834243259
685	5.063554834243259
686	5.063554834243259
687	5.063554834243259
688	5.063554834243259
689	1.3107174343420716
690	1.3107174343420716
691	1.3107174343420716
692	1.3107174343420716
693	1.3107174343420716
694	3.6385730426721667
695	3.6385730426721667
696	3.6385730426721667
697	3.6385730426721667
698	3.6385730426721667
699	5.777548626348143
700	5.777548626348143
701	5.777548626348143
702	5.777548626348143
703	5.777548626348143
704	4.321942517874225
705	4.321942517874225
706	4.321942517874225
707	4.321942517874225
708	4.321942517874225
709	3.8582355570378875
710	3.8582355570378875
711	3.8582355570378875
712	3.8582355570378875
713	3.8582355570378875
714	1.7402408672344594
715	1.7402408672344594
716	1.7402408672344594
717	1.7402408672344594
718	1.7402408672344594
719	2.4815035160056222
720	2.4815035160056222
721	2.4815035160056222
722	2.4815035160056222
723	2.4815035160056222
724	4.219550170925876
725	4.219550170925876
726	4.219550170925876
727	4.219550170925876
728	4.219550170925876
729	2.303167567863544
730	2.303167567863544
731	2.303167567863544
732	2.303167567863544
733	2.303167567863544
734	4.458156703986142
735	4.458156703986142
736	4.458156703986142
737	4.458156703986142
738	4.458156703986142
739	5.448467768223683
740	5.448467768223683
741	5.448467768223683
742	5.448467768223683
743	5.448467768223683
744	4.304536815382021
745	4.304536815382021
746	4.304536815382021
747	4.304536815382021
748	4.304536815382021
749	3.2330290320065025
750	3.2330290320065025
751	3.2330290320065025
752	3.2330290320065025
753	3.2330290320065025
754	5.390481570204513
755	5.390481570204513
756	5.390481570204513
757	5.390481570204513
758	5.390481570204513
759	5.796683857956594
760	5.796683857956594
761	5.796683857956594
762	5.796683857956594
763	5.796683857956594
764	4.52004098875159
765	4.52004098875159
766	4.52004098875159
767	4.52004098875159
768	4.52004098875159
769	4.138783358045078
770	4.138783358045078
771	4.138783358045078
772	4.138783358045078
773	4.138783358045078
774	1.7385779108924955
775	1.7385779108924955
776	1.7385779108924955
777	1.7385779108924955
778	1.7385779108924955
779	1.1131922321519663
780	0.34471758625206506
781	0.34471758625206506
782	2.850528881875646
783	2.850528881875646
784	2.850528881875646
785	2.850528881875646
786	2.850528881875646
787	2.965292870372453
788	2.965292870372453
789	2.965292870372453
790	2.965292870372453
791	2.965292870372453
792	3.2778824266177984
793	3.2778824266177984
794	3.2778824266177984
795	3.2778824266177984
796	3.2778824266177984
797	3.70830865413391
798	3.70830865413391
799	3.70830865413391
800	3.70830865413391
801	3.70830865413391
802	2.731965190139193
803	2.731965190139193
804	2.731965190139193
805	2.731965190139193
806	2.731965190139193
807	3.606286752155607
808	3.606286752155607
809	3.606286752155607
810	3.606286752155607
811	3.606286752155607
812	3.5023734885444093
813	3.5023734885444093
814	3.5023734885444093
815	3.5023734885444093
816	3.5023734885444093
817	3.696841970495744
818	3.696841970495744
819	3.696841970495744
820	3.696841970495744
821	3.696841970495744
822	2.4960472285953204
823	2.4960472285953204
824	2.4960472285953204
825	2.4960472285953204
826	2.4960472285953204
827	3.3072047132134164
828	3.3072047132134164
829	3.3072047132134164
830	3.3072047132134164
831	3.3072047132134164
832	2.318827676626488
833	2.318827676626488
834	2.318827676626488
835	2.318827676626488
836	2.318827676626488
837	4.510349916287386
838	4.510349916287386
839	4.510349916287386
840	4.510349916287386
841	4.510349916287386
842	4.872408441817643
843	4.872408441817643
844	4.872408441817643
845	4.872408441817643
846	4.872408441817643
847	1.7821283796263239
848	0.4825594784171549
849	0.4825594784171549
850	0.4825594784171549
851	0.4825594784171549
852	0.4825594784171549
853	0.9534405293451944
854	0.9534405293451944
855	0.9534405293451944
856	0.9534405293451944
857	0.9534405293451944
858	0.38771962990317327
859	0.38771962990317327
860	0.38771962990317327
861	0.38771962990317327
862	0.38771962990317327
863	0.8138422514539357
864	0.8138422514539357
865	0.8138422514539357
866	0.8138422514539357
867	0.8138422514539357
868	0.756909545094091
869	0.756909545094091
870	0.756909545094091
871	0.756909545094091
872	0.756909545094091
873	0.5338402015163279
874	0.5338402015163279
875	0.5338402015163279
876	0.5338402015163279
877	0.5338402015163279
878	0.34696382556297495
879	0.34696382556297495
880	0.34696382556297495
881	0.34696382556297495
882	0.34696382556297495
883	0.4424373798136978
884	0.4424373798136978
885	0.4424373798136978
886	0.4424373798136978
887	0.4424373798136978
888	0.22277915587030178
889	0.22277915587030178
890	0.22277915587030178
891	0.22277915587030178
892	0.22277915587030178
893	0.139500737322225
894	0.139500737322225
895	0.139500737322225
896	0.139500737322225
897	0.139500737322225
898	0.5164289547013378
899	0.5164289547013378
900	0.5164289547013378
901	0.5164289547013378
902	0.5164289547013378
903	0.7949974202785792
904	0.7949974202785792
905	0.7949974202785792
906	0.7949974202785792
907	0.7949974202785792
908	0.9466365677968811
909	0.9466365677968811
910	0.9466365677968811
911	0.9466365677968811
912	0.9466365677968811
913	0.9568515362918967
914	0.9568515362918967
915	0.9568515362918967
916	0.9568515362918967
917	0.9568515362918967
918	1.1659697639998061
919	1.1659697639998061
920	1.1659697639998061
921	1.1659697639998061
922	1.1659697639998061
923	0.11193225448181399
924	0.11193225448181399
925	0.11193225448181399
926	0.11193225448181399
927	0.11193225448181399
928	0.448541094976423
929	0.448541094976423
930	0.448541094976423
931	0.448541094976423
932	0.448541094976423
933	0.4724888479522372
934	0.4724888479522372
935	0.4724888479522372
936	0.4724888479522372
937	0.4724888479522372
938	0.6921166497342289
939	0.6921166497342289
940	0.6921166497342289
941	0.6921166497342289
942	0.6921166497342289
943	0.8704133980534343
944	0.8704133980534343
945	0.8704133980534343
946	0.8704133980534343
947	0.8704133980534343
948	1.1382197457272805
949	1.1382197457272805
950	1.1382197457272805
951	1.1382197457272805
952	1.1382197457272805
953	0.7053353045145888
954	0.7053353045145888
955	0.7053353045145888
956	0.7053353045145888
957	0.7053353045145888
958	0.756575859969042
959	0.756575859969042
960	0.756575859969042
961	0.756575859969042
962	0.756575859969042
963	0.47089145306180097
964	0.47089145306180097
965	0.47089145306180097
966	0.47089145306180097
967	0.47089145306180097
968	1.0392784630916272
969	1.0392784630916272
970	1.0392784630916272
971	1.0392784630916272
972	1.0392784630916272
973	0.7099775772007785
974	0.7099775772007785
975	0.7099775772007785
976	0.7099775772007785
977	0.7099775772007785
978	0.9544543211405958
979	0.9544543211405958
980	0.9544543211405958
981	0.9544543211405958
982	0.9544543211405958
983	0.7515763241328844
984	0.7515763241328844
985	0.7515763241328844
986	0.7515763241328844
987	0.7515763241328844
988	0.53501686758765
989	0.53501686758765
990	0.53501686758765
991	0.53501686758765
992	0.53501686758765
993	0.4312933571425793
994	0.4312933571425793
995	0.4312933571425793
996	0.4312933571425793
997	0.4312933571425793
998	0.6089861187471513
999	0.6089861187471513
1000	0.6089861187471513
1001	0.6089861187471513
1002	0.6089861187471513
1003	0.6945449445993903
1004	0.6945449445993903
1005	0.6945449445993903
1006	0.6945449445993903
1007	0.6945449445993903
1008	0.6822388512421208
1009	0.6822388512421208
1010	0.6822388512421208
1011	0.6822388512421208
1012	0.6822388512421208
1013	0.8549235109366937
1014	0.8549235109366937
1015	0.8549235109366937
1016	0.8549235109366937
1017	0.8549235109366937
1018	0.6845243966727086
1019	0.6845243966727086
1020	0.6845243966727086
1021	0.6845243966727086
1022	0.6845243966727086
1023	0.4796839223432463
1024	0.4796839223432463
1025	0.4796839223432463
1026	0.4796839223432463
1027	0.4796839223432463
1028	0.7429642285473714
1029	0.7429642285473714
1030	0.7429642285473714
1031	0.7429642285473714
1032	0.7429642285473714
1033	0.6853515461748705
1034	0.6853515461748705
1035	0.6853515461748705
1036	0.6853515461748705
1037	0.6853515461748705
1038	0.46851878107785444
1039	0.46851878107785444
1040	0.46851878107785444
1041	0.46851878107785444
1042	0.46851878107785444
1043	0.1711036301652467
1044	0.1711036301652467
1045	0.1711036301652467
1046	0.1711036301652467
1047	0.1711036301652467
1048	0.38756814315161564
1049	0.38756814315161564
1050	0.38756814315161564
1051	0.38756814315161564
1052	0.38756814315161564
1053	0.6191267637990315
1054	0.6191267637990315
1055	0.6191267637990315
1056	0.6191267637990315
1057	0.6191267637990315
1058	0.8439426502202313
1059	0.8439426502202313
1060	0.8439426502202313
1061	0.8439426502202313
1062	0.8439426502202313
1063	1.0437204036203815
1064	1.0437204036203815
1065	1.0437204036203815
1066	1.0437204036203815
1067	1.0437204036203815
1068	0.7711926805656828
1069	0.7711926805656828
1070	0.7711926805656828
1071	0.7711926805656828
1072	2.737131382964559
1073	2.737131382964559
1074	2.737131382964559
1075	2.737131382964559
1076	2.737131382964559
1077	3.09683531824812
1078	3.09683531824812
1079	3.09683531824812
1080	3.09683531824812
1081	3.09683531824812
1082	4.41109269693537
1083	4.41109269693537
1084	4.41109269693537
1085	4.41109269693537
1086	4.41109269693537
1087	3.2882954963614828
1088	3.2882954963614828
1089	3.2882954963614828
1090	3.2882954963614828
1091	3.2882954963614828
1092	1.8671670639800682
1093	1.8671670639800682
1094	1.8671670639800682
1095	1.8671670639800682
1096	1.8671670639800682
1097	3.2692735968021114
1098	3.2692735968021114
1099	3.2692735968021114
1100	3.2692735968021114
1101	3.2692735968021114
1102	4.634618147411182
1103	4.634618147411182
1104	4.634618147411182
1105	4.634618147411182
1106	4.634618147411182
1107	3.041208704797537
1108	3.041208704797537
1109	3.041208704797537
1110	3.041208704797537
1111	3.041208704797537
1112	3.497738067663414
1113	3.497738067663414
1114	3.497738067663414
1115	3.497738067663414
1116	3.497738067663414
1117	1.9819878312469725
1118	1.9819878312469725
1119	1.9819878312469725
1120	1.9819878312469725
1121	1.9819878312469725
1122	1.8164779803522166
1123	1.8164779803522166
1124	1.8164779803522166
1125	1.8164779803522166
1126	1.8164779803522166
1127	3.5170188607546162
1128	3.5170188607546162
1129	3.5170188607546162
1130	3.5170188607546162
1131	3.5170188607546162
1132	1.6702926325182266
1133	1.6702926325182266
1134	1.6702926325182266
1135	1.6702926325182266
1136	1.6702926325182266
1137	3.744250935632314
1138	0.6983141875419786
1139	0.6983141875419786
1140	0.6983141875419786
1141	0.6983141875419786
1142	0.6983141875419786
1143	0.4683137902889205
1144	0.4683137902889205
1145	0.4683137902889205
1146	0.4683137902889205
1147	0.4683137902889205
1148	0.40740035177007394
1149	0.40740035177007394
1150	0.40740035177007394
1151	0.40740035177007394
1152	0.40740035177007394
1153	0.46559405595901726
1154	0.46559405595901726
1155	0.46559405595901726
1156	0.46559405595901726
1157	0.46559405595901726
1158	0.7692734718456812
1159	0.7692734718456812
1160	0.7692734718456812
1161	0.7692734718456812
1162	0.7692734718456812
1163	0.59221117624375
1164	0.59221117624375
1165	0.59221117624375
1166	0.59221117624375
1167	0.59221117624375
1168	1.0549238693329968
1169	1.0549238693329968
1170	1.0549238693329968
1171	1.0549238693329968
1172	1.0549238693329968
1173	0.8894333637964273
1174	0.8894333637964273
1175	0.8894333637964273
1176	0.8894333637964273
1177	0.8894333637964273
1178	0.4001720514886168
1179	0.4001720514886168
1180	0.4001720514886168
1181	0.4001720514886168
1182	0.4001720514886168
1183	0.6311703364330237
1184	0.6311703364330237
1185	0.6311703364330237
1186	0.6311703364330237
1187	0.6311703364330237
1188	0.6308857027066986
1189	0.6308857027066986
1190	0.6308857027066986
1191	0.6308857027066986
1192	0.6308857027066986
1193	0.6836285953965253
1194	0.6836285953965253
1195	0.6836285953965253
1196	0.6836285953965253
1197	0.6836285953965253
1198	0.5260444938353834
1199	0.5260444938353834
1200	0.5260444938353834
1201	0.5260444938353834
1202	0.5260444938353834
1203	0.6676466178217485
1204	0.6676466178217485
1205	0.6676466178217485
1206	0.6676466178217485
1207	0.6676466178217485
1208	0.4134047338330286
1209	0.4134047338330286
1210	0.4134047338330286
1211	0.4134047338330286
1212	0.4134047338330286
1213	1.2549416404514215
1214	1.2549416404514215
1215	1.2549416404514215
1216	1.2549416404514215
1217	1.2549416404514215
1218	0.49725239341541605
1219	0.49725239341541605
1220	0.49725239341541605
1221	0.49725239341541605
1222	0.49725239341541605
1223	0.8654769216494118
1224	0.8654769216494118
1225	0.8654769216494118
1226	0.8654769216494118
1227	0.8654769216494118
1228	0.5690562245652877
1229	0.5690562245652877
1230	0.5690562245652877
1231	0.5690562245652877
1232	0.5690562245652877
1233	0.2835261042946071
1234	0.2835261042946071
1235	0.2835261042946071
1236	0.2835261042946071
1237	0.2835261042946071
1238	0.8689997073831366
1239	0.8689997073831366
1240	0.8689997073831366
1241	0.8689997073831366
1242	0.8689997073831366
1243	0.7406422388602721
1244	0.7406422388602721
1245	0.7406422388602721
1246	0.7406422388602721
1247	0.7406422388602721
1248	0.7170452126895516
1249	0.7170452126895516
1250	0.7170452126895516
1251	0.7170452126895516
1252	0.7170452126895516
1253	0.22349035513124937
1254	0.22349035513124937
1255	0.22349035513124937
1256	0.22349035513124937
1257	0.22349035513124937
1258	0.3478427000968153
1259	0.3478427000968153
1260	0.3478427000968153
1261	0.3478427000968153
1262	0.3478427000968153
1263	0.8802123089204653
1264	0.8802123089204653
1265	0.8802123089204653
1266	0.8802123089204653
1267	0.8802123089204653
1268	0.5745783819654685
1269	0.5745783819654685
1270	0.5745783819654685
1271	0.5745783819654685
1272	0.5745783819654685
1273	0.4327477790046226
1274	0.4327477790046226
1275	0.4327477790046226
1276	0.4327477790046226
1277	0.4327477790046226
1278	0.7154598484245466
1279	0.7154598484245466
1280	0.7154598484245466
1281	0.7154598484245466
1282	0.7154598484245466
1283	0.512402403783941
1284	0.512402403783941
1285	0.512402403783941
1286	0.512402403783941
1287	0.512402403783941
1288	0.7363217019784657
1289	0.7363217019784657
1290	0.7363217019784657
1291	0.7363217019784657
1292	0.7363217019784657
1293	0.6708167075834616
1294	0.6708167075834616
1295	0.6708167075834616
1296	0.6708167075834616
1297	0.6708167075834616
1298	0.5490105413278801
1299	0.5490105413278801
1300	0.5490105413278801
1301	0.5490105413278801
1302	0.5490105413278801
1303	0.7756879625498397
1304	0.7756879625498397
1305	0.7756879625498397
1306	0.7756879625498397
1307	0.7756879625498397
1308	0.37089852476431395
1309	0.37089852476431395
1310	0.37089852476431395
1311	0.37089852476431395
1312	0.37089852476431395
1313	1.0341753037270467
1314	1.0341753037270467
1315	1.0341753037270467
1316	1.0341753037270467
1317	4.152796014961897
1318	4.152796014961897
1319	4.152796014961897
1320	4.152796014961897
1321	4.152796014961897
1322	3.6946951746522974
1323	2.3582696454980936
1324	2.3582696454980936
1325	2.3582696454980936
1326	2.3582696454980936
1327	2.3582696454980936
1328	2.0885141063855563
1329	2.0885141063855563
1330	2.0885141063855563
1331	2.0885141063855563
1332	2.0885141063855563
1333	3.107752944396155
1334	3.107752944396155
1335	3.107752944396155
1336	3.107752944396155
1337	3.107752944396155
1338	3.624830371961966
1339	3.624830371961966
1340	3.624830371961966
1341	3.624830371961966
1342	3.624830371961966
1343	1.794159432732059
1344	1.794159432732059
1345	1.794159432732059
1346	1.794159432732059
1347	1.794159432732059
1348	3.707477502503641
1349	3.707477502503641
1350	3.707477502503641
1351	3.707477502503641
1352	3.707477502503641
1353	4.4548972667699065
1354	4.4548972667699065
1355	4.4548972667699065
1356	4.4548972667699065
1357	4.4548972667699065
1358	1.8901356274180983
1359	1.8901356274180983
1360	1.8901356274180983
1361	1.8901356274180983
1362	1.8901356274180983
1363	3.199331832859409
1364	3.199331832859409
1365	3.199331832859409
1366	3.199331832859409
1367	3.199331832859409
1368	1.2445480467828536
1369	1.2445480467828536
1370	1.2445480467828536
1371	1.2445480467828536
1372	1.2445480467828536
1373	3.3754161961349656
1374	3.3754161961349656
1375	3.3754161961349656
1376	3.3754161961349656
1377	3.3754161961349656
1378	1.5963129688105622
1379	1.5963129688105622
1380	1.5963129688105622
1381	1.5963129688105622
1382	1.5963129688105622
1383	4.345828728371931
1384	4.345828728371931
1385	4.345828728371931
1386	4.345828728371931
1387	4.345828728371931
1388	3.273873521159709
1389	3.273873521159709
1390	3.273873521159709
1391	3.273873521159709
1392	3.273873521159709
1393	1.686567315293131
1394	1.686567315293131
1395	1.686567315293131
1396	5.382779382570485
1397	5.382779382570485
1398	5.382779382570485
1399	5.382779382570485
1400	5.382779382570485
1401	2.9956977685052015
1402	2.9956977685052015
1403	2.9956977685052015
1404	2.9956977685052015
1405	2.9956977685052015
1406	4.846247331571043
1407	4.846247331571043
1408	4.846247331571043
1409	4.846247331571043
1410	4.846247331571043
1411	4.079533315313868
1412	4.079533315313868
1413	4.079533315313868
1414	4.079533315313868
1415	4.079533315313868
1416	4.902625433621436
1417	4.902625433621436
1418	4.902625433621436
1419	4.902625433621436
1420	4.902625433621436
1421	4.810398585122718
1422	4.810398585122718
1423	4.810398585122718
1424	4.810398585122718
1425	4.810398585122718
1426	1.6324995286274113
1427	1.6324995286274113
1428	1.2146311891975428
1429	1.2146311891975428
1430	1.2146311891975428
1431	1.2146311891975428
1432	1.2146311891975428
1433	1.4108111349165129
1434	1.4108111349165129
1435	1.4108111349165129
1436	1.4108111349165129
1437	1.4108111349165129
1438	1.7001113715278926
1439	1.7001113715278926
1440	1.7001113715278926
1441	1.7001113715278926
1442	1.7001113715278926
1443	1.93230605560383
1444	1.93230605560383
1445	1.93230605560383
1446	1.93230605560383
1447	1.93230605560383
1448	1.2777787472822004
1449	1.2777787472822004
1450	1.2777787472822004
1451	1.2777787472822004
1452	1.2777787472822004
1453	2.0930806288783197
1454	2.0930806288783197
1455	2.0930806288783197
1456	2.0930806288783197
1457	2.0930806288783197
1458	2.2076518529669755
1459	2.2076518529669755
1460	2.2076518529669755
1461	2.2076518529669755
1462	2.2076518529669755
1463	3.2339554061194473
1464	3.2339554061194473
1465	3.2339554061194473
1466	3.2339554061194473
1467	3.2339554061194473
1468	2.533667519145139
1469	2.533667519145139
1470	2.533667519145139
1471	2.533667519145139
1472	2.533667519145139
1473	2.2771482285783495
1474	2.2771482285783495
1475	2.2771482285783495
1476	2.2771482285783495
1477	2.2771482285783495
1478	0.8928453985341016
1479	0.8928453985341016
1480	0.8928453985341016
1481	0.8928453985341016
1482	0.8928453985341016
1483	1.4240001688102235
1484	1.4240001688102235
1485	0.28764533284222893
1486	0.28764533284222893
1487	0.28764533284222893
1488	0.28764533284222893
1489	0.28764533284222893
1490	0.3479075166350561
1491	0.3479075166350561
1492	0.3479075166350561
1493	0.3479075166350561
1494	0.3479075166350561
1495	0.1
1496	0.1
1497	0.1
1498	0.1
1499	0.1
1500	0.1814718568099855
1501	0.1814718568099855
1502	0.1814718568099855
1503	0.1814718568099855
1504	0.1814718568099855
1505	0.1
1506	0.1
1507	0.1
1508	0.1
1509	0.1
1510	0.2717498037901771
1511	2.2544776479448707
1512	2.2544776479448707
1513	2.2544776479448707
1514	2.2544776479448707
1515	2.2544776479448707
1516	1.3036439148960368
1517	1.3036439148960368
1518	1.3036439148960368
1519	1.3036439148960368
1520	1.3036439148960368
1521	1.9286029816848205
1522	1.9286029816848205
1523	1.9286029816848205
1524	1.9286029816848205
1525	1.9286029816848205
1526	2.0652795396589303
1527	2.0652795396589303
1528	2.0652795396589303
1529	2.0652795396589303
1530	2.0652795396589303
1531	2.1062820784844356
1532	2.1062820784844356
1533	2.1062820784844356
1534	2.1062820784844356
1535	2.1062820784844356
1536	2.148623752085776
1537	2.148623752085776
1538	2.148623752085776
1539	2.148623752085776
1540	2.148623752085776
1541	1.6767832500678646
1542	1.6767832500678646
1543	1.6767832500678646
1544	1.6767832500678646
1545	1.6767832500678646
1546	2.155961935094012
1547	2.155961935094012
1548	2.155961935094012
1549	2.155961935094012
1550	2.155961935094012
1551	1.3977380607300298
1552	1.3977380607300298
1553	1.3977380607300298
1554	2.4084276823335635
1555	2.4084276823335635
1556	2.4084276823335635
1557	2.4084276823335635
1558	2.4084276823335635
1559	3.656183998253402
1560	3.656183998253402
1561	3.656183998253402
1562	3.656183998253402
1563	3.656183998253402
1564	5.44594506065595
1565	5.44594506065595
1566	5.44594506065595
1567	5.44594506065595
1568	5.44594506065595
1569	3.294370995559362
1570	3.294370995559362
1571	3.294370995559362
1572	3.294370995559362
1573	3.294370995559362
1574	2.633443983142315
1575	2.633443983142315
1576	2.633443983142315
1577	2.633443983142315
1578	2.633443983142315
1579	2.1723382101915867
1580	2.1723382101915867
1581	2.1723382101915867
1582	2.1723382101915867
1583	2.1723382101915867
1584	5.020320192979998
1585	5.020320192979998
1586	5.020320192979998
1587	5.020320192979998
1588	5.020320192979998
1589	2.782481760863929
1590	2.782481760863929
1591	2.782481760863929
1592	2.782481760863929
1593	2.782481760863929
1594	4.618246135222798
1595	4.618246135222798
1596	4.618246135222798
1597	4.618246135222798
1598	4.618246135222798
1599	1.4715762738533225
1600	1.4715762738533225
1601	1.4715762738533225
1602	1.4715762738533225
1603	4.212760457683417
1604	4.212760457683417
1605	4.212760457683417
1606	4.212760457683417
1607	4.212760457683417
1608	2.511108060405233
1609	2.511108060405233
1610	2.511108060405233
1611	2.511108060405233
1612	2.511108060405233
1613	6.036201504178852
1614	6.036201504178852
1615	6.036201504178852
1616	6.036201504178852
1617	6.036201504178852
1618	5.037882396824018
1619	5.037882396824018
1620	5.037882396824018
1621	2.9106101619349585
1622	2.9106101619349585
1623	2.9106101619349585
1624	2.9106101619349585
1625	2.9106101619349585
1626	2.2962231197482623
1627	2.2962231197482623
1628	2.2962231197482623
1629	2.2962231197482623
1630	2.2962231197482623
1631	1.3412083560667378
1632	1.3412083560667378
1633	1.3412083560667378
1634	1.3412083560667378
1635	1.3412083560667378
1636	1.2610064110854105
1637	1.2610064110854105
1638	1.2610064110854105
1639	1.2610064110854105
1640	1.2610064110854105
1641	2.1310232601786763
1642	2.1310232601786763
1643	2.1310232601786763
1644	2.1310232601786763
1645	2.1310232601786763
1646	0.9057460363189005
1647	0.9057460363189005
1648	0.9057460363189005
1649	0.9057460363189005
1650	0.9057460363189005
1651	1.13119803821233
1652	1.13119803821233
1653	1.13119803821233
1654	1.13119803821233
1655	1.13119803821233
1656	2.2873980811733885
1657	2.2873980811733885
1658	2.2873980811733885
1659	2.2873980811733885
1660	2.2873980811733885
1661	2.7141773141336154
1662	2.7141773141336154
1663	2.7141773141336154
1664	2.7141773141336154
1665	2.7141773141336154
1666	0.77635388185501
1667	0.77635388185501
1668	0.77635388185501
1669	0.77635388185501
1670	0.77635388185501
1671	1.870091102087412
1672	1.870091102087412
1673	1.870091102087412
1674	1.870091102087412
1675	1.870091102087412
1676	0.2657236700170343
1677	0.2657236700170343
1678	0.2657236700170343
1679	0.2657236700170343
1680	0.2657236700170343
1681	0.2077619248116458
1682	0.2077619248116458
1683	0.2077619248116458
1684	0.2077619248116458
1685	0.2077619248116458
1686	0.20465151512826843
1687	0.20465151512826843
1688	0.20465151512826843
1689	0.20465151512826843
1690	0.20465151512826843
1691	0.3086756485794095
1692	1.1312046972751495
1693	1.1312046972751495
1694	1.1312046972751495
1695	1.1312046972751495
1696	1.1312046972751495
1697	1.9461900458315449
1698	1.9461900458315449
1699	1.9461900458315449
1700	1.9461900458315449
1701	1.9461900458315449
1702	1.3096087230032973
1703	1.3096087230032973
1704	1.3096087230032973
1705	1.3096087230032973
1706	1.3096087230032973
1707	1.2261042359999326
1708	1.2261042359999326
1709	1.2261042359999326
1710	1.2261042359999326
1711	1.2261042359999326
1712	2.8908307495241803
1713	2.8908307495241803
1714	2.8908307495241803
1715	2.8908307495241803
1716	2.8908307495241803
1717	1.3473502082563698
1718	1.3473502082563698
1719	1.3473502082563698
1720	1.3473502082563698
1721	1.3473502082563698
1722	2.006127772196483
1723	3.507550952755561
1724	3.507550952755561
1725	3.507550952755561
1726	3.507550952755561
1727	3.507550952755561
1728	4.492629982599372
1729	4.492629982599372
1730	4.492629982599372
1731	4.492629982599372
1732	4.492629982599372
1733	4.061185750932353
1734	4.061185750932353
1735	4.061185750932353
1736	4.061185750932353
1737	4.061185750932353
1738	3.8377257098778603
1739	3.8377257098778603
1740	3.8377257098778603
1741	3.8377257098778603
1742	3.8377257098778603
1743	4.115688484371455
1744	4.115688484371455
1745	4.115688484371455
1746	4.115688484371455
1747	4.115688484371455
1748	5.173352584474691
1749	5.173352584474691
1750	5.173352584474691
1751	5.173352584474691
1752	5.173352584474691
1753	3.067607708296392
1754	3.067607708296392
1755	3.067607708296392
1756	3.067607708296392
1757	3.067607708296392
1758	3.3785458374088724
1759	3.3785458374088724
1760	3.3785458374088724
1761	3.3785458374088724
1762	3.3785458374088724
1763	2.215527898259107
1764	2.215527898259107
1765	2.215527898259107
1766	2.215527898259107
1767	2.590647228204436
1768	2.590647228204436
1769	2.590647228204436
1770	2.590647228204436
1771	2.590647228204436
1772	4.30444791474632
1773	4.30444791474632
1774	4.30444791474632
1775	4.30444791474632
1776	4.30444791474632
1777	3.5549614428643452
1778	3.5549614428643452
1779	3.5549614428643452
1780	3.5549614428643452
1781	3.5549614428643452
1782	3.727325697107891
1783	3.727325697107891
1784	3.727325697107891
1785	3.727325697107891
1786	3.727325697107891
1787	2.7221099400434965
1788	2.7221099400434965
1789	2.7221099400434965
1790	2.7221099400434965
1791	2.7221099400434965
1792	4.773134361657344
1793	4.773134361657344
1794	4.773134361657344
1795	4.773134361657344
1796	4.773134361657344
1797	3.486258184211902
1798	3.486258184211902
1799	3.486258184211902
1800	3.486258184211902
1801	3.486258184211902
1802	1.6659340730725927
1803	1.6659340730725927
1804	1.6659340730725927
1805	1.6659340730725927
1806	1.6659340730725927
1807	1.7155373732350252
1808	1.7155373732350252
1809	1.7155373732350252
1810	1.7155373732350252
1811	1.7155373732350252
1812	4.258941404581848
1813	4.258941404581848
1814	4.258941404581848
1815	4.258941404581848
1816	4.258941404581848
1817	1.679728231809906
1818	1.679728231809906
1819	1.679728231809906
1820	1.679728231809906
1821	1.679728231809906
1822	4.970958017593061
1823	4.970958017593061
1824	4.970958017593061
1825	4.970958017593061
1826	4.970958017593061
1827	2.35023439934792
1828	2.35023439934792
1829	2.35023439934792
1830	2.35023439934792
1831	2.35023439934792
1832	3.40190593859193
1833	3.40190593859193
1834	3.40190593859193
1835	3.40190593859193
1836	3.40190593859193
1837	1.4473752881633295
1838	1.4473752881633295
1839	1.4473752881633295
1840	1.4473752881633295
1841	1.4473752881633295
1842	4.006204409700172
1843	4.006204409700172
1844	4.006204409700172
1845	4.006204409700172
1846	4.006204409700172
1847	1.642478064216744
1848	1.642478064216744
1849	1.642478064216744
1850	1.642478064216744
1851	1.642478064216744
1852	3.964989368544078
1853	3.964989368544078
1854	3.964989368544078
1855	3.964989368544078
1856	3.964989368544078
1857	1.9837901302114265
1858	1.9837901302114265
1859	1.9837901302114265
1860	1.9837901302114265
1861	1.9837901302114265
1862	3.6399869994203593
1863	3.6399869994203593
1864	3.6399869994203593
1865	3.6399869994203593
1866	3.6399869994203593
1867	2.8739341008614274
1868	2.8739341008614274
1869	2.8739341008614274
1870	2.8739341008614274
1871	2.8739341008614274
1872	3.007033510828162
1873	3.007033510828162
1874	3.007033510828162
1875	3.007033510828162
1876	3.007033510828162
1877	1.3598532996134902
1878	1.3598532996134902
1879	1.3598532996134902
1880	1.3598532996134902
1881	1.3598532996134902
1882	3.074496805437727
1883	3.074496805437727
1884	3.074496805437727
1885	3.074496805437727
1886	3.074496805437727
1887	1.453022802729042
1888	1.453022802729042
1889	1.453022802729042
1890	1.453022802729042
1891	1.453022802729042
1892	2.0046490846311915
1893	2.0046490846311915
1894	2.0046490846311915
1895	2.0046490846311915
1896	2.0046490846311915
1897	3.300774720632875
1898	3.300774720632875
1899	3.300774720632875
1900	3.300774720632875
1901	3.300774720632875
1902	2.3683959252312827
1903	2.3683959252312827
1904	2.3683959252312827
1905	2.3683959252312827
1906	2.3683959252312827
1907	3.4849723040198324
1908	3.4849723040198324
1909	3.4849723040198324
1910	3.4849723040198324
1911	3.4849723040198324
1912	2.964474990486966
1913	2.964474990486966
1914	2.964474990486966
1915	2.964474990486966
1916	2.964474990486966
1917	2.0866031538092478
1918	2.0866031538092478
1919	2.0866031538092478
1920	2.0866031538092478
1921	2.0866031538092478
1922	2.6481574188251953
1923	2.6481574188251953
1924	2.6481574188251953
1925	2.6481574188251953
1926	2.6481574188251953
1927	3.27462702545413
1928	3.27462702545413
1929	3.27462702545413
1930	3.27462702545413
1931	3.27462702545413
1932	2.893293271905115
1933	2.893293271905115
1934	2.893293271905115
1935	2.893293271905115
1936	2.893293271905115
1937	3.117984778277445
1938	3.117984778277445
1939	3.117984778277445
1940	3.117984778277445
1941	3.117984778277445
1942	2.3258299202481583
1943	2.3258299202481583
1944	2.3258299202481583
1945	2.3258299202481583
1946	2.3258299202481583
1947	4.228674435527671
1948	4.228674435527671
1949	4.228674435527671
1950	4.228674435527671
1951	4.228674435527671
1952	2.489769351872516
1953	2.489769351872516
1954	2.489769351872516
1955	2.489769351872516
1956	2.489769351872516
1957	2.5985044239234925
1958	2.5985044239234925
1959	2.5985044239234925
1960	2.5985044239234925
1961	2.5985044239234925
1962	3.9894018737777404
1963	3.9894018737777404
1964	3.9894018737777404
1965	3.9894018737777404
1966	3.9894018737777404
1967	4.541293727842957
1968	4.541293727842957
1969	4.541293727842957
1970	4.541293727842957
1971	4.541293727842957
1972	1.7560263956816868
1973	1.7560263956816868
1974	1.7560263956816868
1975	1.7560263956816868
1976	1.7560263956816868
1977	2.674091032763255
1978	2.674091032763255
1979	2.674091032763255
1980	2.674091032763255
1981	2.674091032763255
1982	3.130660604692829
1983	3.130660604692829
1984	3.130660604692829
1985	3.130660604692829
1986	3.130660604692829
1987	4.4703161246071685
1988	4.4703161246071685
1989	4.4703161246071685
1990	4.4703161246071685
1991	4.4703161246071685
1992	3.0184199106887983
1993	3.0184199106887983
1994	3.0184199106887983
1995	3.0184199106887983
1996	3.0184199106887983
1997	1.5116293367519096
1998	1.5116293367519096
1999	1.5116293367519096
