0	0.17026537656428845
1	0.17026537656428845
2	0.17026537656428845
3	0.17026537656428845
4	0.17026537656428845
5	0.2228367844867546
6	0.2228367844867546
7	0.2228367844867546
8	0.2228367844867546
9	0.2228367844867546
10	0.22669227072467024
11	0.22669227072467024
12	0.22669227072467024
13	0.22669227072467024
14	0.22669227072467024
15	0.2569633146654556
16	0.2569633146654556
17	0.2569633146654556
18	0.2569633146654556
19	0.2569633146654556
20	0.1327350189331833
21	0.1327350189331833
22	0.1327350189331833
23	0.1327350189331833
24	0.1327350189331833
25	0.24762995071132185
26	0.24762995071132185
27	0.24762995071132185
28	0.24762995071132185
29	0.24762995071132185
30	0.19499476776753755
31	0.19499476776753755
32	1.920503535989707
33	1.920503535989707
34	1.920503535989707
35	1.920503535989707
36	1.920503535989707
37	2.555743832688545
38	2.555743832688545
39	2.555743832688545
40	2.555743832688545
41	2.555743832688545
42	1.4404347826266084
43	1.4404347826266084
44	1.4404347826266084
45	1.4404347826266084
46	1.4404347826266084
47	3.2542989466495076
48	3.2542989466495076
49	3.2542989466495076
50	3.2542989466495076
51	3.2542989466495076
52	3.2044302173102124
53	3.2044302173102124
54	3.2044302173102124
55	3.2044302173102124
56	3.2044302173102124
57	3.7656722965698215
58	3.7656722965698215
59	3.7656722965698215
60	3.7656722965698215
61	3.7656722965698215
62	2.4228282450666425
63	2.4228282450666425
64	2.4228282450666425
65	2.4228282450666425
66	2.4228282450666425
67	3.297536240608686
68	3.297536240608686
69	3.297536240608686
70	3.297536240608686
71	3.297536240608686
72	2.793902983448041
73	2.793902983448041
74	2.793902983448041
75	2.793902983448041
76	2.793902983448041
77	2.698908497003451
78	2.698908497003451
79	2.698908497003451
80	2.698908497003451
81	2.698908497003451
82	2.8844150811301414
83	2.8844150811301414
84	2.8844150811301414
85	2.8844150811301414
86	2.8844150811301414
87	3.3893795452941315
88	3.3893795452941315
89	3.3893795452941315
90	3.3893795452941315
91	3.3893795452941315
92	1.9618604060280567
93	1.9618604060280567
94	1.9618604060280567
95	1.9618604060280567
96	1.9618604060280567
97	2.1969573004255976
98	2.1969573004255976
99	2.1969573004255976
100	2.1969573004255976
101	2.1969573004255976
102	2.855640450554916
103	2.855640450554916
104	2.855640450554916
105	2.855640450554916
106	2.855640450554916
107	2.7172092987392276
108	2.7172092987392276
109	2.7172092987392276
110	2.7172092987392276
111	2.7172092987392276
112	2.129615338089749
113	2.129615338089749
114	2.129615338089749
115	2.129615338089749
116	2.129615338089749
117	2.703598539812875
118	2.703598539812875
119	2.703598539812875
120	2.703598539812875
121	2.703598539812875
122	2.6901727715622252
123	2.6901727715622252
124	2.6901727715622252
125	2.6901727715622252
126	2.6901727715622252
127	3.2107482613380123
128	3.2107482613380123
129	3.2107482613380123
130	3.2107482613380123
131	3.2107482613380123
132	3.541488070988035
133	3.541488070988035
134	3.541488070988035
135	3.541488070988035
136	3.541488070988035
137	2.927116430958745
138	2.927116430958745
139	2.927116430958745
140	2.927116430958745
141	2.927116430958745
142	3.1479430582714865
143	3.1479430582714865
144	3.1479430582714865
145	3.1479430582714865
146	3.1479430582714865
147	1.9054293172161318
148	1.9054293172161318
149	1.9054293172161318
150	1.9054293172161318
151	1.9054293172161318
152	2.4280216352813544
153	2.4280216352813544
154	2.4280216352813544
155	2.4280216352813544
156	2.4280216352813544
157	2.440063566738278
158	2.440063566738278
159	2.440063566738278
160	2.440063566738278
161	2.440063566738278
162	2.729878462284427
163	2.729878462284427
164	2.729878462284427
165	2.729878462284427
166	2.729878462284427
167	1.5261304831613662
168	1.5261304831613662
169	3.612893818158676
170	3.612893818158676
171	3.612893818158676
172	3.612893818158676
173	3.612893818158676
174	4.3133298048283955
175	4.3133298048283955
176	4.3133298048283955
177	4.3133298048283955
178	4.3133298048283955
179	4.558736820925178
180	4.558736820925178
181	4.558736820925178
182	4.558736820925178
183	4.558736820925178
184	1.8617640646041425
185	1.8617640646041425
186	1.8617640646041425
187	1.8617640646041425
188	1.8617640646041425
189	0.7571148865174795
190	0.7571148865174795
191	0.7571148865174795
192	0.7571148865174795
193	0.7571148865174795
194	1.592295170565715
195	1.592295170565715
196	1.592295170565715
197	1.592295170565715
198	1.592295170565715
199	0.927271938101975
200	0.927271938101975
201	0.927271938101975
202	0.927271938101975
203	0.927271938101975
204	2.1238142273789635
205	2.1238142273789635
206	2.1238142273789635
207	2.1238142273789635
208	2.1238142273789635
209	1.3607403165748027
210	1.3607403165748027
211	1.3607403165748027
212	1.3607403165748027
213	1.3607403165748027
214	1.447258860466707
215	1.447258860466707
216	1.447258860466707
217	1.447258860466707
218	1.447258860466707
219	1.6666563752610646
220	1.6666563752610646
221	1.6666563752610646
222	1.6666563752610646
223	1.6666563752610646
224	1.7632259359148392
225	1.7632259359148392
226	1.7632259359148392
227	1.7632259359148392
228	1.7632259359148392
229	2.0524806490629883
230	4.522630019813904
231	4.522630019813904
232	4.522630019813904
233	4.522630019813904
234	4.522630019813904
235	2.71058797409162
236	2.71058797409162
237	2.71058797409162
238	2.71058797409162
239	2.71058797409162
240	4.987417405577861
241	4.987417405577861
242	4.987417405577861
243	4.987417405577861
244	4.987417405577861
245	3.4901086629197886
246	3.4901086629197886
247	3.4901086629197886
248	3.4901086629197886
249	3.4901086629197886
250	3.0839304348581384
251	3.0839304348581384
252	3.0839304348581384
253	3.0839304348581384
254	3.0839304348581384
255	4.371788106098367
256	4.371788106098367
257	4.371788106098367
258	4.371788106098367
259	4.371788106098367
260	4.8025774462986055
261	4.8025774462986055
262	4.8025774462986055
263	4.8025774462986055
264	4.8025774462986055
265	3.19140188303222
266	3.19140188303222
267	3.19140188303222
268	3.19140188303222
269	3.19140188303222
270	3.081147509074034
271	3.081147509074034
272	3.081147509074034
273	3.081147509074034
274	3.081147509074034
275	3.2753921247494966
276	3.2753921247494966
277	3.2753921247494966
278	3.2753921247494966
279	3.2753921247494966
280	4.766035089132268
281	4.766035089132268
282	4.766035089132268
283	4.766035089132268
284	4.766035089132268
285	5.286537831369577
286	5.286537831369577
287	5.286537831369577
288	5.286537831369577
289	5.286537831369577
290	3.767956946876087
291	3.0897888590336273
292	3.0897888590336273
293	3.0897888590336273
294	3.0897888590336273
295	3.0897888590336273
296	3.3192324747638926
297	3.3192324747638926
298	3.3192324747638926
299	3.3192324747638926
300	3.3192324747638926
301	2.0514039585096575
302	2.0514039585096575
303	2.0514039585096575
304	2.0514039585096575
305	2.0514039585096575
306	2.7205796747873063
307	2.7205796747873063
308	2.7205796747873063
309	2.7205796747873063
310	2.7205796747873063
311	4.04639679675582
312	4.04639679675582
313	4.04639679675582
314	4.04639679675582
315	4.04639679675582
316	2.85157400996408
317	2.85157400996408
318	2.85157400996408
319	2.85157400996408
320	2.85157400996408
321	3.4337007468335075
322	3.4337007468335075
323	3.4337007468335075
324	3.4337007468335075
325	2.391220643413151
326	2.391220643413151
327	2.391220643413151
328	2.391220643413151
329	2.391220643413151
330	3.8724013606696652
331	3.8724013606696652
332	3.8724013606696652
333	3.8724013606696652
334	3.8724013606696652
335	2.9438044973275264
336	2.9438044973275264
337	2.9438044973275264
338	2.9438044973275264
339	2.9438044973275264
340	3.9953528749805582
341	3.9953528749805582
342	3.9953528749805582
343	3.9953528749805582
344	3.9953528749805582
345	2.169417598681769
346	2.169417598681769
347	2.169417598681769
348	2.169417598681769
349	2.169417598681769
350	3.4066170787844263
351	3.4066170787844263
352	3.4066170787844263
353	3.4066170787844263
354	3.4066170787844263
355	3.2025356838285464
356	3.2025356838285464
357	3.2025356838285464
358	3.2025356838285464
359	3.2025356838285464
360	3.9133551292238025
361	3.9133551292238025
362	3.9133551292238025
363	3.9133551292238025
364	3.9133551292238025
365	4.2561093133149726
366	1.8371012148903034
367	1.8371012148903034
368	1.8371012148903034
369	1.8371012148903034
370	1.8371012148903034
371	2.5324453945640952
372	2.79168597880148
373	2.79168597880148
374	2.79168597880148
375	2.79168597880148
376	2.79168597880148
377	2.5905518870002235
378	2.5905518870002235
379	2.5905518870002235
380	2.5905518870002235
381	2.5905518870002235
382	1.9296811815088317
383	1.9296811815088317
384	1.9296811815088317
385	3.1590411899716537
386	3.1590411899716537
387	3.1590411899716537
388	3.1590411899716537
389	3.1590411899716537
390	4.237242456474669
391	4.237242456474669
392	4.237242456474669
393	4.237242456474669
394	4.237242456474669
395	3.608203136377673
396	3.608203136377673
397	3.608203136377673
398	3.608203136377673
399	3.608203136377673
400	2.2477479082657763
401	2.2477479082657763
402	2.2477479082657763
403	4.739958730966918
404	4.739958730966918
405	4.739958730966918
406	4.739958730966918
407	4.739958730966918
408	6.322180669229283
409	6.322180669229283
410	6.322180669229283
411	6.322180669229283
412	6.322180669229283
413	4.279409317035468
414	4.279409317035468
415	4.279409317035468
416	4.279409317035468
417	4.279409317035468
418	5.77221300619339
419	5.77221300619339
420	5.77221300619339
421	5.77221300619339
422	5.77221300619339
423	3.887530444306778
424	3.887530444306778
425	3.887530444306778
426	3.887530444306778
427	3.887530444306778
428	4.968254371334001
429	4.968254371334001
430	4.968254371334001
431	4.968254371334001
432	4.968254371334001
433	5.0826907798136896
434	5.0826907798136896
435	5.0826907798136896
436	5.0826907798136896
437	5.0826907798136896
438	5.018517408896593
439	5.018517408896593
440	5.018517408896593
441	5.018517408896593
442	5.018517408896593
443	5.530566683330078
444	5.530566683330078
445	5.530566683330078
446	5.530566683330078
447	5.530566683330078
448	2.84015640405437
449	2.84015640405437
450	2.84015640405437
451	2.84015640405437
452	2.84015640405437
453	6.210725911089009
454	6.210725911089009
455	6.210725911089009
456	6.210725911089009
457	6.210725911089009
458	4.130208799834625
459	4.130208799834625
460	4.130208799834625
461	4.130208799834625
462	4.130208799834625
463	1.3404326849594583
464	1.3404326849594583
465	1.3404326849594583
466	1.3404326849594583
467	1.3404326849594583
468	0.7821415720514237
469	0.7821415720514237
470	0.7821415720514237
471	0.7821415720514237
472	3.0011959093018277
473	3.0011959093018277
474	3.0011959093018277
475	3.0011959093018277
476	3.0011959093018277
477	2.542018704631141
478	2.542018704631141
479	2.542018704631141
480	2.542018704631141
481	2.542018704631141
482	3.1103074103620867
483	3.1103074103620867
484	3.1103074103620867
485	3.1103074103620867
486	3.1103074103620867
487	2.7275973508997517
488	2.7275973508997517
489	2.7275973508997517
490	2.7275973508997517
491	2.7275973508997517
492	3.003037854392648
493	3.003037854392648
494	3.003037854392648
495	3.003037854392648
496	3.003037854392648
497	1.89839245372311
498	1.89839245372311
499	1.89839245372311
500	1.89839245372311
501	1.89839245372311
502	2.333395328700092
503	2.333395328700092
504	2.333395328700092
505	2.333395328700092
506	2.333395328700092
507	1.672543378951129
508	1.672543378951129
509	1.672543378951129
510	1.672543378951129
511	1.672543378951129
512	2.0181291994684587
513	2.0181291994684587
514	2.0181291994684587
515	2.0181291994684587
516	2.0181291994684587
517	2.0294880984583132
518	2.0294880984583132
519	2.0294880984583132
520	2.0294880984583132
521	2.0294880984583132
522	2.5680892368894543
523	2.5680892368894543
524	2.5680892368894543
525	2.5680892368894543
526	2.5680892368894543
527	1.9819057568116034
528	1.9819057568116034
529	1.9819057568116034
530	1.9819057568116034
531	1.9819057568116034
532	2.5244234949068285
533	2.5244234949068285
534	2.5244234949068285
535	2.5244234949068285
536	2.5244234949068285
537	2.5312096425552686
538	2.5312096425552686
539	2.5312096425552686
540	2.5312096425552686
541	2.5312096425552686
542	2.1661126811811
543	2.1661126811811
544	2.1661126811811
545	2.1661126811811
546	2.1661126811811
547	1.8317830314909136
548	1.8317830314909136
549	1.8317830314909136
550	1.8317830314909136
551	1.8317830314909136
552	1.7661507824104
553	1.7661507824104
554	1.7661507824104
555	2.4881706959660534
556	2.4881706959660534
557	2.4881706959660534
558	2.4881706959660534
559	2.4881706959660534
560	2.6802841611297135
561	2.6802841611297135
562	2.6802841611297135
563	2.6802841611297135
564	2.6802841611297135
565	3.46198025108133
566	3.46198025108133
567	3.46198025108133
568	3.46198025108133
569	3.46198025108133
570	3.030066110874624
571	3.030066110874624
572	3.030066110874624
573	3.030066110874624
574	3.030066110874624
575	2.265958397623156
576	2.265958397623156
577	2.265958397623156
578	2.265958397623156
579	2.265958397623156
580	3.3660434258040706
581	3.3660434258040706
582	3.3660434258040706
583	3.3660434258040706
584	3.3660434258040706
585	4.121272312218377
586	4.121272312218377
587	4.121272312218377
588	4.121272312218377
589	4.121272312218377
590	2.7113782065456937
591	2.7113782065456937
592	2.7113782065456937
593	2.7113782065456937
594	2.7113782065456937
595	4.119855834342535
596	4.119855834342535
597	4.119855834342535
598	4.119855834342535
599	4.119855834342535
600	3.5644949159115638
601	3.5644949159115638
602	3.5644949159115638
603	3.5644949159115638
604	3.5644949159115638
605	1.99003964330665
606	1.99003964330665
607	1.99003964330665
608	1.99003964330665
609	1.99003964330665
610	1.9197639428099575
611	1.9197639428099575
612	1.9197639428099575
613	1.9197639428099575
614	1.9197639428099575
615	1.7112331087609065
616	1.7112331087609065
617	1.7112331087609065
618	1.7112331087609065
619	1.7112331087609065
620	1.5889923343956012
621	1.5889923343956012
622	1.5889923343956012
623	1.5889923343956012
624	1.5889923343956012
625	2.1883491096394314
626	2.1883491096394314
627	2.1883491096394314
628	2.1883491096394314
629	2.1883491096394314
630	1.8264697582450866
631	1.8264697582450866
632	1.8264697582450866
633	1.8264697582450866
634	1.8264697582450866
635	1.6621881774235443
636	1.6621881774235443
637	1.6621881774235443
638	1.6621881774235443
639	1.6621881774235443
640	2.1779324389854713
641	2.1779324389854713
642	2.1779324389854713
643	2.1779324389854713
644	2.1779324389854713
645	2.6572065333813684
646	2.6572065333813684
647	2.6572065333813684
648	2.6572065333813684
649	2.6572065333813684
650	2.5522885821964865
651	2.5522885821964865
652	2.5522885821964865
653	2.5522885821964865
654	2.5522885821964865
655	0.9036347385151124
656	0.9036347385151124
657	0.9036347385151124
658	0.9036347385151124
659	0.9036347385151124
660	1.5713431238929187
661	1.5713431238929187
662	1.5713431238929187
663	1.5713431238929187
664	1.5713431238929187
665	2.3610197833837536
666	2.3610197833837536
667	2.3610197833837536
668	2.3610197833837536
669	2.3610197833837536
670	2.014838189110536
671	2.014838189110536
672	0.6695483472943254
673	0.6695483472943254
674	0.6695483472943254
675	0.6695483472943254
676	0.6695483472943254
677	0.4641116194785918
678	0.4641116194785918
679	0.4641116194785918
680	0.4641116194785918
681	0.4641116194785918
682	0.6706282244779915
683	0.6706282244779915
684	0.6706282244779915
685	0.6706282244779915
686	0.6706282244779915
687	0.4436968522649619
688	0.4436968522649619
689	0.4436968522649619
690	0.4436968522649619
691	0.4436968522649619
692	0.6146614704675335
693	0.6146614704675335
694	0.6146614704675335
695	0.6146614704675335
696	0.6146614704675335
697	0.4409375448406909
698	0.4409375448406909
699	0.4409375448406909
700	0.4409375448406909
701	0.4409375448406909
702	0.5377080739736287
703	2.25226728373294
704	2.25226728373294
705	2.25226728373294
706	2.25226728373294
707	2.25226728373294
708	1.9878168633054034
709	1.9878168633054034
710	1.9878168633054034
711	1.9878168633054034
712	1.9878168633054034
713	2.571441659429852
714	2.571441659429852
715	2.571441659429852
716	0.2303655823488323
717	0.2303655823488323
718	0.2303655823488323
719	0.2303655823488323
720	0.2303655823488323
721	0.15370230348304892
722	0.15370230348304892
723	0.15370230348304892
724	0.15370230348304892
725	0.15370230348304892
726	0.14241870448837085
727	0.14241870448837085
728	0.14241870448837085
729	0.14241870448837085
730	0.14241870448837085
731	0.24628632113474921
732	0.24628632113474921
733	0.24628632113474921
734	0.24628632113474921
735	0.24628632113474921
736	0.2209760061416262
737	0.2209760061416262
738	0.2209760061416262
739	0.2209760061416262
740	0.2209760061416262
741	0.18155965899668905
742	0.18155965899668905
743	0.18155965899668905
744	0.18155965899668905
745	0.18155965899668905
746	0.22103976751220086
747	0.22103976751220086
748	0.22103976751220086
749	0.22103976751220086
750	0.22103976751220086
751	0.24798756743064126
752	0.24798756743064126
753	0.24798756743064126
754	0.24798756743064126
755	0.24798756743064126
756	0.2192705037167888
757	0.2192705037167888
758	0.2192705037167888
759	0.2192705037167888
760	0.2192705037167888
761	0.20013143311451198
762	0.20013143311451198
763	0.20013143311451198
764	0.20013143311451198
765	0.20013143311451198
766	0.24244314099011305
767	0.24244314099011305
768	0.24244314099011305
769	0.24244314099011305
770	0.24244314099011305
771	0.19413988209171515
772	0.19413988209171515
773	0.19413988209171515
774	0.19413988209171515
775	0.19413988209171515
776	0.17659643043278828
777	0.17659643043278828
778	2.0587863539193063
779	2.0587863539193063
780	2.0587863539193063
781	2.0587863539193063
782	2.0587863539193063
783	1.8438304650799138
784	1.8438304650799138
785	1.8438304650799138
786	1.8438304650799138
787	1.8438304650799138
788	2.638296423287916
789	2.638296423287916
790	2.638296423287916
791	2.638296423287916
792	2.638296423287916
793	2.94227641224347
794	2.94227641224347
795	2.94227641224347
796	2.94227641224347
797	2.94227641224347
798	2.922337286111301
799	2.922337286111301
800	2.922337286111301
801	2.922337286111301
802	2.922337286111301
803	1.8940165952720238
804	1.8940165952720238
805	1.8940165952720238
806	1.8940165952720238
807	1.8940165952720238
808	1.30030299488345
809	1.30030299488345
810	1.30030299488345
811	1.30030299488345
812	1.30030299488345
813	2.4412944961342626
814	2.4412944961342626
815	2.4412944961342626
816	2.4412944961342626
817	2.4412944961342626
818	0.8110027360887329
819	0.8110027360887329
820	0.8110027360887329
821	0.8110027360887329
822	1.0442012199080855
823	1.0442012199080855
824	1.0442012199080855
825	1.0442012199080855
826	1.0442012199080855
827	1.0156949799785655
828	1.0156949799785655
829	1.0156949799785655
830	1.0156949799785655
831	1.0156949799785655
832	1.639322525210558
833	1.639322525210558
834	1.639322525210558
835	1.639322525210558
836	1.639322525210558
837	0.5494399199718968
838	0.5494399199718968
839	0.5494399199718968
840	0.5494399199718968
841	0.5494399199718968
842	1.0714762581984496
843	1.0714762581984496
844	1.0714762581984496
845	1.0714762581984496
846	1.0714762581984496
847	1.2023306197696053
848	1.2023306197696053
849	1.2023306197696053
850	1.2023306197696053
851	1.2023306197696053
852	1.3981558187552277
853	1.3981558187552277
854	1.3981558187552277
855	1.3981558187552277
856	1.3981558187552277
857	1.287995213211274
858	1.287995213211274
859	1.287995213211274
860	1.287995213211274
861	1.287995213211274
862	1.536424961880701
863	1.536424961880701
864	1.536424961880701
865	1.536424961880701
866	1.536424961880701
867	1.564103706492895
868	1.564103706492895
869	1.564103706492895
870	1.564103706492895
871	1.564103706492895
872	1.2331949417775179
873	1.2331949417775179
874	1.2331949417775179
875	1.2331949417775179
876	1.2331949417775179
877	1.1364627452290128
878	1.1364627452290128
879	1.1364627452290128
880	1.1364627452290128
881	1.1364627452290128
882	0.605400015061507
883	0.605400015061507
884	0.605400015061507
885	0.605400015061507
886	0.605400015061507
887	0.7300472379455575
888	0.7300472379455575
889	0.7300472379455575
890	0.7300472379455575
891	0.7300472379455575
892	1.0747388179037245
893	1.0747388179037245
894	1.0747388179037245
895	1.0747388179037245
896	1.0747388179037245
897	1.1330875102008375
898	1.1330875102008375
899	1.1330875102008375
900	1.1330875102008375
901	1.1330875102008375
902	1.297999754644412
903	1.297999754644412
904	1.297999754644412
905	1.297999754644412
906	1.297999754644412
907	1.2817000105308458
908	1.2817000105308458
909	1.2817000105308458
910	1.2817000105308458
911	1.2817000105308458
912	1.0620171624435122
913	1.0620171624435122
914	1.0620171624435122
915	1.0620171624435122
916	1.0620171624435122
917	1.3284357390344206
918	1.3284357390344206
919	1.3284357390344206
920	1.3284357390344206
921	1.3284357390344206
922	1.2219742395784483
923	1.2219742395784483
924	1.2219742395784483
925	1.2219742395784483
926	1.2219742395784483
927	1.2953117367897105
928	1.2953117367897105
929	1.2953117367897105
930	1.2953117367897105
931	1.2953117367897105
932	1.2717354830622067
933	1.2717354830622067
934	1.2717354830622067
935	1.2717354830622067
936	1.2717354830622067
937	1.1008365845503263
938	1.1008365845503263
939	1.1008365845503263
940	1.1008365845503263
941	1.1008365845503263
942	1.1682757392478431
943	1.1682757392478431
944	1.1682757392478431
945	1.1682757392478431
946	1.1682757392478431
947	0.8065936685715982
948	0.8065936685715982
949	0.8065936685715982
950	0.8065936685715982
951	0.8065936685715982
952	1.037567213658724
953	1.037567213658724
954	1.037567213658724
955	1.037567213658724
956	1.037567213658724
957	0.6920059130282874
958	0.6920059130282874
959	0.6920059130282874
960	0.6920059130282874
961	0.6920059130282874
962	1.0832148062827425
963	1.0832148062827425
964	1.0832148062827425
965	1.0832148062827425
966	1.0832148062827425
967	1.5490759689094091
968	1.5490759689094091
969	1.5490759689094091
970	1.5490759689094091
971	1.5490759689094091
972	1.498172276928496
973	1.498172276928496
974	1.498172276928496
975	1.498172276928496
976	1.498172276928496
977	0.8492277994410802
978	0.8492277994410802
979	0.8492277994410802
980	0.8492277994410802
981	0.8492277994410802
982	0.9104106577593696
983	0.9104106577593696
984	0.9104106577593696
985	0.9104106577593696
986	0.9104106577593696
987	0.978072213352259
988	0.978072213352259
989	0.978072213352259
990	0.978072213352259
991	0.978072213352259
992	1.401330005077365
993	1.401330005077365
994	1.401330005077365
995	1.401330005077365
996	1.401330005077365
997	0.9062397773782936
998	0.9062397773782936
999	0.9062397773782936
1000	0.9062397773782936
1001	0.9062397773782936
1002	1.210442864999775
1003	1.210442864999775
1004	1.210442864999775
1005	1.210442864999775
1006	1.210442864999775
1007	1.0519991358357264
1008	1.0519991358357264
1009	1.0519991358357264
1010	1.0519991358357264
1011	1.0519991358357264
1012	1.01591094854406
1013	1.01591094854406
1014	1.01591094854406
1015	1.01591094854406
1016	1.01591094854406
1017	1.4785563968840065
1018	1.4785563968840065
1019	1.4785563968840065
1020	1.4890420210540716
1021	1.4890420210540716
1022	1.4890420210540716
1023	1.4890420210540716
1024	1.4890420210540716
1025	1.4503061300752984
1026	1.4503061300752984
1027	1.4503061300752984
1028	1.4503061300752984
1029	1.4503061300752984
1030	1.5705027699438328
1031	1.5705027699438328
1032	1.5705027699438328
1033	1.5705027699438328
1034	1.5705027699438328
1035	1.9257053230393852
1036	1.9257053230393852
1037	2.3533725586160585
1038	2.3533725586160585
1039	2.3533725586160585
1040	2.3533725586160585
1041	2.3533725586160585
1042	2.958475201200153
1043	2.958475201200153
1044	2.958475201200153
1045	2.958475201200153
1046	2.958475201200153
1047	1.7162592107715857
1048	1.7162592107715857
1049	1.7162592107715857
1050	1.7162592107715857
1051	1.7162592107715857
1052	2.9297578719327864
1053	2.9297578719327864
1054	2.9297578719327864
1055	2.9297578719327864
1056	2.9297578719327864
1057	3.5809540040556724
1058	3.5809540040556724
1059	3.5809540040556724
1060	3.5809540040556724
1061	3.5809540040556724
1062	2.0221788964053626
1063	2.0221788964053626
1064	2.0221788964053626
1065	2.0221788964053626
1066	2.0221788964053626
1067	2.806500531056491
1068	2.806500531056491
1069	2.806500531056491
1070	2.806500531056491
1071	2.806500531056491
1072	2.4071586476155877
1073	2.4071586476155877
1074	2.4071586476155877
1075	2.4071586476155877
1076	2.4071586476155877
1077	2.6614958349890547
1078	2.6614958349890547
1079	2.6614958349890547
1080	2.6614958349890547
1081	2.6614958349890547
1082	2.465754045934303
1083	2.465754045934303
1084	2.465754045934303
1085	2.465754045934303
1086	2.465754045934303
1087	3.2992012769716528
1088	3.2992012769716528
1089	3.2992012769716528
1090	3.2992012769716528
1091	3.2992012769716528
1092	3.205132944163509
1093	3.205132944163509
1094	3.205132944163509
1095	3.205132944163509
1096	3.205132944163509
1097	2.562101041391814
1098	2.562101041391814
1099	2.562101041391814
1100	2.562101041391814
1101	2.562101041391814
1102	2.484689136879024
1103	2.484689136879024
1104	2.484689136879024
1105	2.484689136879024
1106	2.484689136879024
1107	2.363203806256381
1108	2.363203806256381
1109	2.363203806256381
1110	3.9557403437174377
1111	3.9557403437174377
1112	3.9557403437174377
1113	3.9557403437174377
1114	3.9557403437174377
1115	4.095606039744628
1116	4.095606039744628
1117	4.095606039744628
1118	4.095606039744628
1119	4.095606039744628
1120	3.4775879667754177
1121	3.4775879667754177
1122	3.4775879667754177
1123	3.4775879667754177
1124	3.4775879667754177
1125	3.1472065351061405
1126	3.1472065351061405
1127	3.1472065351061405
1128	3.1472065351061405
1129	3.1472065351061405
1130	3.5620502037711055
1131	3.5620502037711055
1132	3.5620502037711055
1133	3.5620502037711055
1134	3.5620502037711055
1135	2.1980503286386477
1136	2.1980503286386477
1137	2.1980503286386477
1138	2.1980503286386477
1139	2.1980503286386477
1140	3.7538024249600994
1141	3.7538024249600994
1142	3.7538024249600994
1143	3.7538024249600994
1144	3.7538024249600994
1145	3.3927171432810326
1146	3.3927171432810326
1147	3.3927171432810326
1148	3.3927171432810326
1149	3.3927171432810326
1150	3.353714685725502
1151	3.353714685725502
1152	3.353714685725502
1153	3.353714685725502
1154	3.353714685725502
1155	3.9648111384234945
1156	3.9648111384234945
1157	3.9648111384234945
1158	3.9648111384234945
1159	3.9648111384234945
1160	3.604058448580545
1161	3.604058448580545
1162	3.604058448580545
1163	3.604058448580545
1164	3.604058448580545
1165	2.6689081760033453
1166	2.6689081760033453
1167	2.6689081760033453
1168	2.6689081760033453
1169	2.6689081760033453
1170	4.328681794415149
1171	4.328681794415149
1172	4.328681794415149
1173	4.328681794415149
1174	4.328681794415149
1175	3.3076315633946467
1176	3.3076315633946467
1177	3.3076315633946467
1178	3.3076315633946467
1179	3.3076315633946467
1180	2.5159298176427876
1181	2.5159298176427876
1182	2.5159298176427876
1183	2.5159298176427876
1184	2.5159298176427876
1185	3.9457808984601703
1186	3.9457808984601703
1187	3.9457808984601703
1188	3.9457808984601703
1189	3.9457808984601703
1190	3.487873008735449
1191	3.487873008735449
1192	3.487873008735449
1193	3.487873008735449
1194	3.487873008735449
1195	4.450401863129707
1196	4.450401863129707
1197	4.450401863129707
1198	4.450401863129707
1199	4.450401863129707
1200	3.6124903324428503
1201	3.6124903324428503
1202	3.6124903324428503
1203	3.6124903324428503
1204	3.6124903324428503
1205	3.0498933558791204
1206	3.0498933558791204
1207	3.0498933558791204
1208	3.0498933558791204
1209	3.0498933558791204
1210	3.5446163815477516
1211	3.5446163815477516
1212	3.5446163815477516
1213	3.5446163815477516
1214	3.5446163815477516
1215	2.1123311898366937
1216	2.1123311898366937
1217	2.1123311898366937
1218	2.1123311898366937
1219	2.1123311898366937
1220	4.109726177669198
1221	4.109726177669198
1222	4.109726177669198
1223	4.109726177669198
1224	4.109726177669198
1225	2.5521124202330934
1226	2.5521124202330934
1227	2.5521124202330934
1228	2.5521124202330934
1229	2.5521124202330934
1230	4.014992508993893
1231	4.014992508993893
1232	4.014992508993893
1233	4.014992508993893
1234	4.014992508993893
1235	3.9140852184271337
1236	3.9140852184271337
1237	3.9140852184271337
1238	3.9140852184271337
1239	3.9140852184271337
1240	3.3189020629862385
1241	3.3189020629862385
1242	3.3189020629862385
1243	3.3189020629862385
1244	3.3189020629862385
1245	3.9509156266063434
1246	3.9509156266063434
1247	3.9509156266063434
1248	3.9509156266063434
1249	3.9509156266063434
1250	1.9023488224203382
1251	1.9023488224203382
1252	1.9023488224203382
1253	1.9023488224203382
1254	1.9023488224203382
1255	2.8068938432212542
1256	2.8068938432212542
1257	2.8068938432212542
1258	2.8068938432212542
1259	2.8068938432212542
1260	2.879925694055444
1261	2.879925694055444
1262	2.879925694055444
1263	2.879925694055444
1264	2.879925694055444
1265	3.111507789611083
1266	3.111507789611083
1267	3.111507789611083
1268	3.111507789611083
1269	3.111507789611083
1270	3.4833275308659357
1271	3.4833275308659357
1272	3.4833275308659357
1273	3.4833275308659357
1274	3.4833275308659357
1275	3.1811316289200473
1276	3.1811316289200473
1277	3.1811316289200473
1278	3.1811316289200473
1279	3.1811316289200473
1280	3.337380992687636
1281	3.337380992687636
1282	3.337380992687636
1283	3.337380992687636
1284	3.337380992687636
1285	2.9862335851584305
1286	2.9862335851584305
1287	2.9862335851584305
1288	2.9862335851584305
1289	2.9862335851584305
1290	3.7884605940704628
1291	3.7884605940704628
1292	3.7884605940704628
1293	3.7884605940704628
1294	3.7884605940704628
1295	3.711543964065159
1296	3.711543964065159
1297	3.711543964065159
1298	3.711543964065159
1299	3.711543964065159
1300	2.238937713090471
1301	2.238937713090471
1302	2.238937713090471
1303	2.238937713090471
1304	2.238937713090471
1305	2.147104241125703
1306	2.147104241125703
1307	2.147104241125703
1308	2.147104241125703
1309	2.147104241125703
1310	3.610757750424426
1311	3.610757750424426
1312	3.610757750424426
1313	3.610757750424426
1314	3.610757750424426
1315	3.9841992340336825
1316	3.9841992340336825
1317	3.9841992340336825
1318	3.9841992340336825
1319	3.9841992340336825
1320	2.4614131529973298
1321	2.4614131529973298
1322	2.4614131529973298
1323	2.4614131529973298
1324	2.4614131529973298
1325	3.7316994163054513
1326	3.7316994163054513
1327	3.7316994163054513
1328	3.7316994163054513
1329	3.7316994163054513
1330	2.4510283813893508
1331	2.4510283813893508
1332	2.4510283813893508
1333	2.4510283813893508
1334	2.4510283813893508
1335	3.573924526071135
1336	3.573924526071135
1337	3.573924526071135
1338	3.573924526071135
1339	3.573924526071135
1340	2.5923766994304915
1341	2.5923766994304915
1342	2.5923766994304915
1343	2.5923766994304915
1344	2.5923766994304915
1345	3.9740547476611527
1346	3.9740547476611527
1347	3.9740547476611527
1348	3.9740547476611527
1349	3.9740547476611527
1350	3.5548191227521806
1351	3.5548191227521806
1352	3.5548191227521806
1353	3.5548191227521806
1354	3.5548191227521806
1355	3.152333488656624
1356	3.152333488656624
1357	3.152333488656624
1358	3.152333488656624
1359	3.152333488656624
1360	3.9128092250653603
1361	3.9128092250653603
1362	3.9128092250653603
1363	3.9128092250653603
1364	3.9128092250653603
1365	3.2833665264065237
1366	3.2833665264065237
1367	3.2833665264065237
1368	3.2833665264065237
1369	3.2833665264065237
1370	3.470522026281673
1371	3.470522026281673
1372	3.470522026281673
1373	3.470522026281673
1374	3.470522026281673
1375	1.9310913508140497
1376	1.9310913508140497
1377	1.9310913508140497
1378	1.9310913508140497
1379	1.9310913508140497
1380	2.3750531817353773
1381	1.2413530744227226
1382	1.2413530744227226
1383	1.2413530744227226
1384	1.2413530744227226
1385	1.2413530744227226
1386	1.61275787116832
1387	1.61275787116832
1388	1.61275787116832
1389	1.61275787116832
1390	1.61275787116832
1391	1.4035177553841873
1392	1.4035177553841873
1393	1.4035177553841873
1394	1.4035177553841873
1395	1.4035177553841873
1396	0.962189593770898
1397	0.962189593770898
1398	0.962189593770898
1399	0.962189593770898
1400	0.962189593770898
1401	0.6177230287259258
1402	0.6177230287259258
1403	0.6177230287259258
1404	0.6177230287259258
1405	0.6177230287259258
1406	0.9381771792090237
1407	0.9381771792090237
1408	0.9381771792090237
1409	0.9381771792090237
1410	0.9381771792090237
1411	1.3847954203742294
1412	1.3847954203742294
1413	1.3847954203742294
1414	1.3847954203742294
1415	1.3847954203742294
1416	1.5283121017662686
1417	1.5283121017662686
1418	1.5283121017662686
1419	1.5283121017662686
1420	1.5283121017662686
1421	0.8750181335392315
1422	0.8750181335392315
1423	0.8750181335392315
1424	0.8750181335392315
1425	0.8750181335392315
1426	1.57682875538017
1427	1.57682875538017
1428	1.57682875538017
1429	1.57682875538017
1430	1.57682875538017
1431	0.8487475080722467
1432	0.8487475080722467
1433	0.8487475080722467
1434	0.8487475080722467
1435	0.8487475080722467
1436	0.9430441649399003
1437	0.9430441649399003
1438	0.9430441649399003
1439	0.9430441649399003
1440	0.9430441649399003
1441	0.9309603220252108
1442	0.9309603220252108
1443	0.9309603220252108
1444	0.9309603220252108
1445	0.9309603220252108
1446	1.085631012833596
1447	1.085631012833596
1448	1.085631012833596
1449	1.085631012833596
1450	1.085631012833596
1451	0.8565394888003497
1452	0.8565394888003497
1453	0.8565394888003497
1454	0.8565394888003497
1455	0.8565394888003497
1456	1.038404145514734
1457	1.038404145514734
1458	1.038404145514734
1459	1.038404145514734
1460	1.038404145514734
1461	0.782821765669346
1462	0.782821765669346
1463	0.782821765669346
1464	0.782821765669346
1465	0.782821765669346
1466	1.3516791179705185
1467	1.3516791179705185
1468	1.3516791179705185
1469	1.3516791179705185
1470	1.3516791179705185
1471	1.0790051415152029
1472	1.0790051415152029
1473	1.0790051415152029
1474	1.0790051415152029
1475	1.0790051415152029
1476	0.9202773712156632
1477	0.9202773712156632
1478	0.9202773712156632
1479	0.9202773712156632
1480	0.9202773712156632
1481	0.84940494079935
1482	0.84940494079935
1483	0.84940494079935
1484	0.84940494079935
1485	0.84940494079935
1486	0.7046900845112684
1487	0.7046900845112684
1488	0.7046900845112684
1489	0.7046900845112684
1490	0.7046900845112684
1491	0.9380883825155307
1492	0.9380883825155307
1493	0.9380883825155307
1494	0.9380883825155307
1495	0.9380883825155307
1496	0.6467389734214029
1497	0.6467389734214029
1498	0.6467389734214029
1499	0.6467389734214029
1500	0.6467389734214029
1501	1.3750461204710507
1502	1.3750461204710507
1503	1.3750461204710507
1504	1.3750461204710507
1505	1.3750461204710507
1506	0.9512853126986587
1507	0.9512853126986587
1508	0.9512853126986587
1509	0.9512853126986587
1510	0.9512853126986587
1511	1.3051078296580552
1512	1.3051078296580552
1513	1.3051078296580552
1514	1.3051078296580552
1515	1.3051078296580552
1516	1.0826976139491908
1517	1.0826976139491908
1518	1.0826976139491908
1519	1.0826976139491908
1520	1.0826976139491908
1521	1.1615186719296375
1522	1.1615186719296375
1523	1.1615186719296375
1524	1.1615186719296375
1525	1.1615186719296375
1526	0.7222246470446403
1527	0.7222246470446403
1528	0.7222246470446403
1529	0.7222246470446403
1530	0.7222246470446403
1531	0.8381599262118118
1532	0.8381599262118118
1533	0.8381599262118118
1534	0.8381599262118118
1535	0.8381599262118118
1536	1.3297324525882186
1537	1.3297324525882186
1538	1.3297324525882186
1539	1.3297324525882186
1540	1.3297324525882186
1541	1.3761792429022193
1542	1.3761792429022193
1543	1.3761792429022193
1544	1.3761792429022193
1545	1.3761792429022193
1546	0.9536542250584785
1547	0.9536542250584785
1548	0.9536542250584785
1549	0.9536542250584785
1550	2.2180591187846774
1551	2.2180591187846774
1552	2.2180591187846774
1553	2.2180591187846774
1554	2.2180591187846774
1555	1.5498491506552377
1556	1.5498491506552377
1557	1.5498491506552377
1558	1.5498491506552377
1559	1.5498491506552377
1560	1.7481214366380753
1561	1.7481214366380753
1562	1.7481214366380753
1563	1.7481214366380753
1564	1.7481214366380753
1565	1.105165926822908
1566	1.105165926822908
1567	1.105165926822908
1568	1.105165926822908
1569	1.105165926822908
1570	2.316347397470256
1571	2.316347397470256
1572	2.316347397470256
1573	2.316347397470256
1574	2.316347397470256
1575	2.389971146642389
1576	2.389971146642389
1577	2.389971146642389
1578	2.389971146642389
1579	2.389971146642389
1580	1.721143214275111
1581	1.721143214275111
1582	1.721143214275111
1583	1.721143214275111
1584	1.721143214275111
1585	2.6068921384117556
1586	2.6068921384117556
1587	2.6068921384117556
1588	2.6068921384117556
1589	2.6068921384117556
1590	2.4038437519300317
1591	2.4038437519300317
1592	2.4038437519300317
1593	2.4038437519300317
1594	2.4038437519300317
1595	1.5989750971639822
1596	1.5989750971639822
1597	1.5989750971639822
1598	1.5989750971639822
1599	1.5989750971639822
1600	2.3127462545950945
1601	2.3127462545950945
1602	2.3127462545950945
1603	2.3127462545950945
1604	2.0490659293158733
1605	2.0490659293158733
1606	2.0490659293158733
1607	2.0490659293158733
1608	2.0490659293158733
1609	1.7796875272455306
1610	1.7796875272455306
1611	1.7796875272455306
1612	1.7796875272455306
1613	1.7796875272455306
1614	2.833472426485078
1615	2.833472426485078
1616	2.833472426485078
1617	2.833472426485078
1618	2.833472426485078
1619	2.0981208377784
1620	2.0981208377784
1621	2.0981208377784
1622	2.0981208377784
1623	2.0981208377784
1624	3.01270090871028
1625	3.01270090871028
1626	3.01270090871028
1627	3.01270090871028
1628	3.01270090871028
1629	2.3130481064418293
1630	2.3130481064418293
1631	2.3130481064418293
1632	2.3130481064418293
1633	2.3130481064418293
1634	2.452894786933309
1635	2.452894786933309
1636	2.452894786933309
1637	2.452894786933309
1638	2.452894786933309
1639	2.3214378967836846
1640	2.3214378967836846
1641	2.3214378967836846
1642	2.3214378967836846
1643	2.3214378967836846
1644	2.161139555882716
1645	2.161139555882716
1646	2.161139555882716
1647	2.161139555882716
1648	2.161139555882716
1649	2.2822979550757556
1650	2.2822979550757556
1651	2.2822979550757556
1652	2.2822979550757556
1653	2.2822979550757556
1654	2.49831772976281
1655	2.49831772976281
1656	5.015565361461749
1657	5.015565361461749
1658	5.015565361461749
1659	5.015565361461749
1660	5.015565361461749
1661	3.938036262390842
1662	3.938036262390842
1663	3.938036262390842
1664	3.938036262390842
1665	3.938036262390842
1666	6.386606121492495
1667	6.386606121492495
1668	6.386606121492495
1669	6.386606121492495
1670	6.386606121492495
1671	4.80053835325832
1672	4.80053835325832
1673	4.80053835325832
1674	4.80053835325832
1675	4.80053835325832
1676	3.9688966818293023
1677	3.9688966818293023
1678	3.9688966818293023
1679	3.9688966818293023
1680	3.9688966818293023
1681	2.8303694365542027
1682	2.8303694365542027
1683	2.8303694365542027
1684	2.8303694365542027
1685	2.8303694365542027
1686	5.0226223080817265
1687	5.0226223080817265
1688	5.0226223080817265
1689	5.0226223080817265
1690	5.0226223080817265
1691	5.045828463395156
1692	5.045828463395156
1693	5.045828463395156
1694	5.045828463395156
1695	5.045828463395156
1696	4.47204412283415
1697	4.47204412283415
1698	4.47204412283415
1699	4.47204412283415
1700	4.47204412283415
1701	4.065498143316494
1702	4.065498143316494
1703	4.065498143316494
1704	4.065498143316494
1705	4.065498143316494
1706	4.616364672421373
1707	4.616364672421373
1708	4.616364672421373
1709	4.616364672421373
1710	4.616364672421373
1711	4.1034781534650495
1712	4.1034781534650495
1713	4.1034781534650495
1714	4.1034781534650495
1715	4.1034781534650495
1716	2.934172015356527
1717	2.934172015356527
1718	2.934172015356527
1719	2.934172015356527
1720	2.934172015356527
1721	5.393583431192124
1722	5.393583431192124
1723	5.393583431192124
1724	5.393583431192124
1725	5.393583431192124
1726	5.986138083102629
1727	5.986138083102629
1728	5.986138083102629
1729	5.986138083102629
1730	5.986138083102629
1731	4.542179952956705
1732	4.542179952956705
1733	4.542179952956705
1734	4.542179952956705
1735	4.542179952956705
1736	5.057419465218596
1737	5.057419465218596
1738	5.057419465218596
1739	5.057419465218596
1740	2.2125655787089067
1741	2.2125655787089067
1742	2.2125655787089067
1743	2.2125655787089067
1744	2.2125655787089067
1745	2.1164212041403996
1746	2.1164212041403996
1747	2.1164212041403996
1748	2.1164212041403996
1749	2.1164212041403996
1750	1.66298340275427
1751	1.66298340275427
1752	1.66298340275427
1753	1.66298340275427
1754	1.66298340275427
1755	2.234485670313251
1756	2.234485670313251
1757	2.234485670313251
1758	2.234485670313251
1759	2.234485670313251
1760	2.8908185075171398
1761	2.8908185075171398
1762	2.8908185075171398
1763	2.8908185075171398
1764	2.8908185075171398
1765	1.7745913432189775
1766	1.7745913432189775
1767	1.7745913432189775
1768	1.7745913432189775
1769	1.7745913432189775
1770	2.1029239204566834
1771	2.1029239204566834
1772	2.1029239204566834
1773	2.1029239204566834
1774	2.1029239204566834
1775	1.7441230477738658
1776	1.7441230477738658
1777	1.7441230477738658
1778	1.7441230477738658
1779	1.7441230477738658
1780	1.6368442300322328
1781	1.6368442300322328
1782	1.6368442300322328
1783	1.6368442300322328
1784	1.6368442300322328
1785	1.9292531734010354
1786	1.9292531734010354
1787	1.9292531734010354
1788	1.9292531734010354
1789	1.9292531734010354
1790	1.610190217952736
1791	1.610190217952736
1792	1.610190217952736
1793	1.610190217952736
1794	1.610190217952736
1795	2.008708714134584
1796	2.008708714134584
1797	2.008708714134584
1798	2.008708714134584
1799	2.008708714134584
1800	1.9213050180395053
1801	1.9213050180395053
1802	1.9213050180395053
1803	1.9213050180395053
1804	1.9213050180395053
1805	2.3761176918504985
1806	2.3761176918504985
1807	2.3761176918504985
1808	2.3761176918504985
1809	2.3761176918504985
1810	2.7271752930856143
1811	2.7271752930856143
1812	2.7271752930856143
1813	2.7271752930856143
1814	2.7271752930856143
1815	2.1307405491891
1816	2.1307405491891
1817	2.1307405491891
1818	2.1307405491891
1819	2.1307405491891
1820	2.1625480324757094
1821	2.1625480324757094
1822	2.1625480324757094
1823	2.1625480324757094
1824	2.1625480324757094
1825	1.9729917607642995
1826	1.9729917607642995
1827	1.9729917607642995
1828	1.9729917607642995
1829	1.9729917607642995
1830	1.8236183403872637
1831	1.8236183403872637
1832	1.8236183403872637
1833	1.8236183403872637
1834	1.8236183403872637
1835	2.27419570055394
1836	2.27419570055394
1837	2.27419570055394
1838	2.27419570055394
1839	2.27419570055394
1840	2.134253321873595
1841	2.134253321873595
1842	2.134253321873595
1843	2.134253321873595
1844	2.134253321873595
1845	2.3906023161199164
1846	2.3906023161199164
1847	2.3906023161199164
1848	2.3906023161199164
1849	2.3906023161199164
1850	1.9237596965531567
1851	1.9237596965531567
1852	1.9237596965531567
1853	1.9237596965531567
1854	1.9237596965531567
1855	2.2231867630286755
1856	2.2231867630286755
1857	2.2231867630286755
1858	2.2231867630286755
1859	2.2231867630286755
1860	2.555455661318071
1861	2.555455661318071
1862	2.555455661318071
1863	2.555455661318071
1864	2.555455661318071
1865	2.1192679722638474
1866	2.1192679722638474
1867	2.1192679722638474
1868	2.1192679722638474
1869	2.1192679722638474
1870	2.4366046803621044
1871	2.4366046803621044
1872	2.4366046803621044
1873	2.4366046803621044
1874	2.4366046803621044
1875	2.027708226041971
1876	2.027708226041971
1877	2.027708226041971
1878	2.027708226041971
1879	2.027708226041971
1880	1.881231402979184
1881	1.881231402979184
1882	1.881231402979184
1883	1.881231402979184
1884	1.881231402979184
1885	2.976407507556566
1886	2.976407507556566
1887	1.3596628906683694
1888	1.3596628906683694
1889	1.3596628906683694
1890	1.3596628906683694
1891	1.3596628906683694
1892	1.3572036159037806
1893	1.3572036159037806
1894	1.3572036159037806
1895	1.3572036159037806
1896	1.3572036159037806
1897	1.8327090874720295
1898	1.8327090874720295
1899	1.8327090874720295
1900	1.8327090874720295
1901	1.8327090874720295
1902	1.4518584045372265
1903	1.4518584045372265
1904	1.4518584045372265
1905	1.4518584045372265
1906	1.4518584045372265
1907	1.8918943242973172
1908	1.8918943242973172
1909	1.8918943242973172
1910	1.8918943242973172
1911	1.8918943242973172
1912	1.2690979387305672
1913	1.2690979387305672
1914	1.2690979387305672
1915	1.2690979387305672
1916	1.2690979387305672
1917	1.7850000598572493
1918	1.7850000598572493
1919	1.7850000598572493
1920	1.7850000598572493
1921	1.7850000598572493
1922	2.0690137929220183
1923	2.0690137929220183
1924	2.0690137929220183
1925	2.0690137929220183
1926	2.0690137929220183
1927	2.031569816766581
1928	2.031569816766581
1929	2.031569816766581
1930	2.031569816766581
1931	2.031569816766581
1932	1.3446071807977698
1933	1.3446071807977698
1934	1.3446071807977698
1935	1.3446071807977698
1936	1.3446071807977698
1937	1.1808335917060462
1938	1.1808335917060462
1939	1.1808335917060462
1940	1.1808335917060462
1941	1.1808335917060462
1942	1.4309458307338865
1943	1.4309458307338865
1944	1.4309458307338865
1945	1.4309458307338865
1946	1.4309458307338865
1947	1.5024867950124314
1948	1.5024867950124314
1949	1.5024867950124314
1950	1.5024867950124314
1951	1.5024867950124314
1952	1.4627693243039066
1953	1.4627693243039066
1954	1.4627693243039066
1955	1.4627693243039066
1956	1.4627693243039066
1957	1.5970435349345602
1958	1.5970435349345602
1959	1.5970435349345602
1960	1.5970435349345602
1961	1.5970435349345602
1962	1.6517008677177984
1963	1.6517008677177984
1964	1.6517008677177984
1965	1.6517008677177984
1966	1.6517008677177984
1967	1.6540658772988612
1968	1.6540658772988612
1969	1.6540658772988612
1970	1.6540658772988612
1971	1.6540658772988612
1972	1.6041397302222113
1973	4.297676788715348
1974	4.297676788715348
1975	4.297676788715348
1976	4.297676788715348
1977	4.297676788715348
1978	4.024235480693944
1979	4.024235480693944
1980	4.024235480693944
1981	4.024235480693944
1982	4.024235480693944
1983	3.0383926462772255
1984	3.0383926462772255
1985	3.0383926462772255
1986	3.0383926462772255
1987	3.0383926462772255
1988	3.3679572367047492
1989	3.3679572367047492
1990	3.3679572367047492
1991	3.3679572367047492
1992	3.3679572367047492
1993	3.7224340516409926
1994	3.7224340516409926
1995	3.7224340516409926
1996	3.7224340516409926
1997	3.7224340516409926
1998	2.5119395840358028
1999	2.5119395840358028
